A-n48-k7 	BT-1   48   16    192    0   1073   1757   1132    320   0.7464    0.055
A-n48-k7 	BT-1   48   16    192    1   1073   1633   1118    210   0.4719    0.042
A-n48-k7 	BT-1   48    8     96    0   1073   1118   1118     96   0.2452    0.042
A-n48-k7 	BT-1   48    8     96    1   1073   1118   1118     96   0.2429    0.042
A-n48-k7 	BT-1   48    4     96    0   1073   1118   1118     96   0.2656    0.042
A-n48-k7 	BT-1   48    4     96    1   1073   1118   1118     96   0.2566    0.042
A-n48-k7 	BT-2   48   16    192    0   1073   1757   1128    209   0.4660    0.051
A-n48-k7 	BT-2   48   16    192    1   1073   1633   1132    411   0.9010    0.055
A-n48-k7 	BT-2   48    8     96    0   1073   1128   1128     96   0.2349    0.051
A-n48-k7 	BT-2   48    8     96    1   1073   1128   1128     96   0.2362    0.051
A-n48-k7 	BT-2   48    4     96    0   1073   1128   1124    104   0.2641    0.048
A-n48-k7 	BT-2   48    4     96    1   1073   1128   1128     96   0.2316    0.051
A-n48-k7 	BT-3   48   16    192    0   1073   1757   1131    287   0.5771    0.054
A-n48-k7 	BT-3   48   16    192    1   1073   1633   1113    387   0.8203    0.037
A-n48-k7 	BT-3   48    8     96    0   1073   1113   1113     96   0.2652    0.037
A-n48-k7 	BT-3   48    8     96    1   1073   1113   1113     96   0.2657    0.037
A-n48-k7 	BT-3   48    4     96    0   1073   1113   1113     96   0.2695    0.037
A-n48-k7 	BT-3   48    4     96    1   1073   1113   1113     96   0.2619    0.037
A-n48-k7 	BT-3   48   16    192    0   1073   1757   1130    286   0.5793    0.053
A-n48-k7 	BT-3   48   16    192    1   1073   1633   1124    246   0.5295    0.048
A-n48-k7 	BT-3   48    8     96    0   1073   1113   1113     96   0.2721    0.037
A-n48-k7 	BT-3   48    8     96    1   1073   1113   1113     96   0.2664    0.037
A-n48-k7 	BT-3   48    4     96    0   1073   1113   1113     96   0.2659    0.037
A-n48-k7 	BT-3   48    4     96    1   1073   1113   1113     96   0.2582    0.037
A-n48-k7 	BT-3   48   16    192    0   1073   1757   1130    287   0.6106    0.053
A-n48-k7 	BT-3   48   16    192    1   1073   1633   1108    834   1.7742    0.033
A-n48-k7 	BT-3   48    8     96    0   1073   1108   1108     96   0.2816    0.033
A-n48-k7 	BT-3   48    8     96    1   1073   1108   1108     96   0.2680    0.033
A-n48-k7 	BT-3   48    4     96    0   1073   1108   1108     96   0.2617    0.033
A-n48-k7 	BT-3   48    4     96    1   1073   1108   1108     96   0.2755    0.033
A-n48-k7 	BT-3   48   16    192    0   1073   1757   1130    283   0.5728    0.053
A-n48-k7 	BT-3   48   16    192    1   1073   1633   1136    244   0.5166    0.059
A-n48-k7 	BT-3   48    8     96    0   1073   1108   1108     96   0.2689    0.033
A-n48-k7 	BT-3   48    8     96    1   1073   1108   1108     96   0.2623    0.033
A-n48-k7 	BT-3   48    4     96    0   1073   1108   1108     96   0.2690    0.033
A-n48-k7 	BT-3   48    4     96    1   1073   1108   1108     96   0.2631    0.033
A-n48-k7 	BT-3   48   16    192    0   1073   1757   1127    464   0.9850    0.050
A-n48-k7 	BT-3   48   16    192    1   1073   1633   1131    246   0.5346    0.054
A-n48-k7 	BT-3   48    8     96    0   1073   1108   1108     96   0.2673    0.033
A-n48-k7 	BT-3   48    8     96    1   1073   1108   1108     96   0.2711    0.033
A-n48-k7 	BT-3   48    4     96    0   1073   1108   1108     96   0.2687    0.033
A-n48-k7 	BT-3   48    4     96    1   1073   1108   1108     96   0.2693    0.033
A-n48-k7 	BT-3   48   16    192    0   1073   1757   1119    373   0.7529    0.043
A-n48-k7 	BT-3   48   16    192    1   1073   1633   1122    393   0.8142    0.046
A-n48-k7 	BT-3   48    8     96    0   1073   1108   1108     96   0.2627    0.033
A-n48-k7 	BT-3   48    8     96    1   1073   1108   1108     96   0.2662    0.033
A-n48-k7 	BT-3   48    4     96    0   1073   1108   1108     96   0.2649    0.033
A-n48-k7 	BT-3   48    4     96    1   1073   1108   1108     96   0.2687    0.033
A-n48-k7 	BT-3   48   16    192    0   1073   1757   1120    418   0.8715    0.044
A-n48-k7 	BT-3   48   16    192    1   1073   1633   1130    421   0.8764    0.053
A-n48-k7 	BT-3   48    8     96    0   1073   1108   1108     96   0.2648    0.033
A-n48-k7 	BT-3   48    8     96    1   1073   1108   1108     96   0.2706    0.033
A-n48-k7 	BT-3   48    4     96    0   1073   1108   1108     96   0.2655    0.033
A-n48-k7 	BT-3   48    4     96    1   1073   1108   1108     96   0.2755    0.033
A-n48-k7 	BT-3   48   16    192    0   1073   1757   1115    417   0.8534    0.039
A-n48-k7 	BT-3   48   16    192    1   1073   1633   1135    242   0.5247    0.058
A-n48-k7 	BT-3   48    8     96    0   1073   1108   1108     96   0.2598    0.033
A-n48-k7 	BT-3   48    8     96    1   1073   1108   1108     96   0.2700    0.033
A-n48-k7 	BT-3   48    4     96    0   1073   1108   1108     96   0.2650    0.033
A-n48-k7 	BT-3   48    4     96    1   1073   1108   1108     96   0.2640    0.033
A-n48-k7 	BT-3   48   16    192    0   1073   1757   1131    263   0.5386    0.054
A-n48-k7 	BT-3   48   16    192    1   1073   1633   1124    432   0.9110    0.048
A-n48-k7 	BT-3   48    8     96    0   1073   1108   1108     96   0.2667    0.033
A-n48-k7 	BT-3   48    8     96    1   1073   1108   1108     96   0.2691    0.033
A-n48-k7 	BT-3   48    4     96    0   1073   1108   1108     96   0.2613    0.033
A-n48-k7 	BT-3   48    4     96    1   1073   1108   1108     96   0.2658    0.033
A-n48-k7 	BT-3   48   16    192    0   1073   1757   1147    254   0.5267    0.069
A-n48-k7 	BT-3   48   16    192    1   1073   1633   1124    434   0.9165    0.048
A-n48-k7 	BT-3   48    8     96    0   1073   1108   1108     96   0.2629    0.033
A-n48-k7 	BT-3   48    8     96    1   1073   1108   1108     96   0.2719    0.033
A-n48-k7 	BT-3   48    4     96    0   1073   1108   1108     96   0.2637    0.033
A-n48-k7 	BT-3   48    4     96    1   1073   1108   1108     96   0.2909    0.033
A-n48-k7 	BT-3   48   16    192    0   1073   1757   1169    249   0.5168    0.089
A-n48-k7 	BT-3   48   16    192    1   1073   1633   1124    519   1.1412    0.048
A-n48-k7 	BT-3   48    8     96    0   1073   1108   1108     96   0.2633    0.033
A-n48-k7 	BT-3   48    8     96    1   1073   1108   1108     96   0.2775    0.033
A-n48-k7 	BT-3   48    4     96    0   1073   1108   1108     96   0.2683    0.033
A-n48-k7 	BT-3   48    4     96    1   1073   1108   1108     96   0.2728    0.033
A-n48-k7 	BT-3   48   16    192    0   1073   1757   1118    468   0.9668    0.042
A-n48-k7 	BT-3   48   16    192    1   1073   1633   1114    784   1.7126    0.038
A-n48-k7 	BT-3   48    8     96    0   1073   1108   1108     96   0.2647    0.033
A-n48-k7 	BT-3   48    8     96    1   1073   1108   1108     96   0.2674    0.033
A-n48-k7 	BT-3   48    4     96    0   1073   1108   1108     96   0.2645    0.033
A-n48-k7 	BT-3   48    4     96    1   1073   1108   1108     96   0.2718    0.033
A-n48-k7 	BT-3   48   16    192    0   1073   1757   1114    331   0.6752    0.038
A-n48-k7 	BT-3   48   16    192    1   1073   1633   1135    238   0.5628    0.058
A-n48-k7 	BT-3   48    8     96    0   1073   1108   1108     96   0.2601    0.033
A-n48-k7 	BT-3   48    8     96    1   1073   1108   1108     96   0.2690    0.033
A-n48-k7 	BT-3   48    4     96    0   1073   1108   1108     96   0.2699    0.033
A-n48-k7 	BT-3   48    4     96    1   1073   1108   1108     96   0.2769    0.033
A-n48-k7 	BT-3   48   16    192    0   1073   1757   1147    250   0.5195    0.069
A-n48-k7 	BT-3   48   16    192    1   1073   1633   1118    477   1.0074    0.042
A-n48-k7 	BT-3   48    8     96    0   1073   1108   1108     96   0.2610    0.033
A-n48-k7 	BT-3   48    8     96    1   1073   1108   1108     96   0.2672    0.033
A-n48-k7 	BT-3   48    4     96    0   1073   1108   1108     96   0.2610    0.033
A-n48-k7 	BT-3   48    4     96    1   1073   1108   1108     96   0.2675    0.033
A-n48-k7 	BT-3   48   16    192    0   1073   1757   1135    330   0.7120    0.058
A-n48-k7 	BT-3   48   16    192    1   1073   1633   1121    358   0.7558    0.045
A-n48-k7 	BT-3   48    8     96    0   1073   1108   1108     96   0.2702    0.033
A-n48-k7 	BT-3   48    8     96    1   1073   1108   1108     96   0.2745    0.033
A-n48-k7 	BT-3   48    4     96    0   1073   1108   1108     96   0.2576    0.033
A-n48-k7 	BT-3   48    4     96    1   1073   1108   1108     96   0.2691    0.033
A-n48-k7 	BT-3   48   16    192    0   1073   1757   1147    253   0.5185    0.069
A-n48-k7 	BT-3   48   16    192    1   1073   1633   1122    482   1.0496    0.046
A-n48-k7 	BT-3   48    8     96    0   1073   1108   1108     96   0.2611    0.033
A-n48-k7 	BT-3   48    8     96    1   1073   1108   1108     96   0.2699    0.033
A-n48-k7 	BT-3   48    4     96    0   1073   1108   1108     96   0.2680    0.033
A-n48-k7 	BT-3   48    4     96    1   1073   1108   1108     96   0.2718    0.033
A-n48-k7 	BT-3   48   16    192    0   1073   1757   1148    253   0.5141    0.070
A-n48-k7 	BT-3   48   16    192    1   1073   1633   1120    376   0.8033    0.044
A-n48-k7 	BT-3   48    8     96    0   1073   1108   1108     96   0.2624    0.033
A-n48-k7 	BT-3   48    8     96    1   1073   1108   1108     96   0.2662    0.033
A-n48-k7 	BT-3   48    4     96    0   1073   1108   1108     96   0.2597    0.033
A-n48-k7 	BT-3   48    4     96    1   1073   1108   1108     96   0.2695    0.033
A-n48-k7 	BT-3   48   16    192    0   1073   1757   1130    278   0.5571    0.053
A-n48-k7 	BT-3   48   16    192    1   1073   1633   1124    269   0.5971    0.048
A-n48-k7 	BT-3   48    8     96    0   1073   1108   1108     96   0.2579    0.033
A-n48-k7 	BT-3   48    8     96    1   1073   1108   1108     96   0.2632    0.033
A-n48-k7 	BT-3   48    4     96    0   1073   1108   1108     96   0.2791    0.033
A-n48-k7 	BT-3   48    4     96    1   1073   1108   1108     96   0.2635    0.033
A-n48-k7 	BT-3   48   16    192    0   1073   1757   1147    251   0.5047    0.069
A-n48-k7 	BT-3   48   16    192    1   1073   1633   1113    262   0.5442    0.037
A-n48-k7 	BT-3   48    8     96    0   1073   1108   1108     96   0.2610    0.033
A-n48-k7 	BT-3   48    8     96    1   1073   1108   1108     96   0.2686    0.033
A-n48-k7 	BT-3   48    4     96    0   1073   1108   1108     96   0.2613    0.033
A-n48-k7 	BT-3   48    4     96    1   1073   1108   1108     96   0.2680    0.033
A-n48-k7 	BT-3   48   16    192    0   1073   1757   1129    371   0.7655    0.052
A-n48-k7 	BT-3   48   16    192    1   1073   1633   1114    352   0.7286    0.038
A-n48-k7 	BT-3   48    8     96    0   1073   1108   1108     96   0.2781    0.033
A-n48-k7 	BT-3   48    8     96    1   1073   1108   1108     96   0.2801    0.033
A-n48-k7 	BT-3   48    4     96    0   1073   1108   1108     96   0.2672    0.033
A-n48-k7 	BT-3   48    4     96    1   1073   1108   1108     96   0.2634    0.033
A-n48-k7 	BT-3   48   16    192    0   1073   1757   1125    353   0.7234    0.048
A-n48-k7 	BT-3   48   16    192    1   1073   1633   1127    308   0.6446    0.050
A-n48-k7 	BT-3   48    8     96    0   1073   1108   1108     96   0.2664    0.033
A-n48-k7 	BT-3   48    8     96    1   1073   1108   1108     96   0.2648    0.033
A-n48-k7 	BT-3   48    4     96    0   1073   1108   1108     96   0.2645    0.033
A-n48-k7 	BT-3   48    4     96    1   1073   1108   1108     96   0.2660    0.033
A-n48-k7 	BT-3   48   16    192    0   1073   1757   1117    489   1.0191    0.041
A-n48-k7 	BT-3   48   16    192    1   1073   1633   1113    431   0.8979    0.037
A-n48-k7 	BT-3   48    8     96    0   1073   1108   1108     96   0.2695    0.033
A-n48-k7 	BT-3   48    8     96    1   1073   1108   1108     96   0.2685    0.033
A-n48-k7 	BT-3   48    4     96    0   1073   1108   1108     96   0.2573    0.033
A-n48-k7 	BT-3   48    4     96    1   1073   1108   1108     96   0.2702    0.033
A-n48-k7 	BT-3   48   16    192    0   1073   1757   1147    255   0.5123    0.069
A-n48-k7 	BT-3   48   16    192    1   1073   1633   1119    306   0.6417    0.043
A-n48-k7 	BT-3   48    8     96    0   1073   1108   1108     96   0.2735    0.033
A-n48-k7 	BT-3   48    8     96    1   1073   1108   1108     96   0.2671    0.033
A-n48-k7 	BT-3   48    4     96    0   1073   1108   1108     96   0.2656    0.033
A-n48-k7 	BT-3   48    4     96    1   1073   1108   1108     96   0.2674    0.033
A-n48-k7 	BT-3   48   16    192    0   1073   1757   1131    260   0.5263    0.054
A-n48-k7 	BT-3   48   16    192    1   1073   1633   1114    638   1.3986    0.038
A-n48-k7 	BT-3   48    8     96    0   1073   1108   1108     96   0.2662    0.033
A-n48-k7 	BT-3   48    8     96    1   1073   1108   1108     96   0.2791    0.033
A-n48-k7 	BT-3   48    4     96    0   1073   1108   1108     96   0.2641    0.033
A-n48-k7 	BT-3   48    4     96    1   1073   1108   1108     96   0.2682    0.033
A-n48-k7 	BT-3   48   16    192    0   1073   1757   1115    548   1.1564    0.039
A-n48-k7 	BT-3   48   16    192    1   1073   1633   1099    493   1.0024    0.024
A-n48-k7 	BT-3   48    8     96    0   1073   1545   1099    132   0.3096    0.024
A-n48-k7 	BT-3   48    8     96    1   1073   1099   1099     96   0.2539    0.024
A-n48-k7 	BT-3   48    4     96    0   1073   1545   1104    186   0.4299    0.029
A-n48-k7 	BT-3   48    4     96    1   1073   1099   1099     96   0.2524    0.024
A-n48-k7 	BT-3   48   16    192    0   1073   1757   1121    395   0.8055    0.045
A-n48-k7 	BT-3   48   16    192    1   1073   1633   1121    510   1.0844    0.045
A-n48-k7 	BT-3   48    8     96    0   1073   1545   1099    132   0.3185    0.024
A-n48-k7 	BT-3   48    8     96    1   1073   1099   1094    136   0.3368    0.020
A-n48-k7 	BT-3   48    4     96    0   1073   1377   1092    120   0.2893    0.018
A-n48-k7 	BT-3   48    4     96    1   1073   1094   1094     96   0.2568    0.020
A-n48-k7 	BT-3   48   16    192    0   1073   1757   1129    384   0.7791    0.052
A-n48-k7 	BT-3   48   16    192    1   1073   1633   1124    490   1.0027    0.048
A-n48-k7 	BT-3   48    8     96    0   1073   1296   1121    194   0.4319    0.045
A-n48-k7 	BT-3   48    8     96    1   1073   1092   1086    158   0.3863    0.012
A-n48-k7 	BT-3   48    4     96    0   1073   1204   1086    130   0.3384    0.012
A-n48-k7 	BT-3   48    4     96    1   1073   1086   1086     96   0.2526    0.012
A-n48-k7 	BT-3   48   16    192    0   1073   1757   1119    503   1.0379    0.043
A-n48-k7 	BT-3   48   16    192    1   1073   1633   1124    339   0.7009    0.048
A-n48-k7 	BT-3   48    8     96    0   1073   1204   1086    113   0.2942    0.012
A-n48-k7 	BT-3   48    8     96    1   1073   1086   1086     96   0.2497    0.012
A-n48-k7 	BT-3   48    4     96    0   1073   1204   1086    139   0.3422    0.012
A-n48-k7 	BT-3   48    4     96    1   1073   1086   1086     96   0.2494    0.012
A-n48-k7 	BT-3   48   16    192    0   1073   1757   1138    263   0.5297    0.061
A-n48-k7 	BT-3   48   16    192    1   1073   1633   1137    429   0.9138    0.060
A-n48-k7 	BT-3   48    8     96    0   1073   1204   1086    113   0.2801    0.012
A-n48-k7 	BT-3   48    8     96    1   1073   1086   1086     96   0.2543    0.012
A-n48-k7 	BT-3   48    4     96    0   1073   1204   1086    126   0.3071    0.012
A-n48-k7 	BT-3   48    4     96    1   1073   1086   1086     96   0.2552    0.012
A-n48-k7 	BT-3   48   16    192    0   1073   1757   1115    352   0.7183    0.039
A-n48-k7 	BT-3   48   16    192    1   1073   1633   1124    431   0.9562    0.048
A-n48-k7 	BT-3   48    8     96    0   1073   1204   1086    124   0.3078    0.012
A-n48-k7 	BT-3   48    8     96    1   1073   1086   1086     96   0.2517    0.012
A-n48-k7 	BT-3   48    4     96    0   1073   1204   1086    114   0.2832    0.012
A-n48-k7 	BT-3   48    4     96    1   1073   1086   1086     96   0.2594    0.012
A-n48-k7 	BT-3   48   16    192    0   1073   1757   1147    254   0.5214    0.069
A-n48-k7 	BT-3   48   16    192    1   1073   1633   1126    319   0.6655    0.049
A-n48-k7 	BT-3   48    8     96    0   1073   1204   1086    159   0.3799    0.012
A-n48-k7 	BT-3   48    8     96    1   1073   1086   1086     96   0.2583    0.012
A-n48-k7 	BT-3   48    4     96    0   1073   1204   1086    120   0.2964    0.012
A-n48-k7 	BT-3   48    4     96    1   1073   1086   1086     96   0.2522    0.012
A-n48-k7 	BT-3   48   16    192    0   1073   1757   1114    564   1.1554    0.038
A-n48-k7 	BT-3   48   16    192    1   1073   1633   1124    434   0.9312    0.048
A-n48-k7 	BT-3   48    8     96    0   1073   1204   1086    115   0.3028    0.012
A-n48-k7 	BT-3   48    8     96    1   1073   1086   1086     96   0.2511    0.012
A-n48-k7 	BT-3   48    4     96    0   1073   1204   1086    118   0.2899    0.012
A-n48-k7 	BT-3   48    4     96    1   1073   1086   1086     96   0.2552    0.012
A-n48-k7 	BT-3   48   16    192    0   1073   1757   1130    282   0.5733    0.053
A-n48-k7 	BT-3   48   16    192    1   1073   1633   1124    434   0.9400    0.048
A-n48-k7 	BT-3   48    8     96    0   1073   1204   1086    147   0.3638    0.012
A-n48-k7 	BT-3   48    8     96    1   1073   1086   1086     96   0.2542    0.012
A-n48-k7 	BT-3   48    4     96    0   1073   1204   1086    129   0.3209    0.012
A-n48-k7 	BT-3   48    4     96    1   1073   1086   1086     96   0.2537    0.012
A-n48-k7 	BT-3   48   16    192    0   1073   1757   1131    256   0.5197    0.054
A-n48-k7 	BT-3   48   16    192    1   1073   1633   1124    434   0.9246    0.048
A-n48-k7 	BT-3   48    8     96    0   1073   1204   1086    113   0.2942    0.012
A-n48-k7 	BT-3   48    8     96    1   1073   1086   1086     96   0.2517    0.012
A-n48-k7 	BT-3   48    4     96    0   1073   1204   1086    122   0.3036    0.012
A-n48-k7 	BT-3   48    4     96    1   1073   1086   1086     96   0.2553    0.012
A-n48-k7 	BT-3   48   16    192    0   1073   1757   1124    440   0.8981    0.048
A-n48-k7 	BT-3   48   16    192    1   1073   1633   1128    409   0.8684    0.051
A-n48-k7 	BT-3   48    8     96    0   1073   1204   1086    113   0.2797    0.012
A-n48-k7 	BT-3   48    8     96    1   1073   1086   1086     96   0.2542    0.012
A-n48-k7 	BT-3   48    4     96    0   1073   1204   1086    126   0.3102    0.012
A-n48-k7 	BT-3   48    4     96    1   1073   1086   1086     96   0.2555    0.012
A-n48-k7 	BT-3   48   16    192    0   1073   1757   1131    270   0.5766    0.054
A-n48-k7 	BT-3   48   16    192    1   1073   1633   1124    431   0.9197    0.048
A-n48-k7 	BT-3   48    8     96    0   1073   1204   1086    113   0.2926    0.012
A-n48-k7 	BT-3   48    8     96    1   1073   1086   1086     96   0.2493    0.012
A-n48-k7 	BT-3   48    4     96    0   1073   1204   1086    127   0.3098    0.012
A-n48-k7 	BT-3   48    4     96    1   1073   1086   1086     96   0.2557    0.012
A-n48-k7 	BT-3   48   16    192    0   1073   1757   1137    341   0.6841    0.060
A-n48-k7 	BT-3   48   16    192    1   1073   1633   1129    430   0.9334    0.052
A-n48-k7 	BT-3   48    8     96    0   1073   1204   1086    113   0.2821    0.012
A-n48-k7 	BT-3   48    8     96    1   1073   1086   1086     96   0.2496    0.012
A-n48-k7 	BT-3   48    4     96    0   1073   1204   1086    135   0.3335    0.012
A-n48-k7 	BT-3   48    4     96    1   1073   1086   1086     96   0.2513    0.012
A-n48-k7 	BT-3   48   16    192    0   1073   1757   1126    382   0.7835    0.049
A-n48-k7 	BT-3   48   16    192    1   1073   1633   1113    346   0.7167    0.037
A-n48-k7 	BT-3   48    8     96    0   1073   1204   1086    115   0.2861    0.012
A-n48-k7 	BT-3   48    8     96    1   1073   1086   1086     96   0.2552    0.012
A-n48-k7 	BT-3   48    4     96    0   1073   1204   1086    124   0.3026    0.012
A-n48-k7 	BT-3   48    4     96    1   1073   1086   1086     96   0.2534    0.012
A-n48-k7 	BT-3   48   16    192    0   1073   1757   1146    284   0.5865    0.068
A-n48-k7 	BT-3   48   16    192    1   1073   1633   1124    433   0.9385    0.048
A-n48-k7 	BT-3   48    8     96    0   1073   1204   1086    133   0.3288    0.012
A-n48-k7 	BT-3   48    8     96    1   1073   1086   1086     96   0.2527    0.012
A-n48-k7 	BT-3   48    4     96    0   1073   1204   1086    119   0.2980    0.012
A-n48-k7 	BT-3   48    4     96    1   1073   1086   1086     96   0.2599    0.012
A-n48-k7 	BT-3   48   16    192    0   1073   1757   1131    335   0.6938    0.054
A-n48-k7 	BT-3   48   16    192    1   1073   1633   1113    423   0.8720    0.037
A-n48-k7 	BT-3   48    8     96    0   1073   1204   1086    113   0.2918    0.012
A-n48-k7 	BT-3   48    8     96    1   1073   1086   1086     96   0.2573    0.012
A-n48-k7 	BT-3   48    4     96    0   1073   1204   1086    129   0.3135    0.012
A-n48-k7 	BT-3   48    4     96    1   1073   1086   1086     96   0.2517    0.012
A-n48-k7 	BT-3   48   16    192    0   1073   1757   1147    251   0.5317    0.069
A-n48-k7 	BT-3   48   16    192    1   1073   1633   1119    411   0.8437    0.043
A-n48-k7 	BT-3   48    8     96    0   1073   1204   1087    105   0.2815    0.013
A-n48-k7 	BT-3   48    8     96    1   1073   1086   1086     96   0.2505    0.012
A-n48-k7 	BT-3   48    4     96    0   1073   1204   1086    144   0.3457    0.012
A-n48-k7 	BT-3   48    4     96    1   1073   1086   1086     96   0.2512    0.012
A-n48-k7 	BT-3   48   16    192    0   1073   1757   1130    269   0.5481    0.053
A-n48-k7 	BT-3   48   16    192    1   1073   1633   1124    432   0.9305    0.048
A-n48-k7 	BT-3   48    8     96    0   1073   1204   1086    130   0.3183    0.012
A-n48-k7 	BT-3   48    8     96    1   1073   1086   1086     96   0.2534    0.012
A-n48-k7 	BT-3   48    4     96    0   1073   1204   1086    115   0.2926    0.012
A-n48-k7 	BT-3   48    4     96    1   1073   1086   1086     96   0.2548    0.012
A-n48-k7 	BT-3   48   16    192    0   1073   1757   1148    254   0.5139    0.070
A-n48-k7 	BT-3   48   16    192    1   1073   1633   1108    851   1.7486    0.033
A-n48-k7 	BT-3   48    8     96    0   1073   1204   1086    115   0.2820    0.012
A-n48-k7 	BT-3   48    8     96    1   1073   1086   1086     96   0.2554    0.012
A-n48-k7 	BT-3   48    4     96    0   1073   1204   1086    132   0.3209    0.012
A-n48-k7 	BT-3   48    4     96    1   1073   1086   1086     96   0.2536    0.012
A-n48-k7 	BT-3   48   16    192    0   1073   1757   1146    257   0.5254    0.068
A-n48-k7 	BT-3   48   16    192    1   1073   1633   1124    434   0.9519    0.048
A-n48-k7 	BT-3   48    8     96    0   1073   1204   1086    129   0.3294    0.012
A-n48-k7 	BT-3   48    8     96    1   1073   1086   1086     96   0.2520    0.012
A-n48-k7 	BT-3   48    4     96    0   1073   1204   1086    117   0.2910    0.012
A-n48-k7 	BT-3   48    4     96    1   1073   1086   1086     96   0.2552    0.012
A-n48-k7 	BT-3   48   16    192    0   1073   1757   1110    797   1.6447    0.034
A-n48-k7 	BT-3   48   16    192    1   1073   1633   1114    387   0.8000    0.038
A-n48-k7 	BT-3   48    8     96    0   1073   1204   1086    113   0.2901    0.012
A-n48-k7 	BT-3   48    8     96    1   1073   1086   1086     96   0.2571    0.012
A-n48-k7 	BT-3   48    4     96    0   1073   1204   1086    142   0.3400    0.012
A-n48-k7 	BT-3   48    4     96    1   1073   1086   1086     96   0.2559    0.012
A-n48-k7 	BT-3   48   16    192    0   1073   1757   1121    271   0.5398    0.045
A-n48-k7 	BT-3   48   16    192    1   1073   1633   1124    431   0.9315    0.048
A-n48-k7 	BT-3   48    8     96    0   1073   1204   1086    120   0.3133    0.012
A-n48-k7 	BT-3   48    8     96    1   1073   1086   1086     96   0.2619    0.012
A-n48-k7 	BT-3   48    4     96    0   1073   1204   1086    140   0.3335    0.012
A-n48-k7 	BT-3   48    4     96    1   1073   1086   1086     96   0.2544    0.012
A-n48-k7 	BT-3   48   16    192    0   1073   1757   1135    446   0.9021    0.058
A-n48-k7 	BT-3   48   16    192    1   1073   1633   1119    396   0.8139    0.043
A-n48-k7 	BT-3   48    8     96    0   1073   1204   1086    113   0.2913    0.012
A-n48-k7 	BT-3   48    8     96    1   1073   1086   1086     96   0.2638    0.012
A-n48-k7 	BT-3   48    4     96    0   1073   1204   1086    138   0.3370    0.012
A-n48-k7 	BT-3   48    4     96    1   1073   1086   1086     96   0.2519    0.012
A-n48-k7 	BT-3   48   16    192    0   1073   1757   1131    256   0.5181    0.054
A-n48-k7 	BT-3   48   16    192    1   1073   1633   1115    518   1.0692    0.039
A-n48-k7 	BT-3   48    8     96    0   1073   1204   1086    142   0.3819    0.012
A-n48-k7 	BT-3   48    8     96    1   1073   1086   1086     96   0.2499    0.012
A-n48-k7 	BT-3   48    4     96    0   1073   1204   1086    137   0.3310    0.012
A-n48-k7 	BT-3   48    4     96    1   1073   1086   1086     96   0.2502    0.012
A-n48-k7 	BT-3   48   16    192    0   1073   1757   1119    487   1.0044    0.043
A-n48-k7 	BT-3   48   16    192    1   1073   1633   1108    432   0.9060    0.033
A-n48-k7 	BT-3   48    8     96    0   1073   1204   1086    115   0.2853    0.012
A-n48-k7 	BT-3   48    8     96    1   1073   1086   1086     96   0.2541    0.012
A-n48-k7 	BT-3   48    4     96    0   1073   1204   1086    121   0.2962    0.012
A-n48-k7 	BT-3   48    4     96    1   1073   1086   1086     96   0.2550    0.012
A-n48-k7 	BT-3   48   16    192    0   1073   1757   1121    519   1.0844    0.045
A-n48-k7 	BT-3   48   16    192    1   1073   1633   1113    358   0.7280    0.037
A-n48-k7 	BT-3   48    8     96    0   1073   1204   1086    122   0.2978    0.012
A-n48-k7 	BT-3   48    8     96    1   1073   1086   1086     96   0.2507    0.012
A-n48-k7 	BT-3   48    4     96    0   1073   1204   1086    132   0.3251    0.012
A-n48-k7 	BT-3   48    4     96    1   1073   1086   1086     96   0.2512    0.012
A-n48-k7 	BT-3   48   16    192    0   1073   1757   1132    254   0.5202    0.055
A-n48-k7 	BT-3   48   16    192    1   1073   1633   1119    443   0.9780    0.043
A-n48-k7 	BT-3   48    8     96    0   1073   1204   1086    144   0.3512    0.012
A-n48-k7 	BT-3   48    8     96    1   1073   1086   1086     96   0.2522    0.012
A-n48-k7 	BT-3   48    4     96    0   1073   1204   1086    130   0.3145    0.012
A-n48-k7 	BT-3   48    4     96    1   1073   1086   1086     96   0.2537    0.012
A-n48-k7 	BT-3   48   16    192    0   1073   1757   1148    253   0.5199    0.070
A-n48-k7 	BT-3   48   16    192    1   1073   1633   1139    310   0.6996    0.062
A-n48-k7 	BT-3   48    8     96    0   1073   1204   1086    123   0.3179    0.012
A-n48-k7 	BT-3   48    8     96    1   1073   1086   1086     96   0.2524    0.012
A-n48-k7 	BT-3   48    4     96    0   1073   1204   1086    121   0.2986    0.012
A-n48-k7 	BT-3   48    4     96    1   1073   1086   1086     96   0.2587    0.012
A-n48-k7 	BT-3   48   16    192    0   1073   1757   1131    256   0.5214    0.054
A-n48-k7 	BT-3   48   16    192    1   1073   1633   1107    913   1.9578    0.032
A-n48-k7 	BT-3   48    8     96    0   1073   1204   1086    121   0.2998    0.012
A-n48-k7 	BT-3   48    8     96    1   1073   1086   1086     96   0.2536    0.012
A-n48-k7 	BT-3   48    4     96    0   1073   1204   1086    137   0.3446    0.012
A-n48-k7 	BT-3   48    4     96    1   1073   1086   1086     96   0.2538    0.012
A-n48-k7 	BT-3   48   16    192    0   1073   1757   1130    282   0.5676    0.053
A-n48-k7 	BT-3   48   16    192    1   1073   1633   1133    390   0.8142    0.056
A-n48-k7 	BT-3   48    8     96    0   1073   1204   1087    105   0.2649    0.013
A-n48-k7 	BT-3   48    8     96    1   1073   1086   1086     96   0.2598    0.012
A-n48-k7 	BT-3   48    4     96    0   1073   1204   1086    115   0.2882    0.012
A-n48-k7 	BT-3   48    4     96    1   1073   1086   1086     96   0.2514    0.012
A-n48-k7 	BT-3   48   16    192    0   1073   1757   1130    282   0.5831    0.053
A-n48-k7 	BT-3   48   16    192    1   1073   1633   1126    435   0.9325    0.049
A-n48-k7 	BT-3   48    8     96    0   1073   1204   1086    113   0.2903    0.012
A-n48-k7 	BT-3   48    8     96    1   1073   1086   1086     96   0.2635    0.012
A-n48-k7 	BT-3   48    4     96    0   1073   1204   1086    133   0.3214    0.012
A-n48-k7 	BT-3   48    4     96    1   1073   1086   1086     96   0.2555    0.012
A-n48-k7 	BT-3   48   16    192    0   1073   1757   1130    283   0.5788    0.053
A-n48-k7 	BT-3   48   16    192    1   1073   1633   1121    300   0.6925    0.045
A-n48-k7 	BT-3   48    8     96    0   1073   1204   1086    152   0.3582    0.012
A-n48-k7 	BT-3   48    8     96    1   1073   1086   1086     96   0.2518    0.012
A-n48-k7 	BT-3   48    4     96    0   1073   1204   1086    127   0.3173    0.012
A-n48-k7 	BT-3   48    4     96    1   1073   1086   1086     96   0.2554    0.012
A-n48-k7 	BT-3   48   16    192    0   1073   1757   1119    421   0.8475    0.043
A-n48-k7 	BT-3   48   16    192    1   1073   1633   1119    343   0.7223    0.043
A-n48-k7 	BT-3   48    8     96    0   1073   1204   1086    131   0.3270    0.012
A-n48-k7 	BT-3   48    8     96    1   1073   1086   1086     96   0.2660    0.012
A-n48-k7 	BT-3   48    4     96    0   1073   1204   1086    121   0.2994    0.012
A-n48-k7 	BT-3   48    4     96    1   1073   1086   1086     96   0.2519    0.012
A-n48-k7 	BT-3   48   16    192    0   1073   1757   1123    299   0.6049    0.047
A-n48-k7 	BT-3   48   16    192    1   1073   1633   1129    429   0.9647    0.052
A-n48-k7 	BT-3   48    8     96    0   1073   1204   1086    115   0.2830    0.012
A-n48-k7 	BT-3   48    8     96    1   1073   1086   1086     96   0.2775    0.012
A-n48-k7 	BT-3   48    4     96    0   1073   1204   1086    135   0.3642    0.012
A-n48-k7 	BT-3   48    4     96    1   1073   1086   1086     96   0.2532    0.012
A-n48-k7 	BT-3   48   16    192    0   1073   1757   1130    273   0.5475    0.053
A-n48-k7 	BT-3   48   16    192    1   1073   1633   1129    429   0.9237    0.052
A-n48-k7 	BT-3   48    8     96    0   1073   1204   1086    115   0.2892    0.012
A-n48-k7 	BT-3   48    8     96    1   1073   1086   1086     96   0.2528    0.012
A-n48-k7 	BT-3   48    4     96    0   1073   1204   1086    132   0.3194    0.012
A-n48-k7 	BT-3   48    4     96    1   1073   1086   1086     96   0.2526    0.012
A-n48-k7 	BT-3   48   16    192    0   1073   1757   1120    469   0.9715    0.044
A-n48-k7 	BT-3   48   16    192    1   1073   1633   1117    549   1.1456    0.041
A-n48-k7 	BT-3   48    8     96    0   1073   1204   1086    126   0.3195    0.012
A-n48-k7 	BT-3   48    8     96    1   1073   1086   1086     96   0.2486    0.012
A-n48-k7 	BT-3   48    4     96    0   1073   1204   1086    131   0.3173    0.012
A-n48-k7 	BT-3   48    4     96    1   1073   1086   1086     96   0.2519    0.012
A-n48-k7 	BT-3   48   16    192    0   1073   1757   1129    298   0.6076    0.052
A-n48-k7 	BT-3   48   16    192    1   1073   1633   1129    367   0.7672    0.052
A-n48-k7 	BT-3   48    8     96    0   1073   1204   1086    115   0.2826    0.012
A-n48-k7 	BT-3   48    8     96    1   1073   1086   1086     96   0.2539    0.012
A-n48-k7 	BT-3   48    4     96    0   1073   1204   1086    116   0.2880    0.012
A-n48-k7 	BT-3   48    4     96    1   1073   1086   1086     96   0.2557    0.012
A-n48-k7 	BT-3   48   16    192    0   1073   1757   1131    283   0.5728    0.054
A-n48-k7 	BT-3   48   16    192    1   1073   1633   1117    668   1.4209    0.041
A-n48-k7 	BT-3   48    8     96    0   1073   1204   1086    113   0.2860    0.012
A-n48-k7 	BT-3   48    8     96    1   1073   1086   1086     96   0.2613    0.012
A-n48-k7 	BT-3   48    4     96    0   1073   1204   1086    128   0.3149    0.012
A-n48-k7 	BT-3   48    4     96    1   1073   1086   1086     96   0.2573    0.012
A-n48-k7 	BT-3   48   16    192    0   1073   1757   1131    256   0.5199    0.054
A-n48-k7 	BT-3   48   16    192    1   1073   1633   1124    468   1.0246    0.048
A-n48-k7 	BT-3   48    8     96    0   1073   1204   1086    122   0.2975    0.012
A-n48-k7 	BT-3   48    8     96    1   1073   1086   1086     96   0.2631    0.012
A-n48-k7 	BT-3   48    4     96    0   1073   1204   1086    126   0.3079    0.012
A-n48-k7 	BT-3   48    4     96    1   1073   1086   1086     96   0.2513    0.012
A-n48-k7 	BT-3   48   16    192    0   1073   1757   1148    253   0.5168    0.070
A-n48-k7 	BT-3   48   16    192    1   1073   1633   1129    429   0.9355    0.052
A-n48-k7 	BT-3   48    8     96    0   1073   1204   1086    132   0.3161    0.012
A-n48-k7 	BT-3   48    8     96    1   1073   1086   1086     96   0.2524    0.012
A-n48-k7 	BT-3   48    4     96    0   1073   1204   1086    126   0.3080    0.012
A-n48-k7 	BT-3   48    4     96    1   1073   1086   1086     96   0.2521    0.012
A-n48-k7 	BT-3   48   16    192    0   1073   1757   1127    312   0.6324    0.050
A-n48-k7 	BT-3   48   16    192    1   1073   1633   1117    415   0.8535    0.041
A-n48-k7 	BT-3   48    8     96    0   1073   1204   1086    147   0.3522    0.012
A-n48-k7 	BT-3   48    8     96    1   1073   1086   1086     96   0.2521    0.012
A-n48-k7 	BT-3   48    4     96    0   1073   1204   1086    124   0.3122    0.012
A-n48-k7 	BT-3   48    4     96    1   1073   1086   1086     96   0.2514    0.012
A-n48-k7 	BT-3   48   16    192    0   1073   1757   1132    264   0.5244    0.055
A-n48-k7 	BT-3   48   16    192    1   1073   1633   1119    557   1.2223    0.043
A-n48-k7 	BT-3   48    8     96    0   1073   1204   1086    115   0.3009    0.012
A-n48-k7 	BT-3   48    8     96    1   1073   1086   1086     96   0.2510    0.012
A-n48-k7 	BT-3   48    4     96    0   1073   1204   1086    127   0.3082    0.012
A-n48-k7 	BT-3   48    4     96    1   1073   1086   1086     96   0.2546    0.012
A-n48-k7 	BT-3   48   16    192    0   1073   1757   1147    251   0.5493    0.069
A-n48-k7 	BT-3   48   16    192    1   1073   1633   1127    486   1.0376    0.050
A-n48-k7 	BT-3   48    8     96    0   1073   1204   1086    115   0.2858    0.012
A-n48-k7 	BT-3   48    8     96    1   1073   1086   1086     96   0.2519    0.012
A-n48-k7 	BT-3   48    4     96    0   1073   1204   1086    120   0.2996    0.012
A-n48-k7 	BT-3   48    4     96    1   1073   1086   1086     96   0.2517    0.012
A-n48-k7 	BT-3   48   16    192    0   1073   1757   1147    251   0.5083    0.069
A-n48-k7 	BT-3   48   16    192    1   1073   1633   1095    497   1.0412    0.021
A-n48-k7 	BT-3   48    8     96    0   1073   1204   1086    130   0.3211    0.012
A-n48-k7 	BT-3   48    8     96    1   1073   1086   1086     96   0.2579    0.012
A-n48-k7 	BT-3   48    4     96    0   1073   1204   1086    126   0.3072    0.012
A-n48-k7 	BT-3   48    4     96    1   1073   1086   1086     96   0.2522    0.012
A-n48-k7 	BT-3   48   16    192    0   1073   1757   1131    274   0.5647    0.054
A-n48-k7 	BT-3   48   16    192    1   1073   1633   1113    312   0.6425    0.037
A-n48-k7 	BT-3   48    8     96    0   1073   1204   1087    105   0.2855    0.013
A-n48-k7 	BT-3   48    8     96    1   1073   1086   1086     96   0.2640    0.012
A-n48-k7 	BT-3   48    4     96    0   1073   1204   1086    116   0.2925    0.012
A-n48-k7 	BT-3   48    4     96    1   1073   1086   1086     96   0.2580    0.012
A-n48-k7 	BT-3   48   16    192    0   1073   1757   1124    385   0.8808    0.048
A-n48-k7 	BT-3   48   16    192    1   1073   1633   1113    572   1.2842    0.037
A-n48-k7 	BT-3   48    8     96    0   1073   1204   1086    113   0.2980    0.012
A-n48-k7 	BT-3   48    8     96    1   1073   1086   1086     96   0.2595    0.012
A-n48-k7 	BT-3   48    4     96    0   1073   1204   1086    119   0.2989    0.012
A-n48-k7 	BT-3   48    4     96    1   1073   1086   1086     96   0.2552    0.012
A-n48-k7 	BT-3   48   16    192    0   1073   1757   1123    296   0.6369    0.047
A-n48-k7 	BT-3   48   16    192    1   1073   1633   1099    658   1.4826    0.024
A-n48-k7 	BT-3   48    8     96    0   1073   1204   1086    113   0.3586    0.012
A-n48-k7 	BT-3   48    8     96    1   1073   1086   1086     96   0.2669    0.012
A-n48-k7 	BT-3   48    4     96    0   1073   1204   1086    143   0.3504    0.012
A-n48-k7 	BT-3   48    4     96    1   1073   1086   1086     96   0.2981    0.012
A-n48-k7 	BT-3   48   16    192    0   1073   1757   1132    255   0.5462    0.055
A-n48-k7 	BT-3   48   16    192    1   1073   1633   1126    248   0.5660    0.049
A-n48-k7 	BT-3   48    8     96    0   1073   1204   1086    113   0.2951    0.012
A-n48-k7 	BT-3   48    8     96    1   1073   1086   1086     96   0.2512    0.012
A-n48-k7 	BT-3   48    4     96    0   1073   1204   1086    118   0.2915    0.012
A-n48-k7 	BT-3   48    4     96    1   1073   1086   1086     96   0.2595    0.012
A-n48-k7 	BT-3   48   16    192    0   1073   1757   1133    373   0.7510    0.056
A-n48-k7 	BT-3   48   16    192    1   1073   1633   1113    342   0.7257    0.037
A-n48-k7 	BT-3   48    8     96    0   1073   1204   1086    160   0.3746    0.012
A-n48-k7 	BT-3   48    8     96    1   1073   1086   1086     96   0.2661    0.012
A-n48-k7 	BT-3   48    4     96    0   1073   1204   1086    126   0.3104    0.012
A-n48-k7 	BT-3   48    4     96    1   1073   1086   1086     96   0.2536    0.012
A-n48-k7 	BT-3   48   16    192    0   1073   1757   1130    285   0.5804    0.053
A-n48-k7 	BT-3   48   16    192    1   1073   1633   1119    392   0.8311    0.043
A-n48-k7 	BT-3   48    8     96    0   1073   1204   1086    182   0.4292    0.012
A-n48-k7 	BT-3   48    8     96    1   1073   1086   1086     96   0.2515    0.012
A-n48-k7 	BT-3   48    4     96    0   1073   1204   1086    129   0.3143    0.012
A-n48-k7 	BT-3   48    4     96    1   1073   1086   1086     96   0.2547    0.012
A-n48-k7 	BT-3   48   16    192    0   1073   1757   1148    254   0.5332    0.070
A-n48-k7 	BT-3   48   16    192    1   1073   1633   1108    353   0.7262    0.033
A-n48-k7 	BT-3   48    8     96    0   1073   1204   1086    139   0.3297    0.012
A-n48-k7 	BT-3   48    8     96    1   1073   1086   1086     96   0.2502    0.012
A-n48-k7 	BT-3   48    4     96    0   1073   1204   1086    123   0.3062    0.012
A-n48-k7 	BT-3   48    4     96    1   1073   1086   1086     96   0.2553    0.012
A-n48-k7 	BT-3   48   16    192    0   1073   1757   1130    291   0.5939    0.053
A-n48-k7 	BT-3   48   16    192    1   1073   1633   1119    633   1.3752    0.043
A-n48-k7 	BT-3   48    8     96    0   1073   1204   1086    113   0.3032    0.012
A-n48-k7 	BT-3   48    8     96    1   1073   1086   1086     96   0.2592    0.012
A-n48-k7 	BT-3   48    4     96    0   1073   1204   1086    136   0.3265    0.012
A-n48-k7 	BT-3   48    4     96    1   1073   1086   1086     96   0.2544    0.012
A-n48-k7 	BT-3   48   16    192    0   1073   1757   1148    254   0.5148    0.070
A-n48-k7 	BT-3   48   16    192    1   1073   1633   1124    434   0.9690    0.048
A-n48-k7 	BT-3   48    8     96    0   1073   1204   1086    117   0.3556    0.012
A-n48-k7 	BT-3   48    8     96    1   1073   1086   1086     96   0.2568    0.012
A-n48-k7 	BT-3   48    4     96    0   1073   1204   1086    133   0.3212    0.012
A-n48-k7 	BT-3   48    4     96    1   1073   1086   1086     96   0.2537    0.012
A-n48-k7 	BT-3   48   16    192    0   1073   1757   1129    292   0.5927    0.052
A-n48-k7 	BT-3   48   16    192    1   1073   1633   1114    820   1.7082    0.038
A-n48-k7 	BT-3   48    8     96    0   1073   1204   1086    132   0.3417    0.012
A-n48-k7 	BT-3   48    8     96    1   1073   1086   1086     96   0.2533    0.012
A-n48-k7 	BT-3   48    4     96    0   1073   1204   1086    123   0.3034    0.012
A-n48-k7 	BT-3   48    4     96    1   1073   1086   1086     96   0.2525    0.012
A-n48-k7 	BT-3   48   16    192    0   1073   1757   1121    582   1.1872    0.045
A-n48-k7 	BT-3   48   16    192    1   1073   1633   1111    662   1.4179    0.035
A-n48-k7 	BT-3   48    8     96    0   1073   1204   1086    113   0.2783    0.012
A-n48-k7 	BT-3   48    8     96    1   1073   1086   1086     96   0.2514    0.012
A-n48-k7 	BT-3   48    4     96    0   1073   1204   1086    124   0.3113    0.012
A-n48-k7 	BT-3   48    4     96    1   1073   1086   1086     96   0.2559    0.012
A-n48-k7 	BT-3   48   16    192    0   1073   1757   1147    251   0.5196    0.069
A-n48-k7 	BT-3   48   16    192    1   1073   1633   1119    320   0.6726    0.043
A-n48-k7 	BT-3   48    8     96    0   1073   1204   1086    147   0.3472    0.012
A-n48-k7 	BT-3   48    8     96    1   1073   1086   1086     96   0.2505    0.012
A-n48-k7 	BT-3   48    4     96    0   1073   1204   1086    128   0.3202    0.012
A-n48-k7 	BT-3   48    4     96    1   1073   1086   1086     96   0.2534    0.012
A-n48-k7 	BT-3   48   16    192    0   1073   1757   1134    447   0.9124    0.057
A-n48-k7 	BT-3   48   16    192    1   1073   1633   1121    609   1.3054    0.045
A-n48-k7 	BT-3   48    8     96    0   1073   1204   1086    132   0.3143    0.012
A-n48-k7 	BT-3   48    8     96    1   1073   1086   1086     96   0.2539    0.012
A-n48-k7 	BT-3   48    4     96    0   1073   1204   1086    122   0.3117    0.012
A-n48-k7 	BT-3   48    4     96    1   1073   1086   1086     96   0.2529    0.012
A-n48-k7 	BT-3   48   16    192    0   1073   1757   1123    268   0.5420    0.047
A-n48-k7 	BT-3   48   16    192    1   1073   1633   1117    488   1.0454    0.041
A-n48-k7 	BT-3   48    8     96    0   1073   1204   1086    136   0.3255    0.012
A-n48-k7 	BT-3   48    8     96    1   1073   1086   1086     96   0.2497    0.012
A-n48-k7 	BT-3   48    4     96    0   1073   1204   1086    135   0.3265    0.012
A-n48-k7 	BT-3   48    4     96    1   1073   1086   1086     96   0.2665    0.012
A-n48-k7 	BT-3   48   16    192    0   1073   1757   1137    438   0.8970    0.060
A-n48-k7 	BT-3   48   16    192    1   1073   1633   1131    376   0.7773    0.054
A-n48-k7 	BT-3   48    8     96    0   1073   1204   1086    126   0.3095    0.012
A-n48-k7 	BT-3   48    8     96    1   1073   1086   1086     96   0.2594    0.012
A-n48-k7 	BT-3   48    4     96    0   1073   1204   1086    137   0.3280    0.012
A-n48-k7 	BT-3   48    4     96    1   1073   1086   1086     96   0.2522    0.012
A-n48-k7 	BT-3   48   16    192    0   1073   1757   1117    386   0.7800    0.041
A-n48-k7 	BT-3   48   16    192    1   1073   1633   1129    429   0.9160    0.052
A-n48-k7 	BT-3   48    8     96    0   1073   1204   1086    138   0.3314    0.012
A-n48-k7 	BT-3   48    8     96    1   1073   1086   1086     96   0.2514    0.012
A-n48-k7 	BT-3   48    4     96    0   1073   1204   1086    124   0.3039    0.012
A-n48-k7 	BT-3   48    4     96    1   1073   1086   1086     96   0.2533    0.012
A-n48-k7 	BT-3   48   16    192    0   1073   1757   1126    433   0.8996    0.049
A-n48-k7 	BT-3   48   16    192    1   1073   1633   1118    504   1.0945    0.042
A-n48-k7 	BT-3   48    8     96    0   1073   1204   1086    115   0.2800    0.012
A-n48-k7 	BT-3   48    8     96    1   1073   1086   1086     96   0.2515    0.012
A-n48-k7 	BT-3   48    4     96    0   1073   1204   1086    128   0.3149    0.012
A-n48-k7 	BT-3   48    4     96    1   1073   1086   1086     96   0.2605    0.012
A-n48-k7 	BT-3   48   16    192    0   1073   1757   1135    415   0.8765    0.058
A-n48-k7 	BT-3   48   16    192    1   1073   1633   1124    434   0.9206    0.048
A-n48-k7 	BT-3   48    8     96    0   1073   1204   1087    105   0.2863    0.013
A-n48-k7 	BT-3   48    8     96    1   1073   1086   1086     96   0.2544    0.012
A-n48-k7 	BT-3   48    4     96    0   1073   1204   1086    123   0.3018    0.012
A-n48-k7 	BT-3   48    4     96    1   1073   1086   1086     96   0.2533    0.012
A-n48-k7 	BT-3   48   16    192    0   1073   1757   1127    430   0.8870    0.050
A-n48-k7 	BT-3   48   16    192    1   1073   1633   1113    433   0.9113    0.037
A-n48-k7 	BT-3   48    8     96    0   1073   1204   1086    115   0.2846    0.012
A-n48-k7 	BT-3   48    8     96    1   1073   1086   1086     96   0.2595    0.012
A-n48-k7 	BT-3   48    4     96    0   1073   1204   1086    134   0.3245    0.012
A-n48-k7 	BT-3   48    4     96    1   1073   1086   1086     96   0.2524    0.012
A-n48-k7 	BT-3   48   16    192    0   1073   1757   1142    302   0.6058    0.064
A-n48-k7 	BT-3   48   16    192    1   1073   1633   1124    434   0.9311    0.048
A-n48-k7 	BT-3   48    8     96    0   1073   1204   1086    113   0.2878    0.012
A-n48-k7 	BT-3   48    8     96    1   1073   1086   1086     96   0.2500    0.012
A-n48-k7 	BT-3   48    4     96    0   1073   1204   1086    135   0.3247    0.012
A-n48-k7 	BT-3   48    4     96    1   1073   1086   1086     96   0.2620    0.012
A-n48-k7 	BT-3   48   16    192    0   1073   1757   1125    581   1.2362    0.048
A-n48-k7 	BT-3   48   16    192    1   1073   1633   1124    330   0.7049    0.048
A-n48-k7 	BT-3   48    8     96    0   1073   1204   1086    115   0.2984    0.012
A-n48-k7 	BT-3   48    8     96    1   1073   1086   1086     96   0.2588    0.012
A-n48-k7 	BT-3   48    4     96    0   1073   1204   1086    123   0.3110    0.012
A-n48-k7 	BT-3   48    4     96    1   1073   1086   1086     96   0.2547    0.012
A-n48-k7 	BT-3   48   16    192    0   1073   1757   1124    594   1.2783    0.048
A-n48-k7 	BT-3   48   16    192    1   1073   1633   1122    364   0.7604    0.046
A-n48-k7 	BT-3   48    8     96    0   1073   1204   1086    113   0.2847    0.012
A-n48-k7 	BT-3   48    8     96    1   1073   1086   1086     96   0.2534    0.012
A-n48-k7 	BT-3   48    4     96    0   1073   1204   1086    136   0.3301    0.012
A-n48-k7 	BT-3   48    4     96    1   1073   1086   1086     96   0.2580    0.012
A-n48-k7 	BT-3   48   16    192    0   1073   1757   1117    607   1.3010    0.041
A-n48-k7 	BT-3   48   16    192    1   1073   1633   1117    553   1.2430    0.041
A-n48-k7 	BT-3   48    8     96    0   1073   1204   1086    115   0.2969    0.012
A-n48-k7 	BT-3   48    8     96    1   1073   1086   1086     96   0.2548    0.012
A-n48-k7 	BT-3   48    4     96    0   1073   1204   1086    124   0.3176    0.012
A-n48-k7 	BT-3   48    4     96    1   1073   1086   1086     96   0.2612    0.012
A-n48-k7 	BT-3   48   16    192    0   1073   1757   1131    260   0.5398    0.054
A-n48-k7 	BT-3   48   16    192    1   1073   1633   1121    384   0.8081    0.045
A-n48-k7 	BT-3   48    8     96    0   1073   1204   1086    125   0.3240    0.012
A-n48-k7 	BT-3   48    8     96    1   1073   1086   1086     96   0.2564    0.012
A-n48-k7 	BT-3   48    4     96    0   1073   1204   1086    116   0.3041    0.012
A-n48-k7 	BT-3   48    4     96    1   1073   1086   1086     96   0.2534    0.012
A-n48-k7 	BT-3   48   16    192    0   1073   1757   1131    279   0.5949    0.054
A-n48-k7 	BT-3   48   16    192    1   1073   1633   1138    382   0.8118    0.061
A-n48-k7 	BT-3   48    8     96    0   1073   1204   1087    105   0.2906    0.013
A-n48-k7 	BT-3   48    8     96    1   1073   1086   1086     96   0.2525    0.012
A-n48-k7 	BT-3   48    4     96    0   1073   1204   1086    126   0.3085    0.012
A-n48-k7 	BT-3   48    4     96    1   1073   1086   1086     96   0.2591    0.012
A-n48-k7 	BT-3   48   16    192    0   1073   1757   1123    342   0.7255    0.047
A-n48-k7 	BT-3   48   16    192    1   1073   1633   1112    731   1.5796    0.036
A-n48-k7 	BT-3   48    8     96    0   1073   1204   1086    156   0.3720    0.012
A-n48-k7 	BT-3   48    8     96    1   1073   1086   1086     96   0.2543    0.012
A-n48-k7 	BT-3   48    4     96    0   1073   1204   1086    121   0.2973    0.012
A-n48-k7 	BT-3   48    4     96    1   1073   1086   1086     96   0.2588    0.012
A-n48-k7 	BT-3   48   16    192    0   1073   1757   1131    263   0.5594    0.054
A-n48-k7 	BT-3   48   16    192    1   1073   1633   1111    471   1.0082    0.035
A-n48-k7 	BT-3   48    8     96    0   1073   1204   1074    138   0.3281    0.001
A-n48-k7 	BT-3   48    8     96    1   1073   1086   1086     96   0.2536    0.012
A-n48-k7 	BT-3   48    4     96    0   1073   1225   1074    132   0.3207    0.001
A-n48-k7 	BT-3   48    4     96    1   1073   1074   1073    117   0.2893    0.000
A-n48-k7 	BT-3   48   16    192    0   1073   1757   1129    586   1.2319    0.052
A-n48-k7 	BT-3   48   16    192    1   1073   1633   1124    431   0.9319    0.048
A-n48-k7 	BT-3   48    8     96    0   1073   1631   1139    169   0.3609    0.062
A-n48-k7 	BT-3   48    8     96    1   1073   1073   1073     96   0.2554    0.000
A-n48-k7 	BT-3   48    4     96    0   1073   1631   1136    164   0.3683    0.059
A-n48-k7 	BT-3   48    4     96    1   1073   1073   1073     96   0.2550    0.000
A-n48-k7 	BT-3   48   16    192    0   1073   1757   1140    443   0.9553    0.062
A-n48-k7 	BT-3   48   16    192    1   1073   1633   1117    525   1.1673    0.041
A-n48-k7 	BT-3   48    8     96    0   1073   1631   1133    207   0.4585    0.056
A-n48-k7 	BT-3   48    8     96    1   1073   1073   1073     96   0.2498    0.000
A-n48-k7 	BT-3   48    4     96    0   1073   1631   1141    145   0.3299    0.063
A-n48-k7 	BT-3   48    4     96    1   1073   1073   1073     96   0.2546    0.000
A-n48-k7 	BT-3   48   16    192    0   1073   1757   1142    337   0.6892    0.064
A-n48-k7 	BT-3   48   16    192    1   1073   1633   1121    731   1.6029    0.045
A-n48-k7 	BT-3   48    8     96    0   1073   1631   1134    188   0.4130    0.057
A-n48-k7 	BT-3   48    8     96    1   1073   1073   1073     96   0.2482    0.000
A-n48-k7 	BT-3   48    4     96    0   1073   1631   1141    153   0.3516    0.063
A-n48-k7 	BT-3   48    4     96    1   1073   1073   1073     96   0.2531    0.000
A-n48-k7 	BT-3   48   16    192    0   1073   1757   1131    390   0.7952    0.054
A-n48-k7 	BT-3   48   16    192    1   1073   1633   1124    432   0.9240    0.048
A-n48-k7 	BT-3   48    8     96    0   1073   1631   1133    227   0.4776    0.056
A-n48-k7 	BT-3   48    8     96    1   1073   1073   1073     96   0.2520    0.000
A-n48-k7 	BT-3   48    4     96    0   1073   1631   1139    222   0.4902    0.062
A-n48-k7 	BT-3   48    4     96    1   1073   1073   1073     96   0.2552    0.000
A-n48-k7 	BT-3   48   16    192    0   1073   1757   1123    686   1.4455    0.047
A-n48-k7 	BT-3   48   16    192    1   1073   1633   1095    658   1.3852    0.021
A-n48-k7 	BT-3   48    8     96    0   1073   1631   1133    227   0.5036    0.056
A-n48-k7 	BT-3   48    8     96    1   1073   1073   1073     96   0.2550    0.000
A-n48-k7 	BT-3   48    4     96    0   1073   1631   1141    147   0.3403    0.063
A-n48-k7 	BT-3   48    4     96    1   1073   1073   1073     96   0.2608    0.000
