A-n44-k7 	BT-1   44   14    176    0    937   1529    942    263   0.4838    0.005
A-n44-k7 	BT-1   44   14    176    1    937   1458    951    381   0.5978    0.015
A-n44-k7 	BT-1   44    7     88    0    937    955    942     89   0.1500    0.005
A-n44-k7 	BT-1   44    7     88    1    937    942    942     88   0.1510    0.005
A-n44-k7 	BT-1   44    4     88    0    937    955    942     89   0.1500    0.005
A-n44-k7 	BT-1   44    4     88    1    937    942    942     88   0.1497    0.005
A-n44-k7 	BT-2   44   14    176    0    937   1529    995    223   0.3497    0.062
A-n44-k7 	BT-2   44   14    176    1    937   1458    951    295   0.4580    0.015
A-n44-k7 	BT-2   44    7     88    0    937    951    951     88   0.1516    0.015
A-n44-k7 	BT-2   44    7     88    1    937    951    951     88   0.1511    0.015
A-n44-k7 	BT-2   44    4     88    0    937    951    951     88   0.1513    0.015
A-n44-k7 	BT-2   44    4     88    1    937    951    951     88   0.1537    0.015
A-n44-k7 	BT-3   44   14    176    0    937   1529   1044    298   0.4494    0.114
A-n44-k7 	BT-3   44   14    176    1    937   1458    942    385   0.5923    0.005
A-n44-k7 	BT-3   44    7     88    0    937    942    942     88   0.1739    0.005
A-n44-k7 	BT-3   44    7     88    1    937    942    939    148   0.2610    0.002
A-n44-k7 	BT-3   44    4     88    0    937    939    939     88   0.1726    0.002
A-n44-k7 	BT-3   44    4     88    1    937    939    939     88   0.1726    0.002
A-n44-k7 	BT-3   44   14    176    0    937   1529   1047    283   0.4869    0.117
A-n44-k7 	BT-3   44   14    176    1    937   1458    939    344   0.5827    0.002
A-n44-k7 	BT-3   44    7     88    0    937    939    939     88   0.1785    0.002
A-n44-k7 	BT-3   44    7     88    1    937    939    939     88   0.1708    0.002
A-n44-k7 	BT-3   44    4     88    0    937    939    939     88   0.1714    0.002
A-n44-k7 	BT-3   44    4     88    1    937    939    939     88   0.1692    0.002
A-n44-k7 	BT-3   44   14    176    0    937   1529   1049    358   0.5607    0.120
A-n44-k7 	BT-3   44   14    176    1    937   1458    955    212   0.3399    0.019
A-n44-k7 	BT-3   44    7     88    0    937    939    939     88   0.1731    0.002
A-n44-k7 	BT-3   44    7     88    1    937    939    939     88   0.1722    0.002
A-n44-k7 	BT-3   44    4     88    0    937    939    939     88   0.1709    0.002
A-n44-k7 	BT-3   44    4     88    1    937    939    939     88   0.1758    0.002
A-n44-k7 	BT-3   44   14    176    0    937   1529   1027    500   0.7558    0.096
A-n44-k7 	BT-3   44   14    176    1    937   1458    955    212   0.4107    0.019
A-n44-k7 	BT-3   44    7     88    0    937    939    939     88   0.2090    0.002
A-n44-k7 	BT-3   44    7     88    1    937    939    939     88   0.1917    0.002
A-n44-k7 	BT-3   44    4     88    0    937    939    939     88   0.1715    0.002
A-n44-k7 	BT-3   44    4     88    1    937    939    939     88   0.1815    0.002
A-n44-k7 	BT-3   44   14    176    0    937   1529   1049    374   0.6397    0.120
A-n44-k7 	BT-3   44   14    176    1    937   1458    955    212   0.3276    0.019
A-n44-k7 	BT-3   44    7     88    0    937    939    939     88   0.1680    0.002
A-n44-k7 	BT-3   44    7     88    1    937    939    939     88   0.2066    0.002
A-n44-k7 	BT-3   44    4     88    0    937    939    939     88   0.2210    0.002
A-n44-k7 	BT-3   44    4     88    1    937    939    939     88   0.1789    0.002
A-n44-k7 	BT-3   44   14    176    0    937   1529    952    811   1.4958    0.016
A-n44-k7 	BT-3   44   14    176    1    937   1458    955    212   0.3747    0.019
A-n44-k7 	BT-3   44    7     88    0    937    939    939     88   0.1696    0.002
A-n44-k7 	BT-3   44    7     88    1    937    939    939     88   0.1792    0.002
A-n44-k7 	BT-3   44    4     88    0    937    939    939     88   0.1745    0.002
A-n44-k7 	BT-3   44    4     88    1    937    939    939     88   0.1766    0.002
A-n44-k7 	BT-3   44   14    176    0    937   1529   1043    391   0.5860    0.113
A-n44-k7 	BT-3   44   14    176    1    937   1458    955    212   0.3228    0.019
A-n44-k7 	BT-3   44    7     88    0    937    939    939     88   0.1705    0.002
A-n44-k7 	BT-3   44    7     88    1    937    939    939     88   0.1690    0.002
A-n44-k7 	BT-3   44    4     88    0    937    939    939     88   0.1740    0.002
A-n44-k7 	BT-3   44    4     88    1    937    939    939     88   0.1722    0.002
A-n44-k7 	BT-3   44   14    176    0    937   1529    999    335   0.5065    0.066
A-n44-k7 	BT-3   44   14    176    1    937   1458    939    475   0.7186    0.002
A-n44-k7 	BT-3   44    7     88    0    937    939    939     88   0.1694    0.002
A-n44-k7 	BT-3   44    7     88    1    937    939    939     88   0.1697    0.002
A-n44-k7 	BT-3   44    4     88    0    937    939    939     88   0.1690    0.002
A-n44-k7 	BT-3   44    4     88    1    937    939    939     88   0.1721    0.002
A-n44-k7 	BT-3   44   14    176    0    937   1529   1049    261   0.3905    0.120
A-n44-k7 	BT-3   44   14    176    1    937   1458    955    212   0.3253    0.019
A-n44-k7 	BT-3   44    7     88    0    937    939    939     88   0.1683    0.002
A-n44-k7 	BT-3   44    7     88    1    937    939    939     88   0.1701    0.002
A-n44-k7 	BT-3   44    4     88    0    937    939    939     88   0.1697    0.002
A-n44-k7 	BT-3   44    4     88    1    937    939    939     88   0.1723    0.002
A-n44-k7 	BT-3   44   14    176    0    937   1529    977    462   0.6866    0.043
A-n44-k7 	BT-3   44   14    176    1    937   1458    955    212   0.3353    0.019
A-n44-k7 	BT-3   44    7     88    0    937    939    939     88   0.1676    0.002
A-n44-k7 	BT-3   44    7     88    1    937    939    939     88   0.1705    0.002
A-n44-k7 	BT-3   44    4     88    0    937    939    939     88   0.1680    0.002
A-n44-k7 	BT-3   44    4     88    1    937    939    939     88   0.1728    0.002
A-n44-k7 	BT-3   44   14    176    0    937   1529   1047    306   0.4619    0.117
A-n44-k7 	BT-3   44   14    176    1    937   1458    955    212   0.3254    0.019
A-n44-k7 	BT-3   44    7     88    0    937    939    939     88   0.1696    0.002
A-n44-k7 	BT-3   44    7     88    1    937    939    939     88   0.1679    0.002
A-n44-k7 	BT-3   44    4     88    0    937    939    939     88   0.1752    0.002
A-n44-k7 	BT-3   44    4     88    1    937    939    939     88   0.1734    0.002
A-n44-k7 	BT-3   44   14    176    0    937   1529    977    740   1.1119    0.043
A-n44-k7 	BT-3   44   14    176    1    937   1458    955    212   0.3243    0.019
A-n44-k7 	BT-3   44    7     88    0    937    939    939     88   0.1681    0.002
A-n44-k7 	BT-3   44    7     88    1    937    939    939     88   0.1689    0.002
A-n44-k7 	BT-3   44    4     88    0    937    939    939     88   0.1696    0.002
A-n44-k7 	BT-3   44    4     88    1    937    939    939     88   0.1762    0.002
A-n44-k7 	BT-3   44   14    176    0    937   1529   1047    336   0.5078    0.117
A-n44-k7 	BT-3   44   14    176    1    937   1458    955    212   0.3357    0.019
A-n44-k7 	BT-3   44    7     88    0    937    939    939     88   0.1700    0.002
A-n44-k7 	BT-3   44    7     88    1    937    939    939     88   0.1688    0.002
A-n44-k7 	BT-3   44    4     88    0    937    939    939     88   0.1686    0.002
A-n44-k7 	BT-3   44    4     88    1    937    939    939     88   0.1756    0.002
A-n44-k7 	BT-3   44   14    176    0    937   1529    961    450   0.6658    0.026
A-n44-k7 	BT-3   44   14    176    1    937   1458    955    212   0.3277    0.019
A-n44-k7 	BT-3   44    7     88    0    937    939    939     88   0.1709    0.002
A-n44-k7 	BT-3   44    7     88    1    937    939    939     88   0.1677    0.002
A-n44-k7 	BT-3   44    4     88    0    937    939    939     88   0.1732    0.002
A-n44-k7 	BT-3   44    4     88    1    937    939    939     88   0.1753    0.002
A-n44-k7 	BT-3   44   14    176    0    937   1529   1034    397   0.5946    0.104
A-n44-k7 	BT-3   44   14    176    1    937   1458    955    212   0.3240    0.019
A-n44-k7 	BT-3   44    7     88    0    937    939    939     88   0.1681    0.002
A-n44-k7 	BT-3   44    7     88    1    937    939    939     88   0.1684    0.002
A-n44-k7 	BT-3   44    4     88    0    937    939    939     88   0.1685    0.002
A-n44-k7 	BT-3   44    4     88    1    937    939    939     88   0.1714    0.002
A-n44-k7 	BT-3   44   14    176    0    937   1529   1047    227   0.3421    0.117
A-n44-k7 	BT-3   44   14    176    1    937   1458    955    212   0.3285    0.019
A-n44-k7 	BT-3   44    7     88    0    937    939    939     88   0.1681    0.002
A-n44-k7 	BT-3   44    7     88    1    937    939    939     88   0.1718    0.002
A-n44-k7 	BT-3   44    4     88    0    937    939    939     88   0.1686    0.002
A-n44-k7 	BT-3   44    4     88    1    937    939    939     88   0.1711    0.002
A-n44-k7 	BT-3   44   14    176    0    937   1529    962    462   0.6881    0.027
A-n44-k7 	BT-3   44   14    176    1    937   1458    955    212   0.3269    0.019
A-n44-k7 	BT-3   44    7     88    0    937    939    939     88   0.1716    0.002
A-n44-k7 	BT-3   44    7     88    1    937    939    939     88   0.1984    0.002
A-n44-k7 	BT-3   44    4     88    0    937    939    939     88   0.1690    0.002
A-n44-k7 	BT-3   44    4     88    1    937    939    939     88   0.2109    0.002
A-n44-k7 	BT-3   44   14    176    0    937   1529   1045    349   0.5400    0.115
A-n44-k7 	BT-3   44   14    176    1    937   1458    955    212   0.3389    0.019
A-n44-k7 	BT-3   44    7     88    0    937    939    939     88   0.1939    0.002
A-n44-k7 	BT-3   44    7     88    1    937    939    939     88   0.1786    0.002
A-n44-k7 	BT-3   44    4     88    0    937    939    939     88   0.1693    0.002
A-n44-k7 	BT-3   44    4     88    1    937    939    939     88   0.1774    0.002
A-n44-k7 	BT-3   44   14    176    0    937   1529   1005    465   0.7449    0.073
A-n44-k7 	BT-3   44   14    176    1    937   1458    955    212   0.3255    0.019
A-n44-k7 	BT-3   44    7     88    0    937    939    939     88   0.1685    0.002
A-n44-k7 	BT-3   44    7     88    1    937    939    939     88   0.1691    0.002
A-n44-k7 	BT-3   44    4     88    0    937    939    939     88   0.1681    0.002
A-n44-k7 	BT-3   44    4     88    1    937    939    939     88   0.1724    0.002
A-n44-k7 	BT-3   44   14    176    0    937   1529   1037    424   0.6345    0.107
A-n44-k7 	BT-3   44   14    176    1    937   1458    955    212   0.3251    0.019
A-n44-k7 	BT-3   44    7     88    0    937    939    939     88   0.1682    0.002
A-n44-k7 	BT-3   44    7     88    1    937    939    939     88   0.1676    0.002
A-n44-k7 	BT-3   44    4     88    0    937    939    939     88   0.1686    0.002
A-n44-k7 	BT-3   44    4     88    1    937    939    939     88   0.1769    0.002
A-n44-k7 	BT-3   44   14    176    0    937   1529    965    681   1.0118    0.030
A-n44-k7 	BT-3   44   14    176    1    937   1458    955    212   0.3283    0.019
A-n44-k7 	BT-3   44    7     88    0    937    939    939     88   0.1687    0.002
A-n44-k7 	BT-3   44    7     88    1    937    939    939     88   0.1702    0.002
A-n44-k7 	BT-3   44    4     88    0    937    939    939     88   0.1988    0.002
A-n44-k7 	BT-3   44    4     88    1    937    939    939     88   0.2024    0.002
A-n44-k7 	BT-3   44   14    176    0    937   1529    967    555   0.8737    0.032
A-n44-k7 	BT-3   44   14    176    1    937   1458    955    212   0.3566    0.019
A-n44-k7 	BT-3   44    7     88    0    937    939    939     88   0.1686    0.002
A-n44-k7 	BT-3   44    7     88    1    937    939    939     88   0.1685    0.002
A-n44-k7 	BT-3   44    4     88    0    937    939    939     88   0.1748    0.002
A-n44-k7 	BT-3   44    4     88    1    937    939    939     88   0.1742    0.002
A-n44-k7 	BT-3   44   14    176    0    937   1529   1060    208   0.3210    0.131
A-n44-k7 	BT-3   44   14    176    1    937   1458    955    212   0.3402    0.019
A-n44-k7 	BT-3   44    7     88    0    937    939    939     88   0.1696    0.002
A-n44-k7 	BT-3   44    7     88    1    937    939    939     88   0.1733    0.002
A-n44-k7 	BT-3   44    4     88    0    937    939    939     88   0.1735    0.002
A-n44-k7 	BT-3   44    4     88    1    937    939    939     88   0.1735    0.002
A-n44-k7 	BT-3   44   14    176    0    937   1529    982    577   0.8643    0.048
A-n44-k7 	BT-3   44   14    176    1    937   1458    955    212   0.3399    0.019
A-n44-k7 	BT-3   44    7     88    0    937    939    939     88   0.1679    0.002
A-n44-k7 	BT-3   44    7     88    1    937    939    939     88   0.1697    0.002
A-n44-k7 	BT-3   44    4     88    0    937    939    939     88   0.1684    0.002
A-n44-k7 	BT-3   44    4     88    1    937    939    939     88   0.1736    0.002
A-n44-k7 	BT-3   44   14    176    0    937   1529   1005    584   0.8767    0.073
A-n44-k7 	BT-3   44   14    176    1    937   1458    955    212   0.3258    0.019
A-n44-k7 	BT-3   44    7     88    0    937    939    939     88   0.1684    0.002
A-n44-k7 	BT-3   44    7     88    1    937    939    939     88   0.1679    0.002
A-n44-k7 	BT-3   44    4     88    0    937    939    939     88   0.1693    0.002
A-n44-k7 	BT-3   44    4     88    1    937    939    939     88   0.1712    0.002
A-n44-k7 	BT-3   44   14    176    0    937   1529    976    532   0.7919    0.042
A-n44-k7 	BT-3   44   14    176    1    937   1458    955    212   0.3261    0.019
A-n44-k7 	BT-3   44    7     88    0    937    939    939     88   0.1696    0.002
A-n44-k7 	BT-3   44    7     88    1    937    939    939     88   0.1735    0.002
A-n44-k7 	BT-3   44    4     88    0    937    939    939     88   0.1687    0.002
A-n44-k7 	BT-3   44    4     88    1    937    939    939     88   0.1716    0.002
A-n44-k7 	BT-3   44   14    176    0    937   1529   1042    470   0.7006    0.112
A-n44-k7 	BT-3   44   14    176    1    937   1458    945    301   0.4535    0.009
A-n44-k7 	BT-3   44    7     88    0    937    939    939     88   0.1682    0.002
A-n44-k7 	BT-3   44    7     88    1    937    939    939     88   0.1680    0.002
A-n44-k7 	BT-3   44    4     88    0    937    939    939     88   0.1680    0.002
A-n44-k7 	BT-3   44    4     88    1    937    939    939     88   0.1777    0.002
A-n44-k7 	BT-3   44   14    176    0    937   1529    958    397   0.6206    0.022
A-n44-k7 	BT-3   44   14    176    1    937   1458    955    212   0.3642    0.019
A-n44-k7 	BT-3   44    7     88    0    937    939    939     88   0.1850    0.002
A-n44-k7 	BT-3   44    7     88    1    937    939    939     88   0.1770    0.002
A-n44-k7 	BT-3   44    4     88    0    937    939    939     88   0.1716    0.002
A-n44-k7 	BT-3   44    4     88    1    937    939    939     88   0.1755    0.002
A-n44-k7 	BT-3   44   14    176    0    937   1529   1060    208   0.3166    0.131
A-n44-k7 	BT-3   44   14    176    1    937   1458    955    212   0.3394    0.019
A-n44-k7 	BT-3   44    7     88    0    937    939    939     88   0.1931    0.002
A-n44-k7 	BT-3   44    7     88    1    937    939    939     88   0.1932    0.002
A-n44-k7 	BT-3   44    4     88    0    937    939    939     88   0.1690    0.002
A-n44-k7 	BT-3   44    4     88    1    937    939    939     88   0.1715    0.002
A-n44-k7 	BT-3   44   14    176    0    937   1529   1047    241   0.3774    0.117
A-n44-k7 	BT-3   44   14    176    1    937   1458    955    212   0.3226    0.019
A-n44-k7 	BT-3   44    7     88    0    937    939    939     88   0.1685    0.002
A-n44-k7 	BT-3   44    7     88    1    937    939    939     88   0.1937    0.002
A-n44-k7 	BT-3   44    4     88    0    937    939    939     88   0.2039    0.002
A-n44-k7 	BT-3   44    4     88    1    937    939    939     88   0.2056    0.002
A-n44-k7 	BT-3   44   14    176    0    937   1529   1005    288   0.4537    0.073
A-n44-k7 	BT-3   44   14    176    1    937   1458    955    212   0.3258    0.019
A-n44-k7 	BT-3   44    7     88    0    937    939    939     88   0.1687    0.002
A-n44-k7 	BT-3   44    7     88    1    937    939    939     88   0.1676    0.002
A-n44-k7 	BT-3   44    4     88    0    937    939    939     88   0.1695    0.002
A-n44-k7 	BT-3   44    4     88    1    937    939    939     88   0.1728    0.002
A-n44-k7 	BT-3   44   14    176    0    937   1529   1043    288   0.4352    0.113
A-n44-k7 	BT-3   44   14    176    1    937   1458    955    212   0.3253    0.019
A-n44-k7 	BT-3   44    7     88    0    937    939    939     88   0.1679    0.002
A-n44-k7 	BT-3   44    7     88    1    937    939    939     88   0.1719    0.002
A-n44-k7 	BT-3   44    4     88    0    937    939    939     88   0.1681    0.002
A-n44-k7 	BT-3   44    4     88    1    937    939    939     88   0.1752    0.002
A-n44-k7 	BT-3   44   14    176    0    937   1529   1047    321   0.4902    0.117
A-n44-k7 	BT-3   44   14    176    1    937   1458    948    316   0.4831    0.012
A-n44-k7 	BT-3   44    7     88    0    937    939    939     88   0.1867    0.002
A-n44-k7 	BT-3   44    7     88    1    937    939    939     88   0.1990    0.002
A-n44-k7 	BT-3   44    4     88    0    937    939    939     88   0.1740    0.002
A-n44-k7 	BT-3   44    4     88    1    937    939    939     88   0.2074    0.002
A-n44-k7 	BT-3   44   14    176    0    937   1529   1047    247   0.4018    0.117
A-n44-k7 	BT-3   44   14    176    1    937   1458    955    212   0.3347    0.019
A-n44-k7 	BT-3   44    7     88    0    937    939    939     88   0.1671    0.002
A-n44-k7 	BT-3   44    7     88    1    937    939    939     88   0.1713    0.002
A-n44-k7 	BT-3   44    4     88    0    937    939    939     88   0.1729    0.002
A-n44-k7 	BT-3   44    4     88    1    937    939    939     88   0.1741    0.002
A-n44-k7 	BT-3   44   14    176    0    937   1529   1047    359   0.5581    0.117
A-n44-k7 	BT-3   44   14    176    1    937   1458    955    212   0.3263    0.019
A-n44-k7 	BT-3   44    7     88    0    937    939    939     88   0.1775    0.002
A-n44-k7 	BT-3   44    7     88    1    937    939    939     88   0.1757    0.002
A-n44-k7 	BT-3   44    4     88    0    937    939    939     88   0.1762    0.002
A-n44-k7 	BT-3   44    4     88    1    937    939    939     88   0.1742    0.002
A-n44-k7 	BT-3   44   14    176    0    937   1529   1060    208   0.3172    0.131
A-n44-k7 	BT-3   44   14    176    1    937   1458    947    398   0.6459    0.011
A-n44-k7 	BT-3   44    7     88    0    937    939    939     88   0.1720    0.002
A-n44-k7 	BT-3   44    7     88    1    937    939    939     88   0.1698    0.002
A-n44-k7 	BT-3   44    4     88    0    937    939    939     88   0.1682    0.002
A-n44-k7 	BT-3   44    4     88    1    937    939    939     88   0.1706    0.002
A-n44-k7 	BT-3   44   14    176    0    937   1529    953    506   0.7691    0.017
A-n44-k7 	BT-3   44   14    176    1    937   1458    955    212   0.3288    0.019
A-n44-k7 	BT-3   44    7     88    0    937    939    939     88   0.1719    0.002
A-n44-k7 	BT-3   44    7     88    1    937    939    939     88   0.1709    0.002
A-n44-k7 	BT-3   44    4     88    0    937    939    939     88   0.1675    0.002
A-n44-k7 	BT-3   44    4     88    1    937    939    939     88   0.1722    0.002
A-n44-k7 	BT-3   44   14    176    0    937   1529   1002    319   0.4888    0.069
A-n44-k7 	BT-3   44   14    176    1    937   1458    955    212   0.3285    0.019
A-n44-k7 	BT-3   44    7     88    0    937    939    939     88   0.1689    0.002
A-n44-k7 	BT-3   44    7     88    1    937    939    939     88   0.1701    0.002
A-n44-k7 	BT-3   44    4     88    0    937    939    939     88   0.1735    0.002
A-n44-k7 	BT-3   44    4     88    1    937    939    939     88   0.1747    0.002
A-n44-k7 	BT-3   44   14    176    0    937   1529   1038    359   0.5492    0.108
A-n44-k7 	BT-3   44   14    176    1    937   1458    947    381   0.5845    0.011
A-n44-k7 	BT-3   44    7     88    0    937    939    939     88   0.1734    0.002
A-n44-k7 	BT-3   44    7     88    1    937    939    939     88   0.1769    0.002
A-n44-k7 	BT-3   44    4     88    0    937    939    939     88   0.1712    0.002
A-n44-k7 	BT-3   44    4     88    1    937    939    939     88   0.1771    0.002
A-n44-k7 	BT-3   44   14    176    0    937   1529   1047    230   0.3561    0.117
A-n44-k7 	BT-3   44   14    176    1    937   1458    955    212   0.3327    0.019
A-n44-k7 	BT-3   44    7     88    0    937    939    939     88   0.1741    0.002
A-n44-k7 	BT-3   44    7     88    1    937    939    939     88   0.1792    0.002
A-n44-k7 	BT-3   44    4     88    0    937    939    939     88   0.2105    0.002
A-n44-k7 	BT-3   44    4     88    1    937    939    939     88   0.1769    0.002
A-n44-k7 	BT-3   44   14    176    0    937   1529    990    331   0.5020    0.057
A-n44-k7 	BT-3   44   14    176    1    937   1458    939    327   0.4913    0.002
A-n44-k7 	BT-3   44    7     88    0    937    939    939     88   0.1682    0.002
A-n44-k7 	BT-3   44    7     88    1    937    939    939     88   0.1703    0.002
A-n44-k7 	BT-3   44    4     88    0    937    939    939     88   0.1686    0.002
A-n44-k7 	BT-3   44    4     88    1    937    939    939     88   0.1717    0.002
A-n44-k7 	BT-3   44   14    176    0    937   1529    997    459   0.6958    0.064
A-n44-k7 	BT-3   44   14    176    1    937   1458    955    212   0.3306    0.019
A-n44-k7 	BT-3   44    7     88    0    937    939    939     88   0.1714    0.002
A-n44-k7 	BT-3   44    7     88    1    937    939    939     88   0.1704    0.002
A-n44-k7 	BT-3   44    4     88    0    937    939    939     88   0.1683    0.002
A-n44-k7 	BT-3   44    4     88    1    937    939    939     88   0.1802    0.002
A-n44-k7 	BT-3   44   14    176    0    937   1529    990    323   0.4807    0.057
A-n44-k7 	BT-3   44   14    176    1    937   1458    955    212   0.3309    0.019
A-n44-k7 	BT-3   44    7     88    0    937    939    939     88   0.1733    0.002
A-n44-k7 	BT-3   44    7     88    1    937    939    939     88   0.1971    0.002
A-n44-k7 	BT-3   44    4     88    0    937    939    939     88   0.1700    0.002
A-n44-k7 	BT-3   44    4     88    1    937    939    939     88   0.1741    0.002
A-n44-k7 	BT-3   44   14    176    0    937   1529   1038    359   0.5367    0.108
A-n44-k7 	BT-3   44   14    176    1    937   1458    955    212   0.3234    0.019
A-n44-k7 	BT-3   44    7     88    0    937    939    939     88   0.1719    0.002
A-n44-k7 	BT-3   44    7     88    1    937    939    939     88   0.2010    0.002
A-n44-k7 	BT-3   44    4     88    0    937    939    939     88   0.1776    0.002
A-n44-k7 	BT-3   44    4     88    1    937    939    939     88   0.1717    0.002
A-n44-k7 	BT-3   44   14    176    0    937   1529   1038    364   0.6430    0.108
A-n44-k7 	BT-3   44   14    176    1    937   1458    955    212   0.3385    0.019
A-n44-k7 	BT-3   44    7     88    0    937    939    939     88   0.1830    0.002
A-n44-k7 	BT-3   44    7     88    1    937    939    939     88   0.1759    0.002
A-n44-k7 	BT-3   44    4     88    0    937    939    939     88   0.1727    0.002
A-n44-k7 	BT-3   44    4     88    1    937    939    939     88   0.1845    0.002
A-n44-k7 	BT-3   44   14    176    0    937   1529   1045    384   0.6757    0.115
A-n44-k7 	BT-3   44   14    176    1    937   1458    955    212   0.3436    0.019
A-n44-k7 	BT-3   44    7     88    0    937    939    939     88   0.1693    0.002
A-n44-k7 	BT-3   44    7     88    1    937    939    939     88   0.1703    0.002
A-n44-k7 	BT-3   44    4     88    0    937    939    939     88   0.1721    0.002
A-n44-k7 	BT-3   44    4     88    1    937    939    939     88   0.1780    0.002
A-n44-k7 	BT-3   44   14    176    0    937   1529   1008    302   0.4745    0.076
A-n44-k7 	BT-3   44   14    176    1    937   1458    955    212   0.3354    0.019
A-n44-k7 	BT-3   44    7     88    0    937    939    939     88   0.1877    0.002
A-n44-k7 	BT-3   44    7     88    1    937    939    939     88   0.1860    0.002
A-n44-k7 	BT-3   44    4     88    0    937    939    939     88   0.1758    0.002
A-n44-k7 	BT-3   44    4     88    1    937    939    939     88   0.1854    0.002
A-n44-k7 	BT-3   44   14    176    0    937   1529   1038    369   0.6300    0.108
A-n44-k7 	BT-3   44   14    176    1    937   1458    955    212   0.3316    0.019
A-n44-k7 	BT-3   44    7     88    0    937    939    939     88   0.1936    0.002
A-n44-k7 	BT-3   44    7     88    1    937    939    939     88   0.1898    0.002
A-n44-k7 	BT-3   44    4     88    0    937    939    939     88   0.1687    0.002
A-n44-k7 	BT-3   44    4     88    1    937    939    939     88   0.1845    0.002
A-n44-k7 	BT-3   44   14    176    0    937   1529   1038    416   0.6465    0.108
A-n44-k7 	BT-3   44   14    176    1    937   1458    955    212   0.3367    0.019
A-n44-k7 	BT-3   44    7     88    0    937    939    939     88   0.1746    0.002
A-n44-k7 	BT-3   44    7     88    1    937    939    939     88   0.1764    0.002
A-n44-k7 	BT-3   44    4     88    0    937    939    939     88   0.1695    0.002
A-n44-k7 	BT-3   44    4     88    1    937    939    939     88   0.1760    0.002
A-n44-k7 	BT-3   44   14    176    0    937   1529    974    300   0.4871    0.039
A-n44-k7 	BT-3   44   14    176    1    937   1458    955    212   0.3395    0.019
A-n44-k7 	BT-3   44    7     88    0    937    939    939     88   0.1770    0.002
A-n44-k7 	BT-3   44    7     88    1    937    939    939     88   0.1763    0.002
A-n44-k7 	BT-3   44    4     88    0    937    939    939     88   0.1689    0.002
A-n44-k7 	BT-3   44    4     88    1    937    939    939     88   0.1746    0.002
A-n44-k7 	BT-3   44   14    176    0    937   1529    984    649   0.9906    0.050
A-n44-k7 	BT-3   44   14    176    1    937   1458    955    212   0.3589    0.019
A-n44-k7 	BT-3   44    7     88    0    937    939    939     88   0.1852    0.002
A-n44-k7 	BT-3   44    7     88    1    937    939    939     88   0.2055    0.002
A-n44-k7 	BT-3   44    4     88    0    937    939    939     88   0.1831    0.002
A-n44-k7 	BT-3   44    4     88    1    937    939    939     88   0.2044    0.002
A-n44-k7 	BT-3   44   14    176    0    937   1529    951    415   0.6106    0.015
A-n44-k7 	BT-3   44   14    176    1    937   1458    955    212   0.3238    0.019
A-n44-k7 	BT-3   44    7     88    0    937    939    939     88   0.1777    0.002
A-n44-k7 	BT-3   44    7     88    1    937    939    939     88   0.1722    0.002
A-n44-k7 	BT-3   44    4     88    0    937    939    939     88   0.1776    0.002
A-n44-k7 	BT-3   44    4     88    1    937    939    939     88   0.1721    0.002
A-n44-k7 	BT-3   44   14    176    0    937   1529    980    348   0.5303    0.046
A-n44-k7 	BT-3   44   14    176    1    937   1458    955    212   0.3253    0.019
A-n44-k7 	BT-3   44    7     88    0    937    939    939     88   0.1697    0.002
A-n44-k7 	BT-3   44    7     88    1    937    939    939     88   0.1726    0.002
A-n44-k7 	BT-3   44    4     88    0    937    939    939     88   0.1701    0.002
A-n44-k7 	BT-3   44    4     88    1    937    939    939     88   0.1728    0.002
A-n44-k7 	BT-3   44   14    176    0    937   1529    971    668   0.9940    0.036
A-n44-k7 	BT-3   44   14    176    1    937   1458    955    212   0.3242    0.019
A-n44-k7 	BT-3   44    7     88    0    937    939    939     88   0.1689    0.002
A-n44-k7 	BT-3   44    7     88    1    937    939    939     88   0.1740    0.002
A-n44-k7 	BT-3   44    4     88    0    937    939    939     88   0.1685    0.002
A-n44-k7 	BT-3   44    4     88    1    937    939    939     88   0.1721    0.002
A-n44-k7 	BT-3   44   14    176    0    937   1529   1038    562   0.8380    0.108
A-n44-k7 	BT-3   44   14    176    1    937   1458    955    212   0.3314    0.019
A-n44-k7 	BT-3   44    7     88    0    937    939    939     88   0.1712    0.002
A-n44-k7 	BT-3   44    7     88    1    937    939    939     88   0.1682    0.002
A-n44-k7 	BT-3   44    4     88    0    937    939    939     88   0.1685    0.002
A-n44-k7 	BT-3   44    4     88    1    937    939    939     88   0.1724    0.002
A-n44-k7 	BT-3   44   14    176    0    937   1529    959    503   0.7578    0.023
A-n44-k7 	BT-3   44   14    176    1    937   1458    955    212   0.3267    0.019
A-n44-k7 	BT-3   44    7     88    0    937    939    939     88   0.1707    0.002
A-n44-k7 	BT-3   44    7     88    1    937    939    939     88   0.1683    0.002
A-n44-k7 	BT-3   44    4     88    0    937    939    939     88   0.1698    0.002
A-n44-k7 	BT-3   44    4     88    1    937    939    939     88   0.1721    0.002
A-n44-k7 	BT-3   44   14    176    0    937   1529    999    330   0.4968    0.066
A-n44-k7 	BT-3   44   14    176    1    937   1458    955    212   0.3293    0.019
A-n44-k7 	BT-3   44    7     88    0    937    939    939     88   0.1721    0.002
A-n44-k7 	BT-3   44    7     88    1    937    939    939     88   0.1687    0.002
A-n44-k7 	BT-3   44    4     88    0    937    939    939     88   0.1682    0.002
A-n44-k7 	BT-3   44    4     88    1    937    939    939     88   0.1752    0.002
A-n44-k7 	BT-3   44   14    176    0    937   1529   1007    290   0.4483    0.075
A-n44-k7 	BT-3   44   14    176    1    937   1458    948    402   0.6195    0.012
A-n44-k7 	BT-3   44    7     88    0    937    939    939     88   0.1675    0.002
A-n44-k7 	BT-3   44    7     88    1    937    939    939     88   0.1693    0.002
A-n44-k7 	BT-3   44    4     88    0    937    939    939     88   0.1706    0.002
A-n44-k7 	BT-3   44    4     88    1    937    939    939     88   0.1728    0.002
A-n44-k7 	BT-3   44   14    176    0    937   1529    983    477   0.7096    0.049
A-n44-k7 	BT-3   44   14    176    1    937   1458    955    212   0.3281    0.019
A-n44-k7 	BT-3   44    7     88    0    937    939    939     88   0.1698    0.002
A-n44-k7 	BT-3   44    7     88    1    937    939    939     88   0.1703    0.002
A-n44-k7 	BT-3   44    4     88    0    937    939    939     88   0.1689    0.002
A-n44-k7 	BT-3   44    4     88    1    937    939    939     88   0.1722    0.002
A-n44-k7 	BT-3   44   14    176    0    937   1529   1060    208   0.3167    0.131
A-n44-k7 	BT-3   44   14    176    1    937   1458    955    212   0.3229    0.019
A-n44-k7 	BT-3   44    7     88    0    937    939    939     88   0.1680    0.002
A-n44-k7 	BT-3   44    7     88    1    937    939    939     88   0.1693    0.002
A-n44-k7 	BT-3   44    4     88    0    937    939    939     88   0.1679    0.002
A-n44-k7 	BT-3   44    4     88    1    937    939    939     88   0.1753    0.002
A-n44-k7 	BT-3   44   14    176    0    937   1529   1021    293   0.4404    0.090
A-n44-k7 	BT-3   44   14    176    1    937   1458    955    212   0.3252    0.019
A-n44-k7 	BT-3   44    7     88    0    937    939    939     88   0.1673    0.002
A-n44-k7 	BT-3   44    7     88    1    937    939    939     88   0.1687    0.002
A-n44-k7 	BT-3   44    4     88    0    937    939    939     88   0.1697    0.002
A-n44-k7 	BT-3   44    4     88    1    937    939    939     88   0.1756    0.002
A-n44-k7 	BT-3   44   14    176    0    937   1529    942    519   0.7761    0.005
A-n44-k7 	BT-3   44   14    176    1    937   1458    955    212   0.3279    0.019
A-n44-k7 	BT-3   44    7     88    0    937    939    939     88   0.1705    0.002
A-n44-k7 	BT-3   44    7     88    1    937    939    939     88   0.1701    0.002
A-n44-k7 	BT-3   44    4     88    0    937    939    939     88   0.1746    0.002
A-n44-k7 	BT-3   44    4     88    1    937    939    939     88   0.1746    0.002
A-n44-k7 	BT-3   44   14    176    0    937   1529    993    644   0.9788    0.060
A-n44-k7 	BT-3   44   14    176    1    937   1458    955    212   0.3329    0.019
A-n44-k7 	BT-3   44    7     88    0    937    939    939     88   0.1689    0.002
A-n44-k7 	BT-3   44    7     88    1    937    939    939     88   0.1713    0.002
A-n44-k7 	BT-3   44    4     88    0    937    939    939     88   0.1939    0.002
A-n44-k7 	BT-3   44    4     88    1    937    939    939     88   0.2022    0.002
A-n44-k7 	BT-3   44   14    176    0    937   1529   1024    475   0.7656    0.093
A-n44-k7 	BT-3   44   14    176    1    937   1458    955    212   0.3322    0.019
A-n44-k7 	BT-3   44    7     88    0    937    939    939     88   0.1726    0.002
A-n44-k7 	BT-3   44    7     88    1    937    939    939     88   0.2237    0.002
A-n44-k7 	BT-3   44    4     88    0    937    939    939     88   0.2061    0.002
A-n44-k7 	BT-3   44    4     88    1    937    939    939     88   0.2447    0.002
A-n44-k7 	BT-3   44   14    176    0    937   1529   1047    292   0.5205    0.117
A-n44-k7 	BT-3   44   14    176    1    937   1458    955    212   0.3537    0.019
A-n44-k7 	BT-3   44    7     88    0    937    939    939     88   0.1684    0.002
A-n44-k7 	BT-3   44    7     88    1    937    939    939     88   0.1680    0.002
A-n44-k7 	BT-3   44    4     88    0    937    939    939     88   0.1692    0.002
A-n44-k7 	BT-3   44    4     88    1    937    939    939     88   0.1756    0.002
A-n44-k7 	BT-3   44   14    176    0    937   1529   1005    289   0.4538    0.073
A-n44-k7 	BT-3   44   14    176    1    937   1458    955    212   0.3263    0.019
A-n44-k7 	BT-3   44    7     88    0    937    939    939     88   0.1762    0.002
A-n44-k7 	BT-3   44    7     88    1    937    939    939     88   0.1709    0.002
A-n44-k7 	BT-3   44    4     88    0    937    939    939     88   0.1744    0.002
A-n44-k7 	BT-3   44    4     88    1    937    939    939     88   0.1866    0.002
A-n44-k7 	BT-3   44   14    176    0    937   1529   1060    208   0.3751    0.131
A-n44-k7 	BT-3   44   14    176    1    937   1458    939    255   0.4776    0.002
A-n44-k7 	BT-3   44    7     88    0    937    939    939     88   0.2240    0.002
A-n44-k7 	BT-3   44    7     88    1    937    939    939     88   0.2024    0.002
A-n44-k7 	BT-3   44    4     88    0    937    939    939     88   0.1709    0.002
A-n44-k7 	BT-3   44    4     88    1    937    939    939     88   0.1843    0.002
A-n44-k7 	BT-3   44   14    176    0    937   1529    997    492   0.7478    0.064
A-n44-k7 	BT-3   44   14    176    1    937   1458    937    392   0.6028    0.000
A-n44-k7 	BT-3   44    7     88    0    937    937    937     88   0.1721    0.000
A-n44-k7 	BT-3   44    7     88    1    937    937    937     88   0.1778    0.000
A-n44-k7 	BT-3   44    4     88    0    937    937    937     88   0.1747    0.000
A-n44-k7 	BT-3   44    4     88    1    937    937    937     88   0.1815    0.000
A-n44-k7 	BT-3   44   14    176    0    937   1529    980    561   0.9446    0.046
A-n44-k7 	BT-3   44   14    176    1    937   1458    955    212   0.4062    0.019
A-n44-k7 	BT-3   44    7     88    0    937    937    937     88   0.2173    0.000
A-n44-k7 	BT-3   44    7     88    1    937    937    937     88   0.2366    0.000
A-n44-k7 	BT-3   44    4     88    0    937    937    937     88   0.2516    0.000
A-n44-k7 	BT-3   44    4     88    1    937    937    937     88   0.2165    0.000
A-n44-k7 	BT-3   44   14    176    0    937   1529    987    395   0.7363    0.053
A-n44-k7 	BT-3   44   14    176    1    937   1458    955    212   0.4681    0.019
A-n44-k7 	BT-3   44    7     88    0    937    937    937     88   0.2068    0.000
A-n44-k7 	BT-3   44    7     88    1    937    937    937     88   0.2193    0.000
A-n44-k7 	BT-3   44    4     88    0    937    937    937     88   0.1967    0.000
A-n44-k7 	BT-3   44    4     88    1    937    937    937     88   0.2001    0.000
A-n44-k7 	BT-3   44   14    176    0    937   1529   1044    408   0.7624    0.114
A-n44-k7 	BT-3   44   14    176    1    937   1458    955    212   0.3961    0.019
A-n44-k7 	BT-3   44    7     88    0    937    937    937     88   0.1807    0.000
A-n44-k7 	BT-3   44    7     88    1    937    937    937     88   0.2051    0.000
A-n44-k7 	BT-3   44    4     88    0    937    937    937     88   0.2056    0.000
A-n44-k7 	BT-3   44    4     88    1    937    937    937     88   0.1964    0.000
A-n44-k7 	BT-3   44   14    176    0    937   1529   1047    228   0.3516    0.117
A-n44-k7 	BT-3   44   14    176    1    937   1458    955    212   0.3244    0.019
A-n44-k7 	BT-3   44    7     88    0    937    937    937     88   0.1718    0.000
A-n44-k7 	BT-3   44    7     88    1    937    937    937     88   0.1879    0.000
A-n44-k7 	BT-3   44    4     88    0    937    937    937     88   0.1723    0.000
A-n44-k7 	BT-3   44    4     88    1    937    937    937     88   0.1774    0.000
A-n44-k7 	BT-3   44   14    176    0    937   1529   1060    208   0.3287    0.131
A-n44-k7 	BT-3   44   14    176    1    937   1458    955    212   0.3309    0.019
A-n44-k7 	BT-3   44    7     88    0    937    937    937     88   0.1776    0.000
A-n44-k7 	BT-3   44    7     88    1    937    937    937     88   0.2263    0.000
A-n44-k7 	BT-3   44    4     88    0    937    937    937     88   0.1936    0.000
A-n44-k7 	BT-3   44    4     88    1    937    937    937     88   0.1822    0.000
A-n44-k7 	BT-3   44   14    176    0    937   1529   1060    208   0.3275    0.131
A-n44-k7 	BT-3   44   14    176    1    937   1458    955    212   0.3607    0.019
A-n44-k7 	BT-3   44    7     88    0    937    937    937     88   0.1902    0.000
A-n44-k7 	BT-3   44    7     88    1    937    937    937     88   0.1742    0.000
A-n44-k7 	BT-3   44    4     88    0    937    937    937     88   0.1760    0.000
A-n44-k7 	BT-3   44    4     88    1    937    937    937     88   0.2242    0.000
A-n44-k7 	BT-3   44   14    176    0    937   1529    967    278   0.4280    0.032
A-n44-k7 	BT-3   44   14    176    1    937   1458    955    212   0.3533    0.019
A-n44-k7 	BT-3   44    7     88    0    937    937    937     88   0.1752    0.000
A-n44-k7 	BT-3   44    7     88    1    937    937    937     88   0.2403    0.000
A-n44-k7 	BT-3   44    4     88    0    937    937    937     88   0.1935    0.000
A-n44-k7 	BT-3   44    4     88    1    937    937    937     88   0.1777    0.000
A-n44-k7 	BT-3   44   14    176    0    937   1529   1047    310   0.4738    0.117
A-n44-k7 	BT-3   44   14    176    1    937   1458    955    212   0.3300    0.019
A-n44-k7 	BT-3   44    7     88    0    937    937    937     88   0.1740    0.000
A-n44-k7 	BT-3   44    7     88    1    937    937    937     88   0.1717    0.000
A-n44-k7 	BT-3   44    4     88    0    937    937    937     88   0.1699    0.000
A-n44-k7 	BT-3   44    4     88    1    937    937    937     88   0.1804    0.000
A-n44-k7 	BT-3   44   14    176    0    937   1529    990    653   0.9710    0.057
A-n44-k7 	BT-3   44   14    176    1    937   1458    955    212   0.3300    0.019
A-n44-k7 	BT-3   44    7     88    0    937    937    937     88   0.1725    0.000
A-n44-k7 	BT-3   44    7     88    1    937    937    937     88   0.1719    0.000
A-n44-k7 	BT-3   44    4     88    0    937    937    937     88   0.1717    0.000
A-n44-k7 	BT-3   44    4     88    1    937    937    937     88   0.1762    0.000
A-n44-k7 	BT-3   44   14    176    0    937   1529   1060    208   0.3502    0.131
A-n44-k7 	BT-3   44   14    176    1    937   1458    955    212   0.3680    0.019
A-n44-k7 	BT-3   44    7     88    0    937    937    937     88   0.1718    0.000
A-n44-k7 	BT-3   44    7     88    1    937    937    937     88   0.1733    0.000
A-n44-k7 	BT-3   44    4     88    0    937    937    937     88   0.1732    0.000
A-n44-k7 	BT-3   44    4     88    1    937    937    937     88   0.1832    0.000
A-n44-k7 	BT-3   44   14    176    0    937   1529   1053    237   0.4219    0.124
A-n44-k7 	BT-3   44   14    176    1    937   1458    955    212   0.4237    0.019
A-n44-k7 	BT-3   44    7     88    0    937    937    937     88   0.1836    0.000
A-n44-k7 	BT-3   44    7     88    1    937    937    937     88   0.2099    0.000
A-n44-k7 	BT-3   44    4     88    0    937    937    937     88   0.2230    0.000
A-n44-k7 	BT-3   44    4     88    1    937    937    937     88   0.1968    0.000
A-n44-k7 	BT-3   44   14    176    0    937   1529    993    325   0.5370    0.060
A-n44-k7 	BT-3   44   14    176    1    937   1458    955    212   0.3729    0.019
A-n44-k7 	BT-3   44    7     88    0    937    937    937     88   0.1825    0.000
A-n44-k7 	BT-3   44    7     88    1    937    937    937     88   0.1783    0.000
A-n44-k7 	BT-3   44    4     88    0    937    937    937     88   0.1828    0.000
A-n44-k7 	BT-3   44    4     88    1    937    937    937     88   0.1839    0.000
A-n44-k7 	BT-3   44   14    176    0    937   1529   1007    371   0.5880    0.075
A-n44-k7 	BT-3   44   14    176    1    937   1458    946    415   0.6786    0.010
A-n44-k7 	BT-3   44    7     88    0    937    937    937     88   0.1774    0.000
A-n44-k7 	BT-3   44    7     88    1    937    937    937     88   0.1820    0.000
A-n44-k7 	BT-3   44    4     88    0    937    937    937     88   0.1828    0.000
A-n44-k7 	BT-3   44    4     88    1    937    937    937     88   0.1920    0.000
A-n44-k7 	BT-3   44   14    176    0    937   1529    957    267   0.5023    0.021
A-n44-k7 	BT-3   44   14    176    1    937   1458    955    212   0.3656    0.019
A-n44-k7 	BT-3   44    7     88    0    937    937    937     88   0.1826    0.000
A-n44-k7 	BT-3   44    7     88    1    937    937    937     88   0.2021    0.000
A-n44-k7 	BT-3   44    4     88    0    937    937    937     88   0.2249    0.000
A-n44-k7 	BT-3   44    4     88    1    937    937    937     88   0.1976    0.000
A-n44-k7 	BT-3   44   14    176    0    937   1529   1038    469   0.7739    0.108
A-n44-k7 	BT-3   44   14    176    1    937   1458    955    212   0.4270    0.019
A-n44-k7 	BT-3   44    7     88    0    937    937    937     88   0.1974    0.000
A-n44-k7 	BT-3   44    7     88    1    937    937    937     88   0.2549    0.000
A-n44-k7 	BT-3   44    4     88    0    937    937    937     88   0.2272    0.000
A-n44-k7 	BT-3   44    4     88    1    937    937    937     88   0.2019    0.000
A-n44-k7 	BT-3   44   14    176    0    937   1529    962    548   0.9855    0.027
A-n44-k7 	BT-3   44   14    176    1    937   1458    955    212   0.3873    0.019
A-n44-k7 	BT-3   44    7     88    0    937    937    937     88   0.1904    0.000
A-n44-k7 	BT-3   44    7     88    1    937    937    937     88   0.1915    0.000
A-n44-k7 	BT-3   44    4     88    0    937    937    937     88   0.1750    0.000
A-n44-k7 	BT-3   44    4     88    1    937    937    937     88   0.1718    0.000
A-n44-k7 	BT-3   44   14    176    0    937   1529   1000    465   0.6957    0.067
A-n44-k7 	BT-3   44   14    176    1    937   1458    955    212   0.3246    0.019
A-n44-k7 	BT-3   44    7     88    0    937    937    937     88   0.1682    0.000
A-n44-k7 	BT-3   44    7     88    1    937    937    937     88   0.1977    0.000
A-n44-k7 	BT-3   44    4     88    0    937    937    937     88   0.1848    0.000
A-n44-k7 	BT-3   44    4     88    1    937    937    937     88   0.1751    0.000
A-n44-k7 	BT-3   44   14    176    0    937   1529    964    579   0.8835    0.029
A-n44-k7 	BT-3   44   14    176    1    937   1458    955    212   0.3273    0.019
A-n44-k7 	BT-3   44    7     88    0    937    937    937     88   0.1724    0.000
A-n44-k7 	BT-3   44    7     88    1    937    937    937     88   0.1707    0.000
A-n44-k7 	BT-3   44    4     88    0    937    937    937     88   0.1915    0.000
A-n44-k7 	BT-3   44    4     88    1    937    937    937     88   0.2057    0.000
A-n44-k7 	BT-3   44   14    176    0    937   1529   1060    208   0.3268    0.131
A-n44-k7 	BT-3   44   14    176    1    937   1458    955    212   0.4058    0.019
A-n44-k7 	BT-3   44    7     88    0    937    937    937     88   0.1691    0.000
A-n44-k7 	BT-3   44    7     88    1    937    937    937     88   0.1681    0.000
A-n44-k7 	BT-3   44    4     88    0    937    937    937     88   0.1701    0.000
A-n44-k7 	BT-3   44    4     88    1    937    937    937     88   0.1742    0.000
A-n44-k7 	BT-3   44   14    176    0    937   1529    958    359   0.5357    0.022
A-n44-k7 	BT-3   44   14    176    1    937   1458    940    324   0.5090    0.003
A-n44-k7 	BT-3   44    7     88    0    937    937    937     88   0.2493    0.000
A-n44-k7 	BT-3   44    7     88    1    937    937    937     88   0.1853    0.000
A-n44-k7 	BT-3   44    4     88    0    937    937    937     88   0.1709    0.000
A-n44-k7 	BT-3   44    4     88    1    937    937    937     88   0.1739    0.000
A-n44-k7 	BT-3   44   14    176    0    937   1529   1041    360   0.6049    0.111
A-n44-k7 	BT-3   44   14    176    1    937   1458    939    424   0.7567    0.002
A-n44-k7 	BT-3   44    7     88    0    937    937    937     88   0.1706    0.000
A-n44-k7 	BT-3   44    7     88    1    937    937    937     88   0.1748    0.000
A-n44-k7 	BT-3   44    4     88    0    937    937    937     88   0.1729    0.000
A-n44-k7 	BT-3   44    4     88    1    937    937    937     88   0.1733    0.000
A-n44-k7 	BT-3   44   14    176    0    937   1529   1016    315   0.5961    0.084
A-n44-k7 	BT-3   44   14    176    1    937   1458    939    334   0.5242    0.002
A-n44-k7 	BT-3   44    7     88    0    937    937    937     88   0.1919    0.000
A-n44-k7 	BT-3   44    7     88    1    937    937    937     88   0.1777    0.000
A-n44-k7 	BT-3   44    4     88    0    937    937    937     88   0.1817    0.000
A-n44-k7 	BT-3   44    4     88    1    937    937    937     88   0.1959    0.000
A-n44-k7 	BT-3   44   14    176    0    937   1529    996    629   1.0508    0.063
A-n44-k7 	BT-3   44   14    176    1    937   1458    955    212   0.4128    0.019
A-n44-k7 	BT-3   44    7     88    0    937    937    937     88   0.1959    0.000
A-n44-k7 	BT-3   44    7     88    1    937    937    937     88   0.2161    0.000
A-n44-k7 	BT-3   44    4     88    0    937    937    937     88   0.2079    0.000
A-n44-k7 	BT-3   44    4     88    1    937    937    937     88   0.2313    0.000
A-n44-k7 	BT-3   44   14    176    0    937   1529   1060    209   0.3699    0.131
A-n44-k7 	BT-3   44   14    176    1    937   1458    955    212   0.3904    0.019
A-n44-k7 	BT-3   44    7     88    0    937    937    937     88   0.1677    0.000
A-n44-k7 	BT-3   44    7     88    1    937    937    937     88   0.1729    0.000
A-n44-k7 	BT-3   44    4     88    0    937    937    937     88   0.1849    0.000
A-n44-k7 	BT-3   44    4     88    1    937    937    937     88   0.2397    0.000
A-n44-k7 	BT-3   44   14    176    0    937   1529    973    489   0.8349    0.038
A-n44-k7 	BT-3   44   14    176    1    937   1458    955    212   0.3464    0.019
A-n44-k7 	BT-3   44    7     88    0    937    937    937     88   0.2454    0.000
A-n44-k7 	BT-3   44    7     88    1    937    937    937     88   0.2129    0.000
A-n44-k7 	BT-3   44    4     88    0    937    937    937     88   0.1793    0.000
A-n44-k7 	BT-3   44    4     88    1    937    937    937     88   0.1826    0.000
A-n44-k7 	BT-3   44   14    176    0    937   1529   1058    272   0.4232    0.129
A-n44-k7 	BT-3   44   14    176    1    937   1458    955    212   0.3280    0.019
A-n44-k7 	BT-3   44    7     88    0    937    937    937     88   0.1890    0.000
A-n44-k7 	BT-3   44    7     88    1    937    937    937     88   0.2352    0.000
A-n44-k7 	BT-3   44    4     88    0    937    937    937     88   0.1947    0.000
A-n44-k7 	BT-3   44    4     88    1    937    937    937     88   0.1708    0.000
A-n44-k7 	BT-3   44   14    176    0    937   1529   1038    342   0.5925    0.108
A-n44-k7 	BT-3   44   14    176    1    937   1458    955    212   0.3497    0.019
A-n44-k7 	BT-3   44    7     88    0    937    937    937     88   0.1697    0.000
A-n44-k7 	BT-3   44    7     88    1    937    937    937     88   0.1718    0.000
A-n44-k7 	BT-3   44    4     88    0    937    937    937     88   0.1723    0.000
A-n44-k7 	BT-3   44    4     88    1    937    937    937     88   0.1915    0.000
A-n44-k7 	BT-3   44   14    176    0    937   1529    988    376   0.6691    0.054
A-n44-k7 	BT-3   44   14    176    1    937   1458    955    212   0.3311    0.019
A-n44-k7 	BT-3   44    7     88    0    937    937    937     88   0.1705    0.000
A-n44-k7 	BT-3   44    7     88    1    937    937    937     88   0.1762    0.000
A-n44-k7 	BT-3   44    4     88    0    937    937    937     88   0.1743    0.000
A-n44-k7 	BT-3   44    4     88    1    937    937    937     88   0.1738    0.000
A-n44-k7 	BT-3   44   14    176    0    937   1529   1006    272   0.4093    0.074
A-n44-k7 	BT-3   44   14    176    1    937   1458    955    212   0.3293    0.019
A-n44-k7 	BT-3   44    7     88    0    937    937    937     88   0.1681    0.000
A-n44-k7 	BT-3   44    7     88    1    937    937    937     88   0.1716    0.000
A-n44-k7 	BT-3   44    4     88    0    937    937    937     88   0.1719    0.000
A-n44-k7 	BT-3   44    4     88    1    937    937    937     88   0.1735    0.000
A-n44-k7 	BT-3   44   14    176    0    937   1529   1022    379   0.5653    0.091
A-n44-k7 	BT-3   44   14    176    1    937   1458    955    212   0.3285    0.019
A-n44-k7 	BT-3   44    7     88    0    937    937    937     88   0.1718    0.000
A-n44-k7 	BT-3   44    7     88    1    937    937    937     88   0.1691    0.000
A-n44-k7 	BT-3   44    4     88    0    937    937    937     88   0.1687    0.000
A-n44-k7 	BT-3   44    4     88    1    937    937    937     88   0.1738    0.000
A-n44-k7 	BT-3   44   14    176    0    937   1529   1049    216   0.3267    0.120
A-n44-k7 	BT-3   44   14    176    1    937   1458    955    212   0.3237    0.019
A-n44-k7 	BT-3   44    7     88    0    937    937    937     88   0.1697    0.000
A-n44-k7 	BT-3   44    7     88    1    937    937    937     88   0.1713    0.000
A-n44-k7 	BT-3   44    4     88    0    937    937    937     88   0.1696    0.000
A-n44-k7 	BT-3   44    4     88    1    937    937    937     88   0.1717    0.000
A-n44-k7 	BT-3   44   14    176    0    937   1529   1049    311   0.4657    0.120
A-n44-k7 	BT-3   44   14    176    1    937   1458    955    212   0.3249    0.019
A-n44-k7 	BT-3   44    7     88    0    937    937    937     88   0.1686    0.000
A-n44-k7 	BT-3   44    7     88    1    937    937    937     88   0.1701    0.000
A-n44-k7 	BT-3   44    4     88    0    937    937    937     88   0.1691    0.000
A-n44-k7 	BT-3   44    4     88    1    937    937    937     88   0.1747    0.000
