P-n19-k2 	BT-1   19    6     76    0    212    263    218     79   0.0139    0.028
P-n19-k2 	BT-1   19    6     76    1    212    243    215     80   0.0143    0.014
P-n19-k2 	BT-1   19    3     38    0    212    252    228     39   0.0350    0.075
P-n19-k2 	BT-1   19    3     38    1    212    215    212     46   0.0363    0.000
P-n19-k2 	BT-1   19    3     38    0    212    250    212     40   0.1064    0.000
P-n19-k2 	BT-1   19    3     38    1    212    212    212     38   0.1061    0.000
P-n19-k2 	BT-2   19    6     76    0    212    263    223     79   0.0140    0.052
P-n19-k2 	BT-2   19    6     76    1    212    243    218     78   0.0139    0.028
P-n19-k2 	BT-2   19    3     38    0    212    235    218     40   0.0350    0.028
P-n19-k2 	BT-2   19    3     38    1    212    218    218     38   0.0345    0.028
P-n19-k2 	BT-2   19    3     38    0    212    235    218     40   0.1044    0.028
P-n19-k2 	BT-2   19    3     38    1    212    218    218     38   0.1040    0.028
P-n19-k2 	BT-3   19    6     76    0    212    263    228     60   0.0103    0.075
P-n19-k2 	BT-3   19    6     76    1    212    243    212    144   0.0245    0.000
P-n19-k2 	BT-3   19    3     38    0    212    245    215     31   0.0398    0.014
P-n19-k2 	BT-3   19    3     38    1    212    212    212     28   0.0396    0.000
P-n19-k2 	BT-3   19    3     38    0    212    245    215     33   0.1197    0.014
P-n19-k2 	BT-3   19    3     38    1    212    212    212     25   0.1186    0.000
P-n19-k2 	BT-3   19    6     76    0    212    263    212     78   0.0133    0.000
P-n19-k2 	BT-3   19    6     76    1    212    243    212     86   0.0147    0.000
P-n19-k2 	BT-3   19    3     38    0    212    245    212     36   0.3865    0.000
P-n19-k2 	BT-3   19    3     38    1    212    212    212     26   0.3851    0.000
P-n19-k2 	BT-3   19    3     38    0    212    245    215     32   1.1573    0.014
P-n19-k2 	BT-3   19    3     38    1    212    212    212     27   1.1569    0.000
P-n19-k2 	BT-3   19    6     76    0    212    263    220    113   0.0192    0.038
P-n19-k2 	BT-3   19    6     76    1    212    243    219    124   0.0213    0.033
P-n19-k2 	BT-3   19    3     38    0    212    245    215     43   3.5142    0.014
P-n19-k2 	BT-3   19    3     38    1    212    212    212     24   3.5110    0.000
P-n19-k2 	BT-3   19    3     38    0    212    245    215     33  10.5376    0.014
P-n19-k2 	BT-3   19    3     38    1    212    212    212     29  10.5370    0.000
P-n19-k2 	BT-3   19    6     76    0    212    263    218     83   0.0143    0.028
P-n19-k2 	BT-3   19    6     76    1    212    243    219     80   0.0137    0.033
P-n19-k2 	BT-3   19    3     38    0    212    245    215     36  31.6404    0.014
P-n19-k2 	BT-3   19    3     38    1    212    212    212     26  31.6390    0.000
P-n19-k2 	BT-3   19    3     38    0    212    245    215     36  94.9199    0.014
P-n19-k2 	BT-3   19    3     38    1    212    212    212     29  94.9190    0.000
P-n19-k2 	BT-3   19    6     76    0    212    263    221    112   0.0190    0.042
P-n19-k2 	BT-3   19    6     76    1    212    243    212    117   0.0199    0.000
P-n19-k2 	BT-3   19    3     38    0    212    245    215     37 284.7979    0.014
P-n19-k2 	BT-3   19    3     38    1    212    212    212     27 284.7964    0.000
P-n19-k2 	BT-3   19    3     38    0    212    245    215     28 854.3908    0.014
P-n19-k2 	BT-3   19    3     38    1    212    212    212     28 854.3910    0.000
P-n19-k2 	BT-3   19    6     76    0    212    263    212    130   0.0222    0.000
P-n19-k2 	BT-3   19    6     76    1    212    243    215     76   0.0129    0.014
P-n19-k2 	BT-3   19    3     38    0    212    245    212     31 -1731.7593    0.000
P-n19-k2 	BT-3   19    3     38    1    212    212    212     27 -1731.7596    0.000
P-n19-k2 	BT-3   19    3     38    0    212    245    215     36 -900.3100    0.014
P-n19-k2 	BT-3   19    3     38    1    212    212    212     28 -900.3110    0.000
P-n19-k2 	BT-3   19    6     76    0    212    263    212     76   0.0130    0.000
P-n19-k2 	BT-3   19    6     76    1    212    243    221     65   0.0112    0.042
P-n19-k2 	BT-3   19    3     38    0    212    245    215     33 1594.0601    0.014
P-n19-k2 	BT-3   19    3     38    1    212    212    212     28 1594.0594    0.000
P-n19-k2 	BT-3   19    3     38    0    212    245    215     33 487.2124    0.014
P-n19-k2 	BT-3   19    3     38    1    212    212    212     25 487.2112    0.000
P-n19-k2 	BT-3   19    6     76    0    212    263    215    126   0.0214    0.014
P-n19-k2 	BT-3   19    6     76    1    212    243    215     78   0.0133    0.014
P-n19-k2 	BT-3   19    3     38    0    212    245    215     35 1461.6708    0.014
P-n19-k2 	BT-3   19    3     38    1    212    212    212     26 1461.6696    0.000
P-n19-k2 	BT-3   19    3     38    0    212    245    215     35  90.0439    0.014
P-n19-k2 	BT-3   19    3     38    1    212    212    212     28  90.0430    0.000
P-n19-k2 	BT-3   19    6     76    0    212    263    217    100   0.0173    0.024
P-n19-k2 	BT-3   19    6     76    1    212    243    212     82   0.0139    0.000
P-n19-k2 	BT-3   19    3     38    0    212    245    215     34 270.1617    0.014
P-n19-k2 	BT-3   19    3     38    1    212    212    212     29 270.1611    0.000
P-n19-k2 	BT-3   19    3     38    0    212    245    215     35 810.4847    0.014
P-n19-k2 	BT-3   19    3     38    1    212    212    212     27 810.4835    0.000
P-n19-k2 	BT-3   19    6     76    0    212    263    228     63   0.0113    0.075
P-n19-k2 	BT-3   19    6     76    1    212    243    212    106   0.0182    0.000
P-n19-k2 	BT-3   19    3     38    0    212    245    215     33 -1863.4852    0.014
P-n19-k2 	BT-3   19    3     38    1    212    212    212     26 -1863.4863    0.000
P-n19-k2 	BT-3   19    3     38    0    212    245    215     34 -1295.4895    0.014
P-n19-k2 	BT-3   19    3     38    1    212    212    212     26 -1295.4906    0.000
P-n19-k2 	BT-3   19    6     76    0    212    263    212    139   0.0237    0.000
P-n19-k2 	BT-3   19    6     76    1    212    243    212     94   0.0159    0.000
P-n19-k2 	BT-3   19    3     38    0    212    245    219     29 408.5366    0.033
P-n19-k2 	BT-3   19    3     38    1    212    212    212     26 408.5363    0.000
P-n19-k2 	BT-3   19    3     38    0    212    245    215     37 1225.6107    0.014
P-n19-k2 	BT-3   19    3     38    1    212    212    212     25 1225.6090    0.000
P-n19-k2 	BT-3   19    6     76    0    212    263    212     78   0.0132    0.000
P-n19-k2 	BT-3   19    6     76    1    212    243    212     94   0.0159    0.000
P-n19-k2 	BT-3   19    3     38    0    212    245    215     32 -618.1085    0.014
P-n19-k2 	BT-3   19    3     38    1    212    212    212     29 -618.1087    0.000
P-n19-k2 	BT-3   19    3     38    0    212    245    215     35 -1854.3251    0.014
P-n19-k2 	BT-3   19    3     38    1    212    212    212     26 -1854.3263    0.000
P-n19-k2 	BT-3   19    6     76    0    212    263    228     67   0.0116    0.075
P-n19-k2 	BT-3   19    6     76    1    212    243    221     69   0.0118    0.042
P-n19-k2 	BT-3   19    3     38    0    212    245    215     33 -1267.9862    0.014
P-n19-k2 	BT-3   19    3     38    1    212    212    212     28 -1267.9868    0.000
P-n19-k2 	BT-3   19    3     38    0    212    245    215     34 491.0083    0.014
P-n19-k2 	BT-3   19    3     38    1    212    212    212     29 491.0078    0.000
P-n19-k2 	BT-3   19    6     76    0    212    263    212    103   0.0175    0.000
P-n19-k2 	BT-3   19    6     76    1    212    243    221     70   0.0120    0.042
P-n19-k2 	BT-3   19    3     38    0    212    245    215     36 1473.0543    0.014
P-n19-k2 	BT-3   19    3     38    1    212    212    212     25 1473.0527    0.000
P-n19-k2 	BT-3   19    3     38    0    212    245    215     35 124.1939    0.014
P-n19-k2 	BT-3   19    3     38    1    212    212    212     26 124.1927    0.000
P-n19-k2 	BT-3   19    6     76    0    212    263    212    127   0.0219    0.000
P-n19-k2 	BT-3   19    6     76    1    212    243    212     90   0.0153    0.000
P-n19-k2 	BT-3   19    3     38    0    212    245    215     35 372.6177    0.014
P-n19-k2 	BT-3   19    3     38    1    212    212    212     29 372.6169    0.000
P-n19-k2 	BT-3   19    3     38    0    212    245    215     32 1117.8517    0.014
P-n19-k2 	BT-3   19    3     38    1    212    212    212     27 1117.8511    0.000
P-n19-k2 	BT-3   19    6     76    0    212    263    222    103   0.0175    0.047
P-n19-k2 	BT-3   19    6     76    1    212    243    212    119   0.0205    0.000
P-n19-k2 	BT-3   19    3     38    0    212    245    215     31 -941.3752    0.014
P-n19-k2 	BT-3   19    3     38    1    212    212    212     26 -941.3756    0.000
P-n19-k2 	BT-3   19    3     38    0    212    245    212     59 1470.8462    0.000
P-n19-k2 	BT-3   19    3     38    1    212    212    212     26 1470.8408    0.000
P-n19-k2 	BT-3   19    6     76    0    212    263    223    128   0.0219    0.052
P-n19-k2 	BT-3   19    6     76    1    212    243    212     79   0.0136    0.000
P-n19-k2 	BT-3   19    3     38    0    212    245    215     57 117.6018    0.014
P-n19-k2 	BT-3   19    3     38    1    212    212    212     25 117.5959    0.000
P-n19-k2 	BT-3   19    3     38    0    212    245    215     38 352.7956    0.014
P-n19-k2 	BT-3   19    3     38    1    212    212    212     30 352.7944    0.000
P-n19-k2 	BT-3   19    6     76    0    212    263    215     92   0.0153    0.014
P-n19-k2 	BT-3   19    6     76    1    212    243    221     62   0.0105    0.042
P-n19-k2 	BT-3   19    3     38    0    212    245    215     36 1058.4110    0.014
P-n19-k2 	BT-3   19    3     38    1    212    212    212     25 1058.4093    0.000
P-n19-k2 	BT-3   19    3     38    0    212    245    215     40 -1119.7354    0.014
P-n19-k2 	BT-3   19    3     38    1    212    212    212     28 -1119.7371    0.000
P-n19-k2 	BT-3   19    6     76    0    212    263    212     79   0.0133    0.000
P-n19-k2 	BT-3   19    6     76    1    212    243    212     90   0.0152    0.000
P-n19-k2 	BT-3   19    3     38    0    212    245    212     39 935.7878    0.000
P-n19-k2 	BT-3   19    3     38    1    212    212    212     29 935.7864    0.000
P-n19-k2 	BT-3   19    3     38    0    212    245    215     37 -1487.6056    0.014
P-n19-k2 	BT-3   19    3     38    1    212    212    212     28 -1487.6068    0.000
P-n19-k2 	BT-3   19    6     76    0    212    263    215     92   0.0157    0.014
P-n19-k2 	BT-3   19    6     76    1    212    243    215    108   0.0184    0.014
P-n19-k2 	BT-3   19    3     38    0    212    245    215     34 -167.8171    0.014
P-n19-k2 	BT-3   19    3     38    1    212    212    212     27 -167.8179    0.000
P-n19-k2 	BT-3   19    3     38    0    212    245    215     32 -503.4524    0.014
P-n19-k2 	BT-3   19    3     38    1    212    212    212     31 -503.4523    0.000
P-n19-k2 	BT-3   19    6     76    0    212    263    228     66   0.0112    0.075
P-n19-k2 	BT-3   19    6     76    1    212    243    212    114   0.0194    0.000
P-n19-k2 	BT-3   19    3     38    0    212    245    212     36 -1510.3257    0.000
P-n19-k2 	BT-3   19    3     38    1    212    212    212     25 -1510.3273    0.000
P-n19-k2 	BT-3   19    3     38    0    212    245    215     33 -236.0118    0.014
P-n19-k2 	BT-3   19    3     38    1    212    212    212     27 -236.0126    0.000
P-n19-k2 	BT-3   19    6     76    0    212    263    222    109   0.0188    0.047
P-n19-k2 	BT-3   19    6     76    1    212    243    221     64   0.0108    0.042
P-n19-k2 	BT-3   19    3     38    0    212    245    215     34 -708.0064    0.014
P-n19-k2 	BT-3   19    3     38    1    212    212    212     28 -708.0071    0.000
P-n19-k2 	BT-3   19    3     38    0    212    245    219     28 -2124.0208    0.033
P-n19-k2 	BT-3   19    3     38    1    212    212    212     28 -2124.0205    0.000
P-n19-k2 	BT-3   19    6     76    0    212    263    212    110   0.0188    0.000
P-n19-k2 	BT-3   19    6     76    1    212    243    221     73   0.0125    0.042
P-n19-k2 	BT-3   19    3     38    0    212    245    212     59 -2077.0586    0.000
P-n19-k2 	BT-3   19    3     38    1    212    212    212     26 -2077.0637    0.000
P-n19-k2 	BT-3   19    3     38    0    212    245    215     34 -1936.2177    0.014
P-n19-k2 	BT-3   19    3     38    1    212    212    212     25 -1936.2190    0.000
P-n19-k2 	BT-3   19    6     76    0    212    263    218    108   0.0185    0.028
P-n19-k2 	BT-3   19    6     76    1    212    243    215     84   0.0143    0.014
P-n19-k2 	BT-3   19    3     38    0    212    245    212     45 -1513.6523    0.000
P-n19-k2 	BT-3   19    3     38    1    212    212    212     29 -1513.6549    0.000
P-n19-k2 	BT-3   19    3     38    0    212    245    215     37 -245.9936    0.014
P-n19-k2 	BT-3   19    3     38    1    212    212    212     25 -245.9954    0.000
P-n19-k2 	BT-3   19    6     76    0    212    263    212    155   0.0270    0.000
P-n19-k2 	BT-3   19    6     76    1    212    243    221     67   0.0115    0.042
P-n19-k2 	BT-3   19    3     38    0    212    245    215     36 -737.9444    0.014
P-n19-k2 	BT-3   19    3     38    1    212    212    212     28 -737.9454    0.000
P-n19-k2 	BT-3   19    3     38    0    212    245    215     37 2081.1333    0.014
P-n19-k2 	BT-3   19    3     38    1    212    212    212     28 2081.1321    0.000
P-n19-k2 	BT-3   19    6     76    0    212    263    218     94   0.0161    0.028
P-n19-k2 	BT-3   19    6     76    1    212    243    221     72   0.0123    0.042
P-n19-k2 	BT-3   19    3     38    0    212    245    215     34 1948.4592    0.014
P-n19-k2 	BT-3   19    3     38    1    212    212    212     32 1948.4592    0.000
P-n19-k2 	BT-3   19    3     38    0    212    245    212     34 1550.4105    0.000
P-n19-k2 	BT-3   19    3     38    1    212    212    212     29 1550.4098    0.000
P-n19-k2 	BT-3   19    6     76    0    212    263    228     68   0.0115    0.075
P-n19-k2 	BT-3   19    6     76    1    212    243    212     76   0.0127    0.000
P-n19-k2 	BT-3   19    3     38    0    212    245    215     34 356.2878    0.014
P-n19-k2 	BT-3   19    3     38    1    212    212    212     29 356.2871    0.000
P-n19-k2 	BT-3   19    3     38    0    212    245    215     37 1068.8632    0.014
P-n19-k2 	BT-3   19    3     38    1    212    212    212     27 1068.8617    0.000
P-n19-k2 	BT-3   19    6     76    0    212    263    224    119   0.0202    0.057
P-n19-k2 	BT-3   19    6     76    1    212    243    212     93   0.0157    0.000
P-n19-k2 	BT-3   19    3     38    0    212    245    219     30 -1088.3447    0.033
P-n19-k2 	BT-3   19    3     38    1    212    212    212     25 -1088.3453    0.000
P-n19-k2 	BT-3   19    3     38    0    212    245    212     51 1029.9362    0.000
P-n19-k2 	BT-3   19    3     38    1    212    212    212     28 1029.9325    0.000
P-n19-k2 	BT-3   19    6     76    0    212    263    228     66   0.0113    0.075
P-n19-k2 	BT-3   19    6     76    1    212    243    221     65   0.0112    0.042
P-n19-k2 	BT-3   19    3     38    0    212    245    215     32 -1205.1434    0.014
P-n19-k2 	BT-3   19    3     38    1    212    212    212     25 -1205.1443    0.000
P-n19-k2 	BT-3   19    3     38    0    212    245    215     32 679.5361    0.014
P-n19-k2 	BT-3   19    3     38    1    212    212    212     27 679.5355    0.000
P-n19-k2 	BT-3   19    6     76    0    212    263    228     68   0.0117    0.075
P-n19-k2 	BT-3   19    6     76    1    212    243    212    114   0.0195    0.000
P-n19-k2 	BT-3   19    3     38    0    212    245    215     34 2038.6393    0.014
P-n19-k2 	BT-3   19    3     38    1    212    212    212     27 2038.6383    0.000
P-n19-k2 	BT-3   19    3     38    0    212    245    215     33 1820.9492    0.014
P-n19-k2 	BT-3   19    3     38    1    212    212    212     28 1820.9486    0.000
P-n19-k2 	BT-3   19    6     76    0    212    263    222    122   0.0208    0.047
P-n19-k2 	BT-3   19    6     76    1    212    243    215     73   0.0123    0.014
P-n19-k2 	BT-3   19    3     38    0    212    245    215     52 1167.9163    0.014
P-n19-k2 	BT-3   19    3     38    1    212    212    212     27 1167.9121    0.000
P-n19-k2 	BT-3   19    3     38    0    212    245    215     35 -791.2255    0.014
P-n19-k2 	BT-3   19    3     38    1    212    212    212     27 -791.2266    0.000
P-n19-k2 	BT-3   19    6     76    0    212    263    228     67   0.0115    0.075
P-n19-k2 	BT-3   19    6     76    1    212    243    221     66   0.0113    0.042
P-n19-k2 	BT-3   19    3     38    0    212    245    215     36 1921.3125    0.014
P-n19-k2 	BT-3   19    3     38    1    212    212    212     29 1921.3116    0.000
P-n19-k2 	BT-3   19    3     38    0    212    245    215     35 1468.9692    0.014
P-n19-k2 	BT-3   19    3     38    1    212    212    212     25 1468.9678    0.000
P-n19-k2 	BT-3   19    6     76    0    212    263    212     99   0.0173    0.000
P-n19-k2 	BT-3   19    6     76    1    212    243    212     81   0.0138    0.000
P-n19-k2 	BT-3   19    3     38    0    212    245    212     38 111.9705    0.000
P-n19-k2 	BT-3   19    3     38    1    212    212    212     28 111.9692    0.000
P-n19-k2 	BT-3   19    3     38    0    212    245    219     28 335.9086    0.033
P-n19-k2 	BT-3   19    3     38    1    212    212    212     25 335.9084    0.000
P-n19-k2 	BT-3   19    6     76    0    212    263    218     98   0.0168    0.028
P-n19-k2 	BT-3   19    6     76    1    212    243    221     63   0.0109    0.042
P-n19-k2 	BT-3   19    3     38    0    212    245    215     35 1007.7545    0.014
P-n19-k2 	BT-3   19    3     38    1    212    212    212     27 1007.7534    0.000
P-n19-k2 	BT-3   19    3     38    0    212    245    215     34 -1271.7050    0.014
P-n19-k2 	BT-3   19    3     38    1    212    212    212     25 -1271.7064    0.000
P-n19-k2 	BT-3   19    6     76    0    212    263    222     84   0.0143    0.047
P-n19-k2 	BT-3   19    6     76    1    212    243    215    124   0.0211    0.014
P-n19-k2 	BT-3   19    3     38    0    212    245    219     31 479.8859    0.033
P-n19-k2 	BT-3   19    3     38    1    212    212    212     29 479.8857    0.000
P-n19-k2 	BT-3   19    3     38    0    212    245    219     31 1439.6573    0.033
P-n19-k2 	BT-3   19    3     38    1    212    212    212     30 1439.6573    0.000
P-n19-k2 	BT-3   19    6     76    0    212    263    215    128   0.0220    0.014
P-n19-k2 	BT-3   19    6     76    1    212    243    221     64   0.0110    0.042
P-n19-k2 	BT-3   19    3     38    0    212    245    215     34  24.0381    0.014
P-n19-k2 	BT-3   19    3     38    1    212    212    212     30  24.0377    0.000
P-n19-k2 	BT-3   19    3     38    0    212    245    212     34  72.1139    0.000
P-n19-k2 	BT-3   19    3     38    1    212    212    212     28  72.1132    0.000
P-n19-k2 	BT-3   19    6     76    0    212    263    228     67   0.0114    0.075
P-n19-k2 	BT-3   19    6     76    1    212    243    215     95   0.0162    0.014
P-n19-k2 	BT-3   19    3     38    0    212    245    215     35 216.3687    0.014
P-n19-k2 	BT-3   19    3     38    1    212    212    212     25 216.3673    0.000
P-n19-k2 	BT-3   19    3     38    0    212    245    215     35 649.1047    0.014
P-n19-k2 	BT-3   19    3     38    1    212    212    212     28 649.1038    0.000
P-n19-k2 	BT-3   19    6     76    0    212    263    219     94   0.0160    0.033
P-n19-k2 	BT-3   19    6     76    1    212    243    212    125   0.0212    0.000
P-n19-k2 	BT-3   19    3     38    0    212    245    212     44 1947.3519    0.000
P-n19-k2 	BT-3   19    3     38    1    212    212    212     25 1947.3490    0.000
P-n19-k2 	BT-3   19    3     38    0    212    245    215     32 1547.0834    0.014
P-n19-k2 	BT-3   19    3     38    1    212    212    212     29 1547.0833    0.000
P-n19-k2 	BT-3   19    6     76    0    212    263    212    105   0.0179    0.000
P-n19-k2 	BT-3   19    6     76    1    212    243    212     89   0.0151    0.000
P-n19-k2 	BT-3   19    3     38    0    212    245    215     36 346.3165    0.014
P-n19-k2 	BT-3   19    3     38    1    212    212    212     26 346.3151    0.000
P-n19-k2 	BT-3   19    3     38    0    212    245    212     45 1038.9497    0.000
P-n19-k2 	BT-3   19    3     38    1    212    212    212     25 1038.9464    0.000
P-n19-k2 	BT-3   19    6     76    0    212    263    219    130   0.0223    0.033
P-n19-k2 	BT-3   19    6     76    1    212    243    221     68   0.0115    0.042
P-n19-k2 	BT-3   19    3     38    0    212    245    215     34 -1178.0895    0.014
P-n19-k2 	BT-3   19    3     38    1    212    212    212     25 -1178.0906    0.000
P-n19-k2 	BT-3   19    3     38    0    212    245    219     30 760.6970    0.033
P-n19-k2 	BT-3   19    3     38    1    212    212    212     27 760.6966    0.000
P-n19-k2 	BT-3   19    6     76    0    212    263    222     96   0.0163    0.047
P-n19-k2 	BT-3   19    6     76    1    212    243    212     89   0.0154    0.000
P-n19-k2 	BT-3   19    3     38    0    212    245    215     33 -2012.8447    0.014
P-n19-k2 	BT-3   19    3     38    1    212    212    212     28 -2012.8452    0.000
P-n19-k2 	BT-3   19    3     38    0    212    245    215     33 -1743.5674    0.014
P-n19-k2 	BT-3   19    3     38    1    212    212    212     28 -1743.5679    0.000
P-n19-k2 	BT-3   19    6     76    0    212    263    212    102   0.0174    0.000
P-n19-k2 	BT-3   19    6     76    1    212    243    212     86   0.0146    0.000
P-n19-k2 	BT-3   19    3     38    0    212    245    215     35 -935.7028    0.014
P-n19-k2 	BT-3   19    3     38    1    212    212    212     28 -935.7037    0.000
P-n19-k2 	BT-3   19    3     38    0    212    245    215     32 1487.8574    0.014
P-n19-k2 	BT-3   19    3     38    1    212    212    212     27 1487.8569    0.000
P-n19-k2 	BT-3   19    6     76    0    212    263    222     79   0.0138    0.047
P-n19-k2 	BT-3   19    6     76    1    212    243    221     66   0.0112    0.042
P-n19-k2 	BT-3   19    3     38    0    212    245    212     43 168.6315    0.000
P-n19-k2 	BT-3   19    3     38    1    212    212    212     32 168.6298    0.000
P-n19-k2 	BT-3   19    3     38    0    212    245    215     35 505.8913    0.014
P-n19-k2 	BT-3   19    3     38    1    212    212    212     24 505.8897    0.000
P-n19-k2 	BT-3   19    6     76    0    212    263    228     65   0.0111    0.075
P-n19-k2 	BT-3   19    6     76    1    212    243    215     91   0.0154    0.014
P-n19-k2 	BT-3   19    3     38    0    212    245    215     34 1517.6986    0.014
P-n19-k2 	BT-3   19    3     38    1    212    212    212     27 1517.6978    0.000
P-n19-k2 	BT-3   19    3     38    0    212    245    215     33 258.1276    0.014
P-n19-k2 	BT-3   19    3     38    1    212    212    212     27 258.1268    0.000
P-n19-k2 	BT-3   19    6     76    0    212    263    215     95   0.0163    0.014
P-n19-k2 	BT-3   19    6     76    1    212    243    212    131   0.0225    0.000
P-n19-k2 	BT-3   19    3     38    0    212    245    215     35 774.4212    0.014
P-n19-k2 	BT-3   19    3     38    1    212    212    212     27 774.4201    0.000
P-n19-k2 	BT-3   19    3     38    0    212    245    215     36 -1971.7047    0.014
P-n19-k2 	BT-3   19    3     38    1    212    212    212     26 -1971.7061    0.000
P-n19-k2 	BT-3   19    6     76    0    212    263    219    116   0.0200    0.033
P-n19-k2 	BT-3   19    6     76    1    212    243    215     77   0.0131    0.014
P-n19-k2 	BT-3   19    3     38    0    212    245    215     33 -1620.1156    0.014
P-n19-k2 	BT-3   19    3     38    1    212    212    212     25 -1620.1167    0.000
P-n19-k2 	BT-3   19    3     38    0    212    245    212     43 -565.3788    0.000
P-n19-k2 	BT-3   19    3     38    1    212    212    212     24 -565.3819    0.000
P-n19-k2 	BT-3   19    6     76    0    212    263    222     74   0.0126    0.047
P-n19-k2 	BT-3   19    6     76    1    212    243    215     77   0.0131    0.014
P-n19-k2 	BT-3   19    3     38    0    212    245    212     54 -1696.1119    0.000
P-n19-k2 	BT-3   19    3     38    1    212    212    212     29 -1696.1160    0.000
P-n19-k2 	BT-3   19    3     38    0    212    245    215     34 -793.3762    0.014
P-n19-k2 	BT-3   19    3     38    1    212    212    212     25 -793.3774    0.000
P-n19-k2 	BT-3   19    6     76    0    212    263    221    118   0.0200    0.042
P-n19-k2 	BT-3   19    6     76    1    212    243    221     68   0.0116    0.042
P-n19-k2 	BT-3   19    3     38    0    212    245    215     32 1914.8688    0.014
P-n19-k2 	BT-3   19    3     38    1    212    212    212     28 1914.8683    0.000
P-n19-k2 	BT-3   19    3     38    0    212    245    215     38 1449.6395    0.014
P-n19-k2 	BT-3   19    3     38    1    212    212    212     26 1449.6378    0.000
P-n19-k2 	BT-3   19    6     76    0    212    263    219     86   0.0147    0.033
P-n19-k2 	BT-3   19    6     76    1    212    243    221     67   0.0114    0.042
P-n19-k2 	BT-3   19    3     38    0    212    245    215     35  53.9753    0.014
P-n19-k2 	BT-3   19    3     38    1    212    212    212     26  53.9739    0.000
P-n19-k2 	BT-3   19    3     38    0    212    245    215     32 161.9240    0.014
P-n19-k2 	BT-3   19    3     38    1    212    212    212     30 161.9238    0.000
P-n19-k2 	BT-3   19    6     76    0    212    263    212    154   0.0265    0.000
P-n19-k2 	BT-3   19    6     76    1    212    243    221     67   0.0113    0.042
P-n19-k2 	BT-3   19    3     38    0    212    245    212     36 485.8102    0.000
P-n19-k2 	BT-3   19    3     38    1    212    212    212     27 485.8089    0.000
P-n19-k2 	BT-3   19    3     38    0    212    245    215     35 1457.4290    0.014
P-n19-k2 	BT-3   19    3     38    1    212    212    212     26 1457.4279    0.000
P-n19-k2 	BT-3   19    6     76    0    212    263    218    185   0.0317    0.028
P-n19-k2 	BT-3   19    6     76    1    212    243    212    123   0.0208    0.000
P-n19-k2 	BT-3   19    3     38    0    212    245    212     53  77.3741    0.000
P-n19-k2 	BT-3   19    3     38    1    212    212    212     28  77.3701    0.000
P-n19-k2 	BT-3   19    3     38    0    212    245    215     36 232.1154    0.014
P-n19-k2 	BT-3   19    3     38    1    212    212    212     22 232.1133    0.000
P-n19-k2 	BT-3   19    6     76    0    212    263    228     64   0.0108    0.075
P-n19-k2 	BT-3   19    6     76    1    212    243    212    108   0.0184    0.000
P-n19-k2 	BT-3   19    3     38    0    212    245    215     33 696.3729    0.014
P-n19-k2 	BT-3   19    3     38    1    212    212    212     29 696.3725    0.000
P-n19-k2 	BT-3   19    3     38    0    212    245    215     32 2089.1182    0.014
P-n19-k2 	BT-3   19    3     38    1    212    212    212     28 2089.1177    0.000
P-n19-k2 	BT-3   19    6     76    0    212    263    212    110   0.0186    0.000
P-n19-k2 	BT-3   19    6     76    1    212    243    221     63   0.0109    0.042
P-n19-k2 	BT-3   19    3     38    0    212    245    215     34 1972.4164    0.014
P-n19-k2 	BT-3   19    3     38    1    212    212    212     25 1972.4152    0.000
P-n19-k2 	BT-3   19    3     38    0    212    245    215     30 1622.2800    0.014
P-n19-k2 	BT-3   19    3     38    1    212    212    212     27 1622.2797    0.000
P-n19-k2 	BT-3   19    6     76    0    212    263    219    125   0.0216    0.033
P-n19-k2 	BT-3   19    6     76    1    212    243    221     66   0.0112    0.042
P-n19-k2 	BT-3   19    3     38    0    212    245    215     34 571.9058    0.014
P-n19-k2 	BT-3   19    3     38    1    212    212    212     27 571.9050    0.000
P-n19-k2 	BT-3   19    3     38    0    212    245    212     48 1715.7191    0.000
P-n19-k2 	BT-3   19    3     38    1    212    212    212     29 1715.7161    0.000
P-n19-k2 	BT-3   19    6     76    0    212    263    212    110   0.0185    0.000
P-n19-k2 	BT-3   19    6     76    1    212    243    215     80   0.0135    0.014
P-n19-k2 	BT-3   19    3     38    0    212    245    212     35 852.2167    0.000
P-n19-k2 	BT-3   19    3     38    1    212    212    212     30 852.2164    0.000
P-n19-k2 	BT-3   19    3     38    0    212    245    215     34 -1738.3174    0.014
P-n19-k2 	BT-3   19    3     38    1    212    212    212     26 -1738.3187    0.000
P-n19-k2 	BT-3   19    6     76    0    212    263    212    130   0.0222    0.000
P-n19-k2 	BT-3   19    6     76    1    212    243    221     65   0.0111    0.042
P-n19-k2 	BT-3   19    3     38    0    212    245    215     35 -919.9529    0.014
P-n19-k2 	BT-3   19    3     38    1    212    212    212     28 -919.9539    0.000
P-n19-k2 	BT-3   19    3     38    0    212    245    215     31 1535.1069    0.014
P-n19-k2 	BT-3   19    3     38    1    212    212    212     29 1535.1069    0.000
P-n19-k2 	BT-3   19    6     76    0    212    263    212     95   0.0162    0.000
P-n19-k2 	BT-3   19    6     76    1    212    243    215     96   0.0162    0.014
P-n19-k2 	BT-3   19    3     38    0    212    245    215     37 310.3868    0.014
P-n19-k2 	BT-3   19    3     38    1    212    212    212     25 310.3851    0.000
P-n19-k2 	BT-3   19    3     38    0    212    245    212     47 931.1606    0.000
P-n19-k2 	BT-3   19    3     38    1    212    212    212     27 931.1573    0.000
P-n19-k2 	BT-3   19    6     76    0    212    263    212    113   0.0193    0.000
P-n19-k2 	BT-3   19    6     76    1    212    243    212     86   0.0147    0.000
P-n19-k2 	BT-3   19    3     38    0    212    245    215     34 -1501.4572    0.014
P-n19-k2 	BT-3   19    3     38    1    212    212    212     24 -1501.4585    0.000
P-n19-k2 	BT-3   19    3     38    0    212    245    215     32 -209.4058    0.014
P-n19-k2 	BT-3   19    3     38    1    212    212    212     28 -209.4062    0.000
P-n19-k2 	BT-3   19    6     76    0    212    263    221    124   0.0212    0.042
P-n19-k2 	BT-3   19    6     76    1    212    243    212    131   0.0224    0.000
P-n19-k2 	BT-3   19    3     38    0    212    245    215     28 -628.1749    0.014
P-n19-k2 	BT-3   19    3     38    1    212    212    212     26 -628.1750    0.000
P-n19-k2 	BT-3   19    3     38    0    212    245    215     34 -1884.5239    0.014
P-n19-k2 	BT-3   19    3     38    1    212    212    212     24 -1884.5253    0.000
P-n19-k2 	BT-3   19    6     76    0    212    263    215     79   0.0134    0.014
P-n19-k2 	BT-3   19    6     76    1    212    243    221     72   0.0122    0.042
P-n19-k2 	BT-3   19    3     38    0    212    245    215     33 -1358.5804    0.014
P-n19-k2 	BT-3   19    3     38    1    212    212    212     29 -1358.5808    0.000
P-n19-k2 	BT-3   19    3     38    0    212    245    215     45 219.2278    0.014
P-n19-k2 	BT-3   19    3     38    1    212    212    212     30 219.2254    0.000
P-n19-k2 	BT-3   19    6     76    0    212    263    219    105   0.0179    0.033
P-n19-k2 	BT-3   19    6     76    1    212    243    212     79   0.0134    0.000
P-n19-k2 	BT-3   19    3     38    0    212    245    215     34 657.7104    0.014
P-n19-k2 	BT-3   19    3     38    1    212    212    212     27 657.7094    0.000
P-n19-k2 	BT-3   19    3     38    0    212    245    215     30 1973.1295    0.014
P-n19-k2 	BT-3   19    3     38    1    212    212    212     25 1973.1290    0.000
P-n19-k2 	BT-3   19    6     76    0    212    263    215     70   0.0119    0.014
P-n19-k2 	BT-3   19    6     76    1    212    243    212    103   0.0176    0.000
P-n19-k2 	BT-3   19    3     38    0    212    245    215     36 1624.4514    0.014
P-n19-k2 	BT-3   19    3     38    1    212    212    212     26 1624.4500    0.000
P-n19-k2 	BT-3   19    3     38    0    212    245    215     34 578.3851    0.014
P-n19-k2 	BT-3   19    3     38    1    212    212    212     27 578.3842    0.000
P-n19-k2 	BT-3   19    6     76    0    212    263    212    126   0.0226    0.000
P-n19-k2 	BT-3   19    6     76    1    212    243    221     65   0.0111    0.042
P-n19-k2 	BT-3   19    3     38    0    212    245    219     51 1735.1915    0.033
P-n19-k2 	BT-3   19    3     38    1    212    212    212     30 1735.1877    0.000
P-n19-k2 	BT-3   19    3     38    0    212    245    212     52 910.6033    0.000
P-n19-k2 	BT-3   19    3     38    1    212    212    212     26 910.5991    0.000
P-n19-k2 	BT-3   19    6     76    0    212    263    215     87   0.0149    0.014
P-n19-k2 	BT-3   19    6     76    1    212    243    221     66   0.0112    0.042
P-n19-k2 	BT-3   19    3     38    0    212    245    215     35 -1563.1384    0.014
P-n19-k2 	BT-3   19    3     38    1    212    212    212     27 -1563.1395    0.000
P-n19-k2 	BT-3   19    3     38    0    212    245    212     54 -394.4459    0.000
P-n19-k2 	BT-3   19    3     38    1    212    212    212     29 -394.4499    0.000
P-n19-k2 	BT-3   19    6     76    0    212    263    212    170   0.0292    0.000
P-n19-k2 	BT-3   19    6     76    1    212    243    212    109   0.0185    0.000
P-n19-k2 	BT-3   19    3     38    0    212    245    212     52 -1183.2943    0.000
P-n19-k2 	BT-3   19    3     38    1    212    212    212     25 -1183.2986    0.000
P-n19-k2 	BT-3   19    3     38    0    212    245    215     33 745.0767    0.014
P-n19-k2 	BT-3   19    3     38    1    212    212    212     28 745.0762    0.000
P-n19-k2 	BT-3   19    6     76    0    212    263    215     88   0.0149    0.014
P-n19-k2 	BT-3   19    6     76    1    212    243    221     67   0.0116    0.042
P-n19-k2 	BT-3   19    3     38    0    212    245    215     35 -2059.7107    0.014
P-n19-k2 	BT-3   19    3     38    1    212    212    212     29 -2059.7114    0.000
P-n19-k2 	BT-3   19    3     38    0    212    245    215     32 -1884.1663    0.014
P-n19-k2 	BT-3   19    3     38    1    212    212    212     24 -1884.1674    0.000
P-n19-k2 	BT-3   19    6     76    0    212    263    212    113   0.0193    0.000
P-n19-k2 	BT-3   19    6     76    1    212    243    221     68   0.0116    0.042
P-n19-k2 	BT-3   19    3     38    0    212    245    212     36 -1357.5009    0.000
P-n19-k2 	BT-3   19    3     38    1    212    212    212     26 -1357.5023    0.000
P-n19-k2 	BT-3   19    3     38    0    212    245    215     34 222.4629    0.014
P-n19-k2 	BT-3   19    3     38    1    212    212    212     27 222.4620    0.000
P-n19-k2 	BT-3   19    6     76    0    212    263    212     82   0.0139    0.000
P-n19-k2 	BT-3   19    6     76    1    212    243    221     64   0.0109    0.042
P-n19-k2 	BT-3   19    3     38    0    212    245    219     26 667.4111    0.033
P-n19-k2 	BT-3   19    3     38    1    212    212    212     24 667.4111    0.000
P-n19-k2 	BT-3   19    3     38    0    212    245    215     42 2002.2362    0.014
P-n19-k2 	BT-3   19    3     38    1    212    212    212     27 2002.2339    0.000
P-n19-k2 	BT-3   19    6     76    0    212    263    215    153   0.0262    0.014
P-n19-k2 	BT-3   19    6     76    1    212    243    221     65   0.0112    0.042
P-n19-k2 	BT-3   19    3     38    0    212    245    215     33 1711.7748    0.014
P-n19-k2 	BT-3   19    3     38    1    212    212    212     29 1711.7744    0.000
P-n19-k2 	BT-3   19    3     38    0    212    245    219     30 840.3564    0.033
P-n19-k2 	BT-3   19    3     38    1    212    212    212     25 840.3558    0.000
P-n19-k2 	BT-3   19    6     76    0    212    263    219     93   0.0160    0.033
P-n19-k2 	BT-3   19    6     76    1    212    243    215     80   0.0137    0.014
P-n19-k2 	BT-3   19    3     38    0    212    245    215     36 -1773.8679    0.014
P-n19-k2 	BT-3   19    3     38    1    212    212    212     28 -1773.8691    0.000
P-n19-k2 	BT-3   19    3     38    0    212    245    215     32 -1026.6384    0.014
P-n19-k2 	BT-3   19    3     38    1    212    212    212     26 -1026.6390    0.000
P-n19-k2 	BT-3   19    6     76    0    212    263    212     78   0.0134    0.000
P-n19-k2 	BT-3   19    6     76    1    212    243    212     84   0.0143    0.000
P-n19-k2 	BT-3   19    3     38    0    212    245    215     33 1215.0793    0.014
P-n19-k2 	BT-3   19    3     38    1    212    212    212     31 1215.0793    0.000
P-n19-k2 	BT-3   19    3     38    0    212    245    215     33 -649.7292    0.014
P-n19-k2 	BT-3   19    3     38    1    212    212    212     23 -649.7307    0.000
P-n19-k2 	BT-3   19    6     76    0    212    263    219    104   0.0179    0.033
P-n19-k2 	BT-3   19    6     76    1    212    243    215     77   0.0130    0.014
P-n19-k2 	BT-3   19    3     38    0    212    245    212     40 -1949.1570    0.000
P-n19-k2 	BT-3   19    3     38    1    212    212    212     27 -1949.1589    0.000
P-n19-k2 	BT-3   19    3     38    0    212    245    215     33 -1552.5068    0.014
P-n19-k2 	BT-3   19    3     38    1    212    212    212     27 -1552.5076    0.000
P-n19-k2 	BT-3   19    6     76    0    212    263    218    101   0.0177    0.028
P-n19-k2 	BT-3   19    6     76    1    212    243    221     63   0.0108    0.042
P-n19-k2 	BT-3   19    3     38    0    212    245    215     34 -362.5252    0.014
P-n19-k2 	BT-3   19    3     38    1    212    212    212     26 -362.5263    0.000
P-n19-k2 	BT-3   19    3     38    0    212    245    215     38 -1087.5759    0.014
P-n19-k2 	BT-3   19    3     38    1    212    212    212     28 -1087.5774    0.000
P-n19-k2 	BT-3   19    6     76    0    212    263    222    111   0.0189    0.047
P-n19-k2 	BT-3   19    6     76    1    212    243    215     81   0.0137    0.014
P-n19-k2 	BT-3   19    3     38    0    212    245    215     36 1032.2701    0.014
P-n19-k2 	BT-3   19    3     38    1    212    212    212     27 1032.2689    0.000
P-n19-k2 	BT-3   19    3     38    0    212    245    215     32 -1198.1586    0.014
P-n19-k2 	BT-3   19    3     38    1    212    212    212     26 -1198.1593    0.000
P-n19-k2 	BT-3   19    6     76    0    212    263    217    174   0.0298    0.024
P-n19-k2 	BT-3   19    6     76    1    212    243    212     72   0.0124    0.000
P-n19-k2 	BT-3   19    3     38    0    212    245    215     32 700.5330    0.014
P-n19-k2 	BT-3   19    3     38    1    212    212    212     26 700.5322    0.000
P-n19-k2 	BT-3   19    3     38    0    212    245    212     46 2101.6008    0.000
P-n19-k2 	BT-3   19    3     38    1    212    212    212     28 2101.5979    0.000
P-n19-k2 	BT-3   19    6     76    0    212    263    219    101   0.0176    0.033
P-n19-k2 	BT-3   19    6     76    1    212    243    212    136   0.0232    0.000
P-n19-k2 	BT-3   19    3     38    0    212    245    212     32 2009.8701    0.000
P-n19-k2 	BT-3   19    3     38    1    212    212    212     29 2009.8701    0.000
P-n19-k2 	BT-3   19    3     38    0    212    245    215     34 1734.6434    0.014
P-n19-k2 	BT-3   19    3     38    1    212    212    212     32 1734.6433    0.000
P-n19-k2 	BT-3   19    6     76    0    212    263    215    158   0.0271    0.014
P-n19-k2 	BT-3   19    6     76    1    212    243    212     86   0.0145    0.000
P-n19-k2 	BT-3   19    3     38    0    212    245    215     33 909.0043    0.014
P-n19-k2 	BT-3   19    3     38    1    212    212    212     27 909.0036    0.000
P-n19-k2 	BT-3   19    3     38    0    212    245    212     43 -1567.9532    0.000
P-n19-k2 	BT-3   19    3     38    1    212    212    212     29 -1567.9552    0.000
P-n19-k2 	BT-3   19    6     76    0    212    263    212     75   0.0128    0.000
P-n19-k2 	BT-3   19    6     76    1    212    243    221     70   0.0118    0.042
P-n19-k2 	BT-3   19    3     38    0    212    245    215     31 -408.8719    0.014
P-n19-k2 	BT-3   19    3     38    1    212    212    212     24 -408.8729    0.000
P-n19-k2 	BT-3   19    3     38    0    212    245    212     40 -1226.6156    0.000
P-n19-k2 	BT-3   19    3     38    1    212    212    212     27 -1226.6172    0.000
P-n19-k2 	BT-3   19    6     76    0    212    263    228     64   0.0110    0.075
P-n19-k2 	BT-3   19    6     76    1    212    243    212     94   0.0160    0.000
P-n19-k2 	BT-3   19    3     38    0    212    245    215     29 615.1443    0.014
P-n19-k2 	BT-3   19    3     38    1    212    212    212     27 615.1443    0.000
P-n19-k2 	BT-3   19    3     38    0    212    245    215     32 1845.4335    0.014
P-n19-k2 	BT-3   19    3     38    1    212    212    212     26 1845.4327    0.000
P-n19-k2 	BT-3   19    6     76    0    212    263    219     87   0.0150    0.033
P-n19-k2 	BT-3   19    6     76    1    212    243    212    114   0.0195    0.000
P-n19-k2 	BT-3   19    3     38    0    212    245    212     60 1241.3717    0.000
P-n19-k2 	BT-3   19    3     38    1    212    212    212     27 1241.3662    0.000
P-n19-k2 	BT-3   19    3     38    0    212    245    212     32 -570.8626    0.000
P-n19-k2 	BT-3   19    3     38    1    212    212    212     25 -570.8636    0.000
P-n19-k2 	BT-3   19    6     76    0    212    263    228     65   0.0111    0.075
P-n19-k2 	BT-3   19    6     76    1    212    243    221     70   0.0120    0.042
P-n19-k2 	BT-3   19    3     38    0    212    245    215     36 -1712.5652    0.014
P-n19-k2 	BT-3   19    3     38    1    212    212    212     29 -1712.5662    0.000
P-n19-k2 	BT-3   19    3     38    0    212    245    212     46 -842.7274    0.000
P-n19-k2 	BT-3   19    3     38    1    212    212    212     24 -842.7309    0.000
P-n19-k2 	BT-3   19    6     76    0    212    263    221    147   0.0252    0.042
P-n19-k2 	BT-3   19    6     76    1    212    243    212     80   0.0139    0.000
P-n19-k2 	BT-3   19    3     38    0    212    245    212     37 1766.8190    0.000
P-n19-k2 	BT-3   19    3     38    1    212    212    212     25 1766.8173    0.000
P-n19-k2 	BT-3   19    3     38    0    212    245    215     30 1005.4867    0.014
P-n19-k2 	BT-3   19    3     38    1    212    212    212     30 1005.4870    0.000
P-n19-k2 	BT-3   19    6     76    0    212    263    212    106   0.0179    0.000
P-n19-k2 	BT-3   19    6     76    1    212    243    219    117   0.0201    0.033
P-n19-k2 	BT-3   19    3     38    0    212    245    215     38 -1278.4675    0.014
P-n19-k2 	BT-3   19    3     38    1    212    212    212     28 -1278.4690    0.000
P-n19-k2 	BT-3   19    3     38    0    212    245    215     51 459.5655    0.014
P-n19-k2 	BT-3   19    3     38    1    212    212    212     26 459.5613    0.000
P-n19-k2 	BT-3   19    6     76    0    212    263    212     79   0.0134    0.000
P-n19-k2 	BT-3   19    6     76    1    212    243    212     85   0.0143    0.000
P-n19-k2 	BT-3   19    3     38    0    212    245    215     49 1378.7196    0.014
P-n19-k2 	BT-3   19    3     38    1    212    212    212     26 1378.7159    0.000
P-n19-k2 	BT-3   19    3     38    0    212    245    215     35 -158.8146    0.014
P-n19-k2 	BT-3   19    3     38    1    212    212    212     28 -158.8154    0.000
P-n19-k2 	BT-3   19    6     76    0    212    263    215     78   0.0134    0.014
P-n19-k2 	BT-3   19    6     76    1    212    243    212    116   0.0199    0.000
P-n19-k2 	BT-3   19    3     38    0    212    245    215     34 -476.4113    0.014
P-n19-k2 	BT-3   19    3     38    1    212    212    212     29 -476.4120    0.000
P-n19-k2 	BT-3   19    3     38    0    212    245    215     33 -1429.2349    0.014
P-n19-k2 	BT-3   19    3     38    1    212    212    212     28 -1429.2356    0.000
P-n19-k2 	BT-3   19    6     76    0    212    263    212    100   0.0168    0.000
P-n19-k2 	BT-3   19    6     76    1    212    243    215     77   0.0132    0.014
P-n19-k2 	BT-3   19    3     38    0    212    245    215     34   7.2921    0.014
P-n19-k2 	BT-3   19    3     38    1    212    212    212     26   7.2910    0.000
P-n19-k2 	BT-3   19    3     38    0    212    245    215     35  21.8753    0.014
P-n19-k2 	BT-3   19    3     38    1    212    212    212     28  21.8745    0.000
P-n19-k2 	BT-3   19    6     76    0    212    263    219    102   0.0178    0.033
P-n19-k2 	BT-3   19    6     76    1    212    243    221     68   0.0117    0.042
P-n19-k2 	BT-3   19    3     38    0    212    245    215     36  65.6550    0.014
P-n19-k2 	BT-3   19    3     38    1    212    212    212     24  65.6531    0.000
P-n19-k2 	BT-3   19    3     38    0    212    245    215     37 196.9632    0.014
P-n19-k2 	BT-3   19    3     38    1    212    212    212     27 196.9617    0.000
P-n19-k2 	BT-3   19    6     76    0    212    263    220    143   0.0247    0.038
P-n19-k2 	BT-3   19    6     76    1    212    243    215     88   0.0149    0.014
P-n19-k2 	BT-3   19    3     38    0    212    245    215     40 590.9282    0.014
P-n19-k2 	BT-3   19    3     38    1    212    212    212     26 590.9262    0.000
P-n19-k2 	BT-3   19    3     38    0    212    245    215     33 1772.7815    0.014
P-n19-k2 	BT-3   19    3     38    1    212    212    212     27 1772.7808    0.000
P-n19-k2 	BT-3   19    6     76    0    212    263    215    125   0.0213    0.014
P-n19-k2 	BT-3   19    6     76    1    212    243    217    105   0.0181    0.024
P-n19-k2 	BT-3   19    3     38    0    212    245    215     32 1023.4156    0.014
P-n19-k2 	BT-3   19    3     38    1    212    212    212     29 1023.4153    0.000
P-n19-k2 	BT-3   19    3     38    0    212    245    215     35 -1224.7203    0.014
P-n19-k2 	BT-3   19    3     38    1    212    212    212     26 -1224.7216    0.000
P-n19-k2 	BT-3   19    6     76    0    212    263    215     70   0.0118    0.014
P-n19-k2 	BT-3   19    6     76    1    212    243    212     85   0.0144    0.000
P-n19-k2 	BT-3   19    3     38    0    212    245    215     33 620.8309    0.014
P-n19-k2 	BT-3   19    3     38    1    212    212    212     28 620.8304    0.000
P-n19-k2 	BT-3   19    3     38    0    212    245    215     44 1862.4941    0.014
P-n19-k2 	BT-3   19    3     38    1    212    212    212     26 1862.4912    0.000
P-n19-k2 	BT-3   19    6     76    0    212    263    228     67   0.0114    0.075
P-n19-k2 	BT-3   19    6     76    1    212    243    221     66   0.0113    0.042
P-n19-k2 	BT-3   19    3     38    0    212    245    215     37 1292.5336    0.014
P-n19-k2 	BT-3   19    3     38    1    212    212    212     30 1292.5327    0.000
P-n19-k2 	BT-3   19    3     38    0    212    245    212     32 -417.3681    0.000
P-n19-k2 	BT-3   19    3     38    1    212    212    212     28 -417.3686    0.000
P-n19-k2 	BT-3   19    6     76    0    212    263    215     98   0.0167    0.014
P-n19-k2 	BT-3   19    6     76    1    212    243    218    106   0.0183    0.028
P-n19-k2 	BT-3   19    3     38    0    212    245    215     35 -1252.0695    0.014
P-n19-k2 	BT-3   19    3     38    1    212    212    212     28 -1252.0703    0.000
P-n19-k2 	BT-3   19    3     38    0    212    245    215     36 538.7582    0.014
P-n19-k2 	BT-3   19    3     38    1    212    212    212     30 538.7575    0.000
P-n19-k2 	BT-3   19    6     76    0    212    263    215     70   0.0119    0.014
P-n19-k2 	BT-3   19    6     76    1    212    243    212     90   0.0153    0.000
P-n19-k2 	BT-3   19    3     38    0    212    245    212     38 1616.3015    0.000
P-n19-k2 	BT-3   19    3     38    1    212    212    212     26 1616.2997    0.000
P-n19-k2 	BT-3   19    3     38    0    212    245    215     45 553.9365    0.014
P-n19-k2 	BT-3   19    3     38    1    212    212    212     28 553.9340    0.000
P-n19-k2 	BT-3   19    6     76    0    212    263    218     79   0.0133    0.028
P-n19-k2 	BT-3   19    6     76    1    212    243    212     86   0.0145    0.000
P-n19-k2 	BT-3   19    3     38    0    212    245    215     36 1661.8334    0.014
P-n19-k2 	BT-3   19    3     38    1    212    212    212     29 1661.8324    0.000
P-n19-k2 	BT-3   19    3     38    0    212    245    212     65 690.5367    0.000
P-n19-k2 	BT-3   19    3     38    1    212    212    212     26 690.5304    0.000
P-n19-k2 	BT-3   19    6     76    0    212    263    221     86   0.0147    0.042
P-n19-k2 	BT-3   19    6     76    1    212    243    221     61   0.0104    0.042
P-n19-k2 	BT-3   19    3     38    0    212    245    219     30 2071.6230    0.033
P-n19-k2 	BT-3   19    3     38    1    212    212    212     27 2071.6228    0.000
P-n19-k2 	BT-3   19    3     38    0    212    245    215     35 1919.9023    0.014
P-n19-k2 	BT-3   19    3     38    1    212    212    212     26 1919.9010    0.000
P-n19-k2 	BT-3   19    6     76    0    212    263    228     71   0.0122    0.075
P-n19-k2 	BT-3   19    6     76    1    212    243    221     65   0.0111    0.042
P-n19-k2 	BT-3   19    3     38    0    212    245    215     31 1464.7610    0.014
P-n19-k2 	BT-3   19    3     38    1    212    212    212     27 1464.7606    0.000
P-n19-k2 	BT-3   19    3     38    0    212    245    215     32  99.3156    0.014
P-n19-k2 	BT-3   19    3     38    1    212    212    212     26  99.3148    0.000
P-n19-k2 	BT-3   19    6     76    0    212    263    228     66   0.0114    0.075
P-n19-k2 	BT-3   19    6     76    1    212    243    221     68   0.0115    0.042
P-n19-k2 	BT-3   19    3     38    0    212    245    215     40 297.9704    0.014
P-n19-k2 	BT-3   19    3     38    1    212    212    212     28 297.9685    0.000
P-n19-k2 	BT-3   19    3     38    0    212    245    212     44 893.9100    0.000
P-n19-k2 	BT-3   19    3     38    1    212    212    212     24 893.9068    0.000
P-n19-k2 	BT-3   19    6     76    0    212    263    215    100   0.0169    0.014
P-n19-k2 	BT-3   19    6     76    1    212    243    221     66   0.0113    0.042
P-n19-k2 	BT-3   19    3     38    0    212    245    215     33 -1613.2142    0.014
P-n19-k2 	BT-3   19    3     38    1    212    212    212     28 -1613.2148    0.000
P-n19-k2 	BT-3   19    3     38    0    212    245    215     33 -544.6761    0.014
P-n19-k2 	BT-3   19    3     38    1    212    212    212     28 -544.6766    0.000
P-n19-k2 	BT-3   19    6     76    0    212    263    212    105   0.0178    0.000
P-n19-k2 	BT-3   19    6     76    1    212    243    221     67   0.0113    0.042
P-n19-k2 	BT-3   19    3     38    0    212    245    215     28 -1634.0004    0.014
P-n19-k2 	BT-3   19    3     38    1    212    212    212     24 -1634.0009    0.000
P-n19-k2 	BT-3   19    3     38    0    212    245    219     31 -607.0340    0.033
P-n19-k2 	BT-3   19    3     38    1    212    212    212     28 -607.0342    0.000
P-n19-k2 	BT-3   19    6     76    0    212    263    212     91   0.0152    0.000
P-n19-k2 	BT-3   19    6     76    1    212    243    212    115   0.0196    0.000
P-n19-k2 	BT-3   19    3     38    0    212    245    215     33 -1821.0670    0.014
P-n19-k2 	BT-3   19    3     38    1    212    212    212     27 -1821.0677    0.000
P-n19-k2 	BT-3   19    3     38    0    212    245    215     30 -1168.2350    0.014
P-n19-k2 	BT-3   19    3     38    1    212    212    212     24 -1168.2357    0.000
