P-n55-k10 	BT-1   55   18    220    0    669   1126    708    232   1.5428    0.058
P-n55-k10 	BT-1   55   18    220    1    669    944    713    238   1.4350    0.066
P-n55-k10 	BT-1   55    9    110    0    669    713    708    111   3.6738    0.058
P-n55-k10 	BT-1   55    9    110    1    669    708    708    110   3.5888    0.058
P-n55-k10 	BT-1   55   30    110    0    669    713    708    111  10.9373    0.058
P-n55-k10 	BT-1   55   30    110    1    669    708    708    110  10.8508    0.058
P-n55-k10 	BT-2   55   18    220    0    669   1126    716    236   1.3653    0.070
P-n55-k10 	BT-2   55   18    220    1    669    944    706    346   1.9890    0.055
P-n55-k10 	BT-2   55    9    110    0    669    711    706    114   3.9977    0.055
P-n55-k10 	BT-2   55    9    110    1    669    706    704    141   4.1517    0.052
P-n55-k10 	BT-2   55   30    110    0    669    709    704    114  12.1170    0.052
P-n55-k10 	BT-2   55   30    110    1    669    704    704    110  12.1393    0.052
P-n55-k10 	BT-3   55   18    220    0    669   1126    715    269   1.4161    0.069
P-n55-k10 	BT-3   55   18    220    1    669    944    717    387   2.0846    0.072
P-n55-k10 	BT-3   55    9    110    0    669    716    709    113   4.1474    0.060
P-n55-k10 	BT-3   55    9    110    1    669    715    708    164   4.4233    0.058
P-n55-k10 	BT-3   55   30    110    0    669    719    708     80  12.5271    0.058
P-n55-k10 	BT-3   55   30    110    1    669    708    708     77  12.5076    0.058
P-n55-k10 	BT-3   55   18    220    0    669   1126    700    549   2.9854    0.046
P-n55-k10 	BT-3   55   18    220    1    669    944    712    244   1.2977    0.064
P-n55-k10 	BT-3   55    9    110    0    669    711    700     80  41.8682    0.046
P-n55-k10 	BT-3   55    9    110    1    669    700    698    142  42.2125    0.043
P-n55-k10 	BT-3   55   30    110    0    669    714    698     81 125.9366    0.043
P-n55-k10 	BT-3   55   30    110    1    669    698    698     71 125.8772    0.043
P-n55-k10 	BT-3   55   18    220    0    669   1126    718    241   1.2680    0.073
P-n55-k10 	BT-3   55   18    220    1    669    944    718    224   1.1988    0.073
P-n55-k10 	BT-3   55    9    110    0    669    714    698     87 380.2419    0.043
P-n55-k10 	BT-3   55    9    110    1    669    698    698     81 380.2054    0.043
P-n55-k10 	BT-3   55   30    110    0    669    714    698     83 1140.6677    0.043
P-n55-k10 	BT-3   55   30    110    1    669    698    698     80 1140.6415    0.043
P-n55-k10 	BT-3   55   18    220    0    669   1126    709    404   2.2219    0.060
P-n55-k10 	BT-3   55   18    220    1    669    944    736    207   1.0819    0.100
P-n55-k10 	BT-3   55    9    110    0    669    714    698     86 -869.6693    0.043
P-n55-k10 	BT-3   55    9    110    1    669    698    698     78 -869.7163    0.043
P-n55-k10 	BT-3   55   30    110    0    669    714    698     94 1685.9658    0.043
P-n55-k10 	BT-3   55   30    110    1    669    698    698     77 1685.8679    0.043
P-n55-k10 	BT-3   55   18    220    0    669   1126    716    265   1.3702    0.070
P-n55-k10 	BT-3   55   18    220    1    669    944    702    367   2.0077    0.049
P-n55-k10 	BT-3   55    9    110    0    669    714    698     87 766.1765    0.043
P-n55-k10 	BT-3   55    9    110    1    669    698    698     73 766.0826    0.043
P-n55-k10 	BT-3   55   30    110    0    669    714    704     78 -1996.5950    0.052
P-n55-k10 	BT-3   55   30    110    1    669    698    698     76 -1996.6222    0.043
P-n55-k10 	BT-3   55   18    220    0    669   1126    712    329   1.7386    0.064
P-n55-k10 	BT-3   55   18    220    1    669    944    711    218   1.1511    0.063
P-n55-k10 	BT-3   55    9    110    0    669    714    698     84 -1691.8934    0.043
P-n55-k10 	BT-3   55    9    110    1    669    698    698     71 -1692.0026    0.043
P-n55-k10 	BT-3   55   30    110    0    669    714    704     75 -780.9020    0.052
P-n55-k10 	BT-3   55   30    110    1    669    698    698     83 -780.8638    0.043
P-n55-k10 	BT-3   55   18    220    0    669   1126    722    268   1.4127    0.079
P-n55-k10 	BT-3   55   18    220    1    669    944    736    204   1.0601    0.100
P-n55-k10 	BT-3   55    9    110    0    669    714    698     84 1954.8334    0.043
P-n55-k10 	BT-3   55    9    110    1    669    698    698     74 1954.7556    0.043
P-n55-k10 	BT-3   55   30    110    0    669    714    698     86 1569.4585    0.043
P-n55-k10 	BT-3   55   30    110    1    669    698    698     81 1569.4323    0.043
P-n55-k10 	BT-3   55   18    220    0    669   1126    719    359   1.9450    0.075
P-n55-k10 	BT-3   55   18    220    1    669    944    721    248   1.3226    0.078
P-n55-k10 	BT-3   55    9    110    0    669    714    698     90 416.6792    0.043
P-n55-k10 	BT-3   55    9    110    1    669    698    698     81 416.6139    0.043
P-n55-k10 	BT-3   55   30    110    0    669    714    704     73 1249.8615    0.052
P-n55-k10 	BT-3   55   30    110    1    669    698    698     76 1249.8739    0.043
P-n55-k10 	BT-3   55   18    220    0    669   1126    716    541   3.0636    0.070
P-n55-k10 	BT-3   55   18    220    1    669    944    715    234   1.2325    0.069
P-n55-k10 	BT-3   55    9    110    0    669    714    700    124 -540.7823    0.046
P-n55-k10 	BT-3   55    9    110    1    669    698    698     77 -541.0626    0.043
P-n55-k10 	BT-3   55   30    110    0    669    714    698     87 -1622.8322    0.043
P-n55-k10 	BT-3   55   30    110    1    669    698    698     75 -1622.9176    0.043
P-n55-k10 	BT-3   55   18    220    0    669   1126    714    326   1.7642    0.067
P-n55-k10 	BT-3   55   18    220    1    669    944    718    337   1.8355    0.073
P-n55-k10 	BT-3   55    9    110    0    669    714    704     76 -570.0757    0.052
P-n55-k10 	BT-3   55    9    110    1    669    698    698     75 -570.0879    0.043
P-n55-k10 	BT-3   55   30    110    0    669    714    698     85 -1710.1912    0.043
P-n55-k10 	BT-3   55   30    110    1    669    698    698     79 -1710.2378    0.043
P-n55-k10 	BT-3   55   18    220    0    669   1126    715    428   2.2945    0.069
P-n55-k10 	BT-3   55   18    220    1    669    944    713    305   1.6253    0.066
P-n55-k10 	BT-3   55    9    110    0    669    714    698     84 -831.7191    0.043
P-n55-k10 	BT-3   55    9    110    1    669    698    698     78 -831.7778    0.043
P-n55-k10 	BT-3   55   30    110    0    669    714    698     87 1799.7478    0.043
P-n55-k10 	BT-3   55   30    110    1    669    698    698     84 1799.7407    0.043
P-n55-k10 	BT-3   55   18    220    0    669   1126    708    471   2.5726    0.058
P-n55-k10 	BT-3   55   18    220    1    669    944    736    205   1.0656    0.100
P-n55-k10 	BT-3   55    9    110    0    669    714    698     85 1107.9100    0.043
P-n55-k10 	BT-3   55    9    110    1    669    698    698     76 1107.8353    0.043
P-n55-k10 	BT-3   55   30    110    0    669    714    698     86 -971.2915    0.043
P-n55-k10 	BT-3   55   30    110    1    669    698    698     80 -971.3433    0.043
P-n55-k10 	BT-3   55   18    220    0    669   1126    719    364   1.9862    0.075
P-n55-k10 	BT-3   55   18    220    1    669    944    713    382   2.0958    0.066
P-n55-k10 	BT-3   55    9    110    0    669    714    698     82 1385.0898    0.043
P-n55-k10 	BT-3   55    9    110    1    669    698    698     68 1384.9915    0.043
P-n55-k10 	BT-3   55   30    110    0    669    714    698     86 -139.7881    0.043
P-n55-k10 	BT-3   55   30    110    1    669    698    698     72 -139.8695    0.043
P-n55-k10 	BT-3   55   18    220    0    669   1126    739    273   1.4805    0.105
P-n55-k10 	BT-3   55   18    220    1    669    944    712    280   1.4830    0.064
P-n55-k10 	BT-3   55    9    110    0    669    714    704     78 -416.5066    0.052
P-n55-k10 	BT-3   55    9    110    1    669    698    698     80 -416.5370    0.043
P-n55-k10 	BT-3   55   30    110    0    669    714    704     77 -1249.5730    0.052
P-n55-k10 	BT-3   55   30    110    1    669    698    698     75 -1249.5963    0.043
P-n55-k10 	BT-3   55   18    220    0    669   1126    714    236   1.2364    0.067
P-n55-k10 	BT-3   55   18    220    1    669    944    712    468   2.5589    0.064
P-n55-k10 	BT-3   55    9    110    0    669    714    698     85 550.0649    0.043
P-n55-k10 	BT-3   55    9    110    1    669    698    698     82 550.0264    0.043
P-n55-k10 	BT-3   55   30    110    0    669    714    704     76 1650.1003    0.052
P-n55-k10 	BT-3   55   30    110    1    669    698    698     70 1650.0636    0.043
P-n55-k10 	BT-3   55   18    220    0    669   1126    714    286   1.5238    0.067
P-n55-k10 	BT-3   55   18    220    1    669    944    719    231   1.2196    0.075
P-n55-k10 	BT-3   55    9    110    0    669    714    698     82 658.0822    0.043
P-n55-k10 	BT-3   55    9    110    1    669    698    698     77 658.0276    0.043
P-n55-k10 	BT-3   55   30    110    0    669    714    698     80 1974.1722    0.043
P-n55-k10 	BT-3   55   30    110    1    669    698    698     80 1974.1681    0.043
P-n55-k10 	BT-3   55   18    220    0    669   1126    706    404   2.1479    0.055
P-n55-k10 	BT-3   55   18    220    1    669    944    725    230   1.2098    0.084
P-n55-k10 	BT-3   55    9    110    0    669    714    698     89 1630.9609    0.043
P-n55-k10 	BT-3   55    9    110    1    669    698    698     75 1630.8848    0.043
P-n55-k10 	BT-3   55   30    110    0    669    714    698     79 597.8181    0.043
P-n55-k10 	BT-3   55   30    110    1    669    698    698     76 597.7845    0.043
P-n55-k10 	BT-3   55   18    220    0    669   1126    721    362   1.9417    0.078
P-n55-k10 	BT-3   55   18    220    1    669    944    705    279   1.5124    0.054
P-n55-k10 	BT-3   55    9    110    0    669    714    698     86 1796.9048    0.043
P-n55-k10 	BT-3   55    9    110    1    669    698    698     80 1796.8190    0.043
P-n55-k10 	BT-3   55   30    110    0    669    714    698     88 1095.6312    0.043
P-n55-k10 	BT-3   55   30    110    1    669    698    698     75 1095.5653    0.043
P-n55-k10 	BT-3   55   18    220    0    669   1126    711    298   1.5829    0.063
P-n55-k10 	BT-3   55   18    220    1    669    944    728    240   1.3132    0.088
P-n55-k10 	BT-3   55    9    110    0    669    714    704     75 -1005.2941    0.052
P-n55-k10 	BT-3   55    9    110    1    669    698    698     73 -1005.3168    0.043
P-n55-k10 	BT-3   55   30    110    0    669    714    698     93 1279.1487    0.043
P-n55-k10 	BT-3   55   30    110    1    669    698    698     73 1279.0310    0.043
P-n55-k10 	BT-3   55   18    220    0    669   1126    722    270   1.4330    0.079
P-n55-k10 	BT-3   55   18    220    1    669    944    706    243   1.3134    0.055
P-n55-k10 	BT-3   55    9    110    0    669    714    704     78 -454.9773    0.052
P-n55-k10 	BT-3   55    9    110    1    669    698    698     72 -455.0121    0.043
P-n55-k10 	BT-3   55   30    110    0    669    714    698     83 -1364.9299    0.043
P-n55-k10 	BT-3   55   30    110    1    669    698    698     81 -1364.9417    0.043
P-n55-k10 	BT-3   55   18    220    0    669   1126    707    470   2.5122    0.057
P-n55-k10 	BT-3   55   18    220    1    669    944    717    232   1.2238    0.072
P-n55-k10 	BT-3   55    9    110    0    669    714    704     78 203.8707    0.052
P-n55-k10 	BT-3   55    9    110    1    669    698    698     71 203.8248    0.043
P-n55-k10 	BT-3   55   30    110    0    669    714    698     84 611.5980    0.043
P-n55-k10 	BT-3   55   30    110    1    669    698    698     76 611.5504    0.043
P-n55-k10 	BT-3   55   18    220    0    669   1126    714    308   1.6275    0.067
P-n55-k10 	BT-3   55   18    220    1    669    944    715    266   1.4211    0.069
P-n55-k10 	BT-3   55    9    110    0    669    714    704     76 1837.7522    0.052
P-n55-k10 	BT-3   55    9    110    1    669    698    698     78 1837.7448    0.043
P-n55-k10 	BT-3   55   30    110    0    669    714    698     85 1218.3325    0.043
P-n55-k10 	BT-3   55   30    110    1    669    698    698     82 1218.3033    0.043
P-n55-k10 	BT-3   55   18    220    0    669   1126    739    220   1.1328    0.105
P-n55-k10 	BT-3   55   18    220    1    669    944    723    343   1.8709    0.081
P-n55-k10 	BT-3   55    9    110    0    669    714    704     78 -637.0357    0.052
P-n55-k10 	BT-3   55    9    110    1    669    698    698     73 -637.0717    0.043
P-n55-k10 	BT-3   55   30    110    0    669    714    704     85 -1911.0791    0.052
P-n55-k10 	BT-3   55   30    110    1    669    698    698     75 -1911.1609    0.043
P-n55-k10 	BT-3   55   18    220    0    669   1126    718    233   1.2105    0.073
P-n55-k10 	BT-3   55   18    220    1    669    944    713    394   2.1477    0.066
P-n55-k10 	BT-3   55    9    110    0    669    714    698     80 -1435.0436    0.043
P-n55-k10 	BT-3   55    9    110    1    669    698    698     79 -1435.0708    0.043
P-n55-k10 	BT-3   55   30    110    0    669    714    698     81 -10.1845    0.043
P-n55-k10 	BT-3   55   30    110    1    669    698    698     75 -10.2317    0.043
P-n55-k10 	BT-3   55   18    220    0    669   1126    712    400   2.1364    0.064
P-n55-k10 	BT-3   55   18    220    1    669    944    710    239   1.2635    0.061
P-n55-k10 	BT-3   55    9    110    0    669    714    698     82 -27.1867    0.043
P-n55-k10 	BT-3   55    9    110    1    669    698    698     74 -27.2561    0.043
P-n55-k10 	BT-3   55   30    110    0    669    714    698     82 -81.6472    0.043
P-n55-k10 	BT-3   55   30    110    1    669    698    698     79 -81.6758    0.043
P-n55-k10 	BT-3   55   18    220    0    669   1126    712    423   2.3142    0.064
P-n55-k10 	BT-3   55   18    220    1    669    944    705    314   1.7207    0.054
P-n55-k10 	BT-3   55    9    110    0    669    714    698     85 -240.9052    0.043
P-n55-k10 	BT-3   55    9    110    1    669    698    698     79 -240.9668    0.043
P-n55-k10 	BT-3   55   30    110    0    669    714    698     87 -722.7747    0.043
P-n55-k10 	BT-3   55   30    110    1    669    698    698     79 -722.8210    0.043
P-n55-k10 	BT-3   55   18    220    0    669   1126    721    528   2.9338    0.078
P-n55-k10 	BT-3   55   18    220    1    669    944    706    325   1.7388    0.055
P-n55-k10 	BT-3   55    9    110    0    669    714    698     85 2131.2729    0.043
P-n55-k10 	BT-3   55    9    110    1    669    698    698     79 2131.2126    0.043
P-n55-k10 	BT-3   55   30    110    0    669    714    698     80 2098.7480    0.043
P-n55-k10 	BT-3   55   30    110    1    669    698    698     75 2098.7227    0.043
P-n55-k10 	BT-3   55   18    220    0    669   1126    714    240   1.2793    0.067
P-n55-k10 	BT-3   55   18    220    1    669    944    705    377   2.1131    0.054
P-n55-k10 	BT-3   55    9    110    0    669    714    698     89 2004.6735    0.043
P-n55-k10 	BT-3   55    9    110    1    669    698    698     73 2004.5941    0.043
P-n55-k10 	BT-3   55   30    110    0    669    714    698     88 1718.9821    0.043
P-n55-k10 	BT-3   55   30    110    1    669    698    698     75 1718.9133    0.043
P-n55-k10 	BT-3   55   18    220    0    669   1126    718    237   1.2307    0.073
P-n55-k10 	BT-3   55   18    220    1    669    944    723    230   1.1967    0.081
P-n55-k10 	BT-3   55    9    110    0    669    714    698     80 864.3077    0.043
P-n55-k10 	BT-3   55    9    110    1    669    698    698     76 864.2929    0.043
P-n55-k10 	BT-3   55   30    110    0    669    714    698     82 -1702.0610    0.043
P-n55-k10 	BT-3   55   30    110    1    669    698    698     80 -1702.0778    0.043
P-n55-k10 	BT-3   55   18    220    0    669   1126    722    325   1.7394    0.079
P-n55-k10 	BT-3   55   18    220    1    669    944    701    386   2.0712    0.048
P-n55-k10 	BT-3   55    9    110    0    669    714    698     88 -807.3722    0.043
P-n55-k10 	BT-3   55    9    110    1    669    698    698     79 -807.4363    0.043
P-n55-k10 	BT-3   55   30    110    0    669    714    698     85 1872.7618    0.043
P-n55-k10 	BT-3   55   30    110    1    669    698    698     73 1872.6765    0.043
P-n55-k10 	BT-3   55   18    220    0    669   1126    722    338   1.8033    0.079
P-n55-k10 	BT-3   55   18    220    1    669    944    713    352   1.9038    0.066
P-n55-k10 	BT-3   55    9    110    0    669    714    698     92 1326.9675    0.043
P-n55-k10 	BT-3   55    9    110    1    669    698    698     80 1326.8878    0.043
P-n55-k10 	BT-3   55   30    110    0    669    714    698     86 -314.1706    0.043
P-n55-k10 	BT-3   55   30    110    1    669    698    698     75 -314.2401    0.043
P-n55-k10 	BT-3   55   18    220    0    669   1126    724    365   1.9368    0.082
P-n55-k10 	BT-3   55   18    220    1    669    944    707    336   1.8618    0.057
P-n55-k10 	BT-3   55    9    110    0    669    714    698     85 -938.7736    0.043
P-n55-k10 	BT-3   55    9    110    1    669    698    698     83 -938.8212    0.043
P-n55-k10 	BT-3   55   30    110    0    669    714    698     82 1478.5770    0.043
P-n55-k10 	BT-3   55   30    110    1    669    698    698     74 1478.5150    0.043
P-n55-k10 	BT-3   55   18    220    0    669   1126    713    349   1.8714    0.066
P-n55-k10 	BT-3   55   18    220    1    669    944    715    279   1.4842    0.069
P-n55-k10 	BT-3   55    9    110    0    669    714    698     87 144.0994    0.043
P-n55-k10 	BT-3   55    9    110    1    669    698    698     76 144.0008    0.043
P-n55-k10 	BT-3   55   30    110    0    669    714    698     85 432.1800    0.043
P-n55-k10 	BT-3   55   30    110    1    669    698    698     77 432.1173    0.043
P-n55-k10 	BT-3   55   18    220    0    669   1126    732    220   1.1821    0.094
P-n55-k10 	BT-3   55   18    220    1    669    944    701    247   1.3072    0.048
P-n55-k10 	BT-3   55    9    110    0    669    714    698     83 1298.9436    0.043
P-n55-k10 	BT-3   55    9    110    1    669    698    698     74 1298.8846    0.043
P-n55-k10 	BT-3   55   30    110    0    669    714    704     79 -398.2089    0.052
P-n55-k10 	BT-3   55   30    110    1    669    698    698     80 -398.2283    0.043
P-n55-k10 	BT-3   55   18    220    0    669   1126    715    248   1.2694    0.069
P-n55-k10 	BT-3   55   18    220    1    669    944    720    425   2.3376    0.076
P-n55-k10 	BT-3   55    9    110    0    669    714    701    110 -1190.8485    0.048
P-n55-k10 	BT-3   55    9    110    1    669    698    698     76 -1191.0742    0.043
P-n55-k10 	BT-3   55   30    110    0    669    714    698     83 722.0279    0.043
P-n55-k10 	BT-3   55   30    110    1    669    698    698     82 722.0126    0.043
P-n55-k10 	BT-3   55   18    220    0    669   1126    713    296   1.5881    0.066
P-n55-k10 	BT-3   55   18    220    1    669    944    715    239   1.3179    0.069
P-n55-k10 	BT-3   55    9    110    0    669    714    704     78 -2126.0356    0.052
P-n55-k10 	BT-3   55    9    110    1    669    698    698     80 -2126.0342    0.043
P-n55-k10 	BT-3   55   30    110    0    669    714    698     88 -2083.0696    0.043
P-n55-k10 	BT-3   55   30    110    1    669    698    698     78 -2083.1443    0.043
P-n55-k10 	BT-3   55   18    220    0    669   1126    717    372   2.0059    0.072
P-n55-k10 	BT-3   55   18    220    1    669    944    715    209   1.1267    0.069
P-n55-k10 	BT-3   55    9    110    0    669    714    704     76 -1951.2391    0.052
P-n55-k10 	BT-3   55    9    110    1    669    698    698     72 -1951.2869    0.043
P-n55-k10 	BT-3   55   30    110    0    669    714    698     91 -1558.7251    0.043
P-n55-k10 	BT-3   55   30    110    1    669    698    698     82 -1558.7933    0.043
P-n55-k10 	BT-3   55   18    220    0    669   1126    719    354   1.8843    0.075
P-n55-k10 	BT-3   55   18    220    1    669    944    717    214   1.1091    0.072
P-n55-k10 	BT-3   55    9    110    0    669    714    704     77 -378.3607    0.052
P-n55-k10 	BT-3   55    9    110    1    669    698    698     78 -378.3507    0.043
P-n55-k10 	BT-3   55   30    110    0    669    714    704     76 -1135.0741    0.052
P-n55-k10 	BT-3   55   30    110    1    669    698    698     75 -1135.1078    0.043
P-n55-k10 	BT-3   55   18    220    0    669   1126    716    223   1.1530    0.070
P-n55-k10 	BT-3   55   18    220    1    669    944    702    324   1.7973    0.049
P-n55-k10 	BT-3   55    9    110    0    669    714    698     81 892.6906    0.043
P-n55-k10 	BT-3   55    9    110    1    669    698    698     76 892.6295    0.043
P-n55-k10 	BT-3   55   30    110    0    669    714    698     91 -1616.9181    0.043
P-n55-k10 	BT-3   55   30    110    1    669    698    698     74 -1617.0151    0.043
P-n55-k10 	BT-3   55   18    220    0    669   1126    746    206   1.0716    0.115
P-n55-k10 	BT-3   55   18    220    1    669    944    722    329   1.7865    0.079
P-n55-k10 	BT-3   55    9    110    0    669    714    698     82 -553.0569    0.043
P-n55-k10 	BT-3   55    9    110    1    669    698    698     79 -553.1038    0.043
P-n55-k10 	BT-3   55   30    110    0    669    714    698     84 -1659.2180    0.043
P-n55-k10 	BT-3   55   30    110    1    669    698    698     75 -1659.2655    0.043
P-n55-k10 	BT-3   55   18    220    0    669   1126    712    398   2.1556    0.064
P-n55-k10 	BT-3   55   18    220    1    669    944    703    451   2.4695    0.051
P-n55-k10 	BT-3   55    9    110    0    669    714    701     76 -678.1640    0.048
P-n55-k10 	BT-3   55    9    110    1    669    698    698     74 -678.1699    0.043
P-n55-k10 	BT-3   55   30    110    0    669    714    698     82 -2034.4623    0.043
P-n55-k10 	BT-3   55   30    110    1    669    698    698     73 -2034.5232    0.043
P-n55-k10 	BT-3   55   18    220    0    669   1126    714    440   2.4690    0.067
P-n55-k10 	BT-3   55   18    220    1    669    944    712    322   1.7381    0.064
P-n55-k10 	BT-3   55    9    110    0    669    714    704     75 -1804.2837    0.052
P-n55-k10 	BT-3   55    9    110    1    669    698    698     79 -1804.2905    0.043
P-n55-k10 	BT-3   55   30    110    0    669    714    698     85 -1117.8574    0.043
P-n55-k10 	BT-3   55   30    110    1    669    698    698     80 -1117.8929    0.043
P-n55-k10 	BT-3   55   18    220    0    669   1126    712    276   1.4751    0.064
P-n55-k10 	BT-3   55   18    220    1    669    944    707    313   1.7166    0.057
P-n55-k10 	BT-3   55    9    110    0    669    714    698     84 944.5562    0.043
P-n55-k10 	BT-3   55    9    110    1    669    698    698     77 944.4896    0.043
P-n55-k10 	BT-3   55   30    110    0    669    714    704     86 -1461.3628    0.052
P-n55-k10 	BT-3   55   30    110    1    669    698    698     84 -1461.3784    0.043
P-n55-k10 	BT-3   55   18    220    0    669   1126    718    270   1.4359    0.073
P-n55-k10 	BT-3   55   18    220    1    669    944    719    224   1.2023    0.075
P-n55-k10 	BT-3   55    9    110    0    669    714    698     82 -86.5237    0.043
P-n55-k10 	BT-3   55    9    110    1    669    698    698     75 -86.5725    0.043
P-n55-k10 	BT-3   55   30    110    0    669    714    698     87 -259.5882    0.043
P-n55-k10 	BT-3   55   30    110    1    669    698    698     67 -259.7204    0.043
P-n55-k10 	BT-3   55   18    220    0    669   1126    706    408   2.1927    0.055
P-n55-k10 	BT-3   55   18    220    1    669    944    726    223   1.1767    0.085
P-n55-k10 	BT-3   55    9    110    0    669    714    698     84 -775.5272    0.043
P-n55-k10 	BT-3   55    9    110    1    669    698    698     78 -775.5883    0.043
P-n55-k10 	BT-3   55   30    110    0    669    714    704     81 1968.3022    0.052
P-n55-k10 	BT-3   55   30    110    1    669    698    698     80 1968.2841    0.043
P-n55-k10 	BT-3   55   18    220    0    669   1126    724    256   1.3693    0.082
P-n55-k10 	BT-3   55   18    220    1    669    944    703    360   1.9462    0.051
P-n55-k10 	BT-3   55    9    110    0    669    714    698     88 1613.2792    0.043
P-n55-k10 	BT-3   55    9    110    1    669    698    698     74 1613.1758    0.043
P-n55-k10 	BT-3   55   30    110    0    669    714    704     76 544.6883    0.052
P-n55-k10 	BT-3   55   30    110    1    669    698    698     74 544.6705    0.043
P-n55-k10 	BT-3   55   18    220    0    669   1126    722    346   1.8409    0.079
P-n55-k10 	BT-3   55   18    220    1    669    944    726    291   1.5693    0.085
P-n55-k10 	BT-3   55    9    110    0    669    714    704     78 1637.4708    0.052
P-n55-k10 	BT-3   55    9    110    1    669    698    698     76 1637.4341    0.043
P-n55-k10 	BT-3   55   30    110    0    669    714    698     85 617.4376    0.043
P-n55-k10 	BT-3   55   30    110    1    669    698    698     76 617.3726    0.043
P-n55-k10 	BT-3   55   18    220    0    669   1126    723    283   1.5128    0.081
P-n55-k10 	BT-3   55   18    220    1    669    944    719    222   1.1824    0.075
P-n55-k10 	BT-3   55    9    110    0    669    714    698     87 1854.9652    0.043
P-n55-k10 	BT-3   55    9    110    1    669    698    698     79 1854.8914    0.043
P-n55-k10 	BT-3   55   30    110    0    669    714    698     88 1269.8439    0.043
P-n55-k10 	BT-3   55   30    110    1    669    698    698     77 1269.7736    0.043
P-n55-k10 	BT-3   55   18    220    0    669   1126    722    401   2.1543    0.079
P-n55-k10 	BT-3   55   18    220    1    669    944    709    276   1.4877    0.060
P-n55-k10 	BT-3   55    9    110    0    669    714    700    122 -481.6791    0.046
P-n55-k10 	BT-3   55    9    110    1    669    698    698     72 -481.9592    0.043
P-n55-k10 	BT-3   55   30    110    0    669    714    698     85 -1445.5088    0.043
P-n55-k10 	BT-3   55   30    110    1    669    698    698     74 -1445.5823    0.043
P-n55-k10 	BT-3   55   18    220    0    669   1126    715    246   1.2666    0.069
P-n55-k10 	BT-3   55   18    220    1    669    944    703    304   1.7495    0.051
P-n55-k10 	BT-3   55    9    110    0    669    714    704     72 -38.6837    0.052
P-n55-k10 	BT-3   55    9    110    1    669    698    698     77 -38.6835    0.043
P-n55-k10 	BT-3   55   30    110    0    669    714    698     81 -116.0211    0.043
P-n55-k10 	BT-3   55   30    110    1    669    698    698     75 -116.0546    0.043
P-n55-k10 	BT-3   55   18    220    0    669   1126    724    340   1.7986    0.082
P-n55-k10 	BT-3   55   18    220    1    669    944    717    233   1.2202    0.072
P-n55-k10 	BT-3   55    9    110    0    669    714    698     85 -345.0295    0.043
P-n55-k10 	BT-3   55    9    110    1    669    698    698     74 -345.1227    0.043
P-n55-k10 	BT-3   55   30    110    0    669    714    704     73 -1035.2694    0.052
P-n55-k10 	BT-3   55   30    110    1    669    698    698     77 -1035.2524    0.043
P-n55-k10 	BT-3   55   18    220    0    669   1126    718    340   1.8447    0.073
P-n55-k10 	BT-3   55   18    220    1    669    944    707    487   2.7359    0.057
P-n55-k10 	BT-3   55    9    110    0    669    714    698     95 1193.8751    0.043
P-n55-k10 	BT-3   55    9    110    1    669    698    698     75 1193.7648    0.043
P-n55-k10 	BT-3   55   30    110    0    669    714    698     85 -713.5042    0.043
P-n55-k10 	BT-3   55   30    110    1    669    698    698     76 -713.5501    0.043
P-n55-k10 	BT-3   55   18    220    0    669   1126    713    270   1.4202    0.066
P-n55-k10 	BT-3   55   18    220    1    669    944    729    227   1.2020    0.090
P-n55-k10 	BT-3   55    9    110    0    669    714    698     80 -2137.9395    0.043
P-n55-k10 	BT-3   55    9    110    1    669    698    698     79 -2137.9880    0.043
P-n55-k10 	BT-3   55   30    110    0    669    714    698     89 -2118.8726    0.043
P-n55-k10 	BT-3   55   30    110    1    669    698    698     76 -2118.9502    0.043
P-n55-k10 	BT-3   55   18    220    0    669   1126    711    436   2.3218    0.063
P-n55-k10 	BT-3   55   18    220    1    669    944    713    237   1.2331    0.066
P-n55-k10 	BT-3   55    9    110    0    669    714    698     80 -2058.2209    0.043
P-n55-k10 	BT-3   55    9    110    1    669    698    698     75 -2058.2585    0.043
P-n55-k10 	BT-3   55   30    110    0    669    714    698     85 -1879.7220    0.043
P-n55-k10 	BT-3   55   30    110    1    669    698    698     72 -1879.7998    0.043
P-n55-k10 	BT-3   55   18    220    0    669   1126    746    207   1.0840    0.115
P-n55-k10 	BT-3   55   18    220    1    669    944    715    234   1.2600    0.069
P-n55-k10 	BT-3   55    9    110    0    669    714    698     92 -1341.8750    0.043
P-n55-k10 	BT-3   55    9    110    1    669    698    698     77 -1341.9692    0.043
P-n55-k10 	BT-3   55   30    110    0    669    714    698     87 269.2171    0.043
P-n55-k10 	BT-3   55   30    110    1    669    698    698     73 269.1255    0.043
P-n55-k10 	BT-3   55   18    220    0    669   1126    729    331   1.7718    0.090
P-n55-k10 	BT-3   55   18    220    1    669    944    712    206   1.1022    0.064
P-n55-k10 	BT-3   55    9    110    0    669    714    704     77 810.3794    0.052
P-n55-k10 	BT-3   55    9    110    1    669    698    698     78 810.3696    0.043
P-n55-k10 	BT-3   55   30    110    0    669    714    698     81 -1863.8116    0.043
P-n55-k10 	BT-3   55   30    110    1    669    698    698     78 -1863.8357    0.043
P-n55-k10 	BT-3   55   18    220    0    669   1126    716    327   1.7079    0.070
P-n55-k10 	BT-3   55   18    220    1    669    944    712    335   1.8574    0.064
P-n55-k10 	BT-3   55    9    110    0    669    714    698     86 -1292.8938    0.043
P-n55-k10 	BT-3   55    9    110    1    669    698    698     73 -1292.9884    0.043
P-n55-k10 	BT-3   55   30    110    0    669    714    702     88 416.1747    0.049
P-n55-k10 	BT-3   55   30    110    1    669    698    698     73 416.0975    0.043
P-n55-k10 	BT-3   55   18    220    0    669   1126    737    203   1.0987    0.102
P-n55-k10 	BT-3   55   18    220    1    669    944    715    420   2.3440    0.069
P-n55-k10 	BT-3   55    9    110    0    669    714    700    126 1252.1337    0.046
P-n55-k10 	BT-3   55    9    110    1    669    698    698     74 1251.8585    0.043
P-n55-k10 	BT-3   55   30    110    0    669    714    698     92 -539.0450    0.043
P-n55-k10 	BT-3   55   30    110    1    669    698    698     71 -539.1763    0.043
P-n55-k10 	BT-3   55   18    220    0    669   1126    725    307   1.6334    0.084
P-n55-k10 	BT-3   55   18    220    1    669    944    714    230   1.2214    0.067
P-n55-k10 	BT-3   55    9    110    0    669    714    704     76 -1614.4863    0.052
P-n55-k10 	BT-3   55    9    110    1    669    698    698     73 -1614.5255    0.043
P-n55-k10 	BT-3   55   30    110    0    669    714    698     87 -548.4934    0.043
P-n55-k10 	BT-3   55   30    110    1    669    698    698     77 -548.5327    0.043
P-n55-k10 	BT-3   55   18    220    0    669   1126    712    376   1.9902    0.064
P-n55-k10 	BT-3   55   18    220    1    669    944    710    272   1.4171    0.061
P-n55-k10 	BT-3   55    9    110    0    669    714    698     83 -1642.1101    0.043
P-n55-k10 	BT-3   55    9    110    1    669    698    698     78 -1642.1667    0.043
P-n55-k10 	BT-3   55   30    110    0    669    714    698     95 -631.3724    0.043
P-n55-k10 	BT-3   55   30    110    1    669    698    698     78 -631.4782    0.043
P-n55-k10 	BT-3   55   18    220    0    669   1126    719    317   1.7031    0.075
P-n55-k10 	BT-3   55   18    220    1    669    944    712    355   1.9980    0.064
P-n55-k10 	BT-3   55    9    110    0    669    714    698     84 -1890.5692    0.043
P-n55-k10 	BT-3   55    9    110    1    669    698    698     79 -1890.6190    0.043
P-n55-k10 	BT-3   55   30    110    0    669    714    698     84 -1376.7932    0.043
P-n55-k10 	BT-3   55   30    110    1    669    698    698     72 -1376.8790    0.043
P-n55-k10 	BT-3   55   18    220    0    669   1126    722    317   1.6890    0.079
P-n55-k10 	BT-3   55   18    220    1    669    944    714    330   1.7698    0.067
P-n55-k10 	BT-3   55    9    110    0    669    714    698     76 167.9124    0.043
P-n55-k10 	BT-3   55    9    110    1    669    698    698     77 167.8927    0.043
P-n55-k10 	BT-3   55   30    110    0    669    714    698     84 503.7617    0.043
P-n55-k10 	BT-3   55   30    110    1    669    698    698     73 503.6865    0.043
P-n55-k10 	BT-3   55   18    220    0    669   1126    726    298   1.5668    0.085
P-n55-k10 	BT-3   55   18    220    1    669    944    711    333   1.8451    0.063
P-n55-k10 	BT-3   55    9    110    0    669    714    698     92 1514.6721    0.043
P-n55-k10 	BT-3   55    9    110    1    669    698    698     75 1514.5498    0.043
P-n55-k10 	BT-3   55   30    110    0    669    714    698     79 248.8373    0.043
P-n55-k10 	BT-3   55   30    110    1    669    698    698     78 248.8347    0.043
P-n55-k10 	BT-3   55   18    220    0    669   1126    714    348   1.8819    0.067
P-n55-k10 	BT-3   55   18    220    1    669    944    705    349   1.8535    0.054
P-n55-k10 	BT-3   55    9    110    0    669    714    704     77 750.2440    0.052
P-n55-k10 	BT-3   55    9    110    1    669    698    698     74 750.2339    0.043
P-n55-k10 	BT-3   55   30    110    0    669    714    704     79 -2044.2201    0.052
P-n55-k10 	BT-3   55   30    110    1    669    698    698     79 -2044.2324    0.043
P-n55-k10 	BT-3   55   18    220    0    669   1126    718    288   1.5049    0.073
P-n55-k10 	BT-3   55   18    220    1    669    944    704    323   1.7512    0.052
P-n55-k10 	BT-3   55    9    110    0    669    714    698     80 -1834.4412    0.043
P-n55-k10 	BT-3   55    9    110    1    669    698    698     76 -1834.4847    0.043
P-n55-k10 	BT-3   55   30    110    0    669    714    698     84 -1208.4093    0.043
P-n55-k10 	BT-3   55   30    110    1    669    698    698     82 -1208.4042    0.043
P-n55-k10 	BT-3   55   18    220    0    669   1126    720    311   1.6482    0.076
P-n55-k10 	BT-3   55   18    220    1    669    944    712    220   1.1420    0.064
P-n55-k10 	BT-3   55    9    110    0    669    714    698     83 672.5491    0.043
P-n55-k10 	BT-3   55    9    110    1    669    698    698     76 672.4868    0.043
P-n55-k10 	BT-3   55   30    110    0    669    714    698     86 2017.6021    0.043
P-n55-k10 	BT-3   55   30    110    1    669    698    698     79 2017.5581    0.043
P-n55-k10 	BT-3   55   18    220    0    669   1126    715    494   2.6948    0.069
P-n55-k10 	BT-3   55   18    220    1    669    944    719    382   2.0465    0.075
P-n55-k10 	BT-3   55    9    110    0    669    714    701     86 1762.5083    0.048
P-n55-k10 	BT-3   55    9    110    1    669    698    698     78 1762.4757    0.043
P-n55-k10 	BT-3   55   30    110    0    669    714    698     91 992.5653    0.043
P-n55-k10 	BT-3   55   30    110    1    669    698    698     72 992.4724    0.043
P-n55-k10 	BT-3   55   18    220    0    669   1126    724    354   1.8915    0.082
P-n55-k10 	BT-3   55   18    220    1    669    944    710    276   1.4668    0.061
P-n55-k10 	BT-3   55    9    110    0    669    714    698     84 -1314.0261    0.043
P-n55-k10 	BT-3   55    9    110    1    669    698    698     71 -1314.1218    0.043
P-n55-k10 	BT-3   55   30    110    0    669    714    700     92 352.8149    0.046
P-n55-k10 	BT-3   55   30    110    1    669    698    698     77 352.7297    0.043
P-n55-k10 	BT-3   55   18    220    0    669   1126    746    200   1.0537    0.115
P-n55-k10 	BT-3   55   18    220    1    669    944    717    216   1.0826    0.072
P-n55-k10 	BT-3   55    9    110    0    669    714    704     77 1060.4376    0.052
P-n55-k10 	BT-3   55    9    110    1    669    698    698     81 1060.4320    0.043
P-n55-k10 	BT-3   55   30    110    0    669    714    698     82 -1113.6556    0.043
P-n55-k10 	BT-3   55   30    110    1    669    698    698     73 -1113.6974    0.043
P-n55-k10 	BT-3   55   18    220    0    669   1126    746    198   1.0126    0.115
P-n55-k10 	BT-3   55   18    220    1    669    944    714    385   2.0768    0.067
P-n55-k10 	BT-3   55    9    110    0    669    714    704     78 957.0390    0.052
P-n55-k10 	BT-3   55    9    110    1    669    698    698     74 957.0147    0.043
P-n55-k10 	BT-3   55   30    110    0    669    714    698     87 -1423.8293    0.043
P-n55-k10 	BT-3   55   30    110    1    669    698    698     78 -1423.8938    0.043
P-n55-k10 	BT-3   55   18    220    0    669   1126    718    323   1.7325    0.073
P-n55-k10 	BT-3   55   18    220    1    669    944    716    387   2.1832    0.070
P-n55-k10 	BT-3   55    9    110    0    669    714    701     87  27.3312    0.048
P-n55-k10 	BT-3   55    9    110    1    669    698    698     75  27.2553    0.043
P-n55-k10 	BT-3   55   30    110    0    669    714    704     79  81.8783    0.052
P-n55-k10 	BT-3   55   30    110    1    669    698    698     79  81.8585    0.043
P-n55-k10 	BT-3   55   18    220    0    669   1126    711    429   2.3218    0.063
P-n55-k10 	BT-3   55   18    220    1    669    944    707    381   2.0857    0.057
P-n55-k10 	BT-3   55    9    110    0    669    714    698     80 250.0244    0.043
P-n55-k10 	BT-3   55    9    110    1    669    698    698     76 249.9935    0.043
P-n55-k10 	BT-3   55   30    110    0    669    714    698     91 750.1096    0.043
P-n55-k10 	BT-3   55   30    110    1    669    698    698     81 750.0389    0.043
P-n55-k10 	BT-3   55   18    220    0    669   1126    713    311   1.6855    0.066
P-n55-k10 	BT-3   55   18    220    1    669    944    708    377   2.0996    0.058
P-n55-k10 	BT-3   55    9    110    0    669    714    698     85 -2040.9385    0.043
P-n55-k10 	BT-3   55    9    110    1    669    698    698     80 -2041.0114    0.043
P-n55-k10 	BT-3   55   30    110    0    669    714    698     81 -1827.9730    0.043
P-n55-k10 	BT-3   55   30    110    1    669    698    698     77 -1828.0028    0.043
P-n55-k10 	BT-3   55   18    220    0    669   1126    727    304   1.6156    0.087
P-n55-k10 	BT-3   55   18    220    1    669    944    717    232   1.2287    0.072
P-n55-k10 	BT-3   55    9    110    0    669    714    698     82 -1186.1205    0.043
P-n55-k10 	BT-3   55    9    110    1    669    698    698     75 -1186.1831    0.043
P-n55-k10 	BT-3   55   30    110    0    669    714    698     95 736.5959    0.043
P-n55-k10 	BT-3   55   30    110    1    669    698    698     80 736.5189    0.043
P-n55-k10 	BT-3   55   18    220    0    669   1126    715    287   1.5293    0.069
P-n55-k10 	BT-3   55   18    220    1    669    944    716    399   2.2737    0.070
P-n55-k10 	BT-3   55    9    110    0    669    714    702     87 -2081.4685    0.049
P-n55-k10 	BT-3   55    9    110    1    669    698    698     77 -2081.5596    0.043
P-n55-k10 	BT-3   55   30    110    0    669    714    698     90 -1949.5286    0.043
P-n55-k10 	BT-3   55   30    110    1    669    698    698     81 -1949.5854    0.043
P-n55-k10 	BT-3   55   18    220    0    669   1126    736    325   1.7648    0.100
P-n55-k10 	BT-3   55   18    220    1    669    944    705    272   1.4399    0.054
P-n55-k10 	BT-3   55    9    110    0    669    714    700    191 -1549.9209    0.046
P-n55-k10 	BT-3   55    9    110    1    669    698    698     79 -1550.5305    0.043
P-n55-k10 	BT-3   55   30    110    0    669    714    698     88 -355.9592    0.043
P-n55-k10 	BT-3   55   30    110    1    669    698    698     76 -356.0485    0.043
P-n55-k10 	BT-3   55   18    220    0    669   1126    728    578   3.2063    0.088
P-n55-k10 	BT-3   55   18    220    1    669    944    720    237   1.2829    0.076
P-n55-k10 	BT-3   55    9    110    0    669    714    704     74 -1063.5563    0.052
P-n55-k10 	BT-3   55    9    110    1    669    698    698     75 -1063.5737    0.043
P-n55-k10 	BT-3   55   30    110    0    669    714    698     80 1104.3073    0.043
P-n55-k10 	BT-3   55   30    110    1    669    698    698     78 1104.2819    0.043
P-n55-k10 	BT-3   55   18    220    0    669   1126    716    237   1.2497    0.070
P-n55-k10 	BT-3   55   18    220    1    669    944    713    234   1.2445    0.066
P-n55-k10 	BT-3   55    9    110    0    669    714    698     84 -979.5452    0.043
P-n55-k10 	BT-3   55    9    110    1    669    698    698     75 -979.6118    0.043
P-n55-k10 	BT-3   55   30    110    0    669    714    698     88 1356.2698    0.043
P-n55-k10 	BT-3   55   30    110    1    669    698    698     76 1356.2168    0.043
P-n55-k10 	BT-3   55   18    220    0    669   1126    715    246   1.2843    0.069
P-n55-k10 	BT-3   55   18    220    1    669    944    713    276   1.5001    0.066
P-n55-k10 	BT-3   55    9    110    0    669    714    704     80 -223.4656    0.052
P-n55-k10 	BT-3   55    9    110    1    669    698    698     77 -223.4988    0.043
P-n55-k10 	BT-3   55   30    110    0    669    714    700     86 -670.4082    0.046
P-n55-k10 	BT-3   55   30    110    1    669    698    698     74 -670.4816    0.043
P-n55-k10 	BT-3   55   18    220    0    669   1126    712    252   1.3456    0.064
P-n55-k10 	BT-3   55   18    220    1    669    944    710    331   1.7553    0.061
P-n55-k10 	BT-3   55    9    110    0    669    714    698     91 -2008.1697    0.043
P-n55-k10 	BT-3   55    9    110    1    669    698    698     76 -2008.2540    0.043
P-n55-k10 	BT-3   55   30    110    0    669    714    698     80 -1729.6720    0.043
P-n55-k10 	BT-3   55   30    110    1    669    698    698     75 -1729.7039    0.043
P-n55-k10 	BT-3   55   18    220    0    669   1126    718    294   1.5281    0.073
P-n55-k10 	BT-3   55   18    220    1    669    944    723    485   2.6073    0.081
P-n55-k10 	BT-3   55    9    110    0    669    714    698     87 -889.8905    0.043
P-n55-k10 	BT-3   55    9    110    1    669    698    698     74 -889.9890    0.043
P-n55-k10 	BT-3   55   30    110    0    669    714    698     84 1625.1566    0.043
P-n55-k10 	BT-3   55   30    110    1    669    698    698     76 1625.1237    0.043
P-n55-k10 	BT-3   55   18    220    0    669   1126    723    331   1.7659    0.081
P-n55-k10 	BT-3   55   18    220    1    669    944    711    261   1.4090    0.063
P-n55-k10 	BT-3   55    9    110    0    669    714    698     93 583.7178    0.043
P-n55-k10 	BT-3   55    9    110    1    669    698    698     78 583.6072    0.043
P-n55-k10 	BT-3   55   30    110    0    669    714    704     77 1750.9325    0.052
P-n55-k10 	BT-3   55   30    110    1    669    698    698     78 1750.9470    0.043
P-n55-k10 	BT-3   55   18    220    0    669   1126    732    222   1.1954    0.094
P-n55-k10 	BT-3   55   18    220    1    669    944    713    258   1.3981    0.066
P-n55-k10 	BT-3   55    9    110    0    669    714    698     88 960.4982    0.043
P-n55-k10 	BT-3   55    9    110    1    669    698    698     76 960.4190    0.043
P-n55-k10 	BT-3   55   30    110    0    669    714    698     85 -1413.5676    0.043
P-n55-k10 	BT-3   55   30    110    1    669    698    698     77 -1413.6171    0.043
P-n55-k10 	BT-3   55   18    220    0    669   1126    718    234   1.2368    0.073
P-n55-k10 	BT-3   55   18    220    1    669    944    708    432   2.4154    0.058
P-n55-k10 	BT-3   55    9    110    0    669    714    698     94  57.9255    0.043
P-n55-k10 	BT-3   55    9    110    1    669    698    698     75  57.8241    0.043
P-n55-k10 	BT-3   55   30    110    0    669    714    698     87 173.6453    0.043
P-n55-k10 	BT-3   55   30    110    1    669    698    698     76 173.5541    0.043
P-n55-k10 	BT-3   55   18    220    0    669   1126    718    401   2.2422    0.073
P-n55-k10 	BT-3   55   18    220    1    669    944    717    231   1.2401    0.072
P-n55-k10 	BT-3   55    9    110    0    669    714    700     96 524.3508    0.046
P-n55-k10 	BT-3   55    9    110    1    669    698    698     84 524.2929    0.043
P-n55-k10 	BT-3   55   30    110    0    669    714    698     81 1572.9277    0.043
P-n55-k10 	BT-3   55   30    110    1    669    698    698     80 1572.9120    0.043
P-n55-k10 	BT-3   55   18    220    0    669   1126    715    387   2.0818    0.069
P-n55-k10 	BT-3   55   18    220    1    669    944    711    459   2.4643    0.063
P-n55-k10 	BT-3   55    9    110    0    669    714    704     80 428.3361    0.052
P-n55-k10 	BT-3   55    9    110    1    669    698    698     79 428.3284    0.043
P-n55-k10 	BT-3   55   30    110    0    669    714    704     78 1284.9911    0.052
P-n55-k10 	BT-3   55   30    110    1    669    698    698     70 1284.9451    0.043
P-n55-k10 	BT-3   55   18    220    0    669   1126    728    405   2.1578    0.088
P-n55-k10 	BT-3   55   18    220    1    669    944    708    283   1.5353    0.058
P-n55-k10 	BT-3   55    9    110    0    669    714    698     83 -436.3297    0.043
P-n55-k10 	BT-3   55    9    110    1    669    698    698     76 -436.3623    0.043
P-n55-k10 	BT-3   55   30    110    0    669    714    704     81 -1309.0211    0.052
P-n55-k10 	BT-3   55   30    110    1    669    698    698     74 -1309.0758    0.043
P-n55-k10 	BT-3   55   18    220    0    669   1126    712    253   1.3087    0.064
P-n55-k10 	BT-3   55   18    220    1    669    944    719    226   1.2110    0.075
P-n55-k10 	BT-3   55    9    110    0    669    714    698     87 370.4125    0.043
P-n55-k10 	BT-3   55    9    110    1    669    698    698     78 370.3333    0.043
P-n55-k10 	BT-3   55   30    110    0    669    714    704     75 1111.0764    0.052
P-n55-k10 	BT-3   55   30    110    1    669    698    698     79 1111.0944    0.043
P-n55-k10 	BT-3   55   18    220    0    669   1126    716    499   2.6673    0.070
P-n55-k10 	BT-3   55   18    220    1    669    944    716    270   1.4206    0.070
P-n55-k10 	BT-3   55    9    110    0    669    714    698     87 -957.5448    0.043
P-n55-k10 	BT-3   55    9    110    1    669    698    698     74 -957.6371    0.043
P-n55-k10 	BT-3   55   30    110    0    669    714    698     87 1422.2322    0.043
P-n55-k10 	BT-3   55   30    110    1    669    698    698     76 1422.1646    0.043
P-n55-k10 	BT-3   55   18    220    0    669   1126    722    220   1.1247    0.079
P-n55-k10 	BT-3   55   18    220    1    669    944    708    309   1.7047    0.058
P-n55-k10 	BT-3   55    9    110    0    669    714    698     89 -25.4912    0.043
P-n55-k10 	BT-3   55    9    110    1    669    698    698     79 -25.5643    0.043
P-n55-k10 	BT-3   55   30    110    0    669    714    704     74 -76.6397    0.052
P-n55-k10 	BT-3   55   30    110    1    669    698    698     71 -76.6697    0.043
P-n55-k10 	BT-3   55   18    220    0    669   1126    734    199   1.0375    0.097
P-n55-k10 	BT-3   55   18    220    1    669    944    712    220   1.1562    0.064
P-n55-k10 	BT-3   55    9    110    0    669    714    698     89 -227.6526    0.043
P-n55-k10 	BT-3   55    9    110    1    669    698    698     77 -227.7323    0.043
P-n55-k10 	BT-3   55   30    110    0    669    714    698     81 -683.1055    0.043
P-n55-k10 	BT-3   55   30    110    1    669    698    698     77 -683.1511    0.043
P-n55-k10 	BT-3   55   18    220    0    669   1126    729    293   1.5594    0.090
P-n55-k10 	BT-3   55   18    220    1    669    944    705    352   1.8755    0.054
P-n55-k10 	BT-3   55    9    110    0    669    714    704     70 -2045.9824    0.052
P-n55-k10 	BT-3   55    9    110    1    669    698    698     81 -2045.9318    0.043
P-n55-k10 	BT-3   55   30    110    0    669    714    704     79 -1842.8926    0.052
P-n55-k10 	BT-3   55   30    110    1    669    698    698     82 -1842.8745    0.043
P-n55-k10 	BT-3   55   18    220    0    669   1126    704    552   3.0688    0.052
P-n55-k10 	BT-3   55   18    220    1    669    944    715    339   1.8318    0.069
P-n55-k10 	BT-3   55    9    110    0    669    714    698     89 -1228.7224    0.043
P-n55-k10 	BT-3   55    9    110    1    669    698    698     78 -1228.8010    0.043
P-n55-k10 	BT-3   55   30    110    0    669    714    698     81 608.6633    0.043
P-n55-k10 	BT-3   55   30    110    1    669    698    698     74 608.6294    0.043
P-n55-k10 	BT-3   55   18    220    0    669   1126    714    302   1.6228    0.067
P-n55-k10 	BT-3   55   18    220    1    669    944    724    231   1.2094    0.082
P-n55-k10 	BT-3   55    9    110    0    669    714    698     93 1828.8816    0.043
P-n55-k10 	BT-3   55    9    110    1    669    698    698     75 1828.7473    0.043
P-n55-k10 	BT-3   55   30    110    0    669    714    704     81 1191.4502    0.052
P-n55-k10 	BT-3   55   30    110    1    669    698    698     75 1191.4069    0.043
P-n55-k10 	BT-3   55   18    220    0    669   1126    716    234   1.2152    0.070
P-n55-k10 	BT-3   55   18    220    1    669    944    720    225   1.2121    0.076
P-n55-k10 	BT-3   55    9    110    0    669    714    704     74 -718.2693    0.052
P-n55-k10 	BT-3   55    9    110    1    669    698    698     76 -718.2593    0.043
P-n55-k10 	BT-3   55   30    110    0    669    714    698     84 2140.2153    0.043
P-n55-k10 	BT-3   55   30    110    1    669    698    698     80 2140.2107    0.043
P-n55-k10 	BT-3   55   18    220    0    669   1126    721    405   2.1684    0.078
P-n55-k10 	BT-3   55   18    220    1    669    944    718    258   1.3893    0.073
P-n55-k10 	BT-3   55    9    110    0    669    714    704     77 2129.2209    0.052
P-n55-k10 	BT-3   55    9    110    1    669    698    698     78 2129.2104    0.043
P-n55-k10 	BT-3   55   30    110    0    669    714    698     88 2092.7300    0.043
P-n55-k10 	BT-3   55   30    110    1    669    698    698     76 2092.6482    0.043
P-n55-k10 	BT-3   55   18    220    0    669   1126    726    201   1.0103    0.085
P-n55-k10 	BT-3   55   18    220    1    669    944    723    216   1.1390    0.081
P-n55-k10 	BT-3   55    9    110    0    669    714    698     79 1985.2369    0.043
P-n55-k10 	BT-3   55    9    110    1    669    698    698     76 1985.2095    0.043
P-n55-k10 	BT-3   55   30    110    0    669    714    698     84 1660.7504    0.043
P-n55-k10 	BT-3   55   30    110    1    669    698    698     76 1660.6896    0.043
P-n55-k10 	BT-3   55   18    220    0    669   1126    715    314   1.6512    0.069
P-n55-k10 	BT-3   55   18    220    1    669    944    710    330   1.7783    0.061
P-n55-k10 	BT-3   55    9    110    0    669    714    704     79 690.6259    0.052
P-n55-k10 	BT-3   55    9    110    1    669    698    698     78 690.6132    0.043
P-n55-k10 	BT-3   55   30    110    0    669    714    704     82 2071.8684    0.052
P-n55-k10 	BT-3   55   30    110    1    669    698    698     75 2071.8350    0.043
P-n55-k10 	BT-3   55   18    220    0    669   1126    721    344   1.8302    0.078
P-n55-k10 	BT-3   55   18    220    1    669    944    709    218   1.1627    0.060
P-n55-k10 	BT-3   55    9    110    0    669    714    704     79 1923.6116    0.052
P-n55-k10 	BT-3   55    9    110    1    669    698    698     76 1923.5558    0.043
P-n55-k10 	BT-3   55   30    110    0    669    714    704     76 1475.7635    0.052
P-n55-k10 	BT-3   55   30    110    1    669    698    698     79 1475.7844    0.043
P-n55-k10 	BT-3   55   18    220    0    669   1126    729    211   1.0915    0.090
P-n55-k10 	BT-3   55   18    220    1    669    944    723    271   1.4493    0.081
P-n55-k10 	BT-3   55    9    110    0    669    714    698     82 134.9331    0.043
P-n55-k10 	BT-3   55    9    110    1    669    698    698     79 134.8967    0.043
P-n55-k10 	BT-3   55   30    110    0    669    714    704     75 404.7330    0.052
P-n55-k10 	BT-3   55   30    110    1    669    698    698     83 404.7665    0.043
