P-n16-k8 	BT-1   16    5     64    0    435    478    450     66   0.0131    0.034
P-n16-k8 	BT-1   16    5     64    1    435    478    450     66   0.0122    0.034
P-n16-k8 	BT-1   16    2     32    0    435    458    450     33   0.0313    0.034
P-n16-k8 	BT-1   16    2     32    1    435    450    450     32   0.0310    0.034
P-n16-k8 	BT-1   16    2     32    0    435    458    450     33   0.0935    0.034
P-n16-k8 	BT-1   16    2     32    1    435    450    450     32   0.0932    0.034
P-n16-k8 	BT-2   16    5     64    0    435    478    450     66   0.0119    0.034
P-n16-k8 	BT-2   16    5     64    1    435    478    450     67   0.0121    0.034
P-n16-k8 	BT-2   16    2     32    0    435    458    453     33   0.0301    0.041
P-n16-k8 	BT-2   16    2     32    1    435    450    450     32   0.0297    0.034
P-n16-k8 	BT-2   16    2     32    0    435    458    453     33   0.0900    0.041
P-n16-k8 	BT-2   16    2     32    1    435    450    450     32   0.0895    0.034
P-n16-k8 	BT-3   16    5     64    0    435    478    450     56   0.0100    0.034
P-n16-k8 	BT-3   16    5     64    1    435    478    450     51   0.0091    0.034
P-n16-k8 	BT-3   16    2     32    0    435    450    450     25   0.0237    0.034
P-n16-k8 	BT-3   16    2     32    1    435    450    450     23   0.0232    0.034
P-n16-k8 	BT-3   16    2     32    0    435    450    450     23   0.0701    0.034
P-n16-k8 	BT-3   16    2     32    1    435    450    450     22   0.0699    0.034
P-n16-k8 	BT-3   16    5     64    0    435    478    450     60   0.0106    0.034
P-n16-k8 	BT-3   16    5     64    1    435    478    450     53   0.0093    0.034
P-n16-k8 	BT-3   16    2     32    0    435    450    450     21   0.2297    0.034
P-n16-k8 	BT-3   16    2     32    1    435    450    450     21   0.2296    0.034
P-n16-k8 	BT-3   16    2     32    0    435    450    450     23   0.6893    0.034
P-n16-k8 	BT-3   16    2     32    1    435    450    450     20   0.6887    0.034
P-n16-k8 	BT-3   16    5     64    0    435    478    450     53   0.0095    0.034
P-n16-k8 	BT-3   16    5     64    1    435    478    450     55   0.0098    0.034
P-n16-k8 	BT-3   16    2     32    0    435    450    450     23   2.0866    0.034
P-n16-k8 	BT-3   16    2     32    1    435    450    450     24   2.0867    0.034
P-n16-k8 	BT-3   16    2     32    0    435    450    450     24   6.2601    0.034
P-n16-k8 	BT-3   16    2     32    1    435    450    450     22   6.2597    0.034
P-n16-k8 	BT-3   16    5     64    0    435    478    450     57   0.0102    0.034
P-n16-k8 	BT-3   16    5     64    1    435    478    450     55   0.0099    0.034
P-n16-k8 	BT-3   16    2     32    0    435    450    450     19  18.7992    0.034
P-n16-k8 	BT-3   16    2     32    1    435    450    450     21  18.7995    0.034
P-n16-k8 	BT-3   16    2     32    0    435    450    450     22  56.3983    0.034
P-n16-k8 	BT-3   16    2     32    1    435    450    450     21  56.3981    0.034
P-n16-k8 	BT-3   16    5     64    0    435    478    450     55   0.0098    0.034
P-n16-k8 	BT-3   16    5     64    1    435    478    450     57   0.0101    0.034
P-n16-k8 	BT-3   16    2     32    0    435    450    450     26 169.2154    0.034
P-n16-k8 	BT-3   16    2     32    1    435    450    450     22 169.2146    0.034
P-n16-k8 	BT-3   16    2     32    0    435    450    450     22 507.6447    0.034
P-n16-k8 	BT-3   16    2     32    1    435    450    450     22 507.6446    0.034
P-n16-k8 	BT-3   16    5     64    0    435    478    450     54   0.0096    0.034
P-n16-k8 	BT-3   16    5     64    1    435    478    450     57   0.0101    0.034
P-n16-k8 	BT-3   16    2     32    0    435    450    450     25 1522.9542    0.034
P-n16-k8 	BT-3   16    2     32    1    435    450    450     24 1522.9540    0.034
P-n16-k8 	BT-3   16    2     32    0    435    450    450     23 273.8947    0.034
P-n16-k8 	BT-3   16    2     32    1    435    450    450     23 273.8947    0.034
P-n16-k8 	BT-3   16    5     64    0    435    478    450     55   0.0098    0.034
P-n16-k8 	BT-3   16    5     64    1    435    478    450     60   0.0108    0.034
P-n16-k8 	BT-3   16    2     32    0    435    450    450     25 821.7052    0.034
P-n16-k8 	BT-3   16    2     32    1    435    450    450     22 821.7046    0.034
P-n16-k8 	BT-3   16    2     32    0    435    450    450     22 -1829.8530    0.034
P-n16-k8 	BT-3   16    2     32    1    435    450    450     22 -1829.8530    0.034
P-n16-k8 	BT-3   16    5     64    0    435    478    450     57   0.0101    0.034
P-n16-k8 	BT-3   16    5     64    1    435    478    450     56   0.0098    0.034
P-n16-k8 	BT-3   16    2     32    0    435    450    450     25 -1194.5712    0.034
P-n16-k8 	BT-3   16    2     32    1    435    450    450     23 -1194.5717    0.034
P-n16-k8 	BT-3   16    2     32    0    435    450    450     21 711.2524    0.034
P-n16-k8 	BT-3   16    2     32    1    435    450    450     24 711.2529    0.034
P-n16-k8 	BT-3   16    5     64    0    435    478    450     58   0.0104    0.034
P-n16-k8 	BT-3   16    5     64    1    435    478    450     57   0.0103    0.034
P-n16-k8 	BT-3   16    2     32    0    435    450    450     23 2133.7788    0.034
P-n16-k8 	BT-3   16    2     32    1    435    450    450     22 2133.7786    0.034
P-n16-k8 	BT-3   16    2     32    0    435    450    450     22 2106.3687    0.034
P-n16-k8 	BT-3   16    2     32    1    435    450    450     24 2106.3689    0.034
P-n16-k8 	BT-3   16    5     64    0    435    478    450     52   0.0092    0.034
P-n16-k8 	BT-3   16    5     64    1    435    478    450     56   0.0101    0.034
P-n16-k8 	BT-3   16    2     32    0    435    450    450     22 2024.1582    0.034
P-n16-k8 	BT-3   16    2     32    1    435    450    450     22 2024.1581    0.034
P-n16-k8 	BT-3   16    2     32    0    435    450    450     26 1777.5079    0.034
P-n16-k8 	BT-3   16    2     32    1    435    450    450     24 1777.5076    0.034
P-n16-k8 	BT-3   16    5     64    0    435    478    450     56   0.0101    0.034
P-n16-k8 	BT-3   16    5     64    1    435    478    450     59   0.0105    0.034
P-n16-k8 	BT-3   16    2     32    0    435    450    450     23 1037.5763    0.034
P-n16-k8 	BT-3   16    2     32    1    435    450    450     22 1037.5760    0.034
P-n16-k8 	BT-3   16    2     32    0    435    450    450     20 -1182.2393    0.034
P-n16-k8 	BT-3   16    2     32    1    435    450    450     23 -1182.2388    0.034
P-n16-k8 	BT-3   16    5     64    0    435    478    450     56   0.0099    0.034
P-n16-k8 	BT-3   16    5     64    1    435    478    450     58   0.0104    0.034
P-n16-k8 	BT-3   16    2     32    0    435    450    450     23 748.2708    0.034
P-n16-k8 	BT-3   16    2     32    1    435    450    450     21 748.2704    0.034
P-n16-k8 	BT-3   16    2     32    0    435    450    450     21 -2050.1555    0.034
P-n16-k8 	BT-3   16    2     32    1    435    450    450     22 -2050.1555    0.034
P-n16-k8 	BT-3   16    5     64    0    435    478    450     58   0.0103    0.034
P-n16-k8 	BT-3   16    5     64    1    435    478    450     58   0.0103    0.034
P-n16-k8 	BT-3   16    2     32    0    435    450    450     25 -1855.4780    0.034
P-n16-k8 	BT-3   16    2     32    1    435    450    450     28 -1855.4775    0.034
P-n16-k8 	BT-3   16    2     32    0    435    450    450     23 -1271.4666    0.034
P-n16-k8 	BT-3   16    2     32    1    435    450    450     23 -1271.4667    0.034
P-n16-k8 	BT-3   16    5     64    0    435    478    450     54   0.0097    0.034
P-n16-k8 	BT-3   16    5     64    1    435    478    450     58   0.0104    0.034
P-n16-k8 	BT-3   16    2     32    0    435    450    450     23 480.5874    0.034
P-n16-k8 	BT-3   16    2     32    1    435    450    450     21 480.5870    0.034
P-n16-k8 	BT-3   16    2     32    0    435    450    450     20 1441.7612    0.034
P-n16-k8 	BT-3   16    2     32    1    435    450    450     19 1441.7610    0.034
P-n16-k8 	BT-3   16    5     64    0    435    478    450     54   0.0096    0.034
P-n16-k8 	BT-3   16    5     64    1    435    478    450     57   0.0102    0.034
P-n16-k8 	BT-3   16    2     32    0    435    450    450     25  30.3370    0.034
P-n16-k8 	BT-3   16    2     32    1    435    450    450     22  30.3364    0.034
P-n16-k8 	BT-3   16    2     32    0    435    450    450     23  91.0100    0.034
P-n16-k8 	BT-3   16    2     32    1    435    450    450     21  91.0095    0.034
P-n16-k8 	BT-3   16    5     64    0    435    478    450     57   0.0101    0.034
P-n16-k8 	BT-3   16    5     64    1    435    478    450     53   0.0094    0.034
P-n16-k8 	BT-3   16    2     32    0    435    450    450     23 273.0491    0.034
P-n16-k8 	BT-3   16    2     32    1    435    450    450     22 273.0488    0.034
P-n16-k8 	BT-3   16    2     32    0    435    450    450     24 819.1474    0.034
P-n16-k8 	BT-3   16    2     32    1    435    450    450     23 819.1471    0.034
P-n16-k8 	BT-3   16    5     64    0    435    478    450     54   0.0097    0.034
P-n16-k8 	BT-3   16    5     64    1    435    478    450     52   0.0093    0.034
P-n16-k8 	BT-3   16    2     32    0    435    450    450     23 -1837.5068    0.034
P-n16-k8 	BT-3   16    2     32    1    435    450    450     23 -1837.5068    0.034
P-n16-k8 	BT-3   16    2     32    0    435    450    450     21 -1217.5536    0.034
P-n16-k8 	BT-3   16    2     32    1    435    450    450     22 -1217.5535    0.034
P-n16-k8 	BT-3   16    5     64    0    435    478    450     58   0.0103    0.034
P-n16-k8 	BT-3   16    5     64    1    435    478    450     54   0.0096    0.034
P-n16-k8 	BT-3   16    2     32    0    435    450    450     23 642.3268    0.034
P-n16-k8 	BT-3   16    2     32    1    435    450    450     18 642.3259    0.034
P-n16-k8 	BT-3   16    2     32    0    435    450    450     22 1926.9794    0.034
P-n16-k8 	BT-3   16    2     32    1    435    450    450     25 1926.9799    0.034
P-n16-k8 	BT-3   16    5     64    0    435    478    450     57   0.0103    0.034
P-n16-k8 	BT-3   16    5     64    1    435    478    450     59   0.0106    0.034
P-n16-k8 	BT-3   16    2     32    0    435    450    450     23 1485.9923    0.034
P-n16-k8 	BT-3   16    2     32    1    435    450    450     23 1485.9922    0.034
P-n16-k8 	BT-3   16    2     32    0    435    450    450     21 163.0092    0.034
P-n16-k8 	BT-3   16    2     32    1    435    450    450     27 163.0102    0.034
P-n16-k8 	BT-3   16    5     64    0    435    478    450     55   0.0098    0.034
P-n16-k8 	BT-3   16    5     64    1    435    478    450     55   0.0099    0.034
P-n16-k8 	BT-3   16    2     32    0    435    450    450     24 489.0488    0.034
P-n16-k8 	BT-3   16    2     32    1    435    450    450     25 489.0490    0.034
P-n16-k8 	BT-3   16    2     32    0    435    450    450     23 1467.1464    0.034
P-n16-k8 	BT-3   16    2     32    1    435    450    450     22 1467.1461    0.034
P-n16-k8 	BT-3   16    5     64    0    435    478    450     56   0.0100    0.034
P-n16-k8 	BT-3   16    5     64    1    435    478    450     53   0.0095    0.034
P-n16-k8 	BT-3   16    2     32    0    435    450    450     24 106.4913    0.034
P-n16-k8 	BT-3   16    2     32    1    435    450    450     21 106.4907    0.034
P-n16-k8 	BT-3   16    2     32    0    435    450    450     22 319.4730    0.034
P-n16-k8 	BT-3   16    2     32    1    435    450    450     21 319.4726    0.034
P-n16-k8 	BT-3   16    5     64    0    435    478    450     53   0.0094    0.034
P-n16-k8 	BT-3   16    5     64    1    435    478    450     58   0.0103    0.034
P-n16-k8 	BT-3   16    2     32    0    435    450    450     20 958.4380    0.034
P-n16-k8 	BT-3   16    2     32    1    435    450    450     25 958.4387    0.034
P-n16-k8 	BT-3   16    2     32    0    435    450    450     24 -1419.6521    0.034
P-n16-k8 	BT-3   16    2     32    1    435    450    450     25 -1419.6521    0.034
P-n16-k8 	BT-3   16    5     64    0    435    478    450     57   0.0101    0.034
P-n16-k8 	BT-3   16    5     64    1    435    478    450     56   0.0101    0.034
P-n16-k8 	BT-3   16    2     32    0    435    450    450     24  36.0311    0.034
P-n16-k8 	BT-3   16    2     32    1    435    450    450     21  36.0305    0.034
P-n16-k8 	BT-3   16    2     32    0    435    450    450     21 108.0921    0.034
P-n16-k8 	BT-3   16    2     32    1    435    450    450     21 108.0920    0.034
P-n16-k8 	BT-3   16    5     64    0    435    478    450     58   0.0104    0.034
P-n16-k8 	BT-3   16    5     64    1    435    478    450     54   0.0096    0.034
P-n16-k8 	BT-3   16    2     32    0    435    450    450     20 324.2961    0.034
P-n16-k8 	BT-3   16    2     32    1    435    450    450     22 324.2964    0.034
P-n16-k8 	BT-3   16    2     32    0    435    450    450     22 972.8890    0.034
P-n16-k8 	BT-3   16    2     32    1    435    450    450     22 972.8889    0.034
P-n16-k8 	BT-3   16    5     64    0    435    478    450     58   0.0103    0.034
P-n16-k8 	BT-3   16    5     64    1    435    478    450     52   0.0093    0.034
P-n16-k8 	BT-3   16    2     32    0    435    450    450     23 -1376.2806    0.034
P-n16-k8 	BT-3   16    2     32    1    435    450    450     23 -1376.2808    0.034
P-n16-k8 	BT-3   16    2     32    0    435    450    450     25 166.1257    0.034
P-n16-k8 	BT-3   16    2     32    1    435    450    450     22 166.1252    0.034
P-n16-k8 	BT-3   16    5     64    0    435    478    450     51   0.0091    0.034
P-n16-k8 	BT-3   16    5     64    1    435    478    450     57   0.0102    0.034
P-n16-k8 	BT-3   16    2     32    0    435    450    450     22 498.3953    0.034
P-n16-k8 	BT-3   16    2     32    1    435    450    450     24 498.3956    0.034
P-n16-k8 	BT-3   16    2     32    0    435    450    450     22 1495.1863    0.034
P-n16-k8 	BT-3   16    2     32    1    435    450    450     23 1495.1863    0.034
P-n16-k8 	BT-3   16    5     64    0    435    478    450     58   0.0105    0.034
P-n16-k8 	BT-3   16    5     64    1    435    478    450     56   0.0100    0.034
P-n16-k8 	BT-3   16    2     32    0    435    450    450     23 190.6122    0.034
P-n16-k8 	BT-3   16    2     32    1    435    450    450     22 190.6120    0.034
P-n16-k8 	BT-3   16    2     32    0    435    450    450     23 571.8362    0.034
P-n16-k8 	BT-3   16    2     32    1    435    450    450     23 571.8362    0.034
P-n16-k8 	BT-3   16    5     64    0    435    478    450     52   0.0097    0.034
P-n16-k8 	BT-3   16    5     64    1    435    478    450     57   0.0103    0.034
P-n16-k8 	BT-3   16    2     32    0    435    450    450     21 1715.5284    0.034
P-n16-k8 	BT-3   16    2     32    1    435    450    450     23 1715.5288    0.034
P-n16-k8 	BT-3   16    2     32    0    435    450    450     23 851.6186    0.034
P-n16-k8 	BT-3   16    2     32    1    435    450    450     20 851.6180    0.034
P-n16-k8 	BT-3   16    5     64    0    435    478    450     62   0.0111    0.034
P-n16-k8 	BT-3   16    5     64    1    435    478    450     56   0.0100    0.034
P-n16-k8 	BT-3   16    2     32    0    435    450    450     25 -1740.0907    0.034
P-n16-k8 	BT-3   16    2     32    1    435    450    450     23 -1740.0911    0.034
P-n16-k8 	BT-3   16    2     32    0    435    450    450     25 -925.3051    0.034
P-n16-k8 	BT-3   16    2     32    1    435    450    450     24 -925.3054    0.034
P-n16-k8 	BT-3   16    5     64    0    435    478    450     55   0.0098    0.034
P-n16-k8 	BT-3   16    5     64    1    435    478    450     55   0.0098    0.034
P-n16-k8 	BT-3   16    2     32    0    435    450    450     24 1519.0710    0.034
P-n16-k8 	BT-3   16    2     32    1    435    450    450     20 1519.0702    0.034
P-n16-k8 	BT-3   16    2     32    0    435    450    450     21 262.2445    0.034
P-n16-k8 	BT-3   16    2     32    1    435    450    450     21 262.2444    0.034
P-n16-k8 	BT-3   16    5     64    0    435    478    450     57   0.0102    0.034
P-n16-k8 	BT-3   16    5     64    1    435    478    450     55   0.0099    0.034
P-n16-k8 	BT-3   16    2     32    0    435    450    450     26 786.7544    0.034
P-n16-k8 	BT-3   16    2     32    1    435    450    450     25 786.7541    0.034
P-n16-k8 	BT-3   16    2     32    0    435    450    450     22 -1934.7051    0.034
P-n16-k8 	BT-3   16    2     32    1    435    450    450     25 -1934.7046    0.034
P-n16-k8 	BT-3   16    5     64    0    435    478    450     58   0.0103    0.034
P-n16-k8 	BT-3   16    5     64    1    435    478    450     58   0.0102    0.034
P-n16-k8 	BT-3   16    2     32    0    435    450    450     22 -1509.1270    0.034
P-n16-k8 	BT-3   16    2     32    1    435    450    450     22 -1509.1271    0.034
P-n16-k8 	BT-3   16    2     32    0    435    450    450     24 -232.4134    0.034
P-n16-k8 	BT-3   16    2     32    1    435    450    450     26 -232.4131    0.034
P-n16-k8 	BT-3   16    5     64    0    435    478    450     56   0.0099    0.034
P-n16-k8 	BT-3   16    5     64    1    435    478    450     56   0.0098    0.034
P-n16-k8 	BT-3   16    2     32    0    435    450    450     21 -697.2206    0.034
P-n16-k8 	BT-3   16    2     32    1    435    450    450     21 -697.2207    0.034
P-n16-k8 	BT-3   16    2     32    0    435    450    450     23 -2091.6616    0.034
P-n16-k8 	BT-3   16    2     32    1    435    450    450     23 -2091.6616    0.034
P-n16-k8 	BT-3   16    5     64    0    435    478    450     59   0.0105    0.034
P-n16-k8 	BT-3   16    5     64    1    435    478    450     55   0.0100    0.034
P-n16-k8 	BT-3   16    2     32    0    435    450    450     22 -1979.9972    0.034
P-n16-k8 	BT-3   16    2     32    1    435    450    450     21 -1979.9974    0.034
P-n16-k8 	BT-3   16    2     32    0    435    450    450     19 -1645.0249    0.034
P-n16-k8 	BT-3   16    2     32    1    435    450    450     22 -1645.0244    0.034
P-n16-k8 	BT-3   16    5     64    0    435    478    450     57   0.0102    0.034
P-n16-k8 	BT-3   16    5     64    1    435    478    450     55   0.0099    0.034
P-n16-k8 	BT-3   16    2     32    0    435    450    450     22 -640.0862    0.034
P-n16-k8 	BT-3   16    2     32    1    435    450    450     24 -640.0860    0.034
P-n16-k8 	BT-3   16    2     32    0    435    450    450     23 -1920.2582    0.034
P-n16-k8 	BT-3   16    2     32    1    435    450    450     26 -1920.2578    0.034
P-n16-k8 	BT-3   16    5     64    0    435    478    450     56   0.0100    0.034
P-n16-k8 	BT-3   16    5     64    1    435    478    450     52   0.0092    0.034
P-n16-k8 	BT-3   16    2     32    0    435    450    450     22 -1465.7880    0.034
P-n16-k8 	BT-3   16    2     32    1    435    450    450     24 -1465.7876    0.034
P-n16-k8 	BT-3   16    2     32    0    435    450    450     27 -102.3953    0.034
P-n16-k8 	BT-3   16    2     32    1    435    450    450     23 -102.3961    0.034
P-n16-k8 	BT-3   16    5     64    0    435    478    450     57   0.0101    0.034
P-n16-k8 	BT-3   16    5     64    1    435    478    450     61   0.0109    0.034
P-n16-k8 	BT-3   16    2     32    0    435    450    450     22 -307.1666    0.034
P-n16-k8 	BT-3   16    2     32    1    435    450    450     20 -307.1670    0.034
P-n16-k8 	BT-3   16    2     32    0    435    450    450     23 -921.5000    0.034
P-n16-k8 	BT-3   16    2     32    1    435    450    450     21 -921.5005    0.034
P-n16-k8 	BT-3   16    5     64    0    435    478    450     53   0.0094    0.034
P-n16-k8 	BT-3   16    5     64    1    435    478    450     56   0.0098    0.034
P-n16-k8 	BT-3   16    2     32    0    435    450    450     23 1530.4860    0.034
P-n16-k8 	BT-3   16    2     32    1    435    450    450     23 1530.4858    0.034
P-n16-k8 	BT-3   16    2     32    0    435    450    450     23 296.4905    0.034
P-n16-k8 	BT-3   16    2     32    1    435    450    450     24 296.4906    0.034
P-n16-k8 	BT-3   16    5     64    0    435    478    450     56   0.0101    0.034
P-n16-k8 	BT-3   16    5     64    1    435    478    450     54   0.0099    0.034
P-n16-k8 	BT-3   16    2     32    0    435    450    450     23 889.4916    0.034
P-n16-k8 	BT-3   16    2     32    1    435    450    450     23 889.4916    0.034
P-n16-k8 	BT-3   16    2     32    0    435    450    450     22 -1626.4926    0.034
P-n16-k8 	BT-3   16    2     32    1    435    450    450     25 -1626.4922    0.034
P-n16-k8 	BT-3   16    5     64    0    435    478    450     60   0.0107    0.034
P-n16-k8 	BT-3   16    5     64    1    435    478    450     50   0.0090    0.034
P-n16-k8 	BT-3   16    2     32    0    435    450    450     18 -584.4910    0.034
P-n16-k8 	BT-3   16    2     32    1    435    450    450     23 -584.4902    0.034
P-n16-k8 	BT-3   16    2     32    0    435    450    450     25 -1753.4709    0.034
P-n16-k8 	BT-3   16    2     32    1    435    450    450     22 -1753.4716    0.034
P-n16-k8 	BT-3   16    5     64    0    435    478    450     56   0.0099    0.034
P-n16-k8 	BT-3   16    5     64    1    435    478    450     58   0.0103    0.034
P-n16-k8 	BT-3   16    2     32    0    435    450    450     23 -965.4262    0.034
P-n16-k8 	BT-3   16    2     32    1    435    450    450     22 -965.4265    0.034
P-n16-k8 	BT-3   16    2     32    0    435    450    450     22 1398.6882    0.034
P-n16-k8 	BT-3   16    2     32    1    435    450    450     23 1398.6884    0.034
P-n16-k8 	BT-3   16    5     64    0    435    478    450     57   0.0101    0.034
P-n16-k8 	BT-3   16    5     64    1    435    478    450     55   0.0097    0.034
P-n16-k8 	BT-3   16    2     32    0    435    450    450     22 -98.8826    0.034
P-n16-k8 	BT-3   16    2     32    1    435    450    450     20 -98.8831    0.034
P-n16-k8 	BT-3   16    2     32    0    435    450    450     23 -296.6482    0.034
P-n16-k8 	BT-3   16    2     32    1    435    450    450     23 -296.6483    0.034
P-n16-k8 	BT-3   16    5     64    0    435    478    450     55   0.0100    0.034
P-n16-k8 	BT-3   16    5     64    1    435    478    450     55   0.0097    0.034
P-n16-k8 	BT-3   16    2     32    0    435    450    450     24 -889.9248    0.034
P-n16-k8 	BT-3   16    2     32    1    435    450    450     21 -889.9254    0.034
P-n16-k8 	BT-3   16    2     32    0    435    450    450     19 1625.1913    0.034
P-n16-k8 	BT-3   16    2     32    1    435    450    450     23 1625.1920    0.034
P-n16-k8 	BT-3   16    5     64    0    435    478    450     54   0.0097    0.034
P-n16-k8 	BT-3   16    5     64    1    435    478    450     57   0.0102    0.034
P-n16-k8 	BT-3   16    2     32    0    435    450    450     22 580.6279    0.034
P-n16-k8 	BT-3   16    2     32    1    435    450    450     23 580.6280    0.034
P-n16-k8 	BT-3   16    2     32    0    435    450    450     23 1741.8839    0.034
P-n16-k8 	BT-3   16    2     32    1    435    450    450     25 1741.8842    0.034
P-n16-k8 	BT-3   16    5     64    0    435    478    450     55   0.0098    0.034
P-n16-k8 	BT-3   16    5     64    1    435    478    450     54   0.0096    0.034
P-n16-k8 	BT-3   16    2     32    0    435    450    450     21 930.7039    0.034
P-n16-k8 	BT-3   16    2     32    1    435    450    450     21 930.7037    0.034
P-n16-k8 	BT-3   16    2     32    0    435    450    450     21 -1502.8557    0.034
P-n16-k8 	BT-3   16    2     32    1    435    450    450     20 -1502.8561    0.034
P-n16-k8 	BT-3   16    5     64    0    435    478    450     57   0.0101    0.034
P-n16-k8 	BT-3   16    5     64    1    435    478    450     56   0.0100    0.034
P-n16-k8 	BT-3   16    2     32    0    435    450    450     24 -213.5798    0.034
P-n16-k8 	BT-3   16    2     32    1    435    450    450     21 -213.5804    0.034
P-n16-k8 	BT-3   16    2     32    0    435    450    450     24 -640.7400    0.034
P-n16-k8 	BT-3   16    2     32    1    435    450    450     22 -640.7404    0.034
P-n16-k8 	BT-3   16    5     64    0    435    478    450     55   0.0098    0.034
P-n16-k8 	BT-3   16    5     64    1    435    478    450     56   0.0101    0.034
P-n16-k8 	BT-3   16    2     32    0    435    450    450     23 -1922.2006    0.034
P-n16-k8 	BT-3   16    2     32    1    435    450    450     22 -1922.2008    0.034
P-n16-k8 	BT-3   16    2     32    0    435    450    450     23 -1471.6348    0.034
P-n16-k8 	BT-3   16    2     32    1    435    450    450     25 -1471.6345    0.034
P-n16-k8 	BT-3   16    5     64    0    435    478    450     57   0.0101    0.034
P-n16-k8 	BT-3   16    5     64    1    435    478    450     54   0.0096    0.034
P-n16-k8 	BT-3   16    2     32    0    435    450    450     25 -119.9168    0.034
P-n16-k8 	BT-3   16    2     32    1    435    450    450     23 -119.9172    0.034
P-n16-k8 	BT-3   16    2     32    0    435    450    450     20 -359.7517    0.034
P-n16-k8 	BT-3   16    2     32    1    435    450    450     22 -359.7515    0.034
P-n16-k8 	BT-3   16    5     64    0    435    478    450     57   0.0102    0.034
P-n16-k8 	BT-3   16    5     64    1    435    478    450     56   0.0101    0.034
P-n16-k8 	BT-3   16    2     32    0    435    450    450     23 -1079.2341    0.034
P-n16-k8 	BT-3   16    2     32    1    435    450    450     24 -1079.2340    0.034
P-n16-k8 	BT-3   16    2     32    0    435    450    450     22 1057.2648    0.034
P-n16-k8 	BT-3   16    2     32    1    435    450    450     26 1057.2655    0.034
P-n16-k8 	BT-3   16    5     64    0    435    478    450     55   0.0098    0.034
P-n16-k8 	BT-3   16    5     64    1    435    478    450     54   0.0100    0.034
P-n16-k8 	BT-3   16    2     32    0    435    450    450     25 -1123.1520    0.034
P-n16-k8 	BT-3   16    2     32    1    435    450    450     24 -1123.1523    0.034
P-n16-k8 	BT-3   16    2     32    0    435    450    450     23 925.5107    0.034
P-n16-k8 	BT-3   16    2     32    1    435    450    450     22 925.5104    0.034
P-n16-k8 	BT-3   16    5     64    0    435    478    450     56   0.0101    0.034
P-n16-k8 	BT-3   16    5     64    1    435    478    450     52   0.0093    0.034
P-n16-k8 	BT-3   16    2     32    0    435    450    450     22 -1518.4165    0.034
P-n16-k8 	BT-3   16    2     32    1    435    450    450     17 -1518.4175    0.034
P-n16-k8 	BT-3   16    2     32    0    435    450    450     22 -260.2831    0.034
P-n16-k8 	BT-3   16    2     32    1    435    450    450     25 -260.2827    0.034
P-n16-k8 	BT-3   16    5     64    0    435    478    450     56   0.0100    0.034
P-n16-k8 	BT-3   16    5     64    1    435    478    450     52   0.0093    0.034
P-n16-k8 	BT-3   16    2     32    0    435    450    450     23 -780.8295    0.034
P-n16-k8 	BT-3   16    2     32    1    435    450    450     21 -780.8299    0.034
P-n16-k8 	BT-3   16    2     32    0    435    450    450     22 1952.4781    0.034
P-n16-k8 	BT-3   16    2     32    1    435    450    450     26 1952.4788    0.034
P-n16-k8 	BT-3   16    5     64    0    435    478    450     55   0.0098    0.034
P-n16-k8 	BT-3   16    5     64    1    435    478    450     59   0.0105    0.034
P-n16-k8 	BT-3   16    2     32    0    435    450    450     21 1562.4878    0.034
P-n16-k8 	BT-3   16    2     32    1    435    450    450     21 1562.4878    0.034
P-n16-k8 	BT-3   16    2     32    0    435    450    450     23 392.4966    0.034
P-n16-k8 	BT-3   16    2     32    1    435    450    450     22 392.4963    0.034
P-n16-k8 	BT-3   16    5     64    0    435    478    450     55   0.0098    0.034
P-n16-k8 	BT-3   16    5     64    1    435    478    450     53   0.0096    0.034
P-n16-k8 	BT-3   16    2     32    0    435    450    450     19 1177.5082    0.034
P-n16-k8 	BT-3   16    2     32    1    435    450    450     20 1177.5082    0.034
P-n16-k8 	BT-3   16    2     32    0    435    450    450     22 -762.4423    0.034
P-n16-k8 	BT-3   16    2     32    1    435    450    450     22 -762.4423    0.034
P-n16-k8 	BT-3   16    5     64    0    435    478    450     53   0.0095    0.034
P-n16-k8 	BT-3   16    5     64    1    435    478    450     54   0.0097    0.034
P-n16-k8 	BT-3   16    2     32    0    435    450    450     21 2007.6594    0.034
P-n16-k8 	BT-3   16    2     32    1    435    450    450     20 2007.6592    0.034
P-n16-k8 	BT-3   16    2     32    0    435    450    450     20 1728.0105    0.034
P-n16-k8 	BT-3   16    2     32    1    435    450    450     23 1728.0109    0.034
P-n16-k8 	BT-3   16    5     64    0    435    478    450     54   0.0096    0.034
P-n16-k8 	BT-3   16    5     64    1    435    478    450     57   0.0101    0.034
P-n16-k8 	BT-3   16    2     32    0    435    450    450     24 889.0849    0.034
P-n16-k8 	BT-3   16    2     32    1    435    450    450     24 889.0848    0.034
P-n16-k8 	BT-3   16    2     32    0    435    450    450     21 -1627.7131    0.034
P-n16-k8 	BT-3   16    2     32    1    435    450    450     20 -1627.7135    0.034
P-n16-k8 	BT-3   16    5     64    0    435    478    450     57   0.0101    0.034
P-n16-k8 	BT-3   16    5     64    1    435    478    450     57   0.0101    0.034
P-n16-k8 	BT-3   16    2     32    0    435    450    450     20 -588.1526    0.034
P-n16-k8 	BT-3   16    2     32    1    435    450    450     24 -588.1520    0.034
P-n16-k8 	BT-3   16    2     32    0    435    450    450     21 -1764.4570    0.034
P-n16-k8 	BT-3   16    2     32    1    435    450    450     22 -1764.4569    0.034
P-n16-k8 	BT-3   16    5     64    0    435    478    450     53   0.0094    0.034
P-n16-k8 	BT-3   16    5     64    1    435    478    450     57   0.0102    0.034
P-n16-k8 	BT-3   16    2     32    0    435    450    450     21 -998.3842    0.034
P-n16-k8 	BT-3   16    2     32    1    435    450    450     25 -998.3835    0.034
P-n16-k8 	BT-3   16    2     32    0    435    450    450     20 1299.8152    0.034
P-n16-k8 	BT-3   16    2     32    1    435    450    450     22 1299.8154    0.034
P-n16-k8 	BT-3   16    5     64    0    435    478    450     57   0.0103    0.034
P-n16-k8 	BT-3   16    5     64    1    435    478    450     56   0.0101    0.034
P-n16-k8 	BT-3   16    2     32    0    435    450    450     24 -395.5003    0.034
P-n16-k8 	BT-3   16    2     32    1    435    450    450     23 -395.5005    0.034
P-n16-k8 	BT-3   16    2     32    0    435    450    450     24 -1186.5011    0.034
P-n16-k8 	BT-3   16    2     32    1    435    450    450     20 -1186.5018    0.034
P-n16-k8 	BT-3   16    5     64    0    435    478    450     57   0.0101    0.034
P-n16-k8 	BT-3   16    5     64    1    435    478    450     54   0.0095    0.034
P-n16-k8 	BT-3   16    2     32    0    435    450    450     25 735.4830    0.034
P-n16-k8 	BT-3   16    2     32    1    435    450    450     21 735.4822    0.034
P-n16-k8 	BT-3   16    2     32    0    435    450    450     22 -2088.5195    0.034
P-n16-k8 	BT-3   16    2     32    1    435    450    450     21 -2088.5198    0.034
P-n16-k8 	BT-3   16    5     64    0    435    478    450     58   0.0103    0.034
P-n16-k8 	BT-3   16    5     64    1    435    478    450     55   0.0098    0.034
P-n16-k8 	BT-3   16    2     32    0    435    450    450     24 -1970.5710    0.034
P-n16-k8 	BT-3   16    2     32    1    435    450    450     24 -1970.5709    0.034
P-n16-k8 	BT-3   16    2     32    0    435    450    450     21 -1616.7460    0.034
P-n16-k8 	BT-3   16    2     32    1    435    450    450     20 -1616.7463    0.034
P-n16-k8 	BT-3   16    5     64    0    435    478    450     56   0.0099    0.034
P-n16-k8 	BT-3   16    5     64    1    435    478    450     58   0.0105    0.034
P-n16-k8 	BT-3   16    2     32    0    435    450    450     22 -555.2505    0.034
P-n16-k8 	BT-3   16    2     32    1    435    450    450     23 -555.2505    0.034
P-n16-k8 	BT-3   16    2     32    0    435    450    450     22 -1665.7517    0.034
P-n16-k8 	BT-3   16    2     32    1    435    450    450     21 -1665.7520    0.034
P-n16-k8 	BT-3   16    5     64    0    435    478    450     54   0.0097    0.034
P-n16-k8 	BT-3   16    5     64    1    435    478    450     57   0.0103    0.034
P-n16-k8 	BT-3   16    2     32    0    435    450    450     26 -702.2673    0.034
P-n16-k8 	BT-3   16    2     32    1    435    450    450     20 -702.2684    0.034
P-n16-k8 	BT-3   16    2     32    0    435    450    450     24 -2106.8032    0.034
P-n16-k8 	BT-3   16    2     32    1    435    450    450     23 -2106.8035    0.034
P-n16-k8 	BT-3   16    5     64    0    435    478    450     58   0.0104    0.034
P-n16-k8 	BT-3   16    5     64    1    435    478    450     57   0.0103    0.034
P-n16-k8 	BT-3   16    2     32    0    435    450    450     21 -2025.4225    0.034
P-n16-k8 	BT-3   16    2     32    1    435    450    450     21 -2025.4226    0.034
P-n16-k8 	BT-3   16    2     32    0    435    450    450     23 -1781.3000    0.034
P-n16-k8 	BT-3   16    2     32    1    435    450    450     21 -1781.3004    0.034
P-n16-k8 	BT-3   16    5     64    0    435    478    450     57   0.0101    0.034
P-n16-k8 	BT-3   16    5     64    1    435    478    450     56   0.0101    0.034
P-n16-k8 	BT-3   16    2     32    0    435    450    450     21 -1048.9135    0.034
P-n16-k8 	BT-3   16    2     32    1    435    450    450     20 -1048.9137    0.034
P-n16-k8 	BT-3   16    2     32    0    435    450    450     21 1148.2268    0.034
P-n16-k8 	BT-3   16    2     32    1    435    450    450     21 1148.2268    0.034
P-n16-k8 	BT-3   16    5     64    0    435    478    450     58   0.0102    0.034
P-n16-k8 	BT-3   16    5     64    1    435    478    450     59   0.0105    0.034
P-n16-k8 	BT-3   16    2     32    0    435    450    450     23 -850.2657    0.034
P-n16-k8 	BT-3   16    2     32    1    435    450    450     22 -850.2659    0.034
P-n16-k8 	BT-3   16    2     32    0    435    450    450     24 1744.1702    0.034
P-n16-k8 	BT-3   16    2     32    1    435    450    450     23 1744.1699    0.034
P-n16-k8 	BT-3   16    5     64    0    435    478    450     56   0.0101    0.034
P-n16-k8 	BT-3   16    5     64    1    435    478    450     57   0.0101    0.034
P-n16-k8 	BT-3   16    2     32    0    435    450    450     23 937.5630    0.034
P-n16-k8 	BT-3   16    2     32    1    435    450    450     24 937.5630    0.034
P-n16-k8 	BT-3   16    2     32    0    435    450    450     23 -1482.2783    0.034
P-n16-k8 	BT-3   16    2     32    1    435    450    450     22 -1482.2786    0.034
P-n16-k8 	BT-3   16    5     64    0    435    478    450     53   0.0094    0.034
P-n16-k8 	BT-3   16    5     64    1    435    478    450     53   0.0094    0.034
P-n16-k8 	BT-3   16    2     32    0    435    450    450     23 -151.8492    0.034
P-n16-k8 	BT-3   16    2     32    1    435    450    450     25 -151.8489    0.034
P-n16-k8 	BT-3   16    2     32    0    435    450    450     19 -455.5480    0.034
P-n16-k8 	BT-3   16    2     32    1    435    450    450     22 -455.5476    0.034
P-n16-k8 	BT-3   16    5     64    0    435    478    450     59   0.0106    0.034
P-n16-k8 	BT-3   16    5     64    1    435    478    450     55   0.0099    0.034
P-n16-k8 	BT-3   16    2     32    0    435    450    450     21 -1366.6228    0.034
P-n16-k8 	BT-3   16    2     32    1    435    450    450     23 -1366.6226    0.034
P-n16-k8 	BT-3   16    2     32    0    435    450    450     24 195.0997    0.034
P-n16-k8 	BT-3   16    2     32    1    435    450    450     20 195.0988    0.034
P-n16-k8 	BT-3   16    5     64    0    435    478    450     59   0.0105    0.034
P-n16-k8 	BT-3   16    5     64    1    435    478    450     55   0.0097    0.034
P-n16-k8 	BT-3   16    2     32    0    435    450    450     22 585.3181    0.034
P-n16-k8 	BT-3   16    2     32    1    435    450    450     21 585.3178    0.034
P-n16-k8 	BT-3   16    2     32    0    435    450    450     22 1755.9540    0.034
P-n16-k8 	BT-3   16    2     32    1    435    450    450     23 1755.9541    0.034
P-n16-k8 	BT-3   16    5     64    0    435    478    450     56   0.0100    0.034
P-n16-k8 	BT-3   16    5     64    1    435    478    450     55   0.0098    0.034
P-n16-k8 	BT-3   16    2     32    0    435    450    450     25 972.9149    0.034
P-n16-k8 	BT-3   16    2     32    1    435    450    450     23 972.9145    0.034
P-n16-k8 	BT-3   16    2     32    0    435    450    450     22 -1376.2235    0.034
P-n16-k8 	BT-3   16    2     32    1    435    450    450     23 -1376.2234    0.034
P-n16-k8 	BT-3   16    5     64    0    435    478    450     55   0.0097    0.034
P-n16-k8 	BT-3   16    5     64    1    435    478    450     53   0.0094    0.034
P-n16-k8 	BT-3   16    2     32    0    435    450    450     25 166.3165    0.034
P-n16-k8 	BT-3   16    2     32    1    435    450    450     24 166.3162    0.034
P-n16-k8 	BT-3   16    2     32    0    435    450    450     22 498.9487    0.034
P-n16-k8 	BT-3   16    2     32    1    435    450    450     23 498.9488    0.034
P-n16-k8 	BT-3   16    5     64    0    435    478    450     55   0.0098    0.034
P-n16-k8 	BT-3   16    5     64    1    435    478    450     55   0.0098    0.034
P-n16-k8 	BT-3   16    2     32    0    435    450    450     22 1496.8657    0.034
P-n16-k8 	BT-3   16    2     32    1    435    450    450     24 1496.8660    0.034
P-n16-k8 	BT-3   16    2     32    0    435    450    450     23 195.6302    0.034
P-n16-k8 	BT-3   16    2     32    1    435    450    450     21 195.6299    0.034
P-n16-k8 	BT-3   16    5     64    0    435    478    450     53   0.0103    0.034
P-n16-k8 	BT-3   16    5     64    1    435    478    450     55   0.0099    0.034
P-n16-k8 	BT-3   16    2     32    0    435    450    450     22 586.9104    0.034
P-n16-k8 	BT-3   16    2     32    1    435    450    450     22 586.9103    0.034
P-n16-k8 	BT-3   16    2     32    0    435    450    450     22 1760.7312    0.034
P-n16-k8 	BT-3   16    2     32    1    435    450    450     23 1760.7313    0.034
P-n16-k8 	BT-3   16    5     64    0    435    478    450     56   0.0101    0.034
P-n16-k8 	BT-3   16    5     64    1    435    478    450     54   0.0096    0.034
P-n16-k8 	BT-3   16    2     32    0    435    450    450     23 987.2463    0.034
P-n16-k8 	BT-3   16    2     32    1    435    450    450     22 987.2460    0.034
P-n16-k8 	BT-3   16    2     32    0    435    450    450     25 -1333.2284    0.034
P-n16-k8 	BT-3   16    2     32    1    435    450    450     24 -1333.2286    0.034
P-n16-k8 	BT-3   16    5     64    0    435    478    450     57   0.0101    0.034
P-n16-k8 	BT-3   16    5     64    1    435    478    450     56   0.0100    0.034
P-n16-k8 	BT-3   16    2     32    0    435    450    450     22 295.3014    0.034
P-n16-k8 	BT-3   16    2     32    1    435    450    450     23 295.3015    0.034
P-n16-k8 	BT-3   16    2     32    0    435    450    450     23 885.9045    0.034
P-n16-k8 	BT-3   16    2     32    1    435    450    450     21 885.9040    0.034
P-n16-k8 	BT-3   16    5     64    0    435    478    450     55   0.0098    0.034
P-n16-k8 	BT-3   16    5     64    1    435    478    450     60   0.0108    0.034
P-n16-k8 	BT-3   16    2     32    0    435    450    450     26 -1637.2333    0.034
P-n16-k8 	BT-3   16    2     32    1    435    450    450     20 -1637.2345    0.034
P-n16-k8 	BT-3   16    2     32    0    435    450    450     23 -616.7343    0.034
P-n16-k8 	BT-3   16    2     32    1    435    450    450     21 -616.7347    0.034
P-n16-k8 	BT-3   16    5     64    0    435    478    450     52   0.0092    0.034
P-n16-k8 	BT-3   16    5     64    1    435    478    450     54   0.0097    0.034
P-n16-k8 	BT-3   16    2     32    0    435    450    450     21 -1850.1847    0.034
P-n16-k8 	BT-3   16    2     32    1    435    450    450     23 -1850.1844    0.034
P-n16-k8 	BT-3   16    2     32    0    435    450    450     21 -1255.5864    0.034
P-n16-k8 	BT-3   16    2     32    1    435    450    450     22 -1255.5864    0.034
P-n16-k8 	BT-3   16    5     64    0    435    478    450     55   0.0099    0.034
P-n16-k8 	BT-3   16    5     64    1    435    478    450     57   0.0103    0.034
P-n16-k8 	BT-3   16    2     32    0    435    450    450     23 528.2285    0.034
P-n16-k8 	BT-3   16    2     32    1    435    450    450     22 528.2283    0.034
P-n16-k8 	BT-3   16    2     32    0    435    450    450     25 1584.6857    0.034
P-n16-k8 	BT-3   16    2     32    1    435    450    450     22 1584.6851    0.034
P-n16-k8 	BT-3   16    5     64    0    435    478    450     52   0.0093    0.034
P-n16-k8 	BT-3   16    5     64    1    435    478    450     55   0.0098    0.034
P-n16-k8 	BT-3   16    2     32    0    435    450    450     23 459.1077    0.034
P-n16-k8 	BT-3   16    2     32    1    435    450    450     21 459.1072    0.034
P-n16-k8 	BT-3   16    2     32    0    435    450    450     22 1377.3225    0.034
P-n16-k8 	BT-3   16    2     32    1    435    450    450     23 1377.3225    0.034
P-n16-k8 	BT-3   16    5     64    0    435    478    450     55   0.0098    0.034
P-n16-k8 	BT-3   16    5     64    1    435    478    450     58   0.0103    0.034
P-n16-k8 	BT-3   16    2     32    0    435    450    450     21 -162.9799    0.034
P-n16-k8 	BT-3   16    2     32    1    435    450    450     23 -162.9796    0.034
P-n16-k8 	BT-3   16    2     32    0    435    450    450     25 -488.9387    0.034
P-n16-k8 	BT-3   16    2     32    1    435    450    450     22 -488.9392    0.034
P-n16-k8 	BT-3   16    5     64    0    435    478    450     51   0.0091    0.034
P-n16-k8 	BT-3   16    5     64    1    435    478    450     54   0.0097    0.034
P-n16-k8 	BT-3   16    2     32    0    435    450    450     21 -1466.7985    0.034
P-n16-k8 	BT-3   16    2     32    1    435    450    450     26 -1466.7977    0.034
P-n16-k8 	BT-3   16    2     32    0    435    450    450     22 -105.4272    0.034
P-n16-k8 	BT-3   16    2     32    1    435    450    450     23 -105.4271    0.034
P-n16-k8 	BT-3   16    5     64    0    435    478    450     60   0.0107    0.034
P-n16-k8 	BT-3   16    5     64    1    435    478    450     55   0.0098    0.034
P-n16-k8 	BT-3   16    2     32    0    435    450    450     21 -316.2612    0.034
P-n16-k8 	BT-3   16    2     32    1    435    450    450     25 -316.2606    0.034
P-n16-k8 	BT-3   16    2     32    0    435    450    450     23 -948.7826    0.034
P-n16-k8 	BT-3   16    2     32    1    435    450    450     21 -948.7830    0.034
P-n16-k8 	BT-3   16    5     64    0    435    478    450     57   0.0104    0.034
P-n16-k8 	BT-3   16    5     64    1    435    478    450     57   0.0106    0.034
P-n16-k8 	BT-3   16    2     32    0    435    450    450     19 1448.6394    0.034
P-n16-k8 	BT-3   16    2     32    1    435    450    450     23 1448.6400    0.034
P-n16-k8 	BT-3   16    2     32    0    435    450    450     24  50.9524    0.034
P-n16-k8 	BT-3   16    2     32    1    435    450    450     22  50.9520    0.034
P-n16-k8 	BT-3   16    5     64    0    435    478    450     55   0.0098    0.034
P-n16-k8 	BT-3   16    5     64    1    435    478    450     52   0.0093    0.034
P-n16-k8 	BT-3   16    2     32    0    435    450    450     21 152.8754    0.034
P-n16-k8 	BT-3   16    2     32    1    435    450    450     20 152.8751    0.034
P-n16-k8 	BT-3   16    2     32    0    435    450    450     24 458.6264    0.034
P-n16-k8 	BT-3   16    2     32    1    435    450    450     23 458.6261    0.034
P-n16-k8 	BT-3   16    5     64    0    435    478    450     56   0.0100    0.034
P-n16-k8 	BT-3   16    5     64    1    435    478    450     55   0.0097    0.034
P-n16-k8 	BT-3   16    2     32    0    435    450    450     21 1375.8979    0.034
P-n16-k8 	BT-3   16    2     32    1    435    450    450     23 1375.8982    0.034
P-n16-k8 	BT-3   16    2     32    0    435    450    450     21 -167.2732    0.034
P-n16-k8 	BT-3   16    2     32    1    435    450    450     24 -167.2727    0.034
P-n16-k8 	BT-3   16    5     64    0    435    478    450     57   0.0101    0.034
P-n16-k8 	BT-3   16    5     64    1    435    478    450     53   0.0096    0.034
P-n16-k8 	BT-3   16    2     32    0    435    450    450     22 -501.7992    0.034
P-n16-k8 	BT-3   16    2     32    1    435    450    450     24 -501.7989    0.034
P-n16-k8 	BT-3   16    2     32    0    435    450    450     22 -1505.3973    0.034
P-n16-k8 	BT-3   16    2     32    1    435    450    450     25 -1505.3970    0.034
P-n16-k8 	BT-3   16    5     64    0    435    478    450     56   0.0100    0.034
P-n16-k8 	BT-3   16    5     64    1    435    478    450     56   0.0099    0.034
P-n16-k8 	BT-3   16    2     32    0    435    450    450     24 -221.2041    0.034
P-n16-k8 	BT-3   16    2     32    1    435    450    450     24 -221.2042    0.034
P-n16-k8 	BT-3   16    2     32    0    435    450    450     22 -663.6128    0.034
P-n16-k8 	BT-3   16    2     32    1    435    450    450     23 -663.6127    0.034
P-n16-k8 	BT-3   16    5     64    0    435    478    450     52   0.0093    0.034
P-n16-k8 	BT-3   16    5     64    1    435    478    450     59   0.0106    0.034
P-n16-k8 	BT-3   16    2     32    0    435    450    450     22 -1990.8182    0.034
P-n16-k8 	BT-3   16    2     32    1    435    450    450     20 -1990.8187    0.034
P-n16-k8 	BT-3   16    2     32    0    435    450    450     24 -1677.4877    0.034
P-n16-k8 	BT-3   16    2     32    1    435    450    450     24 -1677.4877    0.034
P-n16-k8 	BT-3   16    5     64    0    435    478    450     58   0.0104    0.034
P-n16-k8 	BT-3   16    5     64    1    435    478    450     59   0.0106    0.034
P-n16-k8 	BT-3   16    2     32    0    435    450    450     23 -737.4749    0.034
P-n16-k8 	BT-3   16    2     32    1    435    450    450     22 -737.4752    0.034
P-n16-k8 	BT-3   16    2     32    0    435    450    450     21 2082.5420    0.034
P-n16-k8 	BT-3   16    2     32    1    435    450    450     21 2082.5417    0.034
P-n16-k8 	BT-3   16    5     64    0    435    478    450     54   0.0099    0.034
P-n16-k8 	BT-3   16    5     64    1    435    478    450     59   0.0104    0.034
P-n16-k8 	BT-3   16    2     32    0    435    450    450     23 1952.6791    0.034
P-n16-k8 	BT-3   16    2     32    1    435    450    450     23 1952.6790    0.034
P-n16-k8 	BT-3   16    2     32    0    435    450    450     23 1563.0698    0.034
P-n16-k8 	BT-3   16    2     32    1    435    450    450     23 1563.0697    0.034
P-n16-k8 	BT-3   16    5     64    0    435    478    450     61   0.0108    0.034
P-n16-k8 	BT-3   16    5     64    1    435    478    450     58   0.0103    0.034
P-n16-k8 	BT-3   16    2     32    0    435    450    450     22 394.2631    0.034
P-n16-k8 	BT-3   16    2     32    1    435    450    450     26 394.2638    0.034
P-n16-k8 	BT-3   16    2     32    0    435    450    450     22 1182.7899    0.034
P-n16-k8 	BT-3   16    2     32    1    435    450    450     22 1182.7898    0.034
P-n16-k8 	BT-3   16    5     64    0    435    478    450     53   0.0094    0.034
P-n16-k8 	BT-3   16    5     64    1    435    478    450     54   0.0096    0.034
P-n16-k8 	BT-3   16    2     32    0    435    450    450     23 -746.5784    0.034
P-n16-k8 	BT-3   16    2     32    1    435    450    450     24 -746.5783    0.034
P-n16-k8 	BT-3   16    2     32    0    435    450    450     21 2055.2319    0.034
P-n16-k8 	BT-3   16    2     32    1    435    450    450     24 2055.2322    0.034
P-n16-k8 	BT-3   16    5     64    0    435    478    450     58   0.0104    0.034
P-n16-k8 	BT-3   16    5     64    1    435    478    450     54   0.0097    0.034
P-n16-k8 	BT-3   16    2     32    0    435    450    450     23 1870.7491    0.034
P-n16-k8 	BT-3   16    2     32    1    435    450    450     21 1870.7487    0.034
P-n16-k8 	BT-3   16    2     32    0    435    450    450     22 1317.2794    0.034
P-n16-k8 	BT-3   16    2     32    1    435    450    450     23 1317.2795    0.034
P-n16-k8 	BT-3   16    5     64    0    435    478    450     56   0.0099    0.034
P-n16-k8 	BT-3   16    5     64    1    435    478    450     59   0.0110    0.034
P-n16-k8 	BT-3   16    2     32    0    435    450    450     22 -343.1080    0.034
P-n16-k8 	BT-3   16    2     32    1    435    450    450     25 -343.1076    0.034
P-n16-k8 	BT-3   16    2     32    0    435    450    450     21 -1029.3239    0.034
P-n16-k8 	BT-3   16    2     32    1    435    450    450     24 -1029.3234    0.034
P-n16-k8 	BT-3   16    5     64    0    435    478    450     57   0.0101    0.034
P-n16-k8 	BT-3   16    5     64    1    435    478    450     55   0.0097    0.034
P-n16-k8 	BT-3   16    2     32    0    435    450    450     22 1207.0161    0.034
P-n16-k8 	BT-3   16    2     32    1    435    450    450     23 1207.0161    0.034
P-n16-k8 	BT-3   16    2     32    0    435    450    450     22 -673.9190    0.034
P-n16-k8 	BT-3   16    2     32    1    435    450    450     22 -673.9191    0.034
P-n16-k8 	BT-3   16    5     64    0    435    478    450     53   0.0094    0.034
P-n16-k8 	BT-3   16    5     64    1    435    478    450     51   0.0091    0.034
P-n16-k8 	BT-3   16    2     32    0    435    450    450     20 -2021.7389    0.034
P-n16-k8 	BT-3   16    2     32    1    435    450    450     25 -2021.7382    0.034
P-n16-k8 	BT-3   16    2     32    0    435    450    450     20 -1770.2488    0.034
P-n16-k8 	BT-3   16    2     32    1    435    450    450     24 -1770.2480    0.034
P-n16-k8 	BT-3   16    5     64    0    435    478    450     54   0.0098    0.034
P-n16-k8 	BT-3   16    5     64    1    435    478    450     52   0.0093    0.034
P-n16-k8 	BT-3   16    2     32    0    435    450    450     23 -1015.7587    0.034
P-n16-k8 	BT-3   16    2     32    1    435    450    450     22 -1015.7590    0.034
P-n16-k8 	BT-3   16    2     32    0    435    450    450     23 1247.6909    0.034
P-n16-k8 	BT-3   16    2     32    1    435    450    450     21 1247.6906    0.034
P-n16-k8 	BT-3   16    5     64    0    435    478    450     58   0.0105    0.034
P-n16-k8 	BT-3   16    5     64    1    435    478    450     56   0.0100    0.034
P-n16-k8 	BT-3   16    2     32    0    435    450    450     21 -551.8746    0.034
P-n16-k8 	BT-3   16    2     32    1    435    450    450     24 -551.8742    0.034
P-n16-k8 	BT-3   16    2     32    0    435    450    450     24 -1655.6229    0.034
P-n16-k8 	BT-3   16    2     32    1    435    450    450     24 -1655.6230    0.034
P-n16-k8 	BT-3   16    5     64    0    435    478    450     57   0.0101    0.034
P-n16-k8 	BT-3   16    5     64    1    435    478    450     57   0.0102    0.034
P-n16-k8 	BT-3   16    2     32    0    435    450    450     23 -671.8815    0.034
P-n16-k8 	BT-3   16    2     32    1    435    450    450     23 -671.8815    0.034
P-n16-k8 	BT-3   16    2     32    0    435    450    450     23 -2015.6443    0.034
P-n16-k8 	BT-3   16    2     32    1    435    450    450     23 -2015.6444    0.034
