P-n22-k2 	BT-1   22    7     88    0    216    253    216    148   0.0407    0.000
P-n22-k2 	BT-1   22    7     88    1    216    253    224     93   0.0253    0.037
P-n22-k2 	BT-1   22    3     44    0    216    216    216     44   0.0778    0.000
P-n22-k2 	BT-1   22    3     44    1    216    216    216     44   0.0777    0.000
P-n22-k2 	BT-1   22    4     44    0    216    216    216     44   0.2334    0.000
P-n22-k2 	BT-1   22    4     44    1    216    216    216     44   0.2333    0.000
P-n22-k2 	BT-2   22    7     88    0    216    253    216    104   0.0291    0.000
P-n22-k2 	BT-2   22    7     88    1    216    253    223     93   0.0257    0.032
P-n22-k2 	BT-2   22    3     44    0    216    216    216     44   0.0668    0.000
P-n22-k2 	BT-2   22    3     44    1    216    216    216     44   0.0668    0.000
P-n22-k2 	BT-2   22    4     44    0    216    216    216     44   0.2005    0.000
P-n22-k2 	BT-2   22    4     44    1    216    216    216     44   0.2004    0.000
P-n22-k2 	BT-3   22    7     88    0    216    253    229     72   0.0190    0.060
P-n22-k2 	BT-3   22    7     88    1    216    253    223     73   0.0197    0.032
P-n22-k2 	BT-3   22    3     44    0    216    223    222     49   0.0521    0.028
P-n22-k2 	BT-3   22    3     44    1    216    223    223     31   0.0472    0.032
P-n22-k2 	BT-3   22    4     44    0    216    222    222     29   0.1459    0.028
P-n22-k2 	BT-3   22    4     44    1    216    222    222     32   0.1468    0.028
P-n22-k2 	BT-3   22    7     88    0    216    253    223     85   0.0225    0.032
P-n22-k2 	BT-3   22    7     88    1    216    253    223     74   0.0199    0.032
P-n22-k2 	BT-3   22    3     44    0    216    222    222     33   0.4821    0.028
P-n22-k2 	BT-3   22    3     44    1    216    222    222     32   0.4819    0.028
P-n22-k2 	BT-3   22    4     44    0    216    222    216     59   1.4530    0.000
P-n22-k2 	BT-3   22    4     44    1    216    222    222     32   1.4459    0.028
P-n22-k2 	BT-3   22    7     88    0    216    253    216    121   0.0318    0.000
P-n22-k2 	BT-3   22    7     88    1    216    253    223     80   0.0216    0.032
P-n22-k2 	BT-3   22    3     44    0    216    216    216     30   4.3975    0.000
P-n22-k2 	BT-3   22    3     44    1    216    216    216     31   4.3978    0.000
P-n22-k2 	BT-3   22    4     44    0    216    216    216     30  13.1928    0.000
P-n22-k2 	BT-3   22    4     44    1    216    216    216     34  13.1938    0.000
P-n22-k2 	BT-3   22    7     88    0    216    253    229     83   0.0220    0.060
P-n22-k2 	BT-3   22    7     88    1    216    253    223     76   0.0205    0.032
P-n22-k2 	BT-3   22    3     44    0    216    216    216     29  39.6215    0.000
P-n22-k2 	BT-3   22    3     44    1    216    216    216     31  39.6221    0.000
P-n22-k2 	BT-3   22    4     44    0    216    216    216     35 118.8669    0.000
P-n22-k2 	BT-3   22    4     44    1    216    216    216     30 118.8656    0.000
P-n22-k2 	BT-3   22    7     88    0    216    253    220    149   0.0396    0.019
P-n22-k2 	BT-3   22    7     88    1    216    253    223     79   0.0213    0.032
P-n22-k2 	BT-3   22    3     44    0    216    216    216     31 356.6590    0.000
P-n22-k2 	BT-3   22    3     44    1    216    216    216     34 356.6599    0.000
P-n22-k2 	BT-3   22    4     44    0    216    216    216     30 1069.9778    0.000
P-n22-k2 	BT-3   22    4     44    1    216    216    216     29 1069.9775    0.000
P-n22-k2 	BT-3   22    7     88    0    216    253    229     78   0.0206    0.060
P-n22-k2 	BT-3   22    7     88    1    216    253    223     78   0.0210    0.032
P-n22-k2 	BT-3   22    3     44    0    216    216    216     32 -1084.9922    0.000
P-n22-k2 	BT-3   22    3     44    1    216    216    216     29 -1084.9930    0.000
P-n22-k2 	BT-3   22    4     44    0    216    216    216     32 1039.9900    0.000
P-n22-k2 	BT-3   22    4     44    1    216    216    216     34 1039.9905    0.000
P-n22-k2 	BT-3   22    7     88    0    216    253    223     80   0.0213    0.032
P-n22-k2 	BT-3   22    7     88    1    216    253    216    140   0.0376    0.000
P-n22-k2 	BT-3   22    3     44    0    216    216    216     31 -1174.9381    0.000
P-n22-k2 	BT-3   22    3     44    1    216    216    216     30 -1174.9384    0.000
P-n22-k2 	BT-3   22    4     44    0    216    216    216     29 770.1520    0.000
P-n22-k2 	BT-3   22    4     44    1    216    216    216     30 770.1523    0.000
P-n22-k2 	BT-3   22    7     88    0    216    253    216    122   0.0321    0.000
P-n22-k2 	BT-3   22    7     88    1    216    253    223     85   0.0230    0.032
P-n22-k2 	BT-3   22    3     44    0    216    216    216     29 -1984.4558    0.000
P-n22-k2 	BT-3   22    3     44    1    216    216    216     34 -1984.4545    0.000
P-n22-k2 	BT-3   22    4     44    0    216    216    216     32 -1658.3978    0.000
P-n22-k2 	BT-3   22    4     44    1    216    216    216     34 -1658.3976    0.000
P-n22-k2 	BT-3   22    7     88    0    216    253    229     70   0.0191    0.060
P-n22-k2 	BT-3   22    7     88    1    216    253    224     84   0.0224    0.037
P-n22-k2 	BT-3   22    3     44    0    216    216    216     32 -680.1847    0.000
P-n22-k2 	BT-3   22    3     44    1    216    216    216     30 -680.1852    0.000
P-n22-k2 	BT-3   22    4     44    0    216    216    216     31 -2040.5548    0.000
P-n22-k2 	BT-3   22    4     44    1    216    216    216     30 -2040.5551    0.000
P-n22-k2 	BT-3   22    7     88    0    216    253    216    138   0.0367    0.000
P-n22-k2 	BT-3   22    7     88    1    216    253    223     74   0.0200    0.032
P-n22-k2 	BT-3   22    3     44    0    216    216    216     31 -1826.6407    0.000
P-n22-k2 	BT-3   22    3     44    1    216    216    216     29 -1826.6412    0.000
P-n22-k2 	BT-3   22    4     44    0    216    216    216     34 -1184.9545    0.000
P-n22-k2 	BT-3   22    4     44    1    216    216    216     31 -1184.9553    0.000
P-n22-k2 	BT-3   22    7     88    0    216    253    216    125   0.0330    0.000
P-n22-k2 	BT-3   22    7     88    1    216    253    223     72   0.0195    0.032
P-n22-k2 	BT-3   22    3     44    0    216    216    216     34 740.1555    0.000
P-n22-k2 	BT-3   22    3     44    1    216    216    216     30 740.1544    0.000
P-n22-k2 	BT-3   22    4     44    0    216    216    216     32 -2074.5024    0.000
P-n22-k2 	BT-3   22    4     44    1    216    216    216     31 -2074.5027    0.000
P-n22-k2 	BT-3   22    7     88    0    216    253    221    168   0.0449    0.023
P-n22-k2 	BT-3   22    7     88    1    216    253    216    117   0.0314    0.000
P-n22-k2 	BT-3   22    3     44    0    216    216    216     29 -1928.4652    0.000
P-n22-k2 	BT-3   22    3     44    1    216    216    216     33 -1928.4641    0.000
P-n22-k2 	BT-3   22    4     44    0    216    216    216     32 -1490.4263    0.000
P-n22-k2 	BT-3   22    4     44    1    216    216    216     31 -1490.4265    0.000
P-n22-k2 	BT-3   22    7     88    0    216    253    223    143   0.0383    0.032
P-n22-k2 	BT-3   22    7     88    1    216    253    223     79   0.0213    0.032
P-n22-k2 	BT-3   22    3     44    0    216    216    216     31 -176.2526    0.000
P-n22-k2 	BT-3   22    3     44    1    216    216    216     34 -176.2517    0.000
P-n22-k2 	BT-3   22    4     44    0    216    216    216     29 -528.7570    0.000
P-n22-k2 	BT-3   22    4     44    1    216    216    216     30 -528.7570    0.000
P-n22-k2 	BT-3   22    7     88    0    216    253    229     76   0.0201    0.060
P-n22-k2 	BT-3   22    7     88    1    216    253    223     75   0.0202    0.032
P-n22-k2 	BT-3   22    3     44    0    216    216    216     29 -1586.2311    0.000
P-n22-k2 	BT-3   22    3     44    1    216    216    216     33 -1586.2300    0.000
P-n22-k2 	BT-3   22    4     44    0    216    216    216     31 -463.7242    0.000
P-n22-k2 	BT-3   22    4     44    1    216    216    216     31 -463.7242    0.000
P-n22-k2 	BT-3   22    7     88    0    216    253    229     76   0.0201    0.060
P-n22-k2 	BT-3   22    7     88    1    216    253    223     77   0.0208    0.032
P-n22-k2 	BT-3   22    3     44    0    216    216    216     33 -1391.1312    0.000
P-n22-k2 	BT-3   22    3     44    1    216    216    216     30 -1391.1320    0.000
P-n22-k2 	BT-3   22    4     44    0    216    216    216     33 121.5728    0.000
P-n22-k2 	BT-3   22    4     44    1    216    216    216     36 121.5736    0.000
P-n22-k2 	BT-3   22    7     88    0    216    253    229     78   0.0207    0.060
P-n22-k2 	BT-3   22    7     88    1    216    253    223     76   0.0205    0.032
P-n22-k2 	BT-3   22    3     44    0    216    216    216     31 364.7598    0.000
P-n22-k2 	BT-3   22    3     44    1    216    216    216     32 364.7601    0.000
P-n22-k2 	BT-3   22    4     44    0    216    216    216     31 1094.2798    0.000
P-n22-k2 	BT-3   22    4     44    1    216    216    216     32 1094.2802    0.000
P-n22-k2 	BT-3   22    7     88    0    216    253    229     79   0.0208    0.060
P-n22-k2 	BT-3   22    7     88    1    216    253    223     76   0.0205    0.032
P-n22-k2 	BT-3   22    3     44    0    216    216    216     29 -1012.0867    0.000
P-n22-k2 	BT-3   22    3     44    1    216    216    216     32 -1012.0859    0.000
P-n22-k2 	BT-3   22    4     44    0    216    216    216     33 1258.7091    0.000
P-n22-k2 	BT-3   22    4     44    1    216    216    216     30 1258.7084    0.000
P-n22-k2 	BT-3   22    7     88    0    216    253    229     81   0.0215    0.060
P-n22-k2 	BT-3   22    7     88    1    216    253    217    133   0.0359    0.005
P-n22-k2 	BT-3   22    3     44    0    216    216    216     35 -518.7828    0.000
P-n22-k2 	BT-3   22    3     44    1    216    216    216     31 -518.7838    0.000
P-n22-k2 	BT-3   22    4     44    0    216    216    216     30 -1556.3507    0.000
P-n22-k2 	BT-3   22    4     44    1    216    216    216     30 -1556.3505    0.000
P-n22-k2 	BT-3   22    7     88    0    216    253    229     78   0.0209    0.060
P-n22-k2 	BT-3   22    7     88    1    216    253    216    122   0.0327    0.000
P-n22-k2 	BT-3   22    3     44    0    216    216    216     31 -374.0308    0.000
P-n22-k2 	BT-3   22    3     44    1    216    216    216     27 -374.0319    0.000
P-n22-k2 	BT-3   22    4     44    0    216    216    216     33 -1122.0930    0.000
P-n22-k2 	BT-3   22    4     44    1    216    216    216     31 -1122.0935    0.000
P-n22-k2 	BT-3   22    7     88    0    216    253    217    155   0.0413    0.005
P-n22-k2 	BT-3   22    7     88    1    216    253    220    120   0.0326    0.019
P-n22-k2 	BT-3   22    3     44    0    216    216    216     31 928.7611    0.000
P-n22-k2 	BT-3   22    3     44    1    216    216    216     31 928.7611    0.000
P-n22-k2 	BT-3   22    4     44    0    216    216    216     31 -1508.6840    0.000
P-n22-k2 	BT-3   22    4     44    1    216    216    216     31 -1508.6840    0.000
P-n22-k2 	BT-3   22    7     88    0    216    253    216    143   0.0380    0.000
P-n22-k2 	BT-3   22    7     88    1    216    253    223     75   0.0203    0.032
P-n22-k2 	BT-3   22    3     44    0    216    216    216     33 -231.0258    0.000
P-n22-k2 	BT-3   22    3     44    1    216    216    216     27 -231.0274    0.000
P-n22-k2 	BT-3   22    4     44    0    216    216    216     28 -693.0802    0.000
P-n22-k2 	BT-3   22    4     44    1    216    216    216     34 -693.0786    0.000
P-n22-k2 	BT-3   22    7     88    0    216    253    219    175   0.0464    0.014
P-n22-k2 	BT-3   22    7     88    1    216    253    223     80   0.0217    0.032
P-n22-k2 	BT-3   22    3     44    0    216    216    216     31 -2079.1702    0.000
P-n22-k2 	BT-3   22    3     44    1    216    216    216     31 -2079.1702    0.000
P-n22-k2 	BT-3   22    4     44    0    216    216    216     30 -1942.5432    0.000
P-n22-k2 	BT-3   22    4     44    1    216    216    216     29 -1942.5435    0.000
P-n22-k2 	BT-3   22    7     88    0    216    253    222    120   0.0319    0.028
P-n22-k2 	BT-3   22    7     88    1    216    253    223     73   0.0197    0.032
P-n22-k2 	BT-3   22    3     44    0    216    216    216     34 -1532.6099    0.000
P-n22-k2 	BT-3   22    3     44    1    216    216    216     29 -1532.6112    0.000
P-n22-k2 	BT-3   22    4     44    0    216    216    216     33 -302.8640    0.000
P-n22-k2 	BT-3   22    4     44    1    216    216    216     28 -302.8652    0.000
P-n22-k2 	BT-3   22    7     88    0    216    253    229     82   0.0218    0.060
P-n22-k2 	BT-3   22    7     88    1    216    253    223     81   0.0219    0.032
P-n22-k2 	BT-3   22    3     44    0    216    216    216     28 -908.5508    0.000
P-n22-k2 	BT-3   22    3     44    1    216    216    216     31 -908.5499    0.000
P-n22-k2 	BT-3   22    4     44    0    216    216    216     33 1569.3171    0.000
P-n22-k2 	BT-3   22    4     44    1    216    216    216     33 1569.3171    0.000
P-n22-k2 	BT-3   22    7     88    0    216    253    219    134   0.0354    0.014
P-n22-k2 	BT-3   22    7     88    1    216    253    223     76   0.0207    0.032
P-n22-k2 	BT-3   22    3     44    0    216    216    216     34 413.0403    0.000
P-n22-k2 	BT-3   22    3     44    1    216    216    216     31 413.0395    0.000
P-n22-k2 	BT-3   22    4     44    0    216    216    216     31 1239.1194    0.000
P-n22-k2 	BT-3   22    4     44    1    216    216    216     30 1239.1191    0.000
P-n22-k2 	BT-3   22    7     88    0    216    253    222    121   0.0319    0.028
P-n22-k2 	BT-3   22    7     88    1    216    253    223     82   0.0221    0.032
P-n22-k2 	BT-3   22    3     44    0    216    216    216     30 -577.5558    0.000
P-n22-k2 	BT-3   22    3     44    1    216    216    216     30 -577.5558    0.000
P-n22-k2 	BT-3   22    4     44    0    216    216    216     30 -1732.6674    0.000
P-n22-k2 	BT-3   22    4     44    1    216    216    216     30 -1732.6675    0.000
P-n22-k2 	BT-3   22    7     88    0    216    253    221    128   0.0340    0.023
P-n22-k2 	BT-3   22    7     88    1    216    253    223     80   0.0216    0.032
P-n22-k2 	BT-3   22    3     44    0    216    216    216     29 -902.9796    0.000
P-n22-k2 	BT-3   22    3     44    1    216    216    216     34 -902.9781    0.000
P-n22-k2 	BT-3   22    4     44    0    216    216    216     33 1586.0314    0.000
P-n22-k2 	BT-3   22    4     44    1    216    216    216     30 1586.0303    0.000
P-n22-k2 	BT-3   22    7     88    0    216    253    229     75   0.0199    0.060
P-n22-k2 	BT-3   22    7     88    1    216    253    223     76   0.0205    0.032
P-n22-k2 	BT-3   22    3     44    0    216    216    216     31 463.1652    0.000
P-n22-k2 	BT-3   22    3     44    1    216    216    216     30 463.1651    0.000
P-n22-k2 	BT-3   22    4     44    0    216    216    216     31 1389.4955    0.000
P-n22-k2 	BT-3   22    4     44    1    216    216    216     28 1389.4948    0.000
P-n22-k2 	BT-3   22    7     88    0    216    253    227    110   0.0293    0.051
P-n22-k2 	BT-3   22    7     88    1    216    253    223     75   0.0203    0.032
P-n22-k2 	BT-3   22    3     44    0    216    216    216     33 -126.4313    0.000
P-n22-k2 	BT-3   22    3     44    1    216    216    216     31 -126.4318    0.000
P-n22-k2 	BT-3   22    4     44    0    216    216    216     34 -379.2942    0.000
P-n22-k2 	BT-3   22    4     44    1    216    216    216     33 -379.2944    0.000
P-n22-k2 	BT-3   22    7     88    0    216    253    222    115   0.0304    0.028
P-n22-k2 	BT-3   22    7     88    1    216    253    223     81   0.0218    0.032
P-n22-k2 	BT-3   22    3     44    0    216    216    216     31 -1137.8313    0.000
P-n22-k2 	BT-3   22    3     44    1    216    216    216     29 -1137.8317    0.000
P-n22-k2 	BT-3   22    4     44    0    216    216    216     32 881.4733    0.000
P-n22-k2 	BT-3   22    4     44    1    216    216    216     34 881.4738    0.000
P-n22-k2 	BT-3   22    7     88    0    216    253    229     82   0.0217    0.060
P-n22-k2 	BT-3   22    7     88    1    216    253    223     76   0.0205    0.032
P-n22-k2 	BT-3   22    3     44    0    216    216    216     33 -1650.5044    0.000
P-n22-k2 	BT-3   22    3     44    1    216    216    216     31 -1650.5049    0.000
P-n22-k2 	BT-3   22    4     44    0    216    216    216     32 -656.5466    0.000
P-n22-k2 	BT-3   22    4     44    1    216    216    216     36 -656.5456    0.000
P-n22-k2 	BT-3   22    7     88    0    216    253    229     79   0.0209    0.060
P-n22-k2 	BT-3   22    7     88    1    216    253    223     75   0.0205    0.032
P-n22-k2 	BT-3   22    3     44    0    216    216    216     30 -1969.5981    0.000
P-n22-k2 	BT-3   22    3     44    1    216    216    216     32 -1969.5975    0.000
P-n22-k2 	BT-3   22    4     44    0    216    216    216     28 -1613.8270    0.000
P-n22-k2 	BT-3   22    4     44    1    216    216    216     27 -1613.8269    0.000
P-n22-k2 	BT-3   22    7     88    0    216    253    229     81   0.0218    0.060
P-n22-k2 	BT-3   22    7     88    1    216    253    223     77   0.0208    0.032
P-n22-k2 	BT-3   22    3     44    0    216    216    216     31 -546.4702    0.000
P-n22-k2 	BT-3   22    3     44    1    216    216    216     30 -546.4704    0.000
P-n22-k2 	BT-3   22    4     44    0    216    216    216     33 -1639.4103    0.000
P-n22-k2 	BT-3   22    4     44    1    216    216    216     31 -1639.4108    0.000
P-n22-k2 	BT-3   22    7     88    0    216    253    222    122   0.0326    0.028
P-n22-k2 	BT-3   22    7     88    1    216    253    219    129   0.0347    0.014
P-n22-k2 	BT-3   22    3     44    0    216    216    216     34 -623.1964    0.000
P-n22-k2 	BT-3   22    3     44    1    216    216    216     31 -623.1971    0.000
P-n22-k2 	BT-3   22    4     44    0    216    216    216     28 -1869.5914    0.000
P-n22-k2 	BT-3   22    4     44    1    216    216    216     29 -1869.5911    0.000
P-n22-k2 	BT-3   22    7     88    0    216    253    221    127   0.0338    0.023
P-n22-k2 	BT-3   22    7     88    1    216    253    223     78   0.0211    0.032
P-n22-k2 	BT-3   22    3     44    0    216    216    216     32 -1313.7506    0.000
P-n22-k2 	BT-3   22    3     44    1    216    216    216     36 -1313.7495    0.000
P-n22-k2 	BT-3   22    4     44    0    216    216    216     28 353.7156    0.000
P-n22-k2 	BT-3   22    4     44    1    216    216    216     29 353.7159    0.000
P-n22-k2 	BT-3   22    7     88    0    216    253    229     78   0.0206    0.060
P-n22-k2 	BT-3   22    7     88    1    216    253    223     89   0.0240    0.032
P-n22-k2 	BT-3   22    3     44    0    216    216    216     33 1061.1930    0.000
P-n22-k2 	BT-3   22    3     44    1    216    216    216     28 1061.1917    0.000
P-n22-k2 	BT-3   22    4     44    0    216    216    216     30 -1111.3904    0.000
P-n22-k2 	BT-3   22    4     44    1    216    216    216     28 -1111.3910    0.000
P-n22-k2 	BT-3   22    7     88    0    216    253    222    110   0.0290    0.028
P-n22-k2 	BT-3   22    7     88    1    216    253    223     79   0.0214    0.032
P-n22-k2 	BT-3   22    3     44    0    216    216    216     28 960.8454    0.000
P-n22-k2 	BT-3   22    3     44    1    216    216    216     32 960.8464    0.000
P-n22-k2 	BT-3   22    4     44    0    216    216    216     29 -1412.4298    0.000
P-n22-k2 	BT-3   22    4     44    1    216    216    216     36 -1412.4279    0.000
P-n22-k2 	BT-3   22    7     88    0    216    253    229     80   0.0212    0.060
P-n22-k2 	BT-3   22    7     88    1    216    253    223     81   0.0219    0.032
P-n22-k2 	BT-3   22    3     44    0    216    216    216     32  57.7237    0.000
P-n22-k2 	BT-3   22    3     44    1    216    216    216     32  57.7237    0.000
P-n22-k2 	BT-3   22    4     44    0    216    216    216     32 173.1711    0.000
P-n22-k2 	BT-3   22    4     44    1    216    216    216     30 173.1706    0.000
P-n22-k2 	BT-3   22    7     88    0    216    253    216    117   0.0309    0.000
P-n22-k2 	BT-3   22    7     88    1    216    253    223     80   0.0217    0.032
P-n22-k2 	BT-3   22    3     44    0    216    216    216     31 519.5652    0.000
P-n22-k2 	BT-3   22    3     44    1    216    216    216     28 519.5644    0.000
P-n22-k2 	BT-3   22    4     44    0    216    216    216     31 1558.6947    0.000
P-n22-k2 	BT-3   22    4     44    1    216    216    216     30 1558.6945    0.000
P-n22-k2 	BT-3   22    7     88    0    216    253    229     79   0.0210    0.060
P-n22-k2 	BT-3   22    7     88    1    216    253    223     81   0.0219    0.032
P-n22-k2 	BT-3   22    3     44    0    216    216    216     33 381.1599    0.000
P-n22-k2 	BT-3   22    3     44    1    216    216    216     32 381.1596    0.000
P-n22-k2 	BT-3   22    4     44    0    216    216    216     29 1143.4783    0.000
P-n22-k2 	BT-3   22    4     44    1    216    216    216     31 1143.4789    0.000
P-n22-k2 	BT-3   22    7     88    0    216    253    229     76   0.0202    0.060
P-n22-k2 	BT-3   22    7     88    1    216    253    223     79   0.0213    0.032
P-n22-k2 	BT-3   22    3     44    0    216    216    216     30 -864.4901    0.000
P-n22-k2 	BT-3   22    3     44    1    216    216    216     31 -864.4898    0.000
P-n22-k2 	BT-3   22    4     44    0    216    216    216     30 1701.4973    0.000
P-n22-k2 	BT-3   22    4     44    1    216    216    216     31 1701.4977    0.000
P-n22-k2 	BT-3   22    7     88    0    216    253    229     79   0.0209    0.060
P-n22-k2 	BT-3   22    7     88    1    216    253    223     81   0.0219    0.032
P-n22-k2 	BT-3   22    3     44    0    216    216    216     32 809.5685    0.000
P-n22-k2 	BT-3   22    3     44    1    216    216    216     32 809.5685    0.000
P-n22-k2 	BT-3   22    4     44    0    216    216    216     31 -1866.2618    0.000
P-n22-k2 	BT-3   22    4     44    1    216    216    216     30 -1866.2623    0.000
P-n22-k2 	BT-3   22    7     88    0    216    253    223    131   0.0349    0.032
P-n22-k2 	BT-3   22    7     88    1    216    253    231     77   0.0208    0.069
P-n22-k2 	BT-3   22    3     44    0    216    216    216     29 -1303.7637    0.000
P-n22-k2 	BT-3   22    3     44    1    216    216    216     29 -1303.7637    0.000
P-n22-k2 	BT-3   22    4     44    0    216    216    216     32 383.6769    0.000
P-n22-k2 	BT-3   22    4     44    1    216    216    216     33 383.6772    0.000
P-n22-k2 	BT-3   22    7     88    0    216    253    222    104   0.0277    0.028
P-n22-k2 	BT-3   22    7     88    1    216    253    223     79   0.0213    0.032
P-n22-k2 	BT-3   22    3     44    0    216    216    216     34 1151.0807    0.000
P-n22-k2 	BT-3   22    3     44    1    216    216    216     31 1151.0800    0.000
P-n22-k2 	BT-3   22    4     44    0    216    216    216     32 -841.7264    0.000
P-n22-k2 	BT-3   22    4     44    1    216    216    216     32 -841.7265    0.000
P-n22-k2 	BT-3   22    7     88    0    216    253    229     77   0.0203    0.060
P-n22-k2 	BT-3   22    7     88    1    216    253    216    151   0.0406    0.000
P-n22-k2 	BT-3   22    3     44    0    216    216    216     28 1769.8477    0.000
P-n22-k2 	BT-3   22    3     44    1    216    216    216     31 1769.8486    0.000
P-n22-k2 	BT-3   22    4     44    0    216    216    216     33 1014.5781    0.000
P-n22-k2 	BT-3   22    4     44    1    216    216    216     32 1014.5777    0.000
P-n22-k2 	BT-3   22    7     88    0    216    253    222    125   0.0331    0.028
P-n22-k2 	BT-3   22    7     88    1    216    253    223     86   0.0231    0.032
P-n22-k2 	BT-3   22    3     44    0    216    216    216     28 -1251.1786    0.000
P-n22-k2 	BT-3   22    3     44    1    216    216    216     34 -1251.1770    0.000
P-n22-k2 	BT-3   22    4     44    0    216    216    216     30 541.4337    0.000
P-n22-k2 	BT-3   22    4     44    1    216    216    216     32 541.4341    0.000
P-n22-k2 	BT-3   22    7     88    0    216    253    229     75   0.0199    0.060
P-n22-k2 	BT-3   22    7     88    1    216    253    216    140   0.0380    0.000
P-n22-k2 	BT-3   22    3     44    0    216    216    216     32 1624.3599    0.000
P-n22-k2 	BT-3   22    3     44    1    216    216    216     27 1624.3584    0.000
P-n22-k2 	BT-3   22    4     44    0    216    216    216     28 578.1097    0.000
P-n22-k2 	BT-3   22    4     44    1    216    216    216     33 578.1111    0.000
P-n22-k2 	BT-3   22    7     88    0    216    253    216    124   0.0328    0.000
P-n22-k2 	BT-3   22    7     88    1    216    253    223     78   0.0210    0.032
P-n22-k2 	BT-3   22    3     44    0    216    216    216     30 1734.3848    0.000
P-n22-k2 	BT-3   22    3     44    1    216    216    216     31 1734.3851    0.000
P-n22-k2 	BT-3   22    4     44    0    216    216    216     32 908.1880    0.000
P-n22-k2 	BT-3   22    4     44    1    216    216    216     31 908.1877    0.000
P-n22-k2 	BT-3   22    7     88    0    216    253    216    139   0.0369    0.000
P-n22-k2 	BT-3   22    7     88    1    216    253    222    110   0.0296    0.028
P-n22-k2 	BT-3   22    3     44    0    216    216    216     32 -1570.3370    0.000
P-n22-k2 	BT-3   22    3     44    1    216    216    216     30 -1570.3376    0.000
P-n22-k2 	BT-3   22    4     44    0    216    216    216     32 -416.0444    0.000
P-n22-k2 	BT-3   22    4     44    1    216    216    216     27 -416.0458    0.000
P-n22-k2 	BT-3   22    7     88    0    216    253    229     77   0.0204    0.060
P-n22-k2 	BT-3   22    7     88    1    216    253    223     77   0.0208    0.032
P-n22-k2 	BT-3   22    3     44    0    216    216    216     33 -1248.0931    0.000
P-n22-k2 	BT-3   22    3     44    1    216    216    216     32 -1248.0934    0.000
P-n22-k2 	BT-3   22    4     44    0    216    216    216     30 550.6868    0.000
P-n22-k2 	BT-3   22    4     44    1    216    216    216     30 550.6868    0.000
P-n22-k2 	BT-3   22    7     88    0    216    253    229     81   0.0216    0.060
P-n22-k2 	BT-3   22    7     88    1    216    253    223     77   0.0208    0.032
P-n22-k2 	BT-3   22    3     44    0    216    216    216     28 1652.1024    0.000
P-n22-k2 	BT-3   22    3     44    1    216    216    216     29 1652.1025    0.000
P-n22-k2 	BT-3   22    4     44    0    216    216    216     35 661.3420    0.000
P-n22-k2 	BT-3   22    4     44    1    216    216    216     27 661.3397    0.000
P-n22-k2 	BT-3   22    7     88    0    216    253    216    138   0.0367    0.000
P-n22-k2 	BT-3   22    7     88    1    216    253    224     82   0.0219    0.037
P-n22-k2 	BT-3   22    3     44    0    216    216    216     34 1984.0819    0.000
P-n22-k2 	BT-3   22    3     44    1    216    216    216     30 1984.0809    0.000
P-n22-k2 	BT-3   22    4     44    0    216    216    216     29 1657.2761    0.000
P-n22-k2 	BT-3   22    4     44    1    216    216    216     30 1657.2764    0.000
P-n22-k2 	BT-3   22    7     88    0    216    253    229     79   0.0209    0.060
P-n22-k2 	BT-3   22    7     88    1    216    253    223     79   0.0213    0.032
P-n22-k2 	BT-3   22    3     44    0    216    216    216     33 676.9046    0.000
P-n22-k2 	BT-3   22    3     44    1    216    216    216     28 676.9033    0.000
P-n22-k2 	BT-3   22    4     44    0    216    216    216     32 2030.7120    0.000
P-n22-k2 	BT-3   22    4     44    1    216    216    216     36 2030.7134    0.000
P-n22-k2 	BT-3   22    7     88    0    216    253    216    216   0.0576    0.000
P-n22-k2 	BT-3   22    7     88    1    216    253    222    135   0.0364    0.028
P-n22-k2 	BT-3   22    3     44    0    216    216    216     29 1797.2635    0.000
P-n22-k2 	BT-3   22    3     44    1    216    216    216     33 1797.2646    0.000
P-n22-k2 	BT-3   22    4     44    0    216    216    216     28 1096.8241    0.000
P-n22-k2 	BT-3   22    4     44    1    216    216    216     28 1096.8241    0.000
P-n22-k2 	BT-3   22    7     88    0    216    253    216    119   0.0320    0.000
P-n22-k2 	BT-3   22    7     88    1    216    253    223     75   0.0205    0.032
P-n22-k2 	BT-3   22    3     44    0    216    216    216     35 -1004.4407    0.000
P-n22-k2 	BT-3   22    3     44    1    216    216    216     32 -1004.4413    0.000
P-n22-k2 	BT-3   22    4     44    0    216    216    216     32 1281.6439    0.000
P-n22-k2 	BT-3   22    4     44    1    216    216    216     30 1281.6434    0.000
P-n22-k2 	BT-3   22    7     88    0    216    253    219    145   0.0390    0.014
P-n22-k2 	BT-3   22    7     88    1    216    253    223     77   0.0209    0.032
P-n22-k2 	BT-3   22    3     44    0    216    216    216     30 -449.9765    0.000
P-n22-k2 	BT-3   22    3     44    1    216    216    216     33 -449.9757    0.000
P-n22-k2 	BT-3   22    4     44    0    216    216    216     35 -1349.9275    0.000
P-n22-k2 	BT-3   22    4     44    1    216    216    216     31 -1349.9285    0.000
P-n22-k2 	BT-3   22    7     88    0    216    253    229     76   0.0201    0.060
P-n22-k2 	BT-3   22    7     88    1    216    253    223     79   0.0214    0.032
P-n22-k2 	BT-3   22    3     44    0    216    216    216     35 245.2254    0.000
P-n22-k2 	BT-3   22    3     44    1    216    216    216     31 245.2244    0.000
P-n22-k2 	BT-3   22    4     44    0    216    216    216     32 735.6743    0.000
P-n22-k2 	BT-3   22    4     44    1    216    216    216     30 735.6738    0.000
P-n22-k2 	BT-3   22    7     88    0    216    253    217    153   0.0405    0.005
P-n22-k2 	BT-3   22    7     88    1    216    253    223     76   0.0206    0.032
P-n22-k2 	BT-3   22    3     44    0    216    216    216     30 -2087.8845    0.000
P-n22-k2 	BT-3   22    3     44    1    216    216    216     31 -2087.8840    0.000
P-n22-k2 	BT-3   22    4     44    0    216    216    216     29 -1968.6860    0.000
P-n22-k2 	BT-3   22    4     44    1    216    216    216     27 -1968.6865    0.000
P-n22-k2 	BT-3   22    7     88    0    216    253    216    122   0.0325    0.000
P-n22-k2 	BT-3   22    7     88    1    216    253    223     81   0.0219    0.032
P-n22-k2 	BT-3   22    3     44    0    216    216    216     30 -1611.0367    0.000
P-n22-k2 	BT-3   22    3     44    1    216    216    216     32 -1611.0361    0.000
P-n22-k2 	BT-3   22    4     44    0    216    216    216     29 -538.1426    0.000
P-n22-k2 	BT-3   22    4     44    1    216    216    216     31 -538.1420    0.000
P-n22-k2 	BT-3   22    7     88    0    216    253    229     75   0.0199    0.060
P-n22-k2 	BT-3   22    7     88    1    216    253    223     75   0.0203    0.032
P-n22-k2 	BT-3   22    3     44    0    216    216    216     31 -1614.3864    0.000
P-n22-k2 	BT-3   22    3     44    1    216    216    216     31 -1614.3864    0.000
P-n22-k2 	BT-3   22    4     44    0    216    216    216     35 -548.1908    0.000
P-n22-k2 	BT-3   22    4     44    1    216    216    216     31 -548.1917    0.000
P-n22-k2 	BT-3   22    7     88    0    216    253    229     77   0.0207    0.060
P-n22-k2 	BT-3   22    7     88    1    216    253    219    137   0.0368    0.014
P-n22-k2 	BT-3   22    3     44    0    216    216    216     30 -1644.5170    0.000
P-n22-k2 	BT-3   22    3     44    1    216    216    216     32 -1644.5165    0.000
P-n22-k2 	BT-3   22    4     44    0    216    216    216     33 -638.5825    0.000
P-n22-k2 	BT-3   22    4     44    1    216    216    216     31 -638.5829    0.000
P-n22-k2 	BT-3   22    7     88    0    216    253    216    140   0.0373    0.000
P-n22-k2 	BT-3   22    7     88    1    216    253    223     75   0.0204    0.032
P-n22-k2 	BT-3   22    3     44    0    216    216    216     34 -1915.6898    0.000
P-n22-k2 	BT-3   22    3     44    1    216    216    216     31 -1915.6906    0.000
P-n22-k2 	BT-3   22    4     44    0    216    216    216     33 -1452.1033    0.000
P-n22-k2 	BT-3   22    4     44    1    216    216    216     30 -1452.1040    0.000
P-n22-k2 	BT-3   22    7     88    0    216    253    216    144   0.0382    0.000
P-n22-k2 	BT-3   22    7     88    1    216    253    223     77   0.0208    0.032
P-n22-k2 	BT-3   22    3     44    0    216    216    216     31 -61.2848    0.000
P-n22-k2 	BT-3   22    3     44    1    216    216    216     31 -61.2848    0.000
P-n22-k2 	BT-3   22    4     44    0    216    216    216     27 -183.8555    0.000
P-n22-k2 	BT-3   22    4     44    1    216    216    216     31 -183.8543    0.000
P-n22-k2 	BT-3   22    7     88    0    216    253    229     83   0.0218    0.060
P-n22-k2 	BT-3   22    7     88    1    216    253    223     82   0.0222    0.032
P-n22-k2 	BT-3   22    3     44    0    216    216    216     30 -551.5204    0.000
P-n22-k2 	BT-3   22    3     44    1    216    216    216     34 -551.5193    0.000
P-n22-k2 	BT-3   22    4     44    0    216    216    216     32 -1654.5597    0.000
P-n22-k2 	BT-3   22    4     44    1    216    216    216     30 -1654.5602    0.000
P-n22-k2 	BT-3   22    7     88    0    216    253    229     77   0.0205    0.060
P-n22-k2 	BT-3   22    7     88    1    216    253    223    101   0.0271    0.032
P-n22-k2 	BT-3   22    3     44    0    216    216    216     30 -668.6653    0.000
P-n22-k2 	BT-3   22    3     44    1    216    216    216     34 -668.6642    0.000
P-n22-k2 	BT-3   22    4     44    0    216    216    216     33 -2005.9940    0.000
P-n22-k2 	BT-3   22    4     44    1    216    216    216     33 -2005.9940    0.000
P-n22-k2 	BT-3   22    7     88    0    216    253    229     82   0.0218    0.060
P-n22-k2 	BT-3   22    7     88    1    216    253    223     78   0.0212    0.032
P-n22-k2 	BT-3   22    3     44    0    216    216    216     31 -1722.9725    0.000
P-n22-k2 	BT-3   22    3     44    1    216    216    216     29 -1722.9730    0.000
P-n22-k2 	BT-3   22    4     44    0    216    216    216     32 -873.9504    0.000
P-n22-k2 	BT-3   22    4     44    1    216    216    216     31 -873.9506    0.000
P-n22-k2 	BT-3   22    7     88    0    216    253    229     78   0.0207    0.060
P-n22-k2 	BT-3   22    7     88    1    216    253    223     76   0.0205    0.032
P-n22-k2 	BT-3   22    3     44    0    216    216    216     34 1673.1577    0.000
P-n22-k2 	BT-3   22    3     44    1    216    216    216     34 1673.1577    0.000
P-n22-k2 	BT-3   22    4     44    0    216    216    216     31 724.5050    0.000
P-n22-k2 	BT-3   22    4     44    1    216    216    216     32 724.5052    0.000
P-n22-k2 	BT-3   22    7     88    0    216    253    217    133   0.0353    0.005
P-n22-k2 	BT-3   22    7     88    1    216    253    223     84   0.0227    0.032
P-n22-k2 	BT-3   22    3     44    0    216    216    216     31 -2121.3940    0.000
P-n22-k2 	BT-3   22    3     44    1    216    216    216     30 -2121.3943    0.000
P-n22-k2 	BT-3   22    4     44    0    216    216    216     33 -2069.2144    0.000
P-n22-k2 	BT-3   22    4     44    1    216    216    216     30 -2069.2153    0.000
P-n22-k2 	BT-3   22    7     88    0    216    253    216    109   0.0288    0.000
P-n22-k2 	BT-3   22    7     88    1    216    253    223     75   0.0203    0.032
P-n22-k2 	BT-3   22    3     44    0    216    216    216     34 -1912.6276    0.000
P-n22-k2 	BT-3   22    3     44    1    216    216    216     29 -1912.6289    0.000
P-n22-k2 	BT-3   22    4     44    0    216    216    216     35 -1442.9165    0.000
P-n22-k2 	BT-3   22    4     44    1    216    216    216     32 -1442.9174    0.000
P-n22-k2 	BT-3   22    7     88    0    216    253    229     73   0.0193    0.060
P-n22-k2 	BT-3   22    7     88    1    216    253    223     76   0.0207    0.032
P-n22-k2 	BT-3   22    3     44    0    216    216    216     30 -33.7441    0.000
P-n22-k2 	BT-3   22    3     44    1    216    216    216     30 -33.7444    0.000
P-n22-k2 	BT-3   22    4     44    0    216    216    216     28 -101.2334    0.000
P-n22-k2 	BT-3   22    4     44    1    216    216    216     31 -101.2327    0.000
P-n22-k2 	BT-3   22    7     88    0    216    253    229     71   0.0187    0.060
P-n22-k2 	BT-3   22    7     88    1    216    253    223     74   0.0201    0.032
P-n22-k2 	BT-3   22    3     44    0    216    216    216     32 -303.6596    0.000
P-n22-k2 	BT-3   22    3     44    1    216    216    216     30 -303.6602    0.000
P-n22-k2 	BT-3   22    4     44    0    216    216    216     32 -910.9794    0.000
P-n22-k2 	BT-3   22    4     44    1    216    216    216     29 -910.9802    0.000
P-n22-k2 	BT-3   22    7     88    0    216    253    216    125   0.0333    0.000
P-n22-k2 	BT-3   22    7     88    1    216    253    216    189   0.0507    0.000
P-n22-k2 	BT-3   22    3     44    0    216    216    216     29 1562.1115    0.000
P-n22-k2 	BT-3   22    3     44    1    216    216    216     29 1562.1113    0.000
P-n22-k2 	BT-3   22    4     44    0    216    216    216     28 391.3665    0.000
P-n22-k2 	BT-3   22    4     44    1    216    216    216     33 391.3679    0.000
P-n22-k2 	BT-3   22    7     88    0    216    253    229     82   0.0217    0.060
P-n22-k2 	BT-3   22    7     88    1    216    253    223     81   0.0220    0.032
P-n22-k2 	BT-3   22    3     44    0    216    216    216     29 1174.1450    0.000
P-n22-k2 	BT-3   22    3     44    1    216    216    216     31 1174.1456    0.000
P-n22-k2 	BT-3   22    4     44    0    216    216    216     31 -772.5311    0.000
P-n22-k2 	BT-3   22    4     44    1    216    216    216     34 -772.5303    0.000
P-n22-k2 	BT-3   22    7     88    0    216    253    229     77   0.0204    0.060
P-n22-k2 	BT-3   22    7     88    1    216    253    223     77   0.0208    0.032
P-n22-k2 	BT-3   22    3     44    0    216    216    216     32 1977.4164    0.000
P-n22-k2 	BT-3   22    3     44    1    216    216    216     29 1977.4156    0.000
P-n22-k2 	BT-3   22    4     44    0    216    216    216     30 1637.2805    0.000
P-n22-k2 	BT-3   22    4     44    1    216    216    216     32 1637.2811    0.000
P-n22-k2 	BT-3   22    7     88    0    216    253    216    124   0.0333    0.000
P-n22-k2 	BT-3   22    7     88    1    216    253    222    161   0.0434    0.028
P-n22-k2 	BT-3   22    3     44    0    216    216    216     27 616.9506    0.000
P-n22-k2 	BT-3   22    3     44    1    216    216    216     33 616.9523    0.000
P-n22-k2 	BT-3   22    4     44    0    216    216    216     29 1850.8541    0.000
P-n22-k2 	BT-3   22    4     44    1    216    216    216     36 1850.8560    0.000
P-n22-k2 	BT-3   22    7     88    0    216    253    229     77   0.0204    0.060
P-n22-k2 	BT-3   22    7     88    1    216    253    223     78   0.0210    0.032
P-n22-k2 	BT-3   22    3     44    0    216    216    216     32 1257.6389    0.000
P-n22-k2 	BT-3   22    3     44    1    216    216    216     27 1257.6377    0.000
P-n22-k2 	BT-3   22    4     44    0    216    216    216     30 -522.0521    0.000
P-n22-k2 	BT-3   22    4     44    1    216    216    216     33 -522.0513    0.000
P-n22-k2 	BT-3   22    7     88    0    216    253    229     77   0.0203    0.060
P-n22-k2 	BT-3   22    7     88    1    216    253    223     78   0.0211    0.032
P-n22-k2 	BT-3   22    3     44    0    216    216    216     31 -1566.1139    0.000
P-n22-k2 	BT-3   22    3     44    1    216    216    216     30 -1566.1141    0.000
P-n22-k2 	BT-3   22    4     44    0    216    216    216     32 -403.3745    0.000
P-n22-k2 	BT-3   22    4     44    1    216    216    216     33 -403.3742    0.000
P-n22-k2 	BT-3   22    7     88    0    216    253    217    109   0.0290    0.005
P-n22-k2 	BT-3   22    7     88    1    216    253    223     78   0.0210    0.032
P-n22-k2 	BT-3   22    3     44    0    216    216    216     30 -1210.0736    0.000
P-n22-k2 	BT-3   22    3     44    1    216    216    216     29 -1210.0739    0.000
P-n22-k2 	BT-3   22    4     44    0    216    216    216     32 664.7468    0.000
P-n22-k2 	BT-3   22    4     44    1    216    216    216     29 664.7459    0.000
P-n22-k2 	BT-3   22    7     88    0    216    253    216    135   0.0360    0.000
P-n22-k2 	BT-3   22    7     88    1    216    253    223     79   0.0215    0.032
P-n22-k2 	BT-3   22    3     44    0    216    216    216     32 1994.2969    0.000
P-n22-k2 	BT-3   22    3     44    1    216    216    216     29 1994.2961    0.000
P-n22-k2 	BT-3   22    4     44    0    216    216    216     32 1687.9226    0.000
P-n22-k2 	BT-3   22    4     44    1    216    216    216     31 1687.9224    0.000
P-n22-k2 	BT-3   22    7     88    0    216    253    216    152   0.0405    0.000
P-n22-k2 	BT-3   22    7     88    1    216    253    223     78   0.0211    0.032
P-n22-k2 	BT-3   22    3     44    0    216    216    216     32 768.8619    0.000
P-n22-k2 	BT-3   22    3     44    1    216    216    216     31 768.8616    0.000
P-n22-k2 	BT-3   22    4     44    0    216    216    216     31 -1988.3822    0.000
P-n22-k2 	BT-3   22    4     44    1    216    216    216     32 -1988.3818    0.000
P-n22-k2 	BT-3   22    7     88    0    216    253    221    112   0.0297    0.023
P-n22-k2 	BT-3   22    7     88    1    216    253    223     78   0.0211    0.032
P-n22-k2 	BT-3   22    3     44    0    216    216    216     34 -1670.1271    0.000
P-n22-k2 	BT-3   22    3     44    1    216    216    216     31 -1670.1278    0.000
P-n22-k2 	BT-3   22    4     44    0    216    216    216     30 -715.4158    0.000
P-n22-k2 	BT-3   22    4     44    1    216    216    216     34 -715.4147    0.000
P-n22-k2 	BT-3   22    7     88    0    216    253    229     80   0.0212    0.060
P-n22-k2 	BT-3   22    7     88    1    216    253    223     77   0.0208    0.032
P-n22-k2 	BT-3   22    3     44    0    216    216    216     32 -2146.2041    0.000
P-n22-k2 	BT-3   22    3     44    1    216    216    216     32 -2146.2039    0.000
P-n22-k2 	BT-3   22    4     44    0    216    216    216     31 -2143.6448    0.000
P-n22-k2 	BT-3   22    4     44    1    216    216    216     32 -2143.6445    0.000
P-n22-k2 	BT-3   22    7     88    0    216    253    216    152   0.0403    0.000
P-n22-k2 	BT-3   22    7     88    1    216    253    223     75   0.0204    0.032
P-n22-k2 	BT-3   22    3     44    0    216    216    216     30 -2135.9065    0.000
P-n22-k2 	BT-3   22    3     44    1    216    216    216     32 -2135.9060    0.000
P-n22-k2 	BT-3   22    4     44    0    216    216    216     34 -2112.7510    0.000
P-n22-k2 	BT-3   22    4     44    1    216    216    216     30 -2112.7520    0.000
P-n22-k2 	BT-3   22    7     88    0    216    253    229     77   0.0204    0.060
P-n22-k2 	BT-3   22    7     88    1    216    253    223     79   0.0214    0.032
P-n22-k2 	BT-3   22    3     44    0    216    216    216     33 -2043.2445    0.000
P-n22-k2 	BT-3   22    3     44    1    216    216    216     32 -2043.2450    0.000
P-n22-k2 	BT-3   22    4     44    0    216    216    216     30 -1834.7678    0.000
P-n22-k2 	BT-3   22    4     44    1    216    216    216     29 -1834.7681    0.000
P-n22-k2 	BT-3   22    7     88    0    216    253    216    161   0.0424    0.000
P-n22-k2 	BT-3   22    7     88    1    216    253    223     79   0.0213    0.032
P-n22-k2 	BT-3   22    3     44    0    216    216    216     33 -1209.2720    0.000
P-n22-k2 	BT-3   22    3     44    1    216    216    216     31 -1209.2723    0.000
P-n22-k2 	BT-3   22    4     44    0    216    216    216     26 667.1492    0.000
P-n22-k2 	BT-3   22    4     44    1    216    216    216     30 667.1504    0.000
P-n22-k2 	BT-3   22    7     88    0    216    253    223    145   0.0388    0.032
P-n22-k2 	BT-3   22    7     88    1    216    253    219    120   0.0323    0.014
P-n22-k2 	BT-3   22    3     44    0    216    216    216     35 2001.5225    0.000
P-n22-k2 	BT-3   22    3     44    1    216    216    216     32 2001.5216    0.000
P-n22-k2 	BT-3   22    4     44    0    216    216    216     31 1709.5980    0.000
P-n22-k2 	BT-3   22    4     44    1    216    216    216     30 1709.5978    0.000
P-n22-k2 	BT-3   22    7     88    0    216    253    221    152   0.0404    0.023
P-n22-k2 	BT-3   22    7     88    1    216    253    223     84   0.0227    0.032
P-n22-k2 	BT-3   22    3     44    0    216    216    216     31 833.8896    0.000
P-n22-k2 	BT-3   22    3     44    1    216    216    216     26 833.8884    0.000
P-n22-k2 	BT-3   22    4     44    0    216    216    216     30 -1793.2999    0.000
P-n22-k2 	BT-3   22    4     44    1    216    216    216     32 -1793.2994    0.000
P-n22-k2 	BT-3   22    7     88    0    216    253    229     75   0.0199    0.060
P-n22-k2 	BT-3   22    7     88    1    216    253    223     80   0.0216    0.032
P-n22-k2 	BT-3   22    3     44    0    216    216    216     30 -1084.8905    0.000
P-n22-k2 	BT-3   22    3     44    1    216    216    216     35 -1084.8892    0.000
P-n22-k2 	BT-3   22    4     44    0    216    216    216     30 1040.2971    0.000
P-n22-k2 	BT-3   22    4     44    1    216    216    216     31 1040.2975    0.000
P-n22-k2 	BT-3   22    7     88    0    216    253    229     75   0.0202    0.060
P-n22-k2 	BT-3   22    7     88    1    216    253    219    146   0.0389    0.014
P-n22-k2 	BT-3   22    3     44    0    216    216    216     33 -1174.0157    0.000
P-n22-k2 	BT-3   22    3     44    1    216    216    216     33 -1174.0157    0.000
P-n22-k2 	BT-3   22    4     44    0    216    216    216     31 772.9195    0.000
P-n22-k2 	BT-3   22    4     44    1    216    216    216     31 772.9196    0.000
P-n22-k2 	BT-3   22    7     88    0    216    253    229     80   0.0212    0.060
P-n22-k2 	BT-3   22    7     88    1    216    253    216    113   0.0304    0.000
P-n22-k2 	BT-3   22    3     44    0    216    216    216     31 -1976.1571    0.000
P-n22-k2 	BT-3   22    3     44    1    216    216    216     30 -1976.1575    0.000
P-n22-k2 	BT-3   22    4     44    0    216    216    216     30 -1633.5046    0.000
P-n22-k2 	BT-3   22    4     44    1    216    216    216     27 -1633.5055    0.000
P-n22-k2 	BT-3   22    7     88    0    216    253    223    113   0.0300    0.032
P-n22-k2 	BT-3   22    7     88    1    216    253    223     80   0.0216    0.032
P-n22-k2 	BT-3   22    3     44    0    216    216    216     30 -605.4958    0.000
P-n22-k2 	BT-3   22    3     44    1    216    216    216     32 -605.4954    0.000
P-n22-k2 	BT-3   22    4     44    0    216    216    216     33 -1816.4862    0.000
P-n22-k2 	BT-3   22    4     44    1    216    216    216     32 -1816.4865    0.000
P-n22-k2 	BT-3   22    7     88    0    216    253    229     78   0.0207    0.060
P-n22-k2 	BT-3   22    7     88    1    216    253    223     76   0.0207    0.032
P-n22-k2 	BT-3   22    3     44    0    216    216    216     29 -1154.4513    0.000
P-n22-k2 	BT-3   22    3     44    1    216    216    216     34 -1154.4498    0.000
P-n22-k2 	BT-3   22    4     44    0    216    216    216     32 831.6156    0.000
P-n22-k2 	BT-3   22    4     44    1    216    216    216     31 831.6153    0.000
P-n22-k2 	BT-3   22    7     88    0    216    253    226    149   0.0396    0.046
P-n22-k2 	BT-3   22    7     88    1    216    253    223     76   0.0205    0.032
P-n22-k2 	BT-3   22    3     44    0    216    216    216     33 -1800.0604    0.000
P-n22-k2 	BT-3   22    3     44    1    216    216    216     31 -1800.0609    0.000
P-n22-k2 	BT-3   22    4     44    0    216    216    216     30 -1105.2151    0.000
P-n22-k2 	BT-3   22    4     44    1    216    216    216     31 -1105.2148    0.000
P-n22-k2 	BT-3   22    7     88    0    216    253    216    134   0.0354    0.000
P-n22-k2 	BT-3   22    7     88    1    216    253    223     78   0.0211    0.032
P-n22-k2 	BT-3   22    3     44    0    216    216    216     29 979.3784    0.000
P-n22-k2 	BT-3   22    3     44    1    216    216    216     31 979.3790    0.000
P-n22-k2 	BT-3   22    4     44    0    216    216    216     29 -1356.8314    0.000
P-n22-k2 	BT-3   22    4     44    1    216    216    216     28 -1356.8317    0.000
P-n22-k2 	BT-3   22    7     88    0    216    253    229     79   0.0209    0.060
P-n22-k2 	BT-3   22    7     88    1    216    253    223     77   0.0209    0.032
P-n22-k2 	BT-3   22    3     44    0    216    216    216     31 224.5150    0.000
P-n22-k2 	BT-3   22    3     44    1    216    216    216     30 224.5147    0.000
P-n22-k2 	BT-3   22    4     44    0    216    216    216     30 673.5445    0.000
P-n22-k2 	BT-3   22    4     44    1    216    216    216     30 673.5445    0.000
P-n22-k2 	BT-3   22    7     88    0    216    253    222    104   0.0273    0.028
P-n22-k2 	BT-3   22    7     88    1    216    253    223     82   0.0221    0.032
P-n22-k2 	BT-3   22    3     44    0    216    216    216     29 2020.6826    0.000
P-n22-k2 	BT-3   22    3     44    1    216    216    216     33 2020.6836    0.000
P-n22-k2 	BT-3   22    4     44    0    216    216    216     31 1767.0820    0.000
P-n22-k2 	BT-3   22    4     44    1    216    216    216     30 1767.0818    0.000
P-n22-k2 	BT-3   22    7     88    0    216    253    229     77   0.0203    0.060
P-n22-k2 	BT-3   22    7     88    1    216    253    223     80   0.0216    0.032
P-n22-k2 	BT-3   22    3     44    0    216    216    216     32 1006.3207    0.000
P-n22-k2 	BT-3   22    3     44    1    216    216    216     32 1006.3207    0.000
P-n22-k2 	BT-3   22    4     44    0    216    216    216     30 -1276.0057    0.000
P-n22-k2 	BT-3   22    4     44    1    216    216    216     33 -1276.0049    0.000
P-n22-k2 	BT-3   22    7     88    0    216    253    219    192   0.0513    0.014
P-n22-k2 	BT-3   22    7     88    1    216    253    223     80   0.0220    0.032
P-n22-k2 	BT-3   22    3     44    0    216    216    216     30 467.0244    0.000
P-n22-k2 	BT-3   22    3     44    1    216    216    216     32 467.0250    0.000
P-n22-k2 	BT-3   22    4     44    0    216    216    216     31 1401.0741    0.000
P-n22-k2 	BT-3   22    4     44    1    216    216    216     29 1401.0736    0.000
P-n22-k2 	BT-3   22    7     88    0    216    253    229     82   0.0218    0.060
P-n22-k2 	BT-3   22    7     88    1    216    253    223     80   0.0216    0.032
P-n22-k2 	BT-3   22    3     44    0    216    216    216     28 -91.7029    0.000
P-n22-k2 	BT-3   22    3     44    1    216    216    216     30 -91.7023    0.000
P-n22-k2 	BT-3   22    4     44    0    216    216    216     33 -275.1068    0.000
P-n22-k2 	BT-3   22    4     44    1    216    216    216     30 -275.1076    0.000
P-n22-k2 	BT-3   22    7     88    0    216    253    229     80   0.0212    0.060
P-n22-k2 	BT-3   22    7     88    1    216    253    223     78   0.0211    0.032
P-n22-k2 	BT-3   22    3     44    0    216    216    216     32 -825.2793    0.000
P-n22-k2 	BT-3   22    3     44    1    216    216    216     30 -825.2797    0.000
P-n22-k2 	BT-3   22    4     44    0    216    216    216     29 1819.1283    0.000
P-n22-k2 	BT-3   22    4     44    1    216    216    216     34 1819.1296    0.000
