P-n55-k15 	BT-1   55   18    220    0    856   1188    970    231   1.5243    0.133
P-n55-k15 	BT-1   55   18    220    1    856   1174    964    242   1.5848    0.126
P-n55-k15 	BT-1   55    9    110    0    856    964    961    111   3.8063    0.123
P-n55-k15 	BT-1   55    9    110    1    856    964    964    110   3.8000    0.126
P-n55-k15 	BT-1   55   30    110    0    856    974    961    111  11.4137    0.123
P-n55-k15 	BT-1   55   30    110    1    856    961    961    110  11.4046    0.123
P-n55-k15 	BT-2   55   18    220    0    856   1188    963    263   1.7980    0.125
P-n55-k15 	BT-2   55   18    220    1    856   1174    972    229   1.5641    0.136
P-n55-k15 	BT-2   55    9    110    0    856    983    951    114   4.1009    0.111
P-n55-k15 	BT-2   55    9    110    1    856    963    957    122   4.1760    0.118
P-n55-k15 	BT-2   55   30    110    0    856    961    951    125  12.4731    0.111
P-n55-k15 	BT-2   55   30    110    1    856    951    951    110  12.3744    0.111
P-n55-k15 	BT-3   55   18    220    0    856   1188    958    209   1.3278    0.119
P-n55-k15 	BT-3   55   18    220    1    856   1174    957    303   1.9655    0.118
P-n55-k15 	BT-3   55    9    110    0    856    967    956     81   3.8338    0.117
P-n55-k15 	BT-3   55    9    110    1    856    957    957     86   3.8713    0.118
P-n55-k15 	BT-3   55   30    110    0    856    958    956     76  11.5008    0.117
P-n55-k15 	BT-3   55   30    110    1    856    956    954    127  11.8362    0.114
P-n55-k15 	BT-3   55   18    220    0    856   1188    958    218   1.3563    0.119
P-n55-k15 	BT-3   55   18    220    1    856   1174    968    203   1.2694    0.131
P-n55-k15 	BT-3   55    9    110    0    856    954    954     74  37.4558    0.114
P-n55-k15 	BT-3   55    9    110    1    856    954    954     82  37.5144    0.114
P-n55-k15 	BT-3   55   30    110    0    856    954    954     81 112.4726    0.114
P-n55-k15 	BT-3   55   30    110    1    856    954    954     74 112.4422    0.114
P-n55-k15 	BT-3   55   18    220    0    856   1188    956    272   1.7033    0.117
P-n55-k15 	BT-3   55   18    220    1    856   1174    951    245   1.5300    0.111
P-n55-k15 	BT-3   55    9    110    0    856    953    951     79 340.5938    0.111
P-n55-k15 	BT-3   55    9    110    1    856    951    951     80 340.5958    0.111
P-n55-k15 	BT-3   55   30    110    0    856    953    951     76 1021.7818    0.111
P-n55-k15 	BT-3   55   30    110    1    856    951    951     81 1021.8110    0.111
P-n55-k15 	BT-3   55   18    220    0    856   1188    956    361   2.3144    0.117
P-n55-k15 	BT-3   55   18    220    1    856   1174    966    245   1.5142    0.129
P-n55-k15 	BT-3   55    9    110    0    856    953    951     77 -1225.7656    0.111
P-n55-k15 	BT-3   55    9    110    1    856    951    951     77 -1225.7684    0.111
P-n55-k15 	BT-3   55   30    110    0    856    953    951     76 617.6658    0.111
P-n55-k15 	BT-3   55   30    110    1    856    951    951     68 617.6163    0.111
P-n55-k15 	BT-3   55   18    220    0    856   1188    958    210   1.2993    0.119
P-n55-k15 	BT-3   55   18    220    1    856   1174    956    215   1.3294    0.117
P-n55-k15 	BT-3   55    9    110    0    856    953    951     74 1855.5580    0.111
P-n55-k15 	BT-3   55    9    110    1    856    951    951     82 1855.6042    0.111
P-n55-k15 	BT-3   55   30    110    0    856    953    951     84 1271.8204    0.111
P-n55-k15 	BT-3   55   30    110    1    856    951    951     77 1271.7756    0.111
P-n55-k15 	BT-3   55   18    220    0    856   1188    966    207   1.3039    0.129
P-n55-k15 	BT-3   55   18    220    1    856   1174    950    218   1.3362    0.110
P-n55-k15 	BT-3   55    9    110    0    856    978    950     76 -476.9605    0.110
P-n55-k15 	BT-3   55    9    110    1    856    950    950     77 -476.9645    0.110
P-n55-k15 	BT-3   55   30    110    0    856    978    950     79 -1430.8719    0.110
P-n55-k15 	BT-3   55   30    110    1    856    950    950     76 -1430.8931    0.110
P-n55-k15 	BT-3   55   18    220    0    856   1188    960    229   1.4287    0.121
P-n55-k15 	BT-3   55   18    220    1    856   1174    968    208   1.2864    0.131
P-n55-k15 	BT-3   55    9    110    0    856    978    950     75   5.0166    0.110
P-n55-k15 	BT-3   55    9    110    1    856    950    950     82   5.0580    0.110
P-n55-k15 	BT-3   55   30    110    0    856    978    950     79  15.1336    0.110
P-n55-k15 	BT-3   55   30    110    1    856    950    950     75  15.0902    0.110
P-n55-k15 	BT-3   55   18    220    0    856   1188    960    228   1.4414    0.121
P-n55-k15 	BT-3   55   18    220    1    856   1174    950    236   1.4677    0.110
P-n55-k15 	BT-3   55    9    110    0    856    978    950     80  48.2556    0.110
P-n55-k15 	BT-3   55    9    110    1    856    950    950     75  48.2201    0.110
P-n55-k15 	BT-3   55   30    110    0    856    978    950     77 144.7161    0.110
P-n55-k15 	BT-3   55   30    110    1    856    950    950     84 144.7634    0.110
P-n55-k15 	BT-3   55   18    220    0    856   1188    945    373   2.3669    0.104
P-n55-k15 	BT-3   55   18    220    1    856   1174    958    329   2.0871    0.119
P-n55-k15 	BT-3   55    9    110    0    856   1222    945     87 438.7151    0.104
P-n55-k15 	BT-3   55    9    110    1    856    945    945     85 438.7093    0.104
P-n55-k15 	BT-3   55   30    110    0    856   1222    945     86 1316.1490    0.104
P-n55-k15 	BT-3   55   30    110    1    856    945    945     83 1316.1465    0.104
P-n55-k15 	BT-3   55   18    220    0    856   1188    958    221   1.3840    0.119
P-n55-k15 	BT-3   55   18    220    1    856   1174    950    225   1.4018    0.110
P-n55-k15 	BT-3   55    9    110    0    856   1222    945     84 -343.7700    0.104
P-n55-k15 	BT-3   55    9    110    1    856    945    945     73 -343.8317    0.104
P-n55-k15 	BT-3   55   30    110    0    856   1222    945     79 -1031.3894    0.104
P-n55-k15 	BT-3   55   30    110    1    856    945    945     82 -1031.3848    0.104
P-n55-k15 	BT-3   55   18    220    0    856   1188    965    204   1.2702    0.127
P-n55-k15 	BT-3   55   18    220    1    856   1174    960    226   1.4193    0.121
P-n55-k15 	BT-3   55    9    110    0    856   1222    945     81 1203.4916    0.104
P-n55-k15 	BT-3   55    9    110    1    856    945    945     75 1203.4641    0.104
P-n55-k15 	BT-3   55   30    110    0    856   1222    945     77 -684.5432    0.104
P-n55-k15 	BT-3   55   30    110    1    856    945    945     71 -684.5829    0.104
P-n55-k15 	BT-3   55   18    220    0    856   1188    960    218   1.4040    0.121
P-n55-k15 	BT-3   55   18    220    1    856   1174    962    320   2.0778    0.124
P-n55-k15 	BT-3   55    9    110    0    856   1222    945     86 -2050.1509    0.104
P-n55-k15 	BT-3   55    9    110    1    856    945    945     79 -2050.1758    0.104
P-n55-k15 	BT-3   55   30    110    0    856   1222    945     85 -1855.4845    0.104
P-n55-k15 	BT-3   55   30    110    1    856    945    945     80 -1855.5391    0.104
P-n55-k15 	BT-3   55   18    220    0    856   1188    958    211   1.3365    0.119
P-n55-k15 	BT-3   55   18    220    1    856   1174    951    266   1.6923    0.111
P-n55-k15 	BT-3   55    9    110    0    856   1222    945     83 -1268.5583    0.104
P-n55-k15 	BT-3   55    9    110    1    856    945    945     79 -1268.5632    0.104
P-n55-k15 	BT-3   55   30    110    0    856   1222    945     80 489.3102    0.104
P-n55-k15 	BT-3   55   30    110    1    856    945    945     80 489.2941    0.104
P-n55-k15 	BT-3   55   18    220    0    856   1188    960    221   1.3848    0.121
P-n55-k15 	BT-3   55   18    220    1    856   1174    950    225   1.4022    0.110
P-n55-k15 	BT-3   55    9    110    0    856   1222    945     82 1470.6725    0.104
P-n55-k15 	BT-3   55    9    110    1    856    945    945     77 1470.6619    0.104
P-n55-k15 	BT-3   55   30    110    0    856   1222    945     79 117.0512    0.104
P-n55-k15 	BT-3   55   30    110    1    856    945    945     74 117.0264    0.104
P-n55-k15 	BT-3   55   18    220    0    856   1188    960    216   1.3473    0.121
P-n55-k15 	BT-3   55   18    220    1    856   1174    950    284   1.7697    0.110
P-n55-k15 	BT-3   55    9    110    0    856   1222    945     82 354.2491    0.104
P-n55-k15 	BT-3   55    9    110    1    856    945    945     78 354.2292    0.104
P-n55-k15 	BT-3   55   30    110    0    856   1222    945     80 1062.7372    0.104
P-n55-k15 	BT-3   55   30    110    1    856    945    945     75 1062.6865    0.104
P-n55-k15 	BT-3   55   18    220    0    856   1188    958    206   1.3249    0.119
P-n55-k15 	BT-3   55   18    220    1    856   1174    954    408   2.6120    0.114
P-n55-k15 	BT-3   55    9    110    0    856   1222    945     82 -1102.8761    0.104
P-n55-k15 	BT-3   55    9    110    1    856    945    945     77 -1102.8981    0.104
P-n55-k15 	BT-3   55   30    110    0    856   1222    945     80 986.3168    0.104
P-n55-k15 	BT-3   55   30    110    1    856    945    945     73 986.2739    0.104
P-n55-k15 	BT-3   55   18    220    0    856   1188    956    332   2.1686    0.117
P-n55-k15 	BT-3   55   18    220    1    856   1174    956    241   1.5423    0.117
P-n55-k15 	BT-3   55    9    110    0    856   1222    945     77 -1332.3838    0.104
P-n55-k15 	BT-3   55    9    110    1    856    945    945     75 -1332.3931    0.104
P-n55-k15 	BT-3   55   30    110    0    856   1222    945     82 297.8541    0.104
P-n55-k15 	BT-3   55   30    110    1    856    945    945     75 297.8050    0.104
P-n55-k15 	BT-3   55   18    220    0    856   1188    950    260   1.6378    0.110
P-n55-k15 	BT-3   55   18    220    1    856   1174    950    231   1.4351    0.110
P-n55-k15 	BT-3   55    9    110    0    856   1222    945     81 896.5612    0.104
P-n55-k15 	BT-3   55    9    110    1    856    945    945     79 896.5576    0.104
P-n55-k15 	BT-3   55   30    110    0    856   1222    945     82 -1605.2686    0.104
P-n55-k15 	BT-3   55   30    110    1    856    945    945     72 -1605.3290    0.104
P-n55-k15 	BT-3   55   18    220    0    856   1188    958    204   1.2626    0.119
P-n55-k15 	BT-3   55   18    220    1    856   1174    952    210   1.3117    0.112
P-n55-k15 	BT-3   55    9    110    0    856   1222    945     81 -518.3398    0.104
P-n55-k15 	BT-3   55    9    110    1    856    945    945     78 -518.3530    0.104
P-n55-k15 	BT-3   55   30    110    0    856   1222    945     74 -1555.0718    0.104
P-n55-k15 	BT-3   55   30    110    1    856    945    945     79 -1555.0428    0.104
P-n55-k15 	BT-3   55   18    220    0    856   1188    960    216   1.3649    0.121
P-n55-k15 	BT-3   55   18    220    1    856   1174    961    336   2.1484    0.123
P-n55-k15 	BT-3   55    9    110    0    856   1222    945     81 -366.6693    0.104
P-n55-k15 	BT-3   55    9    110    1    856    945    945     79 -366.6601    0.104
P-n55-k15 	BT-3   55   30    110    0    856   1222    945     78 -1100.0115    0.104
P-n55-k15 	BT-3   55   30    110    1    856    945    945     79 -1100.0026    0.104
P-n55-k15 	BT-3   55   18    220    0    856   1188    958    221   1.3795    0.119
P-n55-k15 	BT-3   55   18    220    1    856   1174    950    230   1.4373    0.110
P-n55-k15 	BT-3   55    9    110    0    856   1222    945     78 997.7589    0.104
P-n55-k15 	BT-3   55    9    110    1    856    945    945     78 997.7695    0.104
P-n55-k15 	BT-3   55   30    110    0    856   1222    945     80 -1301.6628    0.104
P-n55-k15 	BT-3   55   30    110    1    856    945    945     75 -1301.6833    0.104
P-n55-k15 	BT-3   55   18    220    0    856   1188    960    212   1.3310    0.121
P-n55-k15 	BT-3   55   18    220    1    856   1174    950    353   2.2694    0.110
P-n55-k15 	BT-3   55    9    110    0    856   1222    945     76 393.5280    0.104
P-n55-k15 	BT-3   55    9    110    1    856    945    945     75 393.5371    0.104
P-n55-k15 	BT-3   55   30    110    0    856   1222    945     79 1180.6038    0.104
P-n55-k15 	BT-3   55   30    110    1    856    945    945     73 1180.5731    0.104
P-n55-k15 	BT-3   55   18    220    0    856   1188    958    213   1.3331    0.119
P-n55-k15 	BT-3   55   18    220    1    856   1174    951    403   2.5347    0.111
P-n55-k15 	BT-3   55    9    110    0    856   1222    945     80 -749.3059    0.104
P-n55-k15 	BT-3   55    9    110    1    856    945    945     76 -749.3176    0.104
P-n55-k15 	BT-3   55   30    110    0    856   1222    945     77 2047.0500    0.104
P-n55-k15 	BT-3   55   30    110    1    856    945    945     74 2047.0027    0.104
P-n55-k15 	BT-3   55   18    220    0    856   1188    958    221   1.4074    0.119
P-n55-k15 	BT-3   55   18    220    1    856   1174    964    247   1.6039    0.126
P-n55-k15 	BT-3   55    9    110    0    856   1222    945     78 1849.1141    0.104
P-n55-k15 	BT-3   55    9    110    1    856    945    945     75 1849.1063    0.104
P-n55-k15 	BT-3   55   30    110    0    856   1222    945     74 1252.3607    0.104
P-n55-k15 	BT-3   55   30    110    1    856    945    945     79 1252.3976    0.104
P-n55-k15 	BT-3   55   18    220    0    856   1188    958    214   1.3641    0.119
P-n55-k15 	BT-3   55   18    220    1    856   1174    950    259   1.6477    0.110
P-n55-k15 	BT-3   55    9    110    0    856   1222    945     73 -534.8503    0.104
P-n55-k15 	BT-3   55    9    110    1    856    945    945     77 -534.8033    0.104
P-n55-k15 	BT-3   55   30    110    0    856   1222    945     77 -1604.4766    0.104
P-n55-k15 	BT-3   55   30    110    1    856    945    945     75 -1604.4802    0.104
P-n55-k15 	BT-3   55   18    220    0    856   1188    960    231   1.4538    0.121
P-n55-k15 	BT-3   55   18    220    1    856   1174    950    225   1.4067    0.110
P-n55-k15 	BT-3   55    9    110    0    856   1222    945     82 -515.5704    0.104
P-n55-k15 	BT-3   55    9    110    1    856    945    945     74 -515.6250    0.104
P-n55-k15 	BT-3   55   30    110    0    856   1222    945     77 -1546.7985    0.104
P-n55-k15 	BT-3   55   30    110    1    856    945    945     76 -1546.8030    0.104
P-n55-k15 	BT-3   55   18    220    0    856   1188    958    215   1.3300    0.119
P-n55-k15 	BT-3   55   18    220    1    856   1174    950    276   1.7052    0.110
P-n55-k15 	BT-3   55    9    110    0    856   1222    945     78 -342.3974    0.104
P-n55-k15 	BT-3   55    9    110    1    856    945    945     81 -342.3786    0.104
P-n55-k15 	BT-3   55   30    110    0    856   1222    945     81 -1027.1633    0.104
P-n55-k15 	BT-3   55   30    110    1    856    945    945     72 -1027.2130    0.104
P-n55-k15 	BT-3   55   18    220    0    856   1188    960    216   1.3633    0.121
P-n55-k15 	BT-3   55   18    220    1    856   1174    951    260   1.6472    0.111
P-n55-k15 	BT-3   55    9    110    0    856   1222    945     78 1216.4077    0.104
P-n55-k15 	BT-3   55    9    110    1    856    945    945     77 1216.4222    0.104
P-n55-k15 	BT-3   55   30    110    0    856   1222    945     81 -645.6880    0.104
P-n55-k15 	BT-3   55   30    110    1    856    945    945     69 -645.7661    0.104
P-n55-k15 	BT-3   55   18    220    0    856   1188    960    221   1.4056    0.121
P-n55-k15 	BT-3   55   18    220    1    856   1174    952    211   1.3270    0.112
P-n55-k15 	BT-3   55    9    110    0    856   1222    945     80 -1934.4376    0.104
P-n55-k15 	BT-3   55    9    110    1    856    945    945     80 -1934.4152    0.104
P-n55-k15 	BT-3   55   30    110    0    856   1222    945     85 -1508.2661    0.104
P-n55-k15 	BT-3   55   30    110    1    856    945    945     76 -1508.3175    0.104
P-n55-k15 	BT-3   55   18    220    0    856   1188    960    212   1.3253    0.121
P-n55-k15 	BT-3   55   18    220    1    856   1174    950    232   1.4399    0.110
P-n55-k15 	BT-3   55    9    110    0    856   1222    945     82 -227.1579    0.104
P-n55-k15 	BT-3   55    9    110    1    856    945    945     74 -227.1917    0.104
P-n55-k15 	BT-3   55   30    110    0    856   1222    945     78 -681.4976    0.104
P-n55-k15 	BT-3   55   30    110    1    856    945    945     82 -681.4617    0.104
P-n55-k15 	BT-3   55   18    220    0    856   1188    956    255   1.5830    0.117
P-n55-k15 	BT-3   55   18    220    1    856   1174    951    379   2.4159    0.111
P-n55-k15 	BT-3   55    9    110    0    856   1222    945     79 -2040.4707    0.104
P-n55-k15 	BT-3   55    9    110    1    856    945    945     77 -2040.4803    0.104
P-n55-k15 	BT-3   55   30    110    0    856   1222    945     80 -1826.4532    0.104
P-n55-k15 	BT-3   55   30    110    1    856    945    945     77 -1826.4573    0.104
P-n55-k15 	BT-3   55   18    220    0    856   1188    960    218   1.3783    0.121
P-n55-k15 	BT-3   55   18    220    1    856   1174    966    339   2.1694    0.129
P-n55-k15 	BT-3   55    9    110    0    856   1222    945     81 -1180.8298    0.104
P-n55-k15 	BT-3   55    9    110    1    856    945    945     78 -1180.8093    0.104
P-n55-k15 	BT-3   55   30    110    0    856   1222    945     84 752.5376    0.104
P-n55-k15 	BT-3   55   30    110    1    856    945    945     78 752.4828    0.104
P-n55-k15 	BT-3   55   18    220    0    856   1188    960    221   1.4439    0.121
P-n55-k15 	BT-3   55   18    220    1    856   1174    950    228   1.5503    0.110
P-n55-k15 	BT-3   55    9    110    0    856   1222    945     80 -2034.3979    0.104
P-n55-k15 	BT-3   55    9    110    1    856    945    945     77 -2034.4058    0.104
P-n55-k15 	BT-3   55   30    110    0    856   1222    945     82 -1808.2880    0.104
P-n55-k15 	BT-3   55   30    110    1    856    945    945     68 -1808.3546    0.104
P-n55-k15 	BT-3   55   18    220    0    856   1188    958    200   1.2413    0.119
P-n55-k15 	BT-3   55   18    220    1    856   1174    957    252   1.6213    0.118
P-n55-k15 	BT-3   55    9    110    0    856   1222    945     80 -1127.1115    0.104
P-n55-k15 	BT-3   55    9    110    1    856    945    945     78 -1127.1289    0.104
P-n55-k15 	BT-3   55   30    110    0    856   1222    945     81 913.6120    0.104
P-n55-k15 	BT-3   55   30    110    1    856    945    945     81 913.6260    0.104
P-n55-k15 	BT-3   55   18    220    0    856   1188    960    241   1.5011    0.121
P-n55-k15 	BT-3   55   18    220    1    856   1174    960    258   1.6635    0.121
P-n55-k15 	BT-3   55    9    110    0    856   1222    945     74 -1550.9957    0.104
P-n55-k15 	BT-3   55    9    110    1    856    945    945     76 -1550.9658    0.104
P-n55-k15 	BT-3   55   30    110    0    856   1222    945     83 -357.9139    0.104
P-n55-k15 	BT-3   55   30    110    1    856    945    945     73 -357.9977    0.104
P-n55-k15 	BT-3   55   18    220    0    856   1188    958    261   1.5983    0.119
P-n55-k15 	BT-3   55   18    220    1    856   1174    950    234   1.4851    0.110
P-n55-k15 	BT-3   55    9    110    0    856   1222    945     80 -1070.7577    0.104
P-n55-k15 	BT-3   55    9    110    1    856    945    945     81 -1070.7600    0.104
P-n55-k15 	BT-3   55   30    110    0    856   1222    945     80 1082.6887    0.104
P-n55-k15 	BT-3   55   30    110    1    856    945    945     76 1082.6560    0.104
P-n55-k15 	BT-3   55   18    220    0    856   1188    958    208   1.3082    0.119
P-n55-k15 	BT-3   55   18    220    1    856   1174    960    250   1.5876    0.121
P-n55-k15 	BT-3   55    9    110    0    856   1222    945     77 -1044.0806    0.104
P-n55-k15 	BT-3   55    9    110    1    856    945    945     75 -1044.0854    0.104
P-n55-k15 	BT-3   55   30    110    0    856   1222    945     76 1162.7261    0.104
P-n55-k15 	BT-3   55   30    110    1    856    945    945     76 1162.7205    0.104
P-n55-k15 	BT-3   55   18    220    0    856   1188    958    220   1.3881    0.119
P-n55-k15 	BT-3   55   18    220    1    856   1174    950    228   1.4245    0.110
P-n55-k15 	BT-3   55    9    110    0    856   1222    945     78 -803.9834    0.104
P-n55-k15 	BT-3   55    9    110    1    856    945    945     78 -803.9672    0.104
P-n55-k15 	BT-3   55   30    110    0    856   1222    945     73 1883.0225    0.104
P-n55-k15 	BT-3   55   30    110    1    856    945    945     85 1883.0803    0.104
P-n55-k15 	BT-3   55   18    220    0    856   1188    958    211   1.3221    0.119
P-n55-k15 	BT-3   55   18    220    1    856   1174    945    280   1.7756    0.104
P-n55-k15 	BT-3   55    9    110    0    856   1222    945     82 1357.2977    0.104
P-n55-k15 	BT-3   55    9    110    1    856    945    945     77 1357.2743    0.104
P-n55-k15 	BT-3   55   30    110    0    856   1222    945     83 -223.0869    0.104
P-n55-k15 	BT-3   55   30    110    1    856    945    945     78 -223.1208    0.104
P-n55-k15 	BT-3   55   18    220    0    856   1188    956    297   1.8643    0.117
P-n55-k15 	BT-3   55   18    220    1    856   1174    950    245   1.5166    0.110
P-n55-k15 	BT-3   55    9    110    0    856   1222    945     74 -665.9706    0.104
P-n55-k15 	BT-3   55    9    110    1    856    945    945     78 -665.9443    0.104
P-n55-k15 	BT-3   55   30    110    0    856   1222    945     73 -1997.8960    0.104
P-n55-k15 	BT-3   55   30    110    1    856    945    945     78 -1997.8474    0.104
P-n55-k15 	BT-3   55   18    220    0    856   1188    958    210   1.3248    0.119
P-n55-k15 	BT-3   55   18    220    1    856   1174    950    261   1.6228    0.110
P-n55-k15 	BT-3   55    9    110    0    856   1222    945     81 -1695.6875    0.104
P-n55-k15 	BT-3   55    9    110    1    856    945    945     73 -1695.7169    0.104
P-n55-k15 	BT-3   55   30    110    0    856   1222    945     78 -792.1260    0.104
P-n55-k15 	BT-3   55   30    110    1    856    945    945     77 -792.1330    0.104
P-n55-k15 	BT-3   55   18    220    0    856   1188    958    211   1.3076    0.119
P-n55-k15 	BT-3   55   18    220    1    856   1174    950    229   1.4191    0.110
P-n55-k15 	BT-3   55    9    110    0    856   1222    945     74 1921.2819    0.104
P-n55-k15 	BT-3   55    9    110    1    856    945    945     78 1921.3112    0.104
P-n55-k15 	BT-3   55   30    110    0    856   1222    945     83 1468.9657    0.104
P-n55-k15 	BT-3   55   30    110    1    856    945    945     73 1468.9192    0.104
P-n55-k15 	BT-3   55   18    220    0    856   1188    956    299   1.9074    0.117
P-n55-k15 	BT-3   55   18    220    1    856   1174    954    420   2.6928    0.114
P-n55-k15 	BT-3   55    9    110    0    856   1222    945     79 116.4533    0.104
P-n55-k15 	BT-3   55    9    110    1    856    945    945     75 116.4332    0.104
P-n55-k15 	BT-3   55   30    110    0    856   1222    945     85 349.3892    0.104
P-n55-k15 	BT-3   55   30    110    1    856    945    945     82 349.3768    0.104
P-n55-k15 	BT-3   55   18    220    0    856   1188    958    209   1.2898    0.119
P-n55-k15 	BT-3   55   18    220    1    856   1174    950    226   1.4074    0.110
P-n55-k15 	BT-3   55    9    110    0    856   1222    945     80 1050.8553    0.104
P-n55-k15 	BT-3   55    9    110    1    856    945    945     76 1050.8252    0.104
P-n55-k15 	BT-3   55   30    110    0    856   1222    945     83 -1142.4485    0.104
P-n55-k15 	BT-3   55   30    110    1    856    945    945     82 -1142.4657    0.104
P-n55-k15 	BT-3   55   18    220    0    856   1188    958    212   1.3228    0.119
P-n55-k15 	BT-3   55   18    220    1    856   1174    950    229   1.4354    0.110
P-n55-k15 	BT-3   55    9    110    0    856   1222    945     75 870.2896    0.104
P-n55-k15 	BT-3   55    9    110    1    856    945    945     75 870.3085    0.104
P-n55-k15 	BT-3   55   30    110    0    856   1222    945     75 -1684.0649    0.104
P-n55-k15 	BT-3   55   30    110    1    856    945    945     73 -1684.0759    0.104
P-n55-k15 	BT-3   55   18    220    0    856   1188    960    210   1.3097    0.121
P-n55-k15 	BT-3   55   18    220    1    856   1174    961    195   1.2143    0.123
P-n55-k15 	BT-3   55    9    110    0    856   1222    945     77 -754.6903    0.104
P-n55-k15 	BT-3   55    9    110    1    856    945    945     81 -754.6642    0.104
P-n55-k15 	BT-3   55   30    110    0    856   1222    945     80 2030.9276    0.104
P-n55-k15 	BT-3   55   30    110    1    856    945    945     77 2030.9333    0.104
P-n55-k15 	BT-3   55   18    220    0    856   1188    960    205   1.2762    0.121
P-n55-k15 	BT-3   55   18    220    1    856   1174    951    314   1.9659    0.111
P-n55-k15 	BT-3   55    9    110    0    856   1222    945     75 1801.0336    0.104
P-n55-k15 	BT-3   55    9    110    1    856    945    945     81 1801.0786    0.104
P-n55-k15 	BT-3   55   30    110    0    856   1222    945     79 1108.2129    0.104
P-n55-k15 	BT-3   55   30    110    1    856    945    945     79 1108.2063    0.104
P-n55-k15 	BT-3   55   18    220    0    856   1188    956    292   1.8280    0.117
P-n55-k15 	BT-3   55   18    220    1    856   1174    950    319   1.9788    0.110
P-n55-k15 	BT-3   55    9    110    0    856   1222    945     75 -966.5575    0.104
P-n55-k15 	BT-3   55    9    110    1    856    945    945     78 -966.5369    0.104
P-n55-k15 	BT-3   55   30    110    0    856   1222    945     75 1395.3118    0.104
P-n55-k15 	BT-3   55   30    110    1    856    945    945     79 1395.3451    0.104
P-n55-k15 	BT-3   55   18    220    0    856   1188    956    259   1.6496    0.117
P-n55-k15 	BT-3   55   18    220    1    856   1174    959    336   2.1236    0.120
P-n55-k15 	BT-3   55    9    110    0    856   1222    945     81 -105.1874    0.104
P-n55-k15 	BT-3   55    9    110    1    856    945    945     78 -105.2042    0.104
P-n55-k15 	BT-3   55   30    110    0    856   1222    945     74 -315.6176    0.104
P-n55-k15 	BT-3   55   30    110    1    856    945    945     78 -315.5907    0.104
P-n55-k15 	BT-3   55   18    220    0    856   1188    961    224   1.3689    0.123
P-n55-k15 	BT-3   55   18    220    1    856   1174    952    218   1.3361    0.112
P-n55-k15 	BT-3   55    9    110    0    856   1222    945     81 -944.0703    0.104
P-n55-k15 	BT-3   55    9    110    1    856    945    945     72 -944.1363    0.104
P-n55-k15 	BT-3   55   30    110    0    856   1222    945     76 1462.6335    0.104
P-n55-k15 	BT-3   55   30    110    1    856    945    945     82 1462.6978    0.104
P-n55-k15 	BT-3   55   18    220    0    856   1188    960    205   1.2939    0.121
P-n55-k15 	BT-3   55   18    220    1    856   1174    950    577   3.6861    0.110
P-n55-k15 	BT-3   55    9    110    0    856   1222    945     82  98.0307    0.104
P-n55-k15 	BT-3   55    9    110    1    856    945    945     76  97.9914    0.104
P-n55-k15 	BT-3   55   30    110    0    856   1222    945     79 294.0295    0.104
P-n55-k15 	BT-3   55   30    110    1    856    945    945     75 294.0071    0.104
P-n55-k15 	BT-3   55   18    220    0    856   1188    960    221   1.3835    0.121
P-n55-k15 	BT-3   55   18    220    1    856   1174    951    283   1.7743    0.111
P-n55-k15 	BT-3   55    9    110    0    856   1222    945     77 885.2218    0.104
P-n55-k15 	BT-3   55    9    110    1    856    945    945     78 885.2255    0.104
P-n55-k15 	BT-3   55   30    110    0    856   1222    945     79 -1639.3058    0.104
P-n55-k15 	BT-3   55   30    110    1    856    945    945     78 -1639.3042    0.104
P-n55-k15 	BT-3   55   18    220    0    856   1188    958    222   1.3960    0.119
P-n55-k15 	BT-3   55   18    220    1    856   1174    956    295   1.8561    0.117
P-n55-k15 	BT-3   55    9    110    0    856   1222    945     80 -619.6945    0.104
P-n55-k15 	BT-3   55    9    110    1    856    945    945     76 -619.7015    0.104
P-n55-k15 	BT-3   55   30    110    0    856   1222    945     81 -1859.0664    0.104
P-n55-k15 	BT-3   55   30    110    1    856    945    945     78 -1859.0774    0.104
P-n55-k15 	BT-3   55   18    220    0    856   1188    960    214   1.3328    0.121
P-n55-k15 	BT-3   55   18    220    1    856   1174    950    220   1.3695    0.110
P-n55-k15 	BT-3   55    9    110    0    856   1222    945     75 -1279.5775    0.104
P-n55-k15 	BT-3   55    9    110    1    856    945    945     72 -1279.5953    0.104
P-n55-k15 	BT-3   55   30    110    0    856   1222    945     79 456.2449    0.104
P-n55-k15 	BT-3   55   30    110    1    856    945    945     76 456.2202    0.104
P-n55-k15 	BT-3   55   18    220    0    856   1188    960    211   1.3126    0.121
P-n55-k15 	BT-3   55   18    220    1    856   1174    970    262   1.6361    0.133
P-n55-k15 	BT-3   55    9    110    0    856   1222    945     76 1371.6365    0.104
P-n55-k15 	BT-3   55    9    110    1    856    945    945     83 1371.6832    0.104
P-n55-k15 	BT-3   55   30    110    0    856   1222    945     84 -179.9650    0.104
P-n55-k15 	BT-3   55   30    110    1    856    945    945     79 -179.9900    0.104
P-n55-k15 	BT-3   55   18    220    0    856   1188    960    215   1.3391    0.121
P-n55-k15 	BT-3   55   18    220    1    856   1174    950    238   1.4821    0.110
P-n55-k15 	BT-3   55    9    110    0    856   1222    945     86 -537.0884    0.104
P-n55-k15 	BT-3   55    9    110    1    856    945    945     76 -537.1430    0.104
P-n55-k15 	BT-3   55   30    110    0    856   1222    945     78 -1611.3755    0.104
P-n55-k15 	BT-3   55   30    110    1    856    945    945     80 -1611.3511    0.104
P-n55-k15 	BT-3   55   18    220    0    856   1188    958    216   1.3504    0.119
P-n55-k15 	BT-3   55   18    220    1    856   1174    951    236   1.4630    0.111
P-n55-k15 	BT-3   55    9    110    0    856   1222    945     84 -536.2915    0.104
P-n55-k15 	BT-3   55    9    110    1    856    945    945     78 -536.3063    0.104
P-n55-k15 	BT-3   55   30    110    0    856   1222    945     76 -1608.9061    0.104
P-n55-k15 	BT-3   55   30    110    1    856    945    945     81 -1608.8831    0.104
P-n55-k15 	BT-3   55   18    220    0    856   1188    958    201   1.2339    0.119
P-n55-k15 	BT-3   55   18    220    1    856   1174    950    227   1.4102    0.110
P-n55-k15 	BT-3   55    9    110    0    856   1222    945     80 -529.0744    0.104
P-n55-k15 	BT-3   55    9    110    1    856    945    945     82 -529.0571    0.104
P-n55-k15 	BT-3   55   30    110    0    856   1222    945     82 -1587.1876    0.104
P-n55-k15 	BT-3   55   30    110    1    856    945    945     75 -1587.2384    0.104
P-n55-k15 	BT-3   55   18    220    0    856   1188    960    231   1.4441    0.121
P-n55-k15 	BT-3   55   18    220    1    856   1174    968    210   1.3056    0.131
P-n55-k15 	BT-3   55    9    110    0    856   1222    945     82 -463.9193    0.104
P-n55-k15 	BT-3   55    9    110    1    856    945    945     79 -463.9149    0.104
P-n55-k15 	BT-3   55   30    110    0    856   1222    945     80 -1391.7469    0.104
P-n55-k15 	BT-3   55   30    110    1    856    945    945     74 -1391.7863    0.104
P-n55-k15 	BT-3   55   18    220    0    856   1188    956    313   1.9611    0.117
P-n55-k15 	BT-3   55   18    220    1    856   1174    958    219   1.3569    0.119
P-n55-k15 	BT-3   55    9    110    0    856   1222    945     81 123.0054    0.104
P-n55-k15 	BT-3   55    9    110    1    856    945    945     74 122.9683    0.104
P-n55-k15 	BT-3   55   30    110    0    856   1222    945     75 368.9445    0.104
P-n55-k15 	BT-3   55   30    110    1    856    945    945     69 368.9184    0.104
P-n55-k15 	BT-3   55   18    220    0    856   1188    951    308   2.0023    0.111
P-n55-k15 	BT-3   55   18    220    1    856   1174    967    325   2.0664    0.130
P-n55-k15 	BT-3   55    9    110    0    856   1222    945     79 1110.8853    0.104
P-n55-k15 	BT-3   55    9    110    1    856    945    945     77 1110.8904    0.104
P-n55-k15 	BT-3   55   30    110    0    856   1222    945     82 -962.2695    0.104
P-n55-k15 	BT-3   55   30    110    1    856    945    945     77 -962.2903    0.104
P-n55-k15 	BT-3   55   18    220    0    856   1188    960    210   1.3093    0.121
P-n55-k15 	BT-3   55   18    220    1    856   1174    949    362   2.2661    0.109
P-n55-k15 	BT-3   55    9    110    0    856   1222    945     73 1411.6641    0.104
P-n55-k15 	BT-3   55    9    110    1    856    945    945     73 1411.6575    0.104
P-n55-k15 	BT-3   55   30    110    0    856   1222    945     82 -59.9413    0.104
P-n55-k15 	BT-3   55   30    110    1    856    945    945     73 -59.9860    0.104
P-n55-k15 	BT-3   55   18    220    0    856   1188    956    375   2.3923    0.117
P-n55-k15 	BT-3   55   18    220    1    856   1174    950    239   1.4962    0.110
P-n55-k15 	BT-3   55    9    110    0    856   1222    945     71 -176.0449    0.104
P-n55-k15 	BT-3   55    9    110    1    856    945    945     77 -176.0016    0.104
P-n55-k15 	BT-3   55   30    110    0    856   1222    945     80 -528.0209    0.104
P-n55-k15 	BT-3   55   30    110    1    856    945    945     77 -528.0585    0.104
P-n55-k15 	BT-3   55   18    220    0    856   1188    958    221   1.3793    0.119
P-n55-k15 	BT-3   55   18    220    1    856   1174    956    218   1.3475    0.117
P-n55-k15 	BT-3   55    9    110    0    856   1222    949     97 -1581.3915    0.109
P-n55-k15 	BT-3   55    9    110    1    856    945    945     78 -1581.3958    0.104
P-n55-k15 	BT-3   55   30    110    0    856   1222    945     84 -449.1608    0.104
P-n55-k15 	BT-3   55   30    110    1    856    945    945     76 -449.2277    0.104
P-n55-k15 	BT-3   55   18    220    0    856   1188    951    599   3.8888    0.111
P-n55-k15 	BT-3   55   18    220    1    856   1174    951    225   1.3875    0.111
P-n55-k15 	BT-3   55    9    110    0    856   1222    945     79 -1342.3379    0.104
P-n55-k15 	BT-3   55    9    110    1    856    945    945     75 -1342.3422    0.104
P-n55-k15 	BT-3   55   30    110    0    856   1222    945     82 267.9875    0.104
P-n55-k15 	BT-3   55   30    110    1    856    945    945     75 267.9558    0.104
P-n55-k15 	BT-3   55   18    220    0    856   1188    969    195   1.2203    0.132
P-n55-k15 	BT-3   55   18    220    1    856   1174    960    217   1.3332    0.121
P-n55-k15 	BT-3   55    9    110    0    856   1222    945     78 806.4510    0.104
P-n55-k15 	BT-3   55    9    110    1    856    945    945     78 806.4592    0.104
P-n55-k15 	BT-3   55   30    110    0    856   1222    945     80 -1875.6014    0.104
P-n55-k15 	BT-3   55   30    110    1    856    945    945     72 -1875.6392    0.104
P-n55-k15 	BT-3   55   18    220    0    856   1188    958    212   1.3258    0.119
P-n55-k15 	BT-3   55   18    220    1    856   1174    961    322   2.0334    0.123
P-n55-k15 	BT-3   55    9    110    0    856   1222    945     83 -1328.4973    0.104
P-n55-k15 	BT-3   55    9    110    1    856    945    945     75 -1328.5282    0.104
P-n55-k15 	BT-3   55   30    110    0    856   1222    945     81 309.4518    0.104
P-n55-k15 	BT-3   55   30    110    1    856    945    945     75 309.4095    0.104
P-n55-k15 	BT-3   55   18    220    0    856   1188    958    285   1.8042    0.119
P-n55-k15 	BT-3   55   18    220    1    856   1174    945    373   2.3594    0.104
P-n55-k15 	BT-3   55    9    110    0    856   1222    945     80 932.4578    0.104
P-n55-k15 	BT-3   55    9    110    1    856    945    945     81 932.4739    0.104
P-n55-k15 	BT-3   55   30    110    0    856   1222    945     79 -1497.5482    0.104
P-n55-k15 	BT-3   55   30    110    1    856    945    945     77 -1497.5399    0.104
P-n55-k15 	BT-3   55   18    220    0    856   1188    960    225   1.4174    0.121
P-n55-k15 	BT-3   55   18    220    1    856   1174    968    197   1.2212    0.131
P-n55-k15 	BT-3   55    9    110    0    856   1222    945     79 -195.0583    0.104
P-n55-k15 	BT-3   55    9    110    1    856    945    945     75 -195.0811    0.104
P-n55-k15 	BT-3   55   30    110    0    856   1222    945     84 -585.1564    0.104
P-n55-k15 	BT-3   55   30    110    1    856    945    945     80 -585.1935    0.104
P-n55-k15 	BT-3   55   18    220    0    856   1188    960    224   1.4039    0.121
P-n55-k15 	BT-3   55   18    220    1    856   1174    962    308   1.9612    0.124
P-n55-k15 	BT-3   55    9    110    0    856   1222    945     83 -1752.1581    0.104
P-n55-k15 	BT-3   55    9    110    1    856    945    945     74 -1752.2128    0.104
P-n55-k15 	BT-3   55   30    110    0    856   1222    945     70 -961.6511    0.104
P-n55-k15 	BT-3   55   30    110    1    856    945    945     77 -961.6016    0.104
P-n55-k15 	BT-3   55   18    220    0    856   1188    958    251   1.6090    0.119
P-n55-k15 	BT-3   55   18    220    1    856   1174    956    232   1.4419    0.117
P-n55-k15 	BT-3   55    9    110    0    856   1222    945     80 1413.1671    0.104
P-n55-k15 	BT-3   55    9    110    1    856    945    945     74 1413.1498    0.104
P-n55-k15 	BT-3   55   30    110    0    856   1222    945     82 -55.4574    0.104
P-n55-k15 	BT-3   55   30    110    1    856    945    945     73 -55.5081    0.104
P-n55-k15 	BT-3   55   18    220    0    856   1188    960    219   1.3678    0.121
P-n55-k15 	BT-3   55   18    220    1    856   1174    950    276   1.7385    0.110
P-n55-k15 	BT-3   55    9    110    0    856   1222    945     81 -163.3289    0.104
P-n55-k15 	BT-3   55    9    110    1    856    945    945     81 -163.3140    0.104
P-n55-k15 	BT-3   55   30    110    0    856   1222    945     74 -490.0087    0.104
P-n55-k15 	BT-3   55   30    110    1    856    945    945     71 -490.0155    0.104
P-n55-k15 	BT-3   55   18    220    0    856   1188    956    292   1.8640    0.117
P-n55-k15 	BT-3   55   18    220    1    856   1174    960    236   1.4632    0.121
P-n55-k15 	BT-3   55    9    110    0    856   1222    945     79 -1466.6862    0.104
P-n55-k15 	BT-3   55    9    110    1    856    945    945     82 -1466.6500    0.104
P-n55-k15 	BT-3   55   30    110    0    856   1222    945     80 -105.0382    0.104
P-n55-k15 	BT-3   55   30    110    1    856    945    945     73 -105.0807    0.104
P-n55-k15 	BT-3   55   18    220    0    856   1188    958    207   1.2865    0.119
P-n55-k15 	BT-3   55   18    220    1    856   1174    956    211   1.3037    0.117
P-n55-k15 	BT-3   55    9    110    0    856   1222    945     80 -312.5757    0.104
P-n55-k15 	BT-3   55    9    110    1    856    945    945     76 -312.5851    0.104
P-n55-k15 	BT-3   55   30    110    0    856   1222    945     78 -937.7274    0.104
P-n55-k15 	BT-3   55   30    110    1    856    945    945     74 -937.7442    0.104
P-n55-k15 	BT-3   55   18    220    0    856   1188    960    209   1.3163    0.121
P-n55-k15 	BT-3   55   18    220    1    856   1174    950    232   1.4550    0.110
P-n55-k15 	BT-3   55    9    110    0    856   1222    945     72 1484.4880    0.104
P-n55-k15 	BT-3   55    9    110    1    856    945    945     80 1484.5474    0.104
P-n55-k15 	BT-3   55   30    110    0    856   1222    945     87 158.6825    0.104
P-n55-k15 	BT-3   55   30    110    1    856    945    945     71 158.5554    0.104
P-n55-k15 	BT-3   55   18    220    0    856   1188    958    210   1.3091    0.119
P-n55-k15 	BT-3   55   18    220    1    856   1174    961    313   1.9666    0.123
P-n55-k15 	BT-3   55    9    110    0    856   1222    945     85 479.1543    0.104
P-n55-k15 	BT-3   55    9    110    1    856    945    945     80 479.1323    0.104
P-n55-k15 	BT-3   55   30    110    0    856   1222    945     79 1437.4050    0.104
P-n55-k15 	BT-3   55   30    110    1    856    945    945     76 1437.3875    0.104
P-n55-k15 	BT-3   55   18    220    0    856   1188    958    206   1.2956    0.119
P-n55-k15 	BT-3   55   18    220    1    856   1174    964    410   2.6054    0.126
P-n55-k15 	BT-3   55    9    110    0    856   1222    945     76  21.1068    0.104
P-n55-k15 	BT-3   55    9    110    1    856    945    945     79  21.1333    0.104
P-n55-k15 	BT-3   55   30    110    0    856   1222    945     79  63.3611    0.104
P-n55-k15 	BT-3   55   30    110    1    856    945    945     83  63.3936    0.104
P-n55-k15 	BT-3   55   18    220    0    856   1188    960    220   1.3808    0.121
P-n55-k15 	BT-3   55   18    220    1    856   1174    956    213   1.3205    0.117
P-n55-k15 	BT-3   55    9    110    0    856   1222    945     85 192.8785    0.104
P-n55-k15 	BT-3   55    9    110    1    856    945    945     73 192.8019    0.104
P-n55-k15 	BT-3   55   30    110    0    856   1222    945     83 578.5278    0.104
P-n55-k15 	BT-3   55   30    110    1    856    945    945     73 578.4741    0.104
P-n55-k15 	BT-3   55   18    220    0    856   1188    958    210   1.3124    0.119
P-n55-k15 	BT-3   55   18    220    1    856   1174    950    229   1.4431    0.110
P-n55-k15 	BT-3   55    9    110    0    856   1222    945     82 1738.2941    0.104
P-n55-k15 	BT-3   55    9    110    1    856    945    945     72 1738.2212    0.104
P-n55-k15 	BT-3   55   30    110    0    856   1222    945     77 919.7972    0.104
P-n55-k15 	BT-3   55   30    110    1    856    945    945     80 919.8213    0.104
P-n55-k15 	BT-3   55   18    220    0    856   1188    958    212   1.3271    0.119
P-n55-k15 	BT-3   55   18    220    1    856   1174    950    284   1.7753    0.110
P-n55-k15 	BT-3   55    9    110    0    856   1222    945     72 -1532.4781    0.104
P-n55-k15 	BT-3   55    9    110    1    856    945    945     80 -1532.4218    0.104
P-n55-k15 	BT-3   55   30    110    0    856   1222    945     75 -302.3965    0.104
P-n55-k15 	BT-3   55   30    110    1    856    945    945     84 -302.3387    0.104
P-n55-k15 	BT-3   55   18    220    0    856   1188    960    210   1.3240    0.121
P-n55-k15 	BT-3   55   18    220    1    856   1174    956    223   1.3706    0.117
P-n55-k15 	BT-3   55    9    110    0    856   1222    945     81 -904.4025    0.104
P-n55-k15 	BT-3   55    9    110    1    856    945    945     74 -904.4362    0.104
P-n55-k15 	BT-3   55   30    110    0    856   1222    945     80 1581.7294    0.104
P-n55-k15 	BT-3   55   30    110    1    856    945    945     77 1581.7108    0.104
P-n55-k15 	BT-3   55   18    220    0    856   1188    958    248   1.5560    0.119
P-n55-k15 	BT-3   55   18    220    1    856   1174    951    366   2.3318    0.111
P-n55-k15 	BT-3   55    9    110    0    856   1222    945     80 454.0845    0.104
P-n55-k15 	BT-3   55    9    110    1    856    945    945     74 454.0551    0.104
P-n55-k15 	BT-3   55   30    110    0    856   1222    945     78 1362.2120    0.104
P-n55-k15 	BT-3   55   30    110    1    856    945    945     70 1362.1620    0.104
P-n55-k15 	BT-3   55   18    220    0    856   1188    961    215   1.3238    0.123
P-n55-k15 	BT-3   55   18    220    1    856   1174    978    226   1.4299    0.143
P-n55-k15 	BT-3   55    9    110    0    856   1222    945     75 -205.6612    0.104
P-n55-k15 	BT-3   55    9    110    1    856    945    945     74 -205.6472    0.104
P-n55-k15 	BT-3   55   30    110    0    856   1222    945     83 -616.8859    0.104
P-n55-k15 	BT-3   55   30    110    1    856    945    945     74 -616.9605    0.104
P-n55-k15 	BT-3   55   18    220    0    856   1188    960    233   1.4611    0.121
P-n55-k15 	BT-3   55   18    220    1    856   1174    951    373   2.3537    0.111
P-n55-k15 	BT-3   55    9    110    0    856   1222    945     81 -1846.9526    0.104
P-n55-k15 	BT-3   55    9    110    1    856    945    945     73 -1846.9955    0.104
P-n55-k15 	BT-3   55   30    110    0    856   1222    945     77 -1245.9498    0.104
P-n55-k15 	BT-3   55   30    110    1    856    945    945     73 -1245.9788    0.104
P-n55-k15 	BT-3   55   18    220    0    856   1188    958    204   1.2848    0.119
P-n55-k15 	BT-3   55   18    220    1    856   1174    950    240   1.4980    0.110
P-n55-k15 	BT-3   55    9    110    0    856   1222    945     80 559.8978    0.104
P-n55-k15 	BT-3   55    9    110    1    856    945    945     83 559.9116    0.104
P-n55-k15 	BT-3   55   30    110    0    856   1222    945     81 1679.7097    0.104
P-n55-k15 	BT-3   55   30    110    1    856    945    945     78 1679.6923    0.104
P-n55-k15 	BT-3   55   18    220    0    856   1188    960    221   1.3783    0.121
P-n55-k15 	BT-3   55   18    220    1    856   1174    950    234   1.4453    0.110
P-n55-k15 	BT-3   55    9    110    0    856   1222    945     79 746.9538    0.104
P-n55-k15 	BT-3   55    9    110    1    856    945    945     77 746.9432    0.104
P-n55-k15 	BT-3   55   30    110    0    856   1222    945     77 -2054.1296    0.104
P-n55-k15 	BT-3   55   30    110    1    856    945    945     71 -2054.1729    0.104
P-n55-k15 	BT-3   55   18    220    0    856   1188    960    231   1.4612    0.121
P-n55-k15 	BT-3   55   18    220    1    856   1174    949    388   2.4511    0.109
P-n55-k15 	BT-3   55    9    110    0    856   1222    945     80 -1863.5452    0.104
P-n55-k15 	BT-3   55    9    110    1    856    945    945     77 -1863.5514    0.104
P-n55-k15 	BT-3   55   30    110    0    856   1222    945     81 -1295.6449    0.104
P-n55-k15 	BT-3   55   30    110    1    856    945    945     82 -1295.6334    0.104
P-n55-k15 	BT-3   55   18    220    0    856   1188    958    213   1.3166    0.119
P-n55-k15 	BT-3   55   18    220    1    856   1174    958    292   1.8693    0.119
P-n55-k15 	BT-3   55    9    110    0    856   1222    945     79 411.1923    0.104
P-n55-k15 	BT-3   55    9    110    1    856    945    945     77 411.1907    0.104
P-n55-k15 	BT-3   55   30    110    0    856   1222    945     80 1233.5919    0.104
P-n55-k15 	BT-3   55   30    110    1    856    945    945     69 1233.5254    0.104
P-n55-k15 	BT-3   55   18    220    0    856   1188    958    204   1.2783    0.119
P-n55-k15 	BT-3   55   18    220    1    856   1174    968    205   1.2710    0.131
P-n55-k15 	BT-3   55    9    110    0    856   1222    945     77 -591.7289    0.104
P-n55-k15 	BT-3   55    9    110    1    856    945    945     73 -591.7516    0.104
P-n55-k15 	BT-3   55   30    110    0    856   1222    945     77 -1775.2109    0.104
P-n55-k15 	BT-3   55   30    110    1    856    945    945     80 -1775.1895    0.104
P-n55-k15 	BT-3   55   18    220    0    856   1188    960    212   1.3186    0.121
P-n55-k15 	BT-3   55   18    220    1    856   1174    950    228   1.4164    0.110
P-n55-k15 	BT-3   55    9    110    0    856   1222    945     83 -1027.8756    0.104
P-n55-k15 	BT-3   55    9    110    1    856    945    945     74 -1027.9193    0.104
P-n55-k15 	BT-3   55   30    110    0    856   1222    945     80 1211.2949    0.104
P-n55-k15 	BT-3   55   30    110    1    856    945    945     75 1211.2557    0.104
P-n55-k15 	BT-3   55   18    220    0    856   1188    956    315   2.0139    0.117
P-n55-k15 	BT-3   55   18    220    1    856   1174    950    221   1.3523    0.110
P-n55-k15 	BT-3   55    9    110    0    856   1222    945     75 -657.7983    0.104
P-n55-k15 	BT-3   55    9    110    1    856    945    945     78 -657.7749    0.104
P-n55-k15 	BT-3   55   30    110    0    856   1222    945     81 -1973.3296    0.104
P-n55-k15 	BT-3   55   30    110    1    856    945    945     79 -1973.3398    0.104
P-n55-k15 	BT-3   55   18    220    0    856   1188    960    216   1.3443    0.121
P-n55-k15 	BT-3   55   18    220    1    856   1174    950    247   1.5143    0.110
P-n55-k15 	BT-3   55    9    110    0    856   1222    945     79 -1622.2010    0.104
P-n55-k15 	BT-3   55    9    110    1    856    945    945     73 -1622.2228    0.104
P-n55-k15 	BT-3   55   30    110    0    856   1222    945     79 -571.6422    0.104
P-n55-k15 	BT-3   55   30    110    1    856    945    945     77 -571.6389    0.104
P-n55-k15 	BT-3   55   18    220    0    856   1188    956    260   1.6617    0.117
P-n55-k15 	BT-3   55   18    220    1    856   1174    952    206   1.2658    0.112
P-n55-k15 	BT-3   55    9    110    0    856   1222    945     82 -1711.9983    0.104
P-n55-k15 	BT-3   55    9    110    1    856    945    945     71 -1712.0474    0.104
P-n55-k15 	BT-3   55   30    110    0    856   1222    945     83 -841.0519    0.104
P-n55-k15 	BT-3   55   30    110    1    856    945    945     82 -841.0535    0.104
P-n55-k15 	BT-3   55   18    220    0    856   1188    956    197   1.2141    0.117
P-n55-k15 	BT-3   55   18    220    1    856   1174    952    253   1.5750    0.112
P-n55-k15 	BT-3   55    9    110    0    856   1222    945     82 1774.6022    0.104
P-n55-k15 	BT-3   55    9    110    1    856    945    945     81 1774.5897    0.104
P-n55-k15 	BT-3   55   30    110    0    856   1222    945     76 1028.7770    0.104
P-n55-k15 	BT-3   55   30    110    1    856    945    945     73 1028.7609    0.104
P-n55-k15 	BT-3   55   18    220    0    856   1188    956    301   1.9371    0.117
P-n55-k15 	BT-3   55   18    220    1    856   1174    950    234   1.4492    0.110
P-n55-k15 	BT-3   55    9    110    0    856   1222    945     82 -1205.2426    0.104
P-n55-k15 	BT-3   55    9    110    1    856    945    945     77 -1205.2520    0.104
P-n55-k15 	BT-3   55   30    110    0    856   1222    945     82 679.2579    0.104
P-n55-k15 	BT-3   55   30    110    1    856    945    945     73 679.1898    0.104
P-n55-k15 	BT-3   55   18    220    0    856   1188    958    207   1.2906    0.119
P-n55-k15 	BT-3   55   18    220    1    856   1174    950    222   1.3820    0.110
P-n55-k15 	BT-3   55    9    110    0    856   1222    945     79 2040.3425    0.104
P-n55-k15 	BT-3   55    9    110    1    856    945    945     78 2040.3442    0.104
P-n55-k15 	BT-3   55   30    110    0    856   1222    945     77 1826.0479    0.104
P-n55-k15 	BT-3   55   30    110    1    856    945    945     82 1826.0906    0.104
P-n55-k15 	BT-3   55   18    220    0    856   1188    958    211   1.3217    0.119
P-n55-k15 	BT-3   55   18    220    1    856   1174    961    269   1.6607    0.123
P-n55-k15 	BT-3   55    9    110    0    856   1222    945     82 1186.2239    0.104
P-n55-k15 	BT-3   55    9    110    1    856    945    945     78 1186.2228    0.104
P-n55-k15 	BT-3   55   30    110    0    856   1222    945     80 -736.2704    0.104
P-n55-k15 	BT-3   55   30    110    1    856    945    945     73 -736.3394    0.104
P-n55-k15 	BT-3   55   18    220    0    856   1188    960    226   1.4130    0.121
P-n55-k15 	BT-3   55   18    220    1    856   1174    967    355   2.2591    0.130
P-n55-k15 	BT-3   55    9    110    0    856   1222    945     83 2089.7439    0.104
P-n55-k15 	BT-3   55    9    110    1    856    945    945     81 2089.7468    0.104
P-n55-k15 	BT-3   55   30    110    0    856   1222    945     77 1974.2406    0.104
P-n55-k15 	BT-3   55   30    110    1    856    945    945     74 1974.2177    0.104
P-n55-k15 	BT-3   55   18    220    0    856   1188    958    221   1.3914    0.119
P-n55-k15 	BT-3   55   18    220    1    856   1174    950    230   1.3982    0.110
P-n55-k15 	BT-3   55    9    110    0    856   1222    945     81 1630.5271    0.104
P-n55-k15 	BT-3   55    9    110    1    856    945    945     80 1630.5425    0.104
P-n55-k15 	BT-3   55   30    110    0    856   1222    945     83 596.6688    0.104
P-n55-k15 	BT-3   55   30    110    1    856    945    945     76 596.6152    0.104
P-n55-k15 	BT-3   55   18    220    0    856   1188    960    219   1.3641    0.121
P-n55-k15 	BT-3   55   18    220    1    856   1174    961    297   1.8780    0.123
P-n55-k15 	BT-3   55    9    110    0    856   1222    945     82 1793.1913    0.104
P-n55-k15 	BT-3   55    9    110    1    856    945    945     79 1793.1649    0.104
P-n55-k15 	BT-3   55   30    110    0    856   1222    945     80 1084.5529    0.104
P-n55-k15 	BT-3   55   30    110    1    856    945    945     79 1084.5496    0.104
