P-n20-k2 	BT-1   20    6     80    0    220    282    216    122   0.0268   -0.018
P-n20-k2 	BT-1   20    6     80    1    220    282    216    192   0.0408   -0.018
P-n20-k2 	BT-1   20    3     40    0    220    216    216     40   0.0757   -0.018
P-n20-k2 	BT-1   20    3     40    1    220    216    216     40   0.0760   -0.018
P-n20-k2 	BT-1   20    4     40    0    220    216    216     40   0.2274   -0.018
P-n20-k2 	BT-1   20    4     40    1    220    216    216     40   0.2274   -0.018
P-n20-k2 	BT-2   20    6     80    0    220    282    238     83   0.0184    0.082
P-n20-k2 	BT-2   20    6     80    1    220    282    216    115   0.0251   -0.018
P-n20-k2 	BT-2   20    3     40    0    220    216    216     40   0.0516   -0.018
P-n20-k2 	BT-2   20    3     40    1    220    216    216     40   0.0519   -0.018
P-n20-k2 	BT-2   20    4     40    0    220    216    216     40   0.1551   -0.018
P-n20-k2 	BT-2   20    4     40    1    220    216    216     40   0.1552   -0.018
P-n20-k2 	BT-3   20    6     80    0    220    282    217     70   0.0145   -0.014
P-n20-k2 	BT-3   20    6     80    1    220    282    224    135   0.0284    0.018
P-n20-k2 	BT-3   20    3     40    0    220    217    216     29   0.0487   -0.018
P-n20-k2 	BT-3   20    3     40    1    220    217    216     29   0.0489   -0.018
P-n20-k2 	BT-3   20    4     40    0    220    216    216     29   0.1464   -0.018
P-n20-k2 	BT-3   20    4     40    1    220    216    216     29   0.1464   -0.018
P-n20-k2 	BT-3   20    6     80    0    220    282    217     75   0.0156   -0.014
P-n20-k2 	BT-3   20    6     80    1    220    282    216    117   0.0243   -0.018
P-n20-k2 	BT-3   20    3     40    0    220    216    216     25   0.4788   -0.018
P-n20-k2 	BT-3   20    3     40    1    220    216    216     29   0.4796   -0.018
P-n20-k2 	BT-3   20    4     40    0    220    216    216     28   1.4373   -0.018
P-n20-k2 	BT-3   20    4     40    1    220    216    216     29   1.4376   -0.018
P-n20-k2 	BT-3   20    6     80    0    220    282    218     71   0.0141   -0.009
P-n20-k2 	BT-3   20    6     80    1    220    282    217    122   0.0240   -0.014
P-n20-k2 	BT-3   20    3     40    0    220    216    216     28   4.3503   -0.018
P-n20-k2 	BT-3   20    3     40    1    220    216    216     29   4.3506   -0.018
P-n20-k2 	BT-3   20    4     40    0    220    216    216     27  13.0511   -0.018
P-n20-k2 	BT-3   20    4     40    1    220    216    216     30  13.0516   -0.018
P-n20-k2 	BT-3   20    6     80    0    220    282    216    118   0.0235   -0.018
P-n20-k2 	BT-3   20    6     80    1    220    282    219    104   0.0209   -0.005
P-n20-k2 	BT-3   20    3     40    0    220    216    216     29  39.1986   -0.018
P-n20-k2 	BT-3   20    3     40    1    220    216    216     29  39.1986   -0.018
P-n20-k2 	BT-3   20    4     40    0    220    216    216     34 117.5968   -0.018
P-n20-k2 	BT-3   20    4     40    1    220    216    216     29 117.5958   -0.018
P-n20-k2 	BT-3   20    6     80    0    220    282    217     75   0.0148   -0.014
P-n20-k2 	BT-3   20    6     80    1    220    282    217    100   0.0196   -0.014
P-n20-k2 	BT-3   20    3     40    0    220    216    216     29 352.8228   -0.018
P-n20-k2 	BT-3   20    3     40    1    220    216    216     24 352.8219   -0.018
P-n20-k2 	BT-3   20    4     40    0    220    216    216     27 1058.4670   -0.018
P-n20-k2 	BT-3   20    4     40    1    220    216    216     30 1058.4677   -0.018
P-n20-k2 	BT-3   20    6     80    0    220    282    217     75   0.0156   -0.014
P-n20-k2 	BT-3   20    6     80    1    220    282    217    172   0.0359   -0.014
P-n20-k2 	BT-3   20    3     40    0    220    216    216     28 -1119.5140   -0.018
P-n20-k2 	BT-3   20    3     40    1    220    216    216     30 -1119.5129   -0.018
P-n20-k2 	BT-3   20    4     40    0    220    216    216     29 936.4266   -0.018
P-n20-k2 	BT-3   20    4     40    1    220    216    216     26 936.4260   -0.018
P-n20-k2 	BT-3   20    6     80    0    220    282    217     74   0.0156   -0.014
P-n20-k2 	BT-3   20    6     80    1    220    282    216    131   0.0275   -0.018
P-n20-k2 	BT-3   20    3     40    0    220    216    216     26 -1485.6456   -0.018
P-n20-k2 	BT-3   20    3     40    1    220    216    216     28 -1485.6451   -0.018
P-n20-k2 	BT-3   20    4     40    0    220    216    216     27 -161.9689   -0.018
P-n20-k2 	BT-3   20    4     40    1    220    216    216     27 -161.9689   -0.018
P-n20-k2 	BT-3   20    6     80    0    220    282    217     75   0.0148   -0.014
P-n20-k2 	BT-3   20    6     80    1    220    282    226     74   0.0145    0.027
P-n20-k2 	BT-3   20    3     40    0    220    216    216     27 -485.8774   -0.018
P-n20-k2 	BT-3   20    3     40    1    220    216    216     26 -485.8777   -0.018
P-n20-k2 	BT-3   20    4     40    0    220    216    216     28 -1457.6323   -0.018
P-n20-k2 	BT-3   20    4     40    1    220    216    216     26 -1457.6328   -0.018
P-n20-k2 	BT-3   20    6     80    0    220    282    217     72   0.0142   -0.014
P-n20-k2 	BT-3   20    6     80    1    220    282    226     72   0.0142    0.027
P-n20-k2 	BT-3   20    3     40    0    220    216    216     27 -77.9019   -0.018
P-n20-k2 	BT-3   20    3     40    1    220    216    216     29 -77.9014   -0.018
P-n20-k2 	BT-3   20    4     40    0    220    216    216     31 -233.7045   -0.018
P-n20-k2 	BT-3   20    4     40    1    220    216    216     28 -233.7051   -0.018
P-n20-k2 	BT-3   20    6     80    0    220    282    217     75   0.0155   -0.014
P-n20-k2 	BT-3   20    6     80    1    220    282    221    142   0.0298    0.005
P-n20-k2 	BT-3   20    3     40    0    220    216    216     28 -701.0694   -0.018
P-n20-k2 	BT-3   20    3     40    1    220    216    216     25 -701.0699   -0.018
P-n20-k2 	BT-3   20    4     40    0    220    216    216     27 -2103.2090   -0.018
P-n20-k2 	BT-3   20    4     40    1    220    216    216     28 -2103.2085   -0.018
P-n20-k2 	BT-3   20    6     80    0    220    282    217     77   0.0153   -0.014
P-n20-k2 	BT-3   20    6     80    1    220    282    222     95   0.0206    0.009
P-n20-k2 	BT-3   20    3     40    0    220    216    216     27 -2014.6229   -0.018
P-n20-k2 	BT-3   20    3     40    1    220    216    216     28 -2014.6228   -0.018
P-n20-k2 	BT-3   20    4     40    0    220    216    216     27 -1748.9011   -0.018
P-n20-k2 	BT-3   20    4     40    1    220    216    216     30 -1748.9004   -0.018
P-n20-k2 	BT-3   20    6     80    0    220    282    217     73   0.0144   -0.014
P-n20-k2 	BT-3   20    6     80    1    220    282    219     86   0.0169   -0.005
P-n20-k2 	BT-3   20    3     40    0    220    216    216     28 -951.7042   -0.018
P-n20-k2 	BT-3   20    3     40    1    220    216    216     30 -951.7038   -0.018
P-n20-k2 	BT-3   20    4     40    0    220    216    216     29 1439.8553   -0.018
P-n20-k2 	BT-3   20    4     40    1    220    216    216     27 1439.8550   -0.018
P-n20-k2 	BT-3   20    6     80    0    220    282    217     75   0.0149   -0.014
P-n20-k2 	BT-3   20    6     80    1    220    282    218    106   0.0207   -0.009
P-n20-k2 	BT-3   20    3     40    0    220    216    216     27  24.6335   -0.018
P-n20-k2 	BT-3   20    3     40    1    220    216    216     27  24.6335   -0.018
P-n20-k2 	BT-3   20    4     40    0    220    216    216     28  73.9006   -0.018
P-n20-k2 	BT-3   20    4     40    1    220    216    216     30  73.9011   -0.018
P-n20-k2 	BT-3   20    6     80    0    220    282    217     73   0.0144   -0.014
P-n20-k2 	BT-3   20    6     80    1    220    282    226     75   0.0174    0.027
P-n20-k2 	BT-3   20    3     40    0    220    216    216     28 221.7356   -0.018
P-n20-k2 	BT-3   20    3     40    1    220    216    216     29 221.7358   -0.018
P-n20-k2 	BT-3   20    4     40    0    220    216    216     31 665.2081   -0.018
P-n20-k2 	BT-3   20    4     40    1    220    216    216     31 665.2081   -0.018
P-n20-k2 	BT-3   20    6     80    0    220    282    216     93   0.0228   -0.018
P-n20-k2 	BT-3   20    6     80    1    220    282    217    104   0.0252   -0.014
P-n20-k2 	BT-3   20    3     40    0    220    216    216     28 1995.6711   -0.018
P-n20-k2 	BT-3   20    3     40    1    220    216    216     30 1995.6702   -0.018
P-n20-k2 	BT-3   20    4     40    0    220    216    216     32 1692.0447   -0.018
P-n20-k2 	BT-3   20    4     40    1    220    216    216     33 1692.0455   -0.018
P-n20-k2 	BT-3   20    6     80    0    220    282    217     71   0.0141   -0.014
P-n20-k2 	BT-3   20    6     80    1    220    282    226     78   0.0155    0.027
P-n20-k2 	BT-3   20    3     40    0    220    216    216     28 781.1967   -0.018
P-n20-k2 	BT-3   20    3     40    1    220    216    216     29 781.1970   -0.018
P-n20-k2 	BT-3   20    4     40    0    220    216    216     28 -1951.3774   -0.018
P-n20-k2 	BT-3   20    4     40    1    220    216    216     27 -1951.3777   -0.018
P-n20-k2 	BT-3   20    6     80    0    220    282    216    124   0.0245   -0.018
P-n20-k2 	BT-3   20    6     80    1    220    282    216    117   0.0236   -0.018
P-n20-k2 	BT-3   20    3     40    0    220    216    216     25 -1559.1178   -0.018
P-n20-k2 	BT-3   20    3     40    1    220    216    216     29 -1559.1169   -0.018
P-n20-k2 	BT-3   20    4     40    0    220    216    216     29 -382.3844   -0.018
P-n20-k2 	BT-3   20    4     40    1    220    216    216     26 -382.3850   -0.018
P-n20-k2 	BT-3   20    6     80    0    220    282    218    199   0.0399   -0.009
P-n20-k2 	BT-3   20    6     80    1    220    282    216    125   0.0244   -0.018
P-n20-k2 	BT-3   20    3     40    0    220    216    216     29 -1147.0892   -0.018
P-n20-k2 	BT-3   20    3     40    1    220    216    216     27 -1147.0900   -0.018
P-n20-k2 	BT-3   20    4     40    0    220    216    216     29 853.6986   -0.018
P-n20-k2 	BT-3   20    4     40    1    220    216    216     29 853.6985   -0.018
P-n20-k2 	BT-3   20    6     80    0    220    282    216    131   0.0271   -0.018
P-n20-k2 	BT-3   20    6     80    1    220    282    216    108   0.0216   -0.018
P-n20-k2 	BT-3   20    3     40    0    220    216    216     30 -1733.8228   -0.018
P-n20-k2 	BT-3   20    3     40    1    220    216    216     25 -1733.8239   -0.018
P-n20-k2 	BT-3   20    4     40    0    220    216    216     29 -906.5021   -0.018
P-n20-k2 	BT-3   20    4     40    1    220    216    216     25 -906.5030   -0.018
P-n20-k2 	BT-3   20    6     80    0    220    282    217     72   0.0142   -0.014
P-n20-k2 	BT-3   20    6     80    1    220    282    222    124   0.0246    0.009
P-n20-k2 	BT-3   20    3     40    0    220    216    216     28 1575.4988   -0.018
P-n20-k2 	BT-3   20    3     40    1    220    216    216     30 1575.4990   -0.018
P-n20-k2 	BT-3   20    4     40    0    220    216    216     30 431.5296   -0.018
P-n20-k2 	BT-3   20    4     40    1    220    216    216     31 431.5298   -0.018
P-n20-k2 	BT-3   20    6     80    0    220    282    217     72   0.0148   -0.014
P-n20-k2 	BT-3   20    6     80    1    220    282    216     97   0.0211   -0.018
P-n20-k2 	BT-3   20    3     40    0    220    216    216     32 1294.6254   -0.018
P-n20-k2 	BT-3   20    3     40    1    220    216    216     27 1294.6244   -0.018
P-n20-k2 	BT-3   20    4     40    0    220    216    216     29 -411.0921   -0.018
P-n20-k2 	BT-3   20    4     40    1    220    216    216     28 -411.0925   -0.018
P-n20-k2 	BT-3   20    6     80    0    220    282    217     70   0.0138   -0.014
P-n20-k2 	BT-3   20    6     80    1    220    282    216    134   0.0265   -0.018
P-n20-k2 	BT-3   20    3     40    0    220    216    216     25 -1233.2379   -0.018
P-n20-k2 	BT-3   20    3     40    1    220    216    216     27 -1233.2374   -0.018
P-n20-k2 	BT-3   20    4     40    0    220    216    216     29 595.2548   -0.018
P-n20-k2 	BT-3   20    4     40    1    220    216    216     29 595.2551   -0.018
P-n20-k2 	BT-3   20    6     80    0    220    282    217     72   0.0143   -0.014
P-n20-k2 	BT-3   20    6     80    1    220    282    226     78   0.0157    0.027
P-n20-k2 	BT-3   20    3     40    0    220    216    216     30 1785.7955   -0.018
P-n20-k2 	BT-3   20    3     40    1    220    216    216     29 1785.7950   -0.018
P-n20-k2 	BT-3   20    4     40    0    220    216    216     26 1062.4175   -0.018
P-n20-k2 	BT-3   20    4     40    1    220    216    216     31 1062.4185   -0.018
P-n20-k2 	BT-3   20    6     80    0    220    282    217     75   0.0148   -0.014
P-n20-k2 	BT-3   20    6     80    1    220    282    217     94   0.0186   -0.014
P-n20-k2 	BT-3   20    3     40    0    220    216    216     28 -1107.6803   -0.018
P-n20-k2 	BT-3   20    3     40    1    220    216    216     29 -1107.6801   -0.018
P-n20-k2 	BT-3   20    4     40    0    220    216    216     24 971.9260   -0.018
P-n20-k2 	BT-3   20    4     40    1    220    216    216     27 971.9267   -0.018
P-n20-k2 	BT-3   20    6     80    0    220    282    217     73   0.0143   -0.014
P-n20-k2 	BT-3   20    6     80    1    220    282    222    101   0.0199    0.009
P-n20-k2 	BT-3   20    3     40    0    220    216    216     29 -1379.1533   -0.018
P-n20-k2 	BT-3   20    3     40    1    220    216    216     28 -1379.1536   -0.018
P-n20-k2 	BT-3   20    4     40    0    220    216    216     31 157.5076   -0.018
P-n20-k2 	BT-3   20    4     40    1    220    216    216     32 157.5085   -0.018
P-n20-k2 	BT-3   20    6     80    0    220    282    217     73   0.0144   -0.014
P-n20-k2 	BT-3   20    6     80    1    220    282    226     73   0.0143    0.027
P-n20-k2 	BT-3   20    3     40    0    220    216    216     33 472.5532   -0.018
P-n20-k2 	BT-3   20    3     40    1    220    216    216     27 472.5519   -0.018
P-n20-k2 	BT-3   20    4     40    0    220    216    216     31 1417.6575   -0.018
P-n20-k2 	BT-3   20    4     40    1    220    216    216     30 1417.6573   -0.018
P-n20-k2 	BT-3   20    6     80    0    220    282    217     70   0.0138   -0.014
P-n20-k2 	BT-3   20    6     80    1    220    282    217    134   0.0265   -0.014
P-n20-k2 	BT-3   20    3     40    0    220    216    216     26 -41.9556   -0.018
P-n20-k2 	BT-3   20    3     40    1    220    216    216     25 -41.9557   -0.018
P-n20-k2 	BT-3   20    4     40    0    220    216    216     29 -125.8664   -0.018
P-n20-k2 	BT-3   20    4     40    1    220    216    216     31 -125.8660   -0.018
P-n20-k2 	BT-3   20    6     80    0    220    282    217     72   0.0149   -0.014
P-n20-k2 	BT-3   20    6     80    1    220    282    218    145   0.0306   -0.009
P-n20-k2 	BT-3   20    3     40    0    220    216    216     27 -377.5537   -0.018
P-n20-k2 	BT-3   20    3     40    1    220    216    216     30 -377.5530   -0.018
P-n20-k2 	BT-3   20    4     40    0    220    216    216     29 -1132.6599   -0.018
P-n20-k2 	BT-3   20    4     40    1    220    216    216     29 -1132.6600   -0.018
P-n20-k2 	BT-3   20    6     80    0    220    282    216     91   0.0178   -0.018
P-n20-k2 	BT-3   20    6     80    1    220    282    217    115   0.0226   -0.014
P-n20-k2 	BT-3   20    3     40    0    220    216    216     25 897.0271   -0.018
P-n20-k2 	BT-3   20    3     40    1    220    216    216     30 897.0280   -0.018
P-n20-k2 	BT-3   20    4     40    0    220    216    216     29 -1603.8843   -0.018
P-n20-k2 	BT-3   20    4     40    1    220    216    216     28 -1603.8845   -0.018
P-n20-k2 	BT-3   20    6     80    0    220    282    217     70   0.0138   -0.014
P-n20-k2 	BT-3   20    6     80    1    220    282    218     86   0.0169   -0.009
P-n20-k2 	BT-3   20    3     40    0    220    216    216     27 -516.6555   -0.018
P-n20-k2 	BT-3   20    3     40    1    220    216    216     27 -516.6549   -0.018
P-n20-k2 	BT-3   20    4     40    0    220    216    216     32 -1549.9650   -0.018
P-n20-k2 	BT-3   20    4     40    1    220    216    216     29 -1549.9656   -0.018
P-n20-k2 	BT-3   20    6     80    0    220    282    217     71   0.0149   -0.014
P-n20-k2 	BT-3   20    6     80    1    220    282    223    113   0.0241    0.014
P-n20-k2 	BT-3   20    3     40    0    220    216    216     28 -354.8900   -0.018
P-n20-k2 	BT-3   20    3     40    1    220    216    216     28 -354.8900   -0.018
P-n20-k2 	BT-3   20    4     40    0    220    216    216     31 -1064.6694   -0.018
P-n20-k2 	BT-3   20    4     40    1    220    216    216     27 -1064.6703   -0.018
P-n20-k2 	BT-3   20    6     80    0    220    282    217     73   0.0144   -0.014
P-n20-k2 	BT-3   20    6     80    1    220    282    219    113   0.0231   -0.005
P-n20-k2 	BT-3   20    3     40    0    220    216    216     28 1100.9951   -0.018
P-n20-k2 	BT-3   20    3     40    1    220    216    216     28 1100.9951   -0.018
P-n20-k2 	BT-3   20    4     40    0    220    216    216     30 -991.9811   -0.018
P-n20-k2 	BT-3   20    4     40    1    220    216    216     28 -991.9816   -0.018
P-n20-k2 	BT-3   20    6     80    0    220    282    218    151   0.0300   -0.009
P-n20-k2 	BT-3   20    6     80    1    220    282    226     77   0.0152    0.027
P-n20-k2 	BT-3   20    3     40    0    220    216    216     31 1319.0685   -0.018
P-n20-k2 	BT-3   20    3     40    1    220    216    216     31 1319.0685   -0.018
P-n20-k2 	BT-3   20    4     40    0    220    216    216     27 -337.7626   -0.018
P-n20-k2 	BT-3   20    4     40    1    220    216    216     26 -337.7628   -0.018
P-n20-k2 	BT-3   20    6     80    0    220    282    217     73   0.0146   -0.014
P-n20-k2 	BT-3   20    6     80    1    220    282    226     68   0.0132    0.027
P-n20-k2 	BT-3   20    3     40    0    220    216    216     29 -1013.2599   -0.018
P-n20-k2 	BT-3   20    3     40    1    220    216    216     29 -1013.2599   -0.018
P-n20-k2 	BT-3   20    4     40    0    220    216    216     32 1255.1882   -0.018
P-n20-k2 	BT-3   20    4     40    1    220    216    216     30 1255.1879   -0.018
P-n20-k2 	BT-3   20    6     80    0    220    282    217     76   0.0150   -0.014
P-n20-k2 	BT-3   20    6     80    1    220    282    226     72   0.0158    0.027
P-n20-k2 	BT-3   20    3     40    0    220    216    216     26 -529.3734   -0.018
P-n20-k2 	BT-3   20    3     40    1    220    216    216     26 -529.3734   -0.018
P-n20-k2 	BT-3   20    4     40    0    220    216    216     30 -1588.1189   -0.018
P-n20-k2 	BT-3   20    4     40    1    220    216    216     27 -1588.1195   -0.018
P-n20-k2 	BT-3   20    6     80    0    220    282    217     70   0.0137   -0.014
P-n20-k2 	BT-3   20    6     80    1    220    282    227     73   0.0144    0.032
P-n20-k2 	BT-3   20    3     40    0    220    216    216     28 -469.3626   -0.018
P-n20-k2 	BT-3   20    3     40    1    220    216    216     31 -469.3621   -0.018
P-n20-k2 	BT-3   20    4     40    0    220    216    216     26 -1408.0878   -0.018
P-n20-k2 	BT-3   20    4     40    1    220    216    216     26 -1408.0876   -0.018
P-n20-k2 	BT-3   20    6     80    0    220    282    216     94   0.0191   -0.018
P-n20-k2 	BT-3   20    6     80    1    220    282    226     76   0.0150    0.027
P-n20-k2 	BT-3   20    3     40    0    220    216    216     24  70.7382   -0.018
P-n20-k2 	BT-3   20    3     40    1    220    216    216     27  70.7388   -0.018
P-n20-k2 	BT-3   20    4     40    0    220    216    216     31 212.2163   -0.018
P-n20-k2 	BT-3   20    4     40    1    220    216    216     24 212.2149   -0.018
P-n20-k2 	BT-3   20    6     80    0    220    282    216     97   0.0192   -0.018
P-n20-k2 	BT-3   20    6     80    1    220    282    218    117   0.0230   -0.009
P-n20-k2 	BT-3   20    3     40    0    220    216    216     27 636.6889   -0.018
P-n20-k2 	BT-3   20    3     40    1    220    216    216     29 636.6893   -0.018
P-n20-k2 	BT-3   20    4     40    0    220    216    216     27 1910.0671   -0.018
P-n20-k2 	BT-3   20    4     40    1    220    216    216     30 1910.0676   -0.018
P-n20-k2 	BT-3   20    6     80    0    220    282    217     76   0.0149   -0.014
P-n20-k2 	BT-3   20    6     80    1    220    282    226     75   0.0146    0.027
P-n20-k2 	BT-3   20    3     40    0    220    216    216     31 1435.2649   -0.018
P-n20-k2 	BT-3   20    3     40    1    220    216    216     24 1435.2634   -0.018
P-n20-k2 	BT-3   20    4     40    0    220    216    216     27  10.8252   -0.018
P-n20-k2 	BT-3   20    4     40    1    220    216    216     28  10.8260   -0.018
P-n20-k2 	BT-3   20    6     80    0    220    282    217     67   0.0133   -0.014
P-n20-k2 	BT-3   20    6     80    1    220    282    216    168   0.0334   -0.018
P-n20-k2 	BT-3   20    3     40    0    220    216    216     28  32.5233   -0.018
P-n20-k2 	BT-3   20    3     40    1    220    216    216     30  32.5244   -0.018
P-n20-k2 	BT-3   20    4     40    0    220    216    216     30  97.5713   -0.018
P-n20-k2 	BT-3   20    4     40    1    220    216    216     30  97.5713   -0.018
P-n20-k2 	BT-3   20    6     80    0    220    282    217     75   0.0158   -0.014
P-n20-k2 	BT-3   20    6     80    1    220    282    216    115   0.0242   -0.018
P-n20-k2 	BT-3   20    3     40    0    220    216    216     28 292.7539   -0.018
P-n20-k2 	BT-3   20    3     40    1    220    216    216     28 292.7539   -0.018
P-n20-k2 	BT-3   20    4     40    0    220    216    216     28 878.2614   -0.018
P-n20-k2 	BT-3   20    4     40    1    220    216    216     24 878.2606   -0.018
P-n20-k2 	BT-3   20    6     80    0    220    282    217     65   0.0127   -0.014
P-n20-k2 	BT-3   20    6     80    1    220    282    219    100   0.0197   -0.005
P-n20-k2 	BT-3   20    3     40    0    220    216    216     31 -1660.1510   -0.018
P-n20-k2 	BT-3   20    3     40    1    220    216    216     28 -1660.1516   -0.018
P-n20-k2 	BT-3   20    4     40    0    220    216    216     28 -685.4868   -0.018
P-n20-k2 	BT-3   20    4     40    1    220    216    216     28 -685.4869   -0.018
P-n20-k2 	BT-3   20    6     80    0    220    282    216    117   0.0232   -0.018
P-n20-k2 	BT-3   20    6     80    1    220    282    217    105   0.0208   -0.014
P-n20-k2 	BT-3   20    3     40    0    220    216    216     27 -2056.4167   -0.018
P-n20-k2 	BT-3   20    3     40    1    220    216    216     27 -2056.4165   -0.018
P-n20-k2 	BT-3   20    4     40    0    220    216    216     25 -1874.2831   -0.018
P-n20-k2 	BT-3   20    4     40    1    220    216    216     27 -1874.2827   -0.018
P-n20-k2 	BT-3   20    6     80    0    220    282    217     72   0.0143   -0.014
P-n20-k2 	BT-3   20    6     80    1    220    282    218     94   0.0183   -0.009
P-n20-k2 	BT-3   20    3     40    0    220    216    216     28 -1327.8485   -0.018
P-n20-k2 	BT-3   20    3     40    1    220    216    216     26 -1327.8489   -0.018
P-n20-k2 	BT-3   20    4     40    0    220    216    216     30 311.4217   -0.018
P-n20-k2 	BT-3   20    4     40    1    220    216    216     32 311.4221   -0.018
P-n20-k2 	BT-3   20    6     80    0    220    282    216    131   0.0264   -0.018
P-n20-k2 	BT-3   20    6     80    1    220    282    216    112   0.0244   -0.018
P-n20-k2 	BT-3   20    3     40    0    220    216    216     29 934.3163   -0.018
P-n20-k2 	BT-3   20    3     40    1    220    216    216     27 934.3161   -0.018
P-n20-k2 	BT-3   20    4     40    0    220    216    216     32 -1492.0177   -0.018
P-n20-k2 	BT-3   20    4     40    1    220    216    216     26 -1492.0189   -0.018
P-n20-k2 	BT-3   20    6     80    0    220    282    217     76   0.0158   -0.014
P-n20-k2 	BT-3   20    6     80    1    220    282    218    134   0.0284   -0.009
P-n20-k2 	BT-3   20    3     40    0    220    216    216     31 -181.0435   -0.018
P-n20-k2 	BT-3   20    3     40    1    220    216    216     23 -181.0451   -0.018
P-n20-k2 	BT-3   20    4     40    0    220    216    216     28 -543.1326   -0.018
P-n20-k2 	BT-3   20    4     40    1    220    216    216     27 -543.1328   -0.018
P-n20-k2 	BT-3   20    6     80    0    220    282    217     66   0.0131   -0.014
P-n20-k2 	BT-3   20    6     80    1    220    282    216    121   0.0238   -0.018
P-n20-k2 	BT-3   20    3     40    0    220    216    216     30 -1629.3608   -0.018
P-n20-k2 	BT-3   20    3     40    1    220    216    216     27 -1629.3613   -0.018
P-n20-k2 	BT-3   20    4     40    0    220    216    216     31 -593.1154   -0.018
P-n20-k2 	BT-3   20    4     40    1    220    216    216     31 -593.1153   -0.018
P-n20-k2 	BT-3   20    6     80    0    220    282    217     68   0.0134   -0.014
P-n20-k2 	BT-3   20    6     80    1    220    282    224    107   0.0214    0.018
P-n20-k2 	BT-3   20    3     40    0    220    216    216     32 -1779.3112   -0.018
P-n20-k2 	BT-3   20    3     40    1    220    216    216     28 -1779.3120   -0.018
P-n20-k2 	BT-3   20    4     40    0    220    216    216     28 -1042.9679   -0.018
P-n20-k2 	BT-3   20    4     40    1    220    216    216     28 -1042.9679   -0.018
P-n20-k2 	BT-3   20    6     80    0    220    282    217     79   0.0156   -0.014
P-n20-k2 	BT-3   20    6     80    1    220    282    226     76   0.0149    0.027
P-n20-k2 	BT-3   20    3     40    0    220    216    216     29 1166.0945   -0.018
P-n20-k2 	BT-3   20    3     40    1    220    216    216     29 1166.0947   -0.018
P-n20-k2 	BT-3   20    4     40    0    220    216    216     25 -796.6844   -0.018
P-n20-k2 	BT-3   20    4     40    1    220    216    216     30 -796.6827   -0.018
P-n20-k2 	BT-3   20    6     80    0    220    282    217     68   0.0141   -0.014
P-n20-k2 	BT-3   20    6     80    1    220    282    216    175   0.0366   -0.018
P-n20-k2 	BT-3   20    3     40    0    220    216    216     26 1904.9667   -0.018
P-n20-k2 	BT-3   20    3     40    1    220    216    216     27 1904.9674   -0.018
P-n20-k2 	BT-3   20    4     40    0    220    216    216     30 1419.9342   -0.018
P-n20-k2 	BT-3   20    4     40    1    220    216    216     30 1419.9342   -0.018
P-n20-k2 	BT-3   20    6     80    0    220    282    217     70   0.0147   -0.014
P-n20-k2 	BT-3   20    6     80    1    220    282    226     75   0.0157    0.027
P-n20-k2 	BT-3   20    3     40    0    220    216    216     31 -35.1338   -0.018
P-n20-k2 	BT-3   20    3     40    1    220    216    216     29 -35.1344   -0.018
P-n20-k2 	BT-3   20    4     40    0    220    216    216     25 -105.4034   -0.018
P-n20-k2 	BT-3   20    4     40    1    220    216    216     27 -105.4030   -0.018
P-n20-k2 	BT-3   20    6     80    0    220    282    217     75   0.0146   -0.014
P-n20-k2 	BT-3   20    6     80    1    220    282    218     92   0.0181   -0.009
P-n20-k2 	BT-3   20    3     40    0    220    216    216     29 -316.1761   -0.018
P-n20-k2 	BT-3   20    3     40    1    220    216    216     29 -316.1761   -0.018
P-n20-k2 	BT-3   20    4     40    0    220    216    216     28 -948.5284   -0.018
P-n20-k2 	BT-3   20    4     40    1    220    216    216     26 -948.5289   -0.018
P-n20-k2 	BT-3   20    6     80    0    220    282    217     72   0.0142   -0.014
P-n20-k2 	BT-3   20    6     80    1    220    282    216    167   0.0335   -0.018
P-n20-k2 	BT-3   20    3     40    0    220    216    216     27 1449.4290   -0.018
P-n20-k2 	BT-3   20    3     40    1    220    216    216     29 1449.4293   -0.018
P-n20-k2 	BT-3   20    4     40    0    220    216    216     28  53.3203   -0.018
P-n20-k2 	BT-3   20    4     40    1    220    216    216     28  53.3203   -0.018
P-n20-k2 	BT-3   20    6     80    0    220    282    217     73   0.0144   -0.014
P-n20-k2 	BT-3   20    6     80    1    220    282    222    106   0.0218    0.009
P-n20-k2 	BT-3   20    3     40    0    220    216    216     26 159.9966   -0.018
P-n20-k2 	BT-3   20    3     40    1    220    216    216     27 159.9967   -0.018
P-n20-k2 	BT-3   20    4     40    0    220    216    216     26 479.9902   -0.018
P-n20-k2 	BT-3   20    4     40    1    220    216    216     26 479.9902   -0.018
P-n20-k2 	BT-3   20    6     80    0    220    282    217     70   0.0138   -0.014
P-n20-k2 	BT-3   20    6     80    1    220    282    221     86   0.0187    0.005
P-n20-k2 	BT-3   20    3     40    0    220    216    216     30 1440.0035   -0.018
P-n20-k2 	BT-3   20    3     40    1    220    216    216     28 1440.0032   -0.018
P-n20-k2 	BT-3   20    4     40    0    220    216    216     30  25.0434   -0.018
P-n20-k2 	BT-3   20    4     40    1    220    216    216     27  25.0427   -0.018
P-n20-k2 	BT-3   20    6     80    0    220    282    226     74   0.0147    0.027
P-n20-k2 	BT-3   20    6     80    1    220    282    216    106   0.0209   -0.018
P-n20-k2 	BT-3   20    3     40    0    220    216    216     27  75.1641   -0.018
P-n20-k2 	BT-3   20    3     40    1    220    216    216     26  75.1639   -0.018
P-n20-k2 	BT-3   20    4     40    0    220    216    216     26 225.4921   -0.018
P-n20-k2 	BT-3   20    4     40    1    220    216    216     30 225.4928   -0.018
P-n20-k2 	BT-3   20    6     80    0    220    282    217     70   0.0140   -0.014
P-n20-k2 	BT-3   20    6     80    1    220    282    226     72   0.0142    0.027
P-n20-k2 	BT-3   20    3     40    0    220    216    216     29 676.5054   -0.018
P-n20-k2 	BT-3   20    3     40    1    220    216    216     27 676.5050   -0.018
P-n20-k2 	BT-3   20    4     40    0    220    216    216     28 2029.5155   -0.018
P-n20-k2 	BT-3   20    4     40    1    220    216    216     30 2029.5159   -0.018
P-n20-k2 	BT-3   20    6     80    0    220    282    217     74   0.0145   -0.014
P-n20-k2 	BT-3   20    6     80    1    220    282    218     99   0.0195   -0.009
P-n20-k2 	BT-3   20    3     40    0    220    216    216     30 1793.6140   -0.018
P-n20-k2 	BT-3   20    3     40    1    220    216    216     28 1793.6136   -0.018
P-n20-k2 	BT-3   20    4     40    0    220    216    216     30 1085.8744   -0.018
P-n20-k2 	BT-3   20    4     40    1    220    216    216     29 1085.8744   -0.018
P-n20-k2 	BT-3   20    6     80    0    220    282    217     72   0.0142   -0.014
P-n20-k2 	BT-3   20    6     80    1    220    282    217    130   0.0256   -0.014
P-n20-k2 	BT-3   20    3     40    0    220    216    216     26 -1037.3049   -0.018
P-n20-k2 	BT-3   20    3     40    1    220    216    216     28 -1037.3046   -0.018
P-n20-k2 	BT-3   20    4     40    0    220    216    216     28 1183.0530   -0.018
P-n20-k2 	BT-3   20    4     40    1    220    216    216     28 1183.0536   -0.018
P-n20-k2 	BT-3   20    6     80    0    220    282    217     80   0.0157   -0.014
P-n20-k2 	BT-3   20    6     80    1    220    282    226     77   0.0150    0.027
P-n20-k2 	BT-3   20    3     40    0    220    216    216     31 -745.7759   -0.018
P-n20-k2 	BT-3   20    3     40    1    220    216    216     30 -745.7762   -0.018
P-n20-k2 	BT-3   20    4     40    0    220    216    216     29 2057.6384   -0.018
P-n20-k2 	BT-3   20    4     40    1    220    216    216     27 2057.6379   -0.018
P-n20-k2 	BT-3   20    6     80    0    220    282    217     76   0.0150   -0.014
P-n20-k2 	BT-3   20    6     80    1    220    282    223    104   0.0205    0.014
P-n20-k2 	BT-3   20    3     40    0    220    216    216     27 1877.9828   -0.018
P-n20-k2 	BT-3   20    3     40    1    220    216    216     25 1877.9823   -0.018
P-n20-k2 	BT-3   20    4     40    0    220    216    216     26 1338.9805   -0.018
P-n20-k2 	BT-3   20    4     40    1    220    216    216     26 1338.9803   -0.018
P-n20-k2 	BT-3   20    6     80    0    220    282    217     64   0.0125   -0.014
P-n20-k2 	BT-3   20    6     80    1    220    282    217    122   0.0241   -0.014
P-n20-k2 	BT-3   20    3     40    0    220    216    216     26 -277.9894   -0.018
P-n20-k2 	BT-3   20    3     40    1    220    216    216     32 -277.9882   -0.018
P-n20-k2 	BT-3   20    4     40    0    220    216    216     28 -833.9666   -0.018
P-n20-k2 	BT-3   20    4     40    1    220    216    216     29 -833.9664   -0.018
P-n20-k2 	BT-3   20    6     80    0    220    282    217     73   0.0144   -0.014
P-n20-k2 	BT-3   20    6     80    1    220    282    217     87   0.0170   -0.014
P-n20-k2 	BT-3   20    3     40    0    220    216    216     31 1793.0997   -0.018
P-n20-k2 	BT-3   20    3     40    1    220    216    216     28 1793.0994   -0.018
P-n20-k2 	BT-3   20    4     40    0    220    216    216     30 1084.3314   -0.018
P-n20-k2 	BT-3   20    4     40    1    220    216    216     24 1084.3304   -0.018
P-n20-k2 	BT-3   20    6     80    0    220    282    217     72   0.0150   -0.014
P-n20-k2 	BT-3   20    6     80    1    220    282    217    101   0.0207   -0.014
P-n20-k2 	BT-3   20    3     40    0    220    216    216     29 -1041.9386   -0.018
P-n20-k2 	BT-3   20    3     40    1    220    216    216     29 -1041.9380   -0.018
P-n20-k2 	BT-3   20    4     40    0    220    216    216     24 1169.1512   -0.018
P-n20-k2 	BT-3   20    4     40    1    220    216    216     27 1169.1517   -0.018
P-n20-k2 	BT-3   20    6     80    0    220    282    217     72   0.0151   -0.014
P-n20-k2 	BT-3   20    6     80    1    220    282    218     99   0.0205   -0.009
P-n20-k2 	BT-3   20    3     40    0    220    216    216     29 -787.4764   -0.018
P-n20-k2 	BT-3   20    3     40    1    220    216    216     30 -787.4763   -0.018
P-n20-k2 	BT-3   20    4     40    0    220    216    216     29 1932.5382   -0.018
P-n20-k2 	BT-3   20    4     40    1    220    216    216     28 1932.5380   -0.018
P-n20-k2 	BT-3   20    6     80    0    220    282    217     67   0.0132   -0.014
P-n20-k2 	BT-3   20    6     80    1    220    282    218    130   0.0258   -0.009
P-n20-k2 	BT-3   20    3     40    0    220    216    216     27 1502.6858   -0.018
P-n20-k2 	BT-3   20    3     40    1    220    216    216     28 1502.6859   -0.018
P-n20-k2 	BT-3   20    4     40    0    220    216    216     29 213.0905   -0.018
P-n20-k2 	BT-3   20    4     40    1    220    216    216     27 213.0901   -0.018
P-n20-k2 	BT-3   20    6     80    0    220    282    217     73   0.0144   -0.014
P-n20-k2 	BT-3   20    6     80    1    220    282    218     97   0.0194   -0.009
P-n20-k2 	BT-3   20    3     40    0    220    216    216     27 639.3047   -0.018
P-n20-k2 	BT-3   20    3     40    1    220    216    216     30 639.3052   -0.018
P-n20-k2 	BT-3   20    4     40    0    220    216    216     26 1917.9143   -0.018
P-n20-k2 	BT-3   20    4     40    1    220    216    216     27 1917.9146   -0.018
P-n20-k2 	BT-3   20    6     80    0    220    282    217     73   0.0144   -0.014
P-n20-k2 	BT-3   20    6     80    1    220    282    226     69   0.0142    0.027
P-n20-k2 	BT-3   20    3     40    0    220    216    216     31 1458.8055   -0.018
P-n20-k2 	BT-3   20    3     40    1    220    216    216     27 1458.8047   -0.018
P-n20-k2 	BT-3   20    4     40    0    220    216    216     25  81.4476   -0.018
P-n20-k2 	BT-3   20    4     40    1    220    216    216     31  81.4488   -0.018
P-n20-k2 	BT-3   20    6     80    0    220    282    217     72   0.0143   -0.014
P-n20-k2 	BT-3   20    6     80    1    220    282    223    133   0.0294    0.014
P-n20-k2 	BT-3   20    3     40    0    220    216    216     30 244.3884   -0.018
P-n20-k2 	BT-3   20    3     40    1    220    216    216     28 244.3880   -0.018
P-n20-k2 	BT-3   20    4     40    0    220    216    216     28 733.1647   -0.018
P-n20-k2 	BT-3   20    4     40    1    220    216    216     28 733.1648   -0.018
P-n20-k2 	BT-3   20    6     80    0    220    282    217     70   0.0140   -0.014
P-n20-k2 	BT-3   20    6     80    1    220    282    222     92   0.0181    0.009
P-n20-k2 	BT-3   20    3     40    0    220    216    216     25 -2095.4419   -0.018
P-n20-k2 	BT-3   20    3     40    1    220    216    216     27 -2095.4417   -0.018
P-n20-k2 	BT-3   20    4     40    0    220    216    216     25 -1991.3583   -0.018
P-n20-k2 	BT-3   20    4     40    1    220    216    216     27 -1991.3578   -0.018
P-n20-k2 	BT-3   20    6     80    0    220    282    217     76   0.0150   -0.014
P-n20-k2 	BT-3   20    6     80    1    220    282    217     85   0.0167   -0.014
P-n20-k2 	BT-3   20    3     40    0    220    216    216     26 -1679.0751   -0.018
P-n20-k2 	BT-3   20    3     40    1    220    216    216     26 -1679.0751   -0.018
P-n20-k2 	BT-3   20    4     40    0    220    216    216     29 -742.2574   -0.018
P-n20-k2 	BT-3   20    4     40    1    220    216    216     30 -742.2571   -0.018
P-n20-k2 	BT-3   20    6     80    0    220    282    217     69   0.0136   -0.014
P-n20-k2 	BT-3   20    6     80    1    220    282    218    149   0.0294   -0.009
P-n20-k2 	BT-3   20    3     40    0    220    216    216     26 2068.2378   -0.018
P-n20-k2 	BT-3   20    3     40    1    220    216    216     25 2068.2375   -0.018
P-n20-k2 	BT-3   20    4     40    0    220    216    216     29 1909.7465   -0.018
P-n20-k2 	BT-3   20    4     40    1    220    216    216     29 1909.7467   -0.018
P-n20-k2 	BT-3   20    6     80    0    220    282    217     72   0.0142   -0.014
P-n20-k2 	BT-3   20    6     80    1    220    282    216     98   0.0191   -0.018
P-n20-k2 	BT-3   20    3     40    0    220    216    216     30 1434.3066   -0.018
P-n20-k2 	BT-3   20    3     40    1    220    216    216     25 1434.3052   -0.018
P-n20-k2 	BT-3   20    4     40    0    220    216    216     28   7.9500   -0.018
P-n20-k2 	BT-3   20    4     40    1    220    216    216     32   7.9507   -0.018
P-n20-k2 	BT-3   20    6     80    0    220    282    217     71   0.0165   -0.014
P-n20-k2 	BT-3   20    6     80    1    220    282    219    102   0.0212   -0.005
P-n20-k2 	BT-3   20    3     40    0    220    216    216     28  23.8884   -0.018
P-n20-k2 	BT-3   20    3     40    1    220    216    216     28  23.8884   -0.018
P-n20-k2 	BT-3   20    4     40    0    220    216    216     29  71.6662   -0.018
P-n20-k2 	BT-3   20    4     40    1    220    216    216     28  71.6653   -0.018
P-n20-k2 	BT-3   20    6     80    0    220    282    216     86   0.0170   -0.018
P-n20-k2 	BT-3   20    6     80    1    220    282    226     73   0.0144    0.027
P-n20-k2 	BT-3   20    3     40    0    220    216    216     27 215.0286   -0.018
P-n20-k2 	BT-3   20    3     40    1    220    216    216     29 215.0284   -0.018
P-n20-k2 	BT-3   20    4     40    0    220    216    216     26 645.0847   -0.018
P-n20-k2 	BT-3   20    4     40    1    220    216    216     31 645.0858   -0.018
P-n20-k2 	BT-3   20    6     80    0    220    282    217     74   0.0162   -0.014
P-n20-k2 	BT-3   20    6     80    1    220    282    218    169   0.0338   -0.009
P-n20-k2 	BT-3   20    3     40    0    220    216    216     26 1935.3052   -0.018
P-n20-k2 	BT-3   20    3     40    1    220    216    216     29 1935.3058   -0.018
P-n20-k2 	BT-3   20    4     40    0    220    216    216     27 1510.9496   -0.018
P-n20-k2 	BT-3   20    4     40    1    220    216    216     29 1510.9495   -0.018
P-n20-k2 	BT-3   20    6     80    0    220    282    217     75   0.0148   -0.014
P-n20-k2 	BT-3   20    6     80    1    220    282    218     99   0.0199   -0.009
P-n20-k2 	BT-3   20    3     40    0    220    216    216     31 237.9169   -0.018
P-n20-k2 	BT-3   20    3     40    1    220    216    216     29 237.9159   -0.018
P-n20-k2 	BT-3   20    4     40    0    220    216    216     31 713.7490   -0.018
P-n20-k2 	BT-3   20    4     40    1    220    216    216     26 713.7480   -0.018
P-n20-k2 	BT-3   20    6     80    0    220    282    217     75   0.0165   -0.014
P-n20-k2 	BT-3   20    6     80    1    220    282    218     98   0.0203   -0.009
P-n20-k2 	BT-3   20    3     40    0    220    216    216     30 2141.2825   -0.018
P-n20-k2 	BT-3   20    3     40    1    220    216    216     30 2141.2825   -0.018
P-n20-k2 	BT-3   20    4     40    0    220    216    216     30 2128.8816   -0.018
P-n20-k2 	BT-3   20    4     40    1    220    216    216     24 2128.8796   -0.018
P-n20-k2 	BT-3   20    6     80    0    220    282    217     68   0.0134   -0.014
P-n20-k2 	BT-3   20    6     80    1    220    282    218    107   0.0208   -0.009
P-n20-k2 	BT-3   20    3     40    0    220    216    216     26 2091.7080   -0.018
P-n20-k2 	BT-3   20    3     40    1    220    216    216     26 2091.7075   -0.018
P-n20-k2 	BT-3   20    4     40    0    220    216    216     25 1980.1556   -0.018
P-n20-k2 	BT-3   20    4     40    1    220    216    216     24 1980.1554   -0.018
P-n20-k2 	BT-3   20    6     80    0    220    282    217     71   0.0156   -0.014
P-n20-k2 	BT-3   20    6     80    1    220    282    217    132   0.0264   -0.014
P-n20-k2 	BT-3   20    3     40    0    220    216    216     31 1645.5425   -0.018
P-n20-k2 	BT-3   20    3     40    1    220    216    216     26 1645.5415   -0.018
P-n20-k2 	BT-3   20    4     40    0    220    216    216     30 641.6595   -0.018
P-n20-k2 	BT-3   20    4     40    1    220    216    216     29 641.6588   -0.018
P-n20-k2 	BT-3   20    6     80    0    220    282    217     73   0.0143   -0.014
P-n20-k2 	BT-3   20    6     80    1    220    282    219     93   0.0183   -0.005
P-n20-k2 	BT-3   20    3     40    0    220    216    216     26 1925.0096   -0.018
P-n20-k2 	BT-3   20    3     40    1    220    216    216     29 1925.0096   -0.018
P-n20-k2 	BT-3   20    4     40    0    220    216    216     29 1480.0616   -0.018
P-n20-k2 	BT-3   20    4     40    1    220    216    216     31 1480.0620   -0.018
P-n20-k2 	BT-3   20    6     80    0    220    282    216    125   0.0275   -0.018
P-n20-k2 	BT-3   20    6     80    1    220    282    216    111   0.0222   -0.018
P-n20-k2 	BT-3   20    3     40    0    220    216    216     29 145.2676   -0.018
P-n20-k2 	BT-3   20    3     40    1    220    216    216     27 145.2672   -0.018
P-n20-k2 	BT-3   20    4     40    0    220    216    216     29 435.8030   -0.018
P-n20-k2 	BT-3   20    4     40    1    220    216    216     28 435.8025   -0.018
P-n20-k2 	BT-3   20    6     80    0    220    282    217     73   0.0143   -0.014
P-n20-k2 	BT-3   20    6     80    1    220    282    226     75   0.0147    0.027
P-n20-k2 	BT-3   20    3     40    0    220    216    216     30 1307.4382   -0.018
P-n20-k2 	BT-3   20    3     40    1    220    216    216     28 1307.4371   -0.018
P-n20-k2 	BT-3   20    4     40    0    220    216    216     30 -372.6547   -0.018
P-n20-k2 	BT-3   20    4     40    1    220    216    216     33 -372.6541   -0.018
P-n20-k2 	BT-3   20    6     80    0    220    282    217     72   0.0162   -0.014
P-n20-k2 	BT-3   20    6     80    1    220    282    218     81   0.0160   -0.009
P-n20-k2 	BT-3   20    3     40    0    220    216    216     28 -1117.9316   -0.018
P-n20-k2 	BT-3   20    3     40    1    220    216    216     24 -1117.9325   -0.018
P-n20-k2 	BT-3   20    4     40    0    220    216    216     28 941.1721   -0.018
P-n20-k2 	BT-3   20    4     40    1    220    216    216     28 941.1715   -0.018
P-n20-k2 	BT-3   20    6     80    0    220    282    217     72   0.0142   -0.014
P-n20-k2 	BT-3   20    6     80    1    220    282    216    211   0.0422   -0.018
P-n20-k2 	BT-3   20    3     40    0    220    216    216     31 -1471.3951   -0.018
P-n20-k2 	BT-3   20    3     40    1    220    216    216     28 -1471.3959   -0.018
P-n20-k2 	BT-3   20    4     40    0    220    216    216     27 -119.2198   -0.018
P-n20-k2 	BT-3   20    4     40    1    220    216    216     27 -119.2192   -0.018
P-n20-k2 	BT-3   20    6     80    0    220    282    217     71   0.0140   -0.014
P-n20-k2 	BT-3   20    6     80    1    220    282    218     96   0.0190   -0.009
P-n20-k2 	BT-3   20    3     40    0    220    216    216     32 -357.6245   -0.018
P-n20-k2 	BT-3   20    3     40    1    220    216    216     26 -357.6257   -0.018
P-n20-k2 	BT-3   20    4     40    0    220    216    216     29 -1072.8756   -0.018
P-n20-k2 	BT-3   20    4     40    1    220    216    216     30 -1072.8755   -0.018
P-n20-k2 	BT-3   20    6     80    0    220    282    217     68   0.0135   -0.014
P-n20-k2 	BT-3   20    6     80    1    220    282    217     90   0.0177   -0.014
P-n20-k2 	BT-3   20    3     40    0    220    216    216     31 1076.3721   -0.018
P-n20-k2 	BT-3   20    3     40    1    220    216    216     26 1076.3711   -0.018
P-n20-k2 	BT-3   20    4     40    0    220    216    216     31 -1065.8518   -0.018
P-n20-k2 	BT-3   20    4     40    1    220    216    216     27 -1065.8527   -0.018
P-n20-k2 	BT-3   20    6     80    0    220    282    217     75   0.0148   -0.014
P-n20-k2 	BT-3   20    6     80    1    220    282    217    114   0.0234   -0.014
P-n20-k2 	BT-3   20    3     40    0    220    216    216     27 1097.4482   -0.018
P-n20-k2 	BT-3   20    3     40    1    220    216    216     28 1097.4485   -0.018
P-n20-k2 	BT-3   20    4     40    0    220    216    216     31 -1002.6212   -0.018
P-n20-k2 	BT-3   20    4     40    1    220    216    216     25 -1002.6224   -0.018
P-n20-k2 	BT-3   20    6     80    0    220    282    216    116   0.0230   -0.018
P-n20-k2 	BT-3   20    6     80    1    220    282    216    107   0.0212   -0.018
P-n20-k2 	BT-3   20    3     40    0    220    216    216     30 1287.1460   -0.018
P-n20-k2 	BT-3   20    3     40    1    220    216    216     26 1287.1453   -0.018
P-n20-k2 	BT-3   20    4     40    0    220    216    216     30 -433.5299   -0.018
P-n20-k2 	BT-3   20    4     40    1    220    216    216     28 -433.5304   -0.018
P-n20-k2 	BT-3   20    6     80    0    220    282    217     77   0.0153   -0.014
P-n20-k2 	BT-3   20    6     80    1    220    282    218    127   0.0252   -0.009
P-n20-k2 	BT-3   20    3     40    0    220    216    216     32 -1300.5492   -0.018
P-n20-k2 	BT-3   20    3     40    1    220    216    216     28 -1300.5496   -0.018
P-n20-k2 	BT-3   20    4     40    0    220    216    216     29 393.3186   -0.018
P-n20-k2 	BT-3   20    4     40    1    220    216    216     29 393.3186   -0.018
P-n20-k2 	BT-3   20    6     80    0    220    282    217     70   0.0148   -0.014
P-n20-k2 	BT-3   20    6     80    1    220    282    226     72   0.0151    0.027
P-n20-k2 	BT-3   20    3     40    0    220    216    216     27 1179.9854   -0.018
P-n20-k2 	BT-3   20    3     40    1    220    216    216     28 1179.9855   -0.018
P-n20-k2 	BT-3   20    4     40    0    220    216    216     25 -755.0115   -0.018
P-n20-k2 	BT-3   20    4     40    1    220    216    216     29 -755.0107   -0.018
P-n20-k2 	BT-3   20    6     80    0    220    282    217     74   0.0145   -0.014
P-n20-k2 	BT-3   20    6     80    1    220    282    226     78   0.0153    0.027
P-n20-k2 	BT-3   20    3     40    0    220    216    216     28 2029.9639   -0.018
P-n20-k2 	BT-3   20    3     40    1    220    216    216     29 2029.9640   -0.018
P-n20-k2 	BT-3   20    4     40    0    220    216    216     28 1794.9244   -0.018
P-n20-k2 	BT-3   20    4     40    1    220    216    216     30 1794.9250   -0.018
P-n20-k2 	BT-3   20    6     80    0    220    282    221    156   0.0308    0.005
P-n20-k2 	BT-3   20    6     80    1    220    282    216    123   0.0245   -0.018
P-n20-k2 	BT-3   20    3     40    0    220    216    216     30 1089.8624   -0.018
P-n20-k2 	BT-3   20    3     40    1    220    216    216     29 1089.8623   -0.018
P-n20-k2 	BT-3   20    4     40    0    220    216    216     30 -1025.3802   -0.018
P-n20-k2 	BT-3   20    4     40    1    220    216    216     31 -1025.3800   -0.018
P-n20-k2 	BT-3   20    6     80    0    220    282    217     69   0.0142   -0.014
P-n20-k2 	BT-3   20    6     80    1    220    282    216     97   0.0197   -0.018
P-n20-k2 	BT-3   20    3     40    0    220    216    216     29 1218.8606   -0.018
P-n20-k2 	BT-3   20    3     40    1    220    216    216     32 1218.8612   -0.018
P-n20-k2 	BT-3   20    4     40    0    220    216    216     28 -638.3851   -0.018
P-n20-k2 	BT-3   20    4     40    1    220    216    216     28 -638.3851   -0.018
P-n20-k2 	BT-3   20    6     80    0    220    282    218     74   0.0149   -0.009
P-n20-k2 	BT-3   20    6     80    1    220    282    216    103   0.0225   -0.018
P-n20-k2 	BT-3   20    3     40    0    220    216    216     33 -1915.1171   -0.018
P-n20-k2 	BT-3   20    3     40    1    220    216    216     25 -1915.1187   -0.018
P-n20-k2 	BT-3   20    4     40    0    220    216    216     31 -1450.3856   -0.018
P-n20-k2 	BT-3   20    4     40    1    220    216    216     26 -1450.3867   -0.018
P-n20-k2 	BT-3   20    6     80    0    220    282    217     73   0.0143   -0.014
P-n20-k2 	BT-3   20    6     80    1    220    282    217    103   0.0203   -0.014
P-n20-k2 	BT-3   20    3     40    0    220    216    216     31 -56.1564   -0.018
P-n20-k2 	BT-3   20    3     40    1    220    216    216     25 -56.1575   -0.018
P-n20-k2 	BT-3   20    4     40    0    220    216    216     28 -168.4710   -0.018
P-n20-k2 	BT-3   20    4     40    1    220    216    216     30 -168.4706   -0.018
P-n20-k2 	BT-3   20    6     80    0    220    282    226     72   0.0149    0.027
P-n20-k2 	BT-3   20    6     80    1    220    282    218     91   0.0178   -0.009
P-n20-k2 	BT-3   20    3     40    0    220    216    216     32 -505.3788   -0.018
P-n20-k2 	BT-3   20    3     40    1    220    216    216     30 -505.3792   -0.018
P-n20-k2 	BT-3   20    4     40    0    220    216    216     30 -1516.1375   -0.018
P-n20-k2 	BT-3   20    4     40    1    220    216    216     28 -1516.1378   -0.018
P-n20-k2 	BT-3   20    6     80    0    220    282    216    126   0.0250   -0.018
P-n20-k2 	BT-3   20    6     80    1    220    282    216    102   0.0199   -0.018
P-n20-k2 	BT-3   20    3     40    0    220    216    216     28 -253.4009   -0.018
P-n20-k2 	BT-3   20    3     40    1    220    216    216     29 -253.4007   -0.018
P-n20-k2 	BT-3   20    4     40    0    220    216    216     27 -760.2028   -0.018
P-n20-k2 	BT-3   20    4     40    1    220    216    216     31 -760.2020   -0.018
P-n20-k2 	BT-3   20    6     80    0    220    282    216     75   0.0146   -0.018
P-n20-k2 	BT-3   20    6     80    1    220    282    218    100   0.0198   -0.009
P-n20-k2 	BT-3   20    3     40    0    220    216    216     27 2014.3940   -0.018
P-n20-k2 	BT-3   20    3     40    1    220    216    216     30 2014.3947   -0.018
P-n20-k2 	BT-3   20    4     40    0    220    216    216     29 1748.2159   -0.018
P-n20-k2 	BT-3   20    4     40    1    220    216    216     27 1748.2161   -0.018
P-n20-k2 	BT-3   20    6     80    0    220    282    217     72   0.0142   -0.014
P-n20-k2 	BT-3   20    6     80    1    220    282    226     75   0.0148    0.027
P-n20-k2 	BT-3   20    3     40    0    220    216    216     28 949.7097   -0.018
P-n20-k2 	BT-3   20    3     40    1    220    216    216     25 949.7091   -0.018
P-n20-k2 	BT-3   20    4     40    0    220    216    216     30 -1445.8387   -0.018
P-n20-k2 	BT-3   20    4     40    1    220    216    216     30 -1445.8387   -0.018
