P-n70-k10 	BT-1   70   23    280    0    834    989    885    324   3.5649    0.061
P-n70-k10 	BT-1   70   23    280    1    834    989    846    691   7.5860    0.014
P-n70-k10 	BT-1   70   11    140    0    834    846    846    140  12.6544    0.014
P-n70-k10 	BT-1   70   11    140    1    834    846    846    140  12.6482    0.014
P-n70-k10 	BT-1   70   49    140    0    834    846    846    140  38.0615    0.014
P-n70-k10 	BT-1   70   49    140    1    834    846    846    140  37.9566    0.014
P-n70-k10 	BT-2   70   23    280    0    834    989    869    393   4.3228    0.042
P-n70-k10 	BT-2   70   23    280    1    834    989    870    299   3.3562    0.043
P-n70-k10 	BT-2   70   11    140    0    834    869    852    171   9.5345    0.022
P-n70-k10 	BT-2   70   11    140    1    834    869    869    140   9.1756    0.042
P-n70-k10 	BT-2   70   49    140    0    834    852    852    140  27.9420    0.022
P-n70-k10 	BT-2   70   49    140    1    834    852    850    143  27.9563    0.019
P-n70-k10 	BT-3   70   23    280    0    834    989    885    231   2.4651    0.061
P-n70-k10 	BT-3   70   23    280    1    834    989    867    272   2.9231    0.040
P-n70-k10 	BT-3   70   11    140    0    834    867    856    162   7.1648    0.026
P-n70-k10 	BT-3   70   11    140    1    834    867    857    163   7.2196    0.028
P-n70-k10 	BT-3   70   49    140    0    834    856    856     93  20.7969    0.026
P-n70-k10 	BT-3   70   49    140    1    834    856    856     92  20.7853    0.026
P-n70-k10 	BT-3   70   23    280    0    834    989    885    237   2.5196    0.061
P-n70-k10 	BT-3   70   23    280    1    834    989    857    301   3.2312    0.028
P-n70-k10 	BT-3   70   11    140    0    834    856    856     95  68.1312    0.026
P-n70-k10 	BT-3   70   11    140    1    834    856    856    103  68.2881    0.026
P-n70-k10 	BT-3   70   49    140    0    834    856    856    104 204.6606    0.026
P-n70-k10 	BT-3   70   49    140    1    834    856    856    101 204.6325    0.026
P-n70-k10 	BT-3   70   23    280    0    834    989    857    366   3.9131    0.028
P-n70-k10 	BT-3   70   23    280    1    834    989    867    265   2.9586    0.040
P-n70-k10 	BT-3   70   11    140    0    834    856    856     99 620.7756    0.026
P-n70-k10 	BT-3   70   11    140    1    834    856    856     92 620.7392    0.026
P-n70-k10 	BT-3   70   49    140    0    834    856    856    102 1862.3000    0.026
P-n70-k10 	BT-3   70   49    140    1    834    856    856     99 1862.3083    0.026
P-n70-k10 	BT-3   70   23    280    0    834    989    870    253   2.7310    0.043
P-n70-k10 	BT-3   70   23    280    1    834    989    867    263   2.8283    0.040
P-n70-k10 	BT-3   70   11    140    0    834    856    856     98 1297.4792    0.026
P-n70-k10 	BT-3   70   11    140    1    834    856    856     92 1297.4590    0.026
P-n70-k10 	BT-3   70   49    140    0    834    856    856    100 -402.5286    0.026
P-n70-k10 	BT-3   70   49    140    1    834    856    856     99 -402.5155    0.026
P-n70-k10 	BT-3   70   23    280    0    834    989    885    238   2.5233    0.061
P-n70-k10 	BT-3   70   23    280    1    834    989    867    258   2.7558    0.040
P-n70-k10 	BT-3   70   11    140    0    834    856    856     96 -1202.3523    0.026
P-n70-k10 	BT-3   70   11    140    1    834    856    851    117 -1202.0988    0.020
P-n70-k10 	BT-3   70   49    140    0    834    851    849    114 688.4048    0.018
P-n70-k10 	BT-3   70   49    140    1    834    851    851     96 688.1716    0.020
P-n70-k10 	BT-3   70   23    280    0    834    989    870    254   2.7134    0.043
P-n70-k10 	BT-3   70   23    280    1    834    989    867    276   3.0358    0.040
P-n70-k10 	BT-3   70   11    140    0    834    849    849    101 2070.5767    0.018
P-n70-k10 	BT-3   70   11    140    1    834    849    849     99 2070.5190    0.018
P-n70-k10 	BT-3   70   49    140    0    834    849    849    101 1916.7133    0.018
P-n70-k10 	BT-3   70   49    140    1    834    849    849    102 1916.6981    0.018
P-n70-k10 	BT-3   70   23    280    0    834    989    857    271   2.8884    0.028
P-n70-k10 	BT-3   70   23    280    1    834    989    867    263   2.8197    0.040
P-n70-k10 	BT-3   70   11    140    0    834    849    849     96 1460.8101    0.018
P-n70-k10 	BT-3   70   11    140    1    834    849    849     98 1460.7916    0.018
P-n70-k10 	BT-3   70   49    140    0    834    849    849    107  87.5814    0.018
P-n70-k10 	BT-3   70   49    140    1    834    849    849     95  87.4001    0.018
P-n70-k10 	BT-3   70   23    280    0    834    989    870    246   2.6226    0.043
P-n70-k10 	BT-3   70   23    280    1    834    989    859    280   3.0291    0.030
P-n70-k10 	BT-3   70   11    140    0    834    849    849     93 268.0406    0.018
P-n70-k10 	BT-3   70   11    140    1    834    849    849     97 268.0641    0.018
P-n70-k10 	BT-3   70   49    140    0    834    849    849     97 804.1937    0.018
P-n70-k10 	BT-3   70   49    140    1    834    849    849    101 804.2551    0.018
P-n70-k10 	BT-3   70   23    280    0    834    989    857    285   3.0763    0.028
P-n70-k10 	BT-3   70   23    280    1    834    989    867    267   2.8874    0.040
P-n70-k10 	BT-3   70   11    140    0    834    849    849     96 -1876.3596    0.018
P-n70-k10 	BT-3   70   11    140    1    834    849    849     99 -1876.3710    0.018
P-n70-k10 	BT-3   70   49    140    0    834    849    849    100 -1334.0769    0.018
P-n70-k10 	BT-3   70   49    140    1    834    849    849     96 -1334.1652    0.018
P-n70-k10 	BT-3   70   23    280    0    834    989    870    253   2.7096    0.043
P-n70-k10 	BT-3   70   23    280    1    834    989    867    266   2.8658    0.040
P-n70-k10 	BT-3   70   11    140    0    834    849    849     96 298.1561    0.018
P-n70-k10 	BT-3   70   11    140    1    834    849    849     99 298.1556    0.018
P-n70-k10 	BT-3   70   49    140    0    834    849    849     98 894.4917    0.018
P-n70-k10 	BT-3   70   49    140    1    834    849    849    101 894.5303    0.018
P-n70-k10 	BT-3   70   23    280    0    834    989    885    231   2.4304    0.061
P-n70-k10 	BT-3   70   23    280    1    834    989    867    249   2.7000    0.040
P-n70-k10 	BT-3   70   11    140    0    834    849    849     97 -1606.2621    0.018
P-n70-k10 	BT-3   70   11    140    1    834    849    849     94 -1606.3756    0.018
P-n70-k10 	BT-3   70   49    140    0    834    849    849     97 -523.9957    0.018
P-n70-k10 	BT-3   70   49    140    1    834    849    849     97 -524.0098    0.018
P-n70-k10 	BT-3   70   23    280    0    834    989    885    241   2.5747    0.061
P-n70-k10 	BT-3   70   23    280    1    834    989    867    266   2.8772    0.040
P-n70-k10 	BT-3   70   11    140    0    834    849    849    102 -1566.5021    0.018
P-n70-k10 	BT-3   70   11    140    1    834    849    849     96 -1566.5928    0.018
P-n70-k10 	BT-3   70   49    140    0    834    849    849     96 -404.6786    0.018
P-n70-k10 	BT-3   70   49    140    1    834    849    849     99 -404.6985    0.018
P-n70-k10 	BT-3   70   23    280    0    834    989    857    284   3.0842    0.028
P-n70-k10 	BT-3   70   23    280    1    834    989    867    278   2.9845    0.040
P-n70-k10 	BT-3   70   11    140    0    834    849    849    101 -1207.9426    0.018
P-n70-k10 	BT-3   70   11    140    1    834    849    849     99 -1208.0038    0.018
P-n70-k10 	BT-3   70   49    140    0    834    849    849     98 671.0708    0.018
P-n70-k10 	BT-3   70   49    140    1    834    849    849     90 670.9321    0.018
P-n70-k10 	BT-3   70   23    280    0    834    989    870    248   2.7347    0.043
P-n70-k10 	BT-3   70   23    280    1    834    989    867    254   2.7375    0.040
P-n70-k10 	BT-3   70   11    140    0    834    849    849     94 2018.4841    0.018
P-n70-k10 	BT-3   70   11    140    1    834    849    849     98 2018.5079    0.018
P-n70-k10 	BT-3   70   49    140    0    834    849    849    101 1760.5986    0.018
P-n70-k10 	BT-3   70   49    140    1    834    849    849     93 1760.4755    0.018
P-n70-k10 	BT-3   70   23    280    0    834    989    870    251   2.7167    0.043
P-n70-k10 	BT-3   70   23    280    1    834    989    866    359   3.9058    0.038
P-n70-k10 	BT-3   70   11    140    0    834    849    849     99 993.2958    0.018
P-n70-k10 	BT-3   70   11    140    1    834    849    849    100 993.2758    0.018
P-n70-k10 	BT-3   70   49    140    0    834    849    849     99 -1315.1046    0.018
P-n70-k10 	BT-3   70   49    140    1    834    849    849    101 -1315.0720    0.018
P-n70-k10 	BT-3   70   23    280    0    834    989    869    266   2.8060    0.042
P-n70-k10 	BT-3   70   23    280    1    834    989    867    256   2.7837    0.040
P-n70-k10 	BT-3   70   11    140    0    834    849    849     89 355.1476    0.018
P-n70-k10 	BT-3   70   11    140    1    834    849    849     98 355.2155    0.018
P-n70-k10 	BT-3   70   49    140    0    834    849    849     93 1065.5850    0.018
P-n70-k10 	BT-3   70   49    140    1    834    849    849    101 1065.6720    0.018
P-n70-k10 	BT-3   70   23    280    0    834    989    870    259   2.7417    0.043
P-n70-k10 	BT-3   70   23    280    1    834    989    868    336   3.6023    0.041
P-n70-k10 	BT-3   70   11    140    0    834    849    849     99 -1091.7435    0.018
P-n70-k10 	BT-3   70   11    140    1    834    849    849     99 -1091.7457    0.018
P-n70-k10 	BT-3   70   49    140    0    834    849    849    100 1019.7559    0.018
P-n70-k10 	BT-3   70   49    140    1    834    849    849     94 1019.6703    0.018
P-n70-k10 	BT-3   70   23    280    0    834    989    890    242   2.5644    0.067
P-n70-k10 	BT-3   70   23    280    1    834    989    867    258   2.8429    0.040
P-n70-k10 	BT-3   70   11    140    0    834    849    849     94 -1230.4412    0.018
P-n70-k10 	BT-3   70   11    140    1    834    849    849    100 -1230.4144    0.018
P-n70-k10 	BT-3   70   49    140    0    834    849    849    100 603.7328    0.018
P-n70-k10 	BT-3   70   49    140    1    834    849    849    100 603.7206    0.018
P-n70-k10 	BT-3   70   23    280    0    834    989    885    234   2.4927    0.061
P-n70-k10 	BT-3   70   23    280    1    834    989    867    266   2.8674    0.040
P-n70-k10 	BT-3   70   11    140    0    834    849    849     98 1816.5227    0.018
P-n70-k10 	BT-3   70   11    140    1    834    849    849     95 1816.4502    0.018
P-n70-k10 	BT-3   70   49    140    0    834    849    849    101 1154.5726    0.018
P-n70-k10 	BT-3   70   49    140    1    834    849    849     98 1154.4935    0.018
P-n70-k10 	BT-3   70   23    280    0    834    989    884    232   2.5810    0.060
P-n70-k10 	BT-3   70   23    280    1    834    989    867    265   2.8404    0.040
P-n70-k10 	BT-3   70   11    140    0    834    849    849     96 -825.9685    0.018
P-n70-k10 	BT-3   70   11    140    1    834    849    849     94 -825.9902    0.018
P-n70-k10 	BT-3   70   49    140    0    834    849    849    100 1817.0812    0.018
P-n70-k10 	BT-3   70   49    140    1    834    849    849     99 1817.1030    0.018
P-n70-k10 	BT-3   70   23    280    0    834    989    885    245   2.5712    0.061
P-n70-k10 	BT-3   70   23    280    1    834    989    867    262   2.8025    0.040
P-n70-k10 	BT-3   70   11    140    0    834    849    849     98 1161.6494    0.018
P-n70-k10 	BT-3   70   11    140    1    834    849    849     87 1161.5282    0.018
P-n70-k10 	BT-3   70   49    140    0    834    849    849     89 -810.2518    0.018
P-n70-k10 	BT-3   70   49    140    1    834    849    849    100 -810.1562    0.018
P-n70-k10 	BT-3   70   23    280    0    834    989    869    268   2.8406    0.042
P-n70-k10 	BT-3   70   23    280    1    834    989    867    250   2.6764    0.040
P-n70-k10 	BT-3   70   11    140    0    834    849    849    100 1869.9655    0.018
P-n70-k10 	BT-3   70   11    140    1    834    849    849     91 1869.8232    0.018
P-n70-k10 	BT-3   70   49    140    0    834    849    849    106 1314.8477    0.018
P-n70-k10 	BT-3   70   49    140    1    834    849    849    101 1314.7460    0.018
P-n70-k10 	BT-3   70   23    280    0    834    989    857    276   2.9375    0.028
P-n70-k10 	BT-3   70   23    280    1    834    989    867    264   2.8379    0.040
P-n70-k10 	BT-3   70   11    140    0    834    849    849     95 -344.8892    0.018
P-n70-k10 	BT-3   70   11    140    1    834    849    849     95 -344.9128    0.018
P-n70-k10 	BT-3   70   49    140    0    834    849    849     96 -1034.6541    0.018
P-n70-k10 	BT-3   70   49    140    1    834    849    849    101 -1034.6104    0.018
P-n70-k10 	BT-3   70   23    280    0    834    989    870    243   2.5998    0.043
P-n70-k10 	BT-3   70   23    280    1    834    989    859    434   4.6747    0.030
P-n70-k10 	BT-3   70   11    140    0    834    849    849     99 1198.3453    0.018
P-n70-k10 	BT-3   70   11    140    1    834    849    849     89 1198.1979    0.018
P-n70-k10 	BT-3   70   49    140    0    834    849    849     96 -700.1181    0.018
P-n70-k10 	BT-3   70   49    140    1    834    849    849     99 -700.0866    0.018
P-n70-k10 	BT-3   70   23    280    0    834    989    870    255   2.7155    0.043
P-n70-k10 	BT-3   70   23    280    1    834    989    849    440   4.7779    0.018
P-n70-k10 	BT-3   70   11    140    0    834    849    849    101 -2092.7747    0.018
P-n70-k10 	BT-3   70   11    140    1    834    849    848    114 -2092.6418    0.017
P-n70-k10 	BT-3   70   49    140    0    834    848    848     98 -1983.2511    0.017
P-n70-k10 	BT-3   70   49    140    1    834    848    848    102 -1983.2136    0.017
P-n70-k10 	BT-3   70   23    280    0    834    989    865    430   4.5673    0.037
P-n70-k10 	BT-3   70   23    280    1    834    989    867    260   2.7883    0.040
P-n70-k10 	BT-3   70   11    140    0    834    848    847    115 -1647.2178    0.016
P-n70-k10 	BT-3   70   11    140    1    834    848    848     95 -1647.4185    0.017
P-n70-k10 	BT-3   70   49    140    0    834    847    847     90 -647.1436    0.016
P-n70-k10 	BT-3   70   49    140    1    834    847    847    105 -646.9979    0.016
P-n70-k10 	BT-3   70   23    280    0    834    989    870    249   2.6658    0.043
P-n70-k10 	BT-3   70   23    280    1    834    989    867    260   2.8254    0.040
P-n70-k10 	BT-3   70   11    140    0    834    847    847    102 -1935.6437    0.016
P-n70-k10 	BT-3   70   11    140    1    834    847    847     94 -1935.7671    0.016
P-n70-k10 	BT-3   70   49    140    0    834    847    847    101 -1512.1370    0.016
P-n70-k10 	BT-3   70   49    140    1    834    847    847     99 -1512.1508    0.016
P-n70-k10 	BT-3   70   23    280    0    834    989    857    285   3.0770    0.028
P-n70-k10 	BT-3   70   23    280    1    834    989    867    255   2.7782    0.040
P-n70-k10 	BT-3   70   11    140    0    834    847    847     94 -235.6402    0.016
P-n70-k10 	BT-3   70   11    140    1    834    847    847     92 -235.7019    0.016
P-n70-k10 	BT-3   70   49    140    0    834    847    847     92 -707.0510    0.016
P-n70-k10 	BT-3   70   49    140    1    834    847    847     93 -707.0569    0.016
P-n70-k10 	BT-3   70   23    280    0    834    989    870    262   2.8023    0.043
P-n70-k10 	BT-3   70   23    280    1    834    989    858    322   3.5351    0.029
P-n70-k10 	BT-3   70   11    140    0    834    847    847    102 -2114.6707    0.016
P-n70-k10 	BT-3   70   11    140    1    834    847    847    101 -2114.7153    0.016
P-n70-k10 	BT-3   70   49    140    0    834    847    847     96 -2049.1875    0.016
P-n70-k10 	BT-3   70   49    140    1    834    847    847     98 -2049.1592    0.016
P-n70-k10 	BT-3   70   23    280    0    834    989    857    273   2.8979    0.028
P-n70-k10 	BT-3   70   23    280    1    834    989    867    258   2.7629    0.040
P-n70-k10 	BT-3   70   11    140    0    834    847    847     99 -1846.8735    0.016
P-n70-k10 	BT-3   70   11    140    1    834    847    847     98 -1846.8744    0.016
P-n70-k10 	BT-3   70   49    140    0    834    847    847     97 -1245.7062    0.016
P-n70-k10 	BT-3   70   49    140    1    834    847    847     96 -1245.6880    0.016
P-n70-k10 	BT-3   70   23    280    0    834    989    875    371   3.9890    0.049
P-n70-k10 	BT-3   70   23    280    1    834    989    867    262   2.8324    0.040
P-n70-k10 	BT-3   70   11    140    0    834    847    847     96 564.7222    0.016
P-n70-k10 	BT-3   70   11    140    1    834    847    847     97 564.7230    0.016
P-n70-k10 	BT-3   70   49    140    0    834    847    847    100 1694.2002    0.016
P-n70-k10 	BT-3   70   49    140    1    834    847    847    103 1694.2386    0.016
P-n70-k10 	BT-3   70   23    280    0    834    989    870    255   2.7426    0.043
P-n70-k10 	BT-3   70   23    280    1    834    989    867    262   2.8164    0.040
P-n70-k10 	BT-3   70   11    140    0    834    847    847    101 793.2618    0.016
P-n70-k10 	BT-3   70   11    140    1    834    847    847    104 793.2714    0.016
P-n70-k10 	BT-3   70   49    140    0    834    847    847     90 -1915.3135    0.016
P-n70-k10 	BT-3   70   49    140    1    834    847    847     97 -1915.2509    0.016
P-n70-k10 	BT-3   70   23    280    0    834    989    870    258   2.8390    0.043
P-n70-k10 	BT-3   70   23    280    1    834    989    867    257   2.7918    0.040
P-n70-k10 	BT-3   70   11    140    0    834    847    847     94 -1445.2329    0.016
P-n70-k10 	BT-3   70   11    140    1    834    847    847     94 -1445.2401    0.016
P-n70-k10 	BT-3   70   49    140    0    834    847    847     96 -40.7352    0.016
P-n70-k10 	BT-3   70   49    140    1    834    847    847     99 -40.6393    0.016
P-n70-k10 	BT-3   70   23    280    0    834    989    857    273   2.9107    0.028
P-n70-k10 	BT-3   70   23    280    1    834    989    867    247   2.7208    0.040
P-n70-k10 	BT-3   70   11    140    0    834    847    847     97 -116.4466    0.016
P-n70-k10 	BT-3   70   11    140    1    834    847    847     98 -116.4394    0.016
P-n70-k10 	BT-3   70   49    140    0    834    847    847    102 -349.3043    0.016
P-n70-k10 	BT-3   70   49    140    1    834    847    847     95 -349.3707    0.016
P-n70-k10 	BT-3   70   23    280    0    834    989    861    462   4.8923    0.032
P-n70-k10 	BT-3   70   23    280    1    834    989    867    260   2.8008    0.040
P-n70-k10 	BT-3   70   11    140    0    834    847    847    101 -1040.2902    0.016
P-n70-k10 	BT-3   70   11    140    1    834    847    847     95 -1040.3713    0.016
P-n70-k10 	BT-3   70   49    140    0    834    847    847     95 1173.9674    0.016
P-n70-k10 	BT-3   70   49    140    1    834    847    847     99 1174.0017    0.016
P-n70-k10 	BT-3   70   23    280    0    834    989    857    274   2.8991    0.028
P-n70-k10 	BT-3   70   23    280    1    834    989    867    262   2.7822    0.040
P-n70-k10 	BT-3   70   11    140    0    834    847    847     96 -767.3062    0.016
P-n70-k10 	BT-3   70   11    140    1    834    847    847     97 -767.3422    0.016
P-n70-k10 	BT-3   70   49    140    0    834    847    847     92 1992.9142    0.016
P-n70-k10 	BT-3   70   49    140    1    834    847    847     93 1992.9174    0.016
P-n70-k10 	BT-3   70   23    280    0    834    989    861    400   4.3397    0.032
P-n70-k10 	BT-3   70   23    280    1    834    989    867    257   2.7733    0.040
P-n70-k10 	BT-3   70   11    140    0    834    847    847     96 1690.9601    0.016
P-n70-k10 	BT-3   70   11    140    1    834    847    847     98 1690.9568    0.016
P-n70-k10 	BT-3   70   49    140    0    834    847    847     99 777.9138    0.016
P-n70-k10 	BT-3   70   49    140    1    834    847    847    106 777.9974    0.016
P-n70-k10 	BT-3   70   23    280    0    834    989    870    252   2.6734    0.043
P-n70-k10 	BT-3   70   23    280    1    834    989    870    349   3.7653    0.043
P-n70-k10 	BT-3   70   11    140    0    834    847    847     94 -1954.7335    0.016
P-n70-k10 	BT-3   70   11    140    1    834    847    847     95 -1954.7308    0.016
P-n70-k10 	BT-3   70   49    140    0    834    847    847    100 -1569.1686    0.016
P-n70-k10 	BT-3   70   49    140    1    834    847    847    104 -1569.1394    0.016
P-n70-k10 	BT-3   70   23    280    0    834    989    869    276   2.9366    0.042
P-n70-k10 	BT-3   70   23    280    1    834    989    867    267   2.8596    0.040
P-n70-k10 	BT-3   70   11    140    0    834    847    847     93 -406.7961    0.016
P-n70-k10 	BT-3   70   11    140    1    834    847    847     98 -406.7503    0.016
P-n70-k10 	BT-3   70   49    140    0    834    847    847     97 -1220.2947    0.016
P-n70-k10 	BT-3   70   49    140    1    834    847    847    100 -1220.2732    0.016
P-n70-k10 	BT-3   70   23    280    0    834    989    870    248   2.6508    0.043
P-n70-k10 	BT-3   70   23    280    1    834    989    879    261   2.7983    0.054
P-n70-k10 	BT-3   70   11    140    0    834    847    847     97 639.5406    0.016
P-n70-k10 	BT-3   70   11    140    1    834    847    847     97 639.5472    0.016
P-n70-k10 	BT-3   70   49    140    0    834    847    847     99 1918.6859    0.016
P-n70-k10 	BT-3   70   49    140    1    834    847    847     98 1918.6384    0.016
P-n70-k10 	BT-3   70   23    280    0    834    989    885    243   2.6321    0.061
P-n70-k10 	BT-3   70   23    280    1    834    989    867    260   2.7749    0.040
P-n70-k10 	BT-3   70   11    140    0    834    847    847    102 1466.4785    0.016
P-n70-k10 	BT-3   70   11    140    1    834    847    847     98 1466.4210    0.016
P-n70-k10 	BT-3   70   49    140    0    834    847    847     96 104.3378    0.016
P-n70-k10 	BT-3   70   49    140    1    834    847    847     98 104.3329    0.016
P-n70-k10 	BT-3   70   23    280    0    834    989    870    254   2.7621    0.043
P-n70-k10 	BT-3   70   23    280    1    834    989    867    250   2.7360    0.040
P-n70-k10 	BT-3   70   11    140    0    834    847    847    101 318.5545    0.016
P-n70-k10 	BT-3   70   11    140    1    834    847    847     96 318.4775    0.016
P-n70-k10 	BT-3   70   49    140    0    834    847    847     95 955.5314    0.016
P-n70-k10 	BT-3   70   49    140    1    834    847    847     97 955.5314    0.016
P-n70-k10 	BT-3   70   23    280    0    834    989    885    239   2.5689    0.061
P-n70-k10 	BT-3   70   23    280    1    834    989    866    272   2.9430    0.038
P-n70-k10 	BT-3   70   11    140    0    834    847    847     92 -1422.8606    0.016
P-n70-k10 	BT-3   70   11    140    1    834    847    847     98 -1422.8546    0.016
P-n70-k10 	BT-3   70   49    140    0    834    847    847    100  26.4520    0.016
P-n70-k10 	BT-3   70   49    140    1    834    847    847     94  26.3500    0.016
P-n70-k10 	BT-3   70   23    280    0    834    989    885    233   2.5543    0.061
P-n70-k10 	BT-3   70   23    280    1    834    989    867    267   2.8941    0.040
P-n70-k10 	BT-3   70   11    140    0    834    847    847    105  84.7411    0.016
P-n70-k10 	BT-3   70   11    140    1    834    847    847     99  84.6443    0.016
P-n70-k10 	BT-3   70   49    140    0    834    847    847     96 254.0140    0.016
P-n70-k10 	BT-3   70   49    140    1    834    847    847     99 254.0628    0.016
P-n70-k10 	BT-3   70   23    280    0    834    989    889    253   2.6971    0.066
P-n70-k10 	BT-3   70   23    280    1    834    989    868    283   3.0432    0.041
P-n70-k10 	BT-3   70   11    140    0    834    847    847    105 767.9415    0.016
P-n70-k10 	BT-3   70   11    140    1    834    847    847     96 767.8396    0.016
P-n70-k10 	BT-3   70   49    140    0    834    847    847    100 -1991.3038    0.016
P-n70-k10 	BT-3   70   49    140    1    834    847    847     96 -1991.3446    0.016
P-n70-k10 	BT-3   70   23    280    0    834    989    870    248   2.6583    0.043
P-n70-k10 	BT-3   70   23    280    1    834    989    867    271   2.9217    0.040
P-n70-k10 	BT-3   70   11    140    0    834    847    847     91 -1673.4939    0.016
P-n70-k10 	BT-3   70   11    140    1    834    847    847     94 -1673.4797    0.016
P-n70-k10 	BT-3   70   49    140    0    834    847    847     97 -725.4189    0.016
P-n70-k10 	BT-3   70   49    140    1    834    847    847    102 -725.3549    0.016
P-n70-k10 	BT-3   70   23    280    0    834    989    885    242   2.5923    0.061
P-n70-k10 	BT-3   70   23    280    1    834    989    867    260   2.8429    0.040
P-n70-k10 	BT-3   70   11    140    0    834    847    847     95 2124.1494    0.016
P-n70-k10 	BT-3   70   11    140    1    834    847    847    104 2124.2803    0.016
P-n70-k10 	BT-3   70   49    140    0    834    847    847     94 2077.6023    0.016
P-n70-k10 	BT-3   70   49    140    1    834    847    847     94 2077.6108    0.016
P-n70-k10 	BT-3   70   23    280    0    834    989    885    251   2.6837    0.061
P-n70-k10 	BT-3   70   23    280    1    834    989    867    262   2.8028    0.040
P-n70-k10 	BT-3   70   11    140    0    834    847    847     93 1943.3445    0.016
P-n70-k10 	BT-3   70   11    140    1    834    847    847     96 1943.3713    0.016
P-n70-k10 	BT-3   70   49    140    0    834    847    847     98 1535.1508    0.016
P-n70-k10 	BT-3   70   49    140    1    834    847    847    100 1535.1541    0.016
P-n70-k10 	BT-3   70   23    280    0    834    989    870    261   2.7846    0.043
P-n70-k10 	BT-3   70   23    280    1    834    989    867    259   2.7357    0.040
P-n70-k10 	BT-3   70   11    140    0    834    847    847    101 316.0297    0.016
P-n70-k10 	BT-3   70   11    140    1    834    847    847     89 315.8988    0.016
P-n70-k10 	BT-3   70   49    140    0    834    847    847     98 947.9119    0.016
P-n70-k10 	BT-3   70   49    140    1    834    847    847     96 947.9332    0.016
P-n70-k10 	BT-3   70   23    280    0    834    989    857    270   2.8937    0.028
P-n70-k10 	BT-3   70   23    280    1    834    989    867    264   2.8358    0.040
P-n70-k10 	BT-3   70   11    140    0    834    847    847    100 -1445.4371    0.016
P-n70-k10 	BT-3   70   11    140    1    834    847    847     95 -1445.5222    0.016
P-n70-k10 	BT-3   70   49    140    0    834    847    847     96 -41.4911    0.016
P-n70-k10 	BT-3   70   49    140    1    834    847    847     96 -41.4741    0.016
P-n70-k10 	BT-3   70   23    280    0    834    989    872    250   2.7773    0.046
P-n70-k10 	BT-3   70   23    280    1    834    989    867    258   2.8485    0.040
P-n70-k10 	BT-3   70   11    140    0    834    847    847     95 -118.8307    0.016
P-n70-k10 	BT-3   70   11    140    1    834    847    847    100 -118.7719    0.016
P-n70-k10 	BT-3   70   49    140    0    834    847    847    100 -356.3781    0.016
P-n70-k10 	BT-3   70   49    140    1    834    847    847     90 -356.5082    0.016
P-n70-k10 	BT-3   70   23    280    0    834    989    857    277   2.9740    0.028
P-n70-k10 	BT-3   70   23    280    1    834    989    867    264   2.8046    0.040
P-n70-k10 	BT-3   70   11    140    0    834    847    847    101 -1063.4783    0.016
P-n70-k10 	BT-3   70   11    140    1    834    847    847     98 -1063.5133    0.016
P-n70-k10 	BT-3   70   49    140    0    834    847    847    101 1104.4923    0.016
P-n70-k10 	BT-3   70   49    140    1    834    847    847     96 1104.4321    0.016
P-n70-k10 	BT-3   70   23    280    0    834    989    869    267   2.8418    0.042
P-n70-k10 	BT-3   70   23    280    1    834    989    867    269   2.9586    0.040
P-n70-k10 	BT-3   70   11    140    0    834    847    847    100 -975.7459    0.016
P-n70-k10 	BT-3   70   11    140    1    834    847    847     89 -975.8796    0.016
P-n70-k10 	BT-3   70   49    140    0    834    847    847     87 1367.4526    0.016
P-n70-k10 	BT-3   70   49    140    1    834    847    847    100 1367.5988    0.016
P-n70-k10 	BT-3   70   23    280    0    834    989    870    250   2.6434    0.043
P-n70-k10 	BT-3   70   23    280    1    834    989    867    256   2.7335    0.040
P-n70-k10 	BT-3   70   11    140    0    834    847    847     94 -187.0102    0.016
P-n70-k10 	BT-3   70   11    140    1    834    847    847     94 -187.0198    0.016
P-n70-k10 	BT-3   70   49    140    0    834    847    847     99 -560.9874    0.016
P-n70-k10 	BT-3   70   49    140    1    834    847    847     96 -561.0158    0.016
P-n70-k10 	BT-3   70   23    280    0    834    989    885    235   2.5356    0.061
P-n70-k10 	BT-3   70   23    280    1    834    989    867    254   2.7343    0.040
P-n70-k10 	BT-3   70   11    140    0    834    847    847    100 -1677.7102    0.016
P-n70-k10 	BT-3   70   11    140    1    834    847    847     99 -1677.7214    0.016
P-n70-k10 	BT-3   70   49    140    0    834    847    847     94 -738.2528    0.016
P-n70-k10 	BT-3   70   49    140    1    834    847    847     91 -738.2800    0.016
P-n70-k10 	BT-3   70   23    280    0    834    989    857    276   3.1264    0.028
P-n70-k10 	BT-3   70   23    280    1    834    989    866    270   2.8822    0.038
P-n70-k10 	BT-3   70   11    140    0    834    847    847    103 2086.3042    0.016
P-n70-k10 	BT-3   70   11    140    1    834    847    847     96 2086.2195    0.016
P-n70-k10 	BT-3   70   49    140    0    834    847    847    101 1963.8500    0.016
P-n70-k10 	BT-3   70   49    140    1    834    847    847    101 1963.8206    0.016
P-n70-k10 	BT-3   70   23    280    0    834    989    857    277   2.9899    0.028
P-n70-k10 	BT-3   70   23    280    1    834    989    881    382   4.1873    0.056
P-n70-k10 	BT-3   70   11    140    0    834    847    847    101 1603.7230    0.016
P-n70-k10 	BT-3   70   11    140    1    834    847    847     91 1603.6018    0.016
P-n70-k10 	BT-3   70   49    140    0    834    847    847     95 516.0156    0.016
P-n70-k10 	BT-3   70   49    140    1    834    847    847     95 516.0256    0.016
P-n70-k10 	BT-3   70   23    280    0    834    989    857    280   3.0082    0.028
P-n70-k10 	BT-3   70   23    280    1    834    989    867    263   2.8484    0.040
P-n70-k10 	BT-3   70   11    140    0    834    847    847     93 1553.8910    0.016
P-n70-k10 	BT-3   70   11    140    1    834    847    847     94 1553.8722    0.016
P-n70-k10 	BT-3   70   49    140    0    834    847    847    103 366.7712    0.016
P-n70-k10 	BT-3   70   49    140    1    834    847    847     98 366.7235    0.016
P-n70-k10 	BT-3   70   23    280    0    834    989    857    272   2.8655    0.028
P-n70-k10 	BT-3   70   23    280    1    834    989    856    368   3.9947    0.026
P-n70-k10 	BT-3   70   11    140    0    834    847    847    102 1107.1353    0.016
P-n70-k10 	BT-3   70   11    140    1    834    847    847     96 1107.0692    0.016
P-n70-k10 	BT-3   70   49    140    0    834    847    847    101 -973.6440    0.016
P-n70-k10 	BT-3   70   49    140    1    834    847    847     98 -973.6843    0.016
P-n70-k10 	BT-3   70   23    280    0    834    989    857    277   3.0082    0.028
P-n70-k10 	BT-3   70   23    280    1    834    989    867    262   2.7816    0.040
P-n70-k10 	BT-3   70   11    140    0    834    847    847    102 1379.7942    0.016
P-n70-k10 	BT-3   70   11    140    1    834    847    847     92 1379.6768    0.016
P-n70-k10 	BT-3   70   49    140    0    834    847    847    103 -155.6739    0.016
P-n70-k10 	BT-3   70   49    140    1    834    847    847     91 -155.8045    0.016
P-n70-k10 	BT-3   70   23    280    0    834    989    870    462   5.0838    0.043
P-n70-k10 	BT-3   70   23    280    1    834    989    867    255   2.7828    0.040
P-n70-k10 	BT-3   70   11    140    0    834    847    847     97 -459.3917    0.016
P-n70-k10 	BT-3   70   11    140    1    834    847    847    102 -459.3364    0.016
P-n70-k10 	BT-3   70   49    140    0    834    847    847    102 -1377.9546    0.016
P-n70-k10 	BT-3   70   49    140    1    834    847    847    100 -1378.0887    0.016
P-n70-k10 	BT-3   70   23    280    0    834    989    869    267   2.9068    0.042
P-n70-k10 	BT-3   70   23    280    1    834    989    867    258   2.7496    0.040
P-n70-k10 	BT-3   70   11    140    0    834    847    847    101 166.5281    0.016
P-n70-k10 	BT-3   70   11    140    1    834    847    847     99 166.5142    0.016
P-n70-k10 	BT-3   70   49    140    0    834    847    847     98 499.5481    0.016
P-n70-k10 	BT-3   70   49    140    1    834    847    847     92 499.4564    0.016
P-n70-k10 	BT-3   70   23    280    0    834    989    861    469   5.0099    0.032
P-n70-k10 	BT-3   70   23    280    1    834    989    867    259   2.8337    0.040
P-n70-k10 	BT-3   70   11    140    0    834    847    847     96 1506.4121    0.016
P-n70-k10 	BT-3   70   11    140    1    834    847    847    107 1506.4884    0.016
P-n70-k10 	BT-3   70   49    140    0    834    847    847    100 224.3726    0.016
P-n70-k10 	BT-3   70   49    140    1    834    847    847    104 224.3820    0.016
P-n70-k10 	BT-3   70   23    280    0    834    989    885    233   2.5554    0.061
P-n70-k10 	BT-3   70   23    280    1    834    989    867    259   2.7895    0.040
P-n70-k10 	BT-3   70   11    140    0    834    847    847     96 678.3937    0.016
P-n70-k10 	BT-3   70   11    140    1    834    847    847     93 678.3368    0.016
P-n70-k10 	BT-3   70   49    140    0    834    847    847    103 2035.2153    0.016
P-n70-k10 	BT-3   70   49    140    1    834    847    847     97 2035.1432    0.016
P-n70-k10 	BT-3   70   23    280    0    834    989    885    239   2.5362    0.061
P-n70-k10 	BT-3   70   23    280    1    834    989    867    256   2.7991    0.040
P-n70-k10 	BT-3   70   11    140    0    834    847    847     97 1815.8660    0.016
P-n70-k10 	BT-3   70   11    140    1    834    847    847    100 1815.9076    0.016
P-n70-k10 	BT-3   70   49    140    0    834    847    847     91 1152.5981    0.016
P-n70-k10 	BT-3   70   49    140    1    834    847    847     96 1152.6389    0.016
P-n70-k10 	BT-3   70   23    280    0    834    989    870    244   2.6236    0.043
P-n70-k10 	BT-3   70   23    280    1    834    989    867    259   2.7976    0.040
P-n70-k10 	BT-3   70   11    140    0    834    847    847     94 -831.6708    0.016
P-n70-k10 	BT-3   70   11    140    1    834    847    847     99 -831.6229    0.016
P-n70-k10 	BT-3   70   49    140    0    834    847    847     98 1800.0519    0.016
P-n70-k10 	BT-3   70   49    140    1    834    847    847     97 1800.0525    0.016
P-n70-k10 	BT-3   70   23    280    0    834    989    870    244   2.6220    0.043
P-n70-k10 	BT-3   70   23    280    1    834    989    862    461   5.0484    0.034
P-n70-k10 	BT-3   70   11    140    0    834    847    847     93 1112.8007    0.016
P-n70-k10 	BT-3   70   11    140    1    834    847    847     95 1112.8218    0.016
P-n70-k10 	BT-3   70   49    140    0    834    847    847    100 -956.4557    0.016
P-n70-k10 	BT-3   70   49    140    1    834    847    847     98 -956.4788    0.016
P-n70-k10 	BT-3   70   23    280    0    834    989    870    258   2.7881    0.043
P-n70-k10 	BT-3   70   23    280    1    834    989    867    256   2.7573    0.040
P-n70-k10 	BT-3   70   11    140    0    834    847    847    100 1431.1127    0.016
P-n70-k10 	BT-3   70   11    140    1    834    847    847     98 1431.0773    0.016
P-n70-k10 	BT-3   70   49    140    0    834    847    847    100  -1.6199    0.016
P-n70-k10 	BT-3   70   49    140    1    834    847    847     94  -1.7321    0.016
P-n70-k10 	BT-3   70   23    280    0    834    989    857    274   2.9061    0.028
P-n70-k10 	BT-3   70   23    280    1    834    989    868    342   3.7448    0.041
P-n70-k10 	BT-3   70   11    140    0    834    847    847    103   1.7071    0.016
P-n70-k10 	BT-3   70   11    140    1    834    847    847    103   1.6423    0.016
P-n70-k10 	BT-3   70   49    140    0    834    847    847     97   4.9429    0.016
P-n70-k10 	BT-3   70   49    140    1    834    847    847     96   4.9675    0.016
P-n70-k10 	BT-3   70   23    280    0    834    989    857    280   3.0045    0.028
P-n70-k10 	BT-3   70   23    280    1    834    989    867    264   2.8320    0.040
P-n70-k10 	BT-3   70   11    140    0    834    847    847    100  20.7388    0.016
P-n70-k10 	BT-3   70   11    140    1    834    847    847    102  20.7424    0.016
P-n70-k10 	BT-3   70   49    140    0    834    847    847     92  62.1465    0.016
P-n70-k10 	BT-3   70   49    140    1    834    847    847     95  62.1527    0.016
P-n70-k10 	BT-3   70   23    280    0    834    989    885    237   2.5957    0.061
P-n70-k10 	BT-3   70   23    280    1    834    989    867    256   2.7801    0.040
P-n70-k10 	BT-3   70   11    140    0    834    847    847    107 191.9763    0.016
P-n70-k10 	BT-3   70   11    140    1    834    847    847    100 191.8866    0.016
P-n70-k10 	BT-3   70   49    140    0    834    847    847    101 575.7670    0.016
P-n70-k10 	BT-3   70   49    140    1    834    847    847     98 575.7023    0.016
P-n70-k10 	BT-3   70   23    280    0    834    989    885    235   2.5542    0.061
P-n70-k10 	BT-3   70   23    280    1    834    989    867    266   2.8955    0.040
P-n70-k10 	BT-3   70   11    140    0    834    847    847     97 1732.6349    0.016
P-n70-k10 	BT-3   70   11    140    1    834    847    847     97 1732.6271    0.016
P-n70-k10 	BT-3   70   49    140    0    834    847    847     91 902.8718    0.016
P-n70-k10 	BT-3   70   49    140    1    834    847    847     97 902.9221    0.016
P-n70-k10 	BT-3   70   23    280    0    834    989    885    240   2.5325    0.061
P-n70-k10 	BT-3   70   23    280    1    834    989    860    420   4.6164    0.031
P-n70-k10 	BT-3   70   11    140    0    834    847    847    101 -1579.0388    0.016
P-n70-k10 	BT-3   70   11    140    1    834    847    847     96 -1579.1044    0.016
P-n70-k10 	BT-3   70   49    140    0    834    847    847    100 -442.2477    0.016
P-n70-k10 	BT-3   70   49    140    1    834    847    847     93 -442.3257    0.016
P-n70-k10 	BT-3   70   23    280    0    834    989    885    243   2.6429    0.061
P-n70-k10 	BT-3   70   23    280    1    834    989    853    424   4.6480    0.023
P-n70-k10 	BT-3   70   11    140    0    834    847    847     99 -1319.5275    0.016
P-n70-k10 	BT-3   70   11    140    1    834    847    847     95 -1319.5768    0.016
P-n70-k10 	BT-3   70   49    140    0    834    847    847     98 336.3474    0.016
P-n70-k10 	BT-3   70   49    140    1    834    847    847     91 336.2242    0.016
P-n70-k10 	BT-3   70   23    280    0    834    989    885    241   2.5926    0.061
P-n70-k10 	BT-3   70   23    280    1    834    989    867    264   2.8856    0.040
P-n70-k10 	BT-3   70   11    140    0    834    847    847     94 1014.3286    0.016
P-n70-k10 	BT-3   70   11    140    1    834    847    847     99 1014.3780    0.016
P-n70-k10 	BT-3   70   49    140    0    834    847    847     97 -1251.9253    0.016
P-n70-k10 	BT-3   70   49    140    1    834    847    847     96 -1251.9032    0.016
P-n70-k10 	BT-3   70   23    280    0    834    989    870    253   2.7175    0.043
P-n70-k10 	BT-3   70   23    280    1    834    989    867    255   2.7394    0.040
P-n70-k10 	BT-3   70   11    140    0    834    847    847     94 544.6674    0.016
P-n70-k10 	BT-3   70   11    140    1    834    847    847     98 544.7042    0.016
P-n70-k10 	BT-3   70   49    140    0    834    847    847     95 1634.0612    0.016
P-n70-k10 	BT-3   70   49    140    1    834    847    847     99 1634.0647    0.016
P-n70-k10 	BT-3   70   23    280    0    834    989    872    448   4.8167    0.046
P-n70-k10 	BT-3   70   23    280    1    834    989    867    271   2.9691    0.040
P-n70-k10 	BT-3   70   11    140    0    834    847    847     99 615.0351    0.016
P-n70-k10 	BT-3   70   11    140    1    834    847    847    107 615.1110    0.016
P-n70-k10 	BT-3   70   49    140    0    834    847    847     95 1845.1473    0.016
P-n70-k10 	BT-3   70   49    140    1    834    847    847    104 1845.2205    0.016
P-n70-k10 	BT-3   70   23    280    0    834    989    857    269   2.9084    0.028
P-n70-k10 	BT-3   70   23    280    1    834    989    867    255   2.7414    0.040
P-n70-k10 	BT-3   70   11    140    0    834    847    847     99 1246.2340    0.016
P-n70-k10 	BT-3   70   11    140    1    834    847    847     93 1246.1655    0.016
P-n70-k10 	BT-3   70   49    140    0    834    847    847     99 -556.3277    0.016
P-n70-k10 	BT-3   70   49    140    1    834    847    847     99 -556.3643    0.016
P-n70-k10 	BT-3   70   23    280    0    834    989    857    263   2.7764    0.028
P-n70-k10 	BT-3   70   23    280    1    834    989    867    263   2.9161    0.040
P-n70-k10 	BT-3   70   11    140    0    834    847    847    100 -1663.3279    0.016
P-n70-k10 	BT-3   70   11    140    1    834    847    847    103 -1663.2900    0.016
P-n70-k10 	BT-3   70   49    140    0    834    847    847     97 -695.0292    0.016
P-n70-k10 	BT-3   70   49    140    1    834    847    847    104 -694.9499    0.016
P-n70-k10 	BT-3   70   23    280    0    834    989    885    240   2.5880    0.061
P-n70-k10 	BT-3   70   23    280    1    834    989    867    262   2.8544    0.040
P-n70-k10 	BT-3   70   11    140    0    834    847    847     95 -2079.5796    0.016
P-n70-k10 	BT-3   70   11    140    1    834    847    847     94 -2079.5938    0.016
P-n70-k10 	BT-3   70   49    140    0    834    847    847     99 -1943.7310    0.016
P-n70-k10 	BT-3   70   49    140    1    834    847    847     92 -1943.8160    0.016
P-n70-k10 	BT-3   70   23    280    0    834    989    879    371   3.9351    0.054
P-n70-k10 	BT-3   70   23    280    1    834    989    867    256   2.7657    0.040
P-n70-k10 	BT-3   70   11    140    0    834    847    847     92 -1529.6992    0.016
P-n70-k10 	BT-3   70   11    140    1    834    847    847     98 -1529.6163    0.016
P-n70-k10 	BT-3   70   49    140    0    834    847    847     97 -293.9829    0.016
P-n70-k10 	BT-3   70   49    140    1    834    847    847     90 -294.0795    0.016
P-n70-k10 	BT-3   70   23    280    0    834    989    870    253   2.7105    0.043
P-n70-k10 	BT-3   70   23    280    1    834    989    863    263   2.8631    0.035
P-n70-k10 	BT-3   70   11    140    0    834    847    847     99 -876.4279    0.016
P-n70-k10 	BT-3   70   11    140    1    834    847    847    102 -876.4272    0.016
P-n70-k10 	BT-3   70   49    140    0    834    847    847     94 1665.6100    0.016
P-n70-k10 	BT-3   70   49    140    1    834    847    847     96 1665.6581    0.016
P-n70-k10 	BT-3   70   23    280    0    834    989    870    246   2.6328    0.043
P-n70-k10 	BT-3   70   23    280    1    834    989    858    287   3.1065    0.029
P-n70-k10 	BT-3   70   11    140    0    834    847    847     96 707.7112    0.016
P-n70-k10 	BT-3   70   11    140    1    834    847    847     96 707.6961    0.016
P-n70-k10 	BT-3   70   49    140    0    834    847    847     96 2123.1030    0.016
P-n70-k10 	BT-3   70   49    140    1    834    847    847     97 2123.0593    0.016
P-n70-k10 	BT-3   70   23    280    0    834    989    885    243   2.6723    0.061
P-n70-k10 	BT-3   70   23    280    1    834    989    867    264   2.8579    0.040
P-n70-k10 	BT-3   70   11    140    0    834    847    847     93 2079.7812    0.016
P-n70-k10 	BT-3   70   11    140    1    834    847    847    102 2079.8506    0.016
P-n70-k10 	BT-3   70   49    140    0    834    847    847     96 1944.4680    0.016
P-n70-k10 	BT-3   70   49    140    1    834    847    847    104 1944.5426    0.016
P-n70-k10 	BT-3   70   23    280    0    834    989    857    282   3.0396    0.028
P-n70-k10 	BT-3   70   23    280    1    834    989    867    250   2.7280    0.040
P-n70-k10 	BT-3   70   11    140    0    834    847    847     98 1544.2872    0.016
P-n70-k10 	BT-3   70   11    140    1    834    847    847     97 1544.2656    0.016
P-n70-k10 	BT-3   70   49    140    0    834    847    847    100 337.8973    0.016
P-n70-k10 	BT-3   70   49    140    1    834    847    847     96 337.8603    0.016
P-n70-k10 	BT-3   70   23    280    0    834    989    870    248   2.6490    0.043
P-n70-k10 	BT-3   70   23    280    1    834    989    867    264   2.8038    0.040
P-n70-k10 	BT-3   70   11    140    0    834    847    847     96 1019.0806    0.016
P-n70-k10 	BT-3   70   11    140    1    834    847    847     96 1019.0732    0.016
P-n70-k10 	BT-3   70   49    140    0    834    847    847     97 -1237.7173    0.016
P-n70-k10 	BT-3   70   49    140    1    834    847    847    105 -1237.6204    0.016
P-n70-k10 	BT-3   70   23    280    0    834    989    870    260   2.7456    0.043
P-n70-k10 	BT-3   70   23    280    1    834    989    854    280   3.0601    0.024
P-n70-k10 	BT-3   70   11    140    0    834    847    847     96 587.6906    0.016
P-n70-k10 	BT-3   70   11    140    1    834    847    847    103 587.7630    0.016
P-n70-k10 	BT-3   70   49    140    0    834    847    847    103 1763.2091    0.016
P-n70-k10 	BT-3   70   49    140    1    834    847    847     99 1763.1532    0.016
P-n70-k10 	BT-3   70   23    280    0    834    989    870    248   2.6422    0.043
P-n70-k10 	BT-3   70   23    280    1    834    989    867    247   2.6960    0.040
P-n70-k10 	BT-3   70   11    140    0    834    847    847     90 999.8722    0.016
P-n70-k10 	BT-3   70   11    140    1    834    847    847     96 999.8782    0.016
P-n70-k10 	BT-3   70   49    140    0    834    847    847     97 -1295.3147    0.016
P-n70-k10 	BT-3   70   49    140    1    834    847    847    100 -1295.2899    0.016
P-n70-k10 	BT-3   70   23    280    0    834    989    857    281   3.0329    0.028
P-n70-k10 	BT-3   70   23    280    1    834    989    867    264   2.8594    0.040
P-n70-k10 	BT-3   70   11    140    0    834    847    847     99 414.9493    0.016
P-n70-k10 	BT-3   70   11    140    1    834    847    847     99 414.9458    0.016
P-n70-k10 	BT-3   70   49    140    0    834    847    847     92 1244.8186    0.016
P-n70-k10 	BT-3   70   49    140    1    834    847    847     98 1244.8307    0.016
P-n70-k10 	BT-3   70   23    280    0    834    989    857    272   2.9025    0.028
P-n70-k10 	BT-3   70   23    280    1    834    989    867    257   2.8160    0.040
P-n70-k10 	BT-3   70   11    140    0    834    847    847     98 -554.7616    0.016
P-n70-k10 	BT-3   70   11    140    1    834    847    847    100 -554.7290    0.016
P-n70-k10 	BT-3   70   49    140    0    834    847    847     95 -1664.2875    0.016
P-n70-k10 	BT-3   70   49    140    1    834    847    847     95 -1664.2977    0.016
P-n70-k10 	BT-3   70   23    280    0    834    989    858    288   3.0833    0.029
P-n70-k10 	BT-3   70   23    280    1    834    989    852    392   4.2499    0.022
P-n70-k10 	BT-3   70   11    140    0    834    847    847     96 -690.5025    0.016
P-n70-k10 	BT-3   70   11    140    1    834    847    847     98 -690.5364    0.016
P-n70-k10 	BT-3   70   49    140    0    834    847    847     97 -2071.5957    0.016
P-n70-k10 	BT-3   70   49    140    1    834    847    847    101 -2071.5498    0.016
P-n70-k10 	BT-3   70   23    280    0    834    989    885    239   2.6081    0.061
P-n70-k10 	BT-3   70   23    280    1    834    989    867    261   2.7770    0.040
P-n70-k10 	BT-3   70   11    140    0    834    847    847    101 -1914.3236    0.016
P-n70-k10 	BT-3   70   11    140    1    834    847    847     99 -1914.3492    0.016
P-n70-k10 	BT-3   70   49    140    0    834    847    847    101 -1448.0348    0.016
P-n70-k10 	BT-3   70   49    140    1    834    847    847     97 -1448.0817    0.016
P-n70-k10 	BT-3   70   23    280    0    834    989    862    283   2.9949    0.034
P-n70-k10 	BT-3   70   23    280    1    834    989    867    259   2.8783    0.040
P-n70-k10 	BT-3   70   11    140    0    834    847    847     97 -43.3510    0.016
P-n70-k10 	BT-3   70   11    140    1    834    847    847     93 -43.4083    0.016
P-n70-k10 	BT-3   70   49    140    0    834    847    847     95 -130.1516    0.016
P-n70-k10 	BT-3   70   49    140    1    834    847    847     99 -130.1053    0.016
P-n70-k10 	BT-3   70   23    280    0    834    989    870    254   2.7375    0.043
P-n70-k10 	BT-3   70   23    280    1    834    989    867    253   2.7075    0.040
P-n70-k10 	BT-3   70   11    140    0    834    847    847    106 -384.8144    0.016
P-n70-k10 	BT-3   70   11    140    1    834    847    847     98 -384.9154    0.016
P-n70-k10 	BT-3   70   49    140    0    834    847    847     99 -1154.6490    0.016
P-n70-k10 	BT-3   70   49    140    1    834    847    847     97 -1154.6620    0.016
P-n70-k10 	BT-3   70   23    280    0    834    989    857    269   2.8626    0.028
P-n70-k10 	BT-3   70   23    280    1    834    989    867    264   2.8117    0.040
P-n70-k10 	BT-3   70   11    140    0    834    847    847     91 836.5921    0.016
P-n70-k10 	BT-3   70   11    140    1    834    847    847    103 836.7112    0.016
P-n70-k10 	BT-3   70   49    140    0    834    847    847     99 -1784.9349    0.016
P-n70-k10 	BT-3   70   49    140    1    834    847    847    102 -1784.9471    0.016
P-n70-k10 	BT-3   70   23    280    0    834    989    870    253   2.6949    0.043
P-n70-k10 	BT-3   70   23    280    1    834    989    851    451   4.8748    0.020
P-n70-k10 	BT-3   70   11    140    0    834    847    847     92 -1052.3934    0.016
P-n70-k10 	BT-3   70   11    140    1    834    847    847     98 -1052.3186    0.016
P-n70-k10 	BT-3   70   49    140    0    834    847    847     97 1137.9025    0.016
P-n70-k10 	BT-3   70   49    140    1    834    847    847     99 1137.9207    0.016
P-n70-k10 	BT-3   70   23    280    0    834    989    870    262   2.7651    0.043
P-n70-k10 	BT-3   70   23    280    1    834    989    865    488   5.2902    0.037
P-n70-k10 	BT-3   70   11    140    0    834    847    847     99 -873.1472    0.016
P-n70-k10 	BT-3   70   11    140    1    834    847    847     98 -873.1558    0.016
P-n70-k10 	BT-3   70   49    140    0    834    847    847     96 1675.4967    0.016
P-n70-k10 	BT-3   70   49    140    1    834    847    847     98 1675.4840    0.016
P-n70-k10 	BT-3   70   23    280    0    834    989    870    251   2.6473    0.043
P-n70-k10 	BT-3   70   23    280    1    834    989    867    265   2.8405    0.040
P-n70-k10 	BT-3   70   11    140    0    834    847    847     99 737.0616    0.016
P-n70-k10 	BT-3   70   11    140    1    834    847    847     91 736.9208    0.016
P-n70-k10 	BT-3   70   49    140    0    834    847    847     94 -2084.0193    0.016
P-n70-k10 	BT-3   70   49    140    1    834    847    847     94 -2084.0024    0.016
P-n70-k10 	BT-3   70   23    280    0    834    989    885    238   2.5103    0.061
P-n70-k10 	BT-3   70   23    280    1    834    989    867    258   2.7951    0.040
P-n70-k10 	BT-3   70   11    140    0    834    847    847     97 -1951.7354    0.016
P-n70-k10 	BT-3   70   11    140    1    834    847    847     98 -1951.7277    0.016
P-n70-k10 	BT-3   70   49    140    0    834    847    847     98 -1560.2476    0.016
P-n70-k10 	BT-3   70   49    140    1    834    847    847    100 -1560.2219    0.016
P-n70-k10 	BT-3   70   23    280    0    834    989    857    284   3.0588    0.028
P-n70-k10 	BT-3   70   23    280    1    834    989    854    462   5.0476    0.024
P-n70-k10 	BT-3   70   11    140    0    834    847    847    101 -377.5919    0.016
P-n70-k10 	BT-3   70   11    140    1    834    847    847     95 -377.6382    0.016
P-n70-k10 	BT-3   70   49    140    0    834    847    847    101 -1132.7972    0.016
P-n70-k10 	BT-3   70   49    140    1    834    847    847    100 -1132.8308    0.016
