B-n57-k7 	BT-1   57   19    228    0   1153   2063   1140    480   1.7948   -0.011
B-n57-k7 	BT-1   57   19    228    1   1153   1596   1147    365   1.3742   -0.005
B-n57-k7 	BT-1   57   11    114    0   1153   1864   1140    115   0.4561   -0.011
B-n57-k7 	BT-1   57   11    114    1   1153   1140   1140    114   0.4525   -0.011
B-n57-k7 	BT-1   57    5     57    0   1153   1864   1140     58   0.2682   -0.011
B-n57-k7 	BT-1   57    5     57    1   1153   1140   1140     57   0.2626   -0.011
B-n57-k7 	BT-2   57   19    228    0   1153   2063   1146    299   1.0801   -0.006
B-n57-k7 	BT-2   57   19    228    1   1153   1596   1152    297   1.0882   -0.001
B-n57-k7 	BT-2   57   11    114    0   1153   1531   1144    147   0.5683   -0.008
B-n57-k7 	BT-2   57   11    114    1   1153   1146   1145    156   0.6096   -0.007
B-n57-k7 	BT-2   57    5     57    0   1153   1630   1146     86   0.3552   -0.006
B-n57-k7 	BT-2   57    5     57    1   1153   1144   1144     57   0.2571   -0.008
B-n57-k7 	BT-3   57   19    228    0   1153   2063   1153    267   1.9584    0.000
B-n57-k7 	BT-3   57   19    228    1   1153   1596   1153    487   2.8828    0.000
B-n57-k7 	BT-3   57   11    114    0   1153   1530   1150    150   1.1741   -0.003
B-n57-k7 	BT-3   57   11    114    1   1153   1153   1153    114   1.0937    0.000
B-n57-k7 	BT-3   57    5     57    0   1153   1262   1148     59   0.5973   -0.004
B-n57-k7 	BT-3   57    5     57    1   1153   1150   1148     85   0.6847   -0.004
B-n57-k7 	BT-3   57   19    228    0   1153   2063   1153    267   1.9429    0.000
B-n57-k7 	BT-3   57   19    228    1   1153   1596   1158    300   2.1406    0.004
B-n57-k7 	BT-3   57   11    114    0   1153   1672   1142    160   1.3124   -0.010
B-n57-k7 	BT-3   57   11    114    1   1153   1148   1148    114   1.1339   -0.004
B-n57-k7 	BT-3   57    5     57    0   1153   1495   1191     71   0.6182    0.033
B-n57-k7 	BT-3   57    5     57    1   1153   1142   1141     58   0.5932   -0.010
B-n57-k7 	BT-3   57   19    228    0   1153   2063   1153    267   1.9676    0.000
B-n57-k7 	BT-3   57   19    228    1   1153   1596   1142    396   2.4816   -0.010
B-n57-k7 	BT-3   57   11    114    0   1153   1544   1146    255   1.5405   -0.006
B-n57-k7 	BT-3   57   11    114    1   1153   1141   1141    114   1.0991   -0.010
B-n57-k7 	BT-3   57    5     57    0   1153   1544   1143    105   0.6940   -0.009
B-n57-k7 	BT-3   57    5     57    1   1153   1141   1141     57   0.5959   -0.010
B-n57-k7 	BT-3   57   19    228    0   1153   2063   1153    267   1.9528    0.000
B-n57-k7 	BT-3   57   19    228    1   1153   1596   1171    286   2.0942    0.016
B-n57-k7 	BT-3   57   11    114    0   1153   1544   1181    148   1.1610    0.024
B-n57-k7 	BT-3   57   11    114    1   1153   1141   1141    114   1.1252   -0.010
B-n57-k7 	BT-3   57    5     57    0   1153   1544   1184    118   0.7457    0.027
B-n57-k7 	BT-3   57    5     57    1   1153   1141   1141     57   0.5869   -0.010
B-n57-k7 	BT-3   57   19    228    0   1153   2063   1153    267   1.9648    0.000
B-n57-k7 	BT-3   57   19    228    1   1153   1596   1143    355   2.3278   -0.009
B-n57-k7 	BT-3   57   11    114    0   1153   1544   1147    135   1.1272   -0.005
B-n57-k7 	BT-3   57   11    114    1   1153   1141   1140    121   1.1586   -0.011
B-n57-k7 	BT-3   57    5     57    0   1153   1708   1146    154   0.9148   -0.006
B-n57-k7 	BT-3   57    5     57    1   1153   1140   1140     57   0.6057   -0.011
B-n57-k7 	BT-3   57   19    228    0   1153   2063   1153    267   1.9559    0.000
B-n57-k7 	BT-3   57   19    228    1   1153   1596   1157    403   2.5037    0.003
B-n57-k7 	BT-3   57   11    114    0   1153   1708   1149    210   1.3294   -0.003
B-n57-k7 	BT-3   57   11    114    1   1153   1140   1140    114   1.1348   -0.011
B-n57-k7 	BT-3   57    5     57    0   1153   1708   1142    196   1.0764   -0.010
B-n57-k7 	BT-3   57    5     57    1   1153   1140   1140     57   0.5914   -0.011
B-n57-k7 	BT-3   57   19    228    0   1153   2063   1153    267   2.0036    0.000
B-n57-k7 	BT-3   57   19    228    1   1153   1596   1151    659   3.3631   -0.002
B-n57-k7 	BT-3   57   11    114    0   1153   1708   1149    226   1.5243   -0.003
B-n57-k7 	BT-3   57   11    114    1   1153   1140   1140    114   1.1212   -0.011
B-n57-k7 	BT-3   57    5     57    0   1153   1708   1150     67   0.6101   -0.003
B-n57-k7 	BT-3   57    5     57    1   1153   1140   1140     57   0.5906   -0.011
B-n57-k7 	BT-3   57   19    228    0   1153   2063   1142    528   2.8650   -0.010
B-n57-k7 	BT-3   57   19    228    1   1153   1596   1147    304   2.1155   -0.005
B-n57-k7 	BT-3   57   11    114    0   1153   1708   1150    124   1.1391   -0.003
B-n57-k7 	BT-3   57   11    114    1   1153   1140   1140    114   1.1241   -0.011
B-n57-k7 	BT-3   57    5     57    0   1153   1708   1150     67   0.6381   -0.003
B-n57-k7 	BT-3   57    5     57    1   1153   1140   1140     57   0.5898   -0.011
B-n57-k7 	BT-3   57   19    228    0   1153   2063   1143    277   1.9805   -0.009
B-n57-k7 	BT-3   57   19    228    1   1153   1596   1154    330   2.2280    0.001
B-n57-k7 	BT-3   57   11    114    0   1153   1708   1150    124   1.1563   -0.003
B-n57-k7 	BT-3   57   11    114    1   1153   1140   1140    114   1.1253   -0.011
B-n57-k7 	BT-3   57    5     57    0   1153   1708   1156     88   0.7245    0.003
B-n57-k7 	BT-3   57    5     57    1   1153   1140   1140     57   0.5909   -0.011
B-n57-k7 	BT-3   57   19    228    0   1153   2063   1153    267   1.9517    0.000
B-n57-k7 	BT-3   57   19    228    1   1153   1596   1171    286   2.1098    0.016
B-n57-k7 	BT-3   57   11    114    0   1153   1708   1140    155   1.1982   -0.011
B-n57-k7 	BT-3   57   11    114    1   1153   1140   1140    114   1.1244   -0.011
B-n57-k7 	BT-3   57    5     57    0   1153   1708   1150     67   0.6060   -0.003
B-n57-k7 	BT-3   57    5     57    1   1153   1140   1140     57   0.5924   -0.011
B-n57-k7 	BT-3   57   19    228    0   1153   2063   1142    485   2.7451   -0.010
B-n57-k7 	BT-3   57   19    228    1   1153   1596   1147    722   3.5820   -0.005
B-n57-k7 	BT-3   57   11    114    0   1153   1708   1143    184   1.2659   -0.009
B-n57-k7 	BT-3   57   11    114    1   1153   1140   1140    114   1.1324   -0.011
B-n57-k7 	BT-3   57    5     57    0   1153   1708   1150     67   0.6354   -0.003
B-n57-k7 	BT-3   57    5     57    1   1153   1140   1140     57   0.5927   -0.011
B-n57-k7 	BT-3   57   19    228    0   1153   2063   1149    293   2.0184   -0.003
B-n57-k7 	BT-3   57   19    228    1   1153   1596   1153    518   2.8257    0.000
B-n57-k7 	BT-3   57   11    114    0   1153   1708   1150    124   1.1607   -0.003
B-n57-k7 	BT-3   57   11    114    1   1153   1140   1140    114   1.1189   -0.011
B-n57-k7 	BT-3   57    5     57    0   1153   1708   1150     67   0.6334   -0.003
B-n57-k7 	BT-3   57    5     57    1   1153   1140   1140     57   0.5882   -0.011
B-n57-k7 	BT-3   57   19    228    0   1153   2063   1153    267   1.9527    0.000
B-n57-k7 	BT-3   57   19    228    1   1153   1596   1165    309   2.1931    0.010
B-n57-k7 	BT-3   57   11    114    0   1153   1708   1150    124   1.2043   -0.003
B-n57-k7 	BT-3   57   11    114    1   1153   1140   1140    114   1.1268   -0.011
B-n57-k7 	BT-3   57    5     57    0   1153   1708   1150     67   0.6087   -0.003
B-n57-k7 	BT-3   57    5     57    1   1153   1140   1140     57   0.5907   -0.011
B-n57-k7 	BT-3   57   19    228    0   1153   2063   1143    300   2.0426   -0.009
B-n57-k7 	BT-3   57   19    228    1   1153   1596   1145    408   2.4324   -0.007
B-n57-k7 	BT-3   57   11    114    0   1153   1708   1141    321   1.7640   -0.010
B-n57-k7 	BT-3   57   11    114    1   1153   1140   1140    114   1.1495   -0.011
B-n57-k7 	BT-3   57    5     57    0   1153   1708   1150     67   0.6063   -0.003
B-n57-k7 	BT-3   57    5     57    1   1153   1140   1140     57   0.5947   -0.011
B-n57-k7 	BT-3   57   19    228    0   1153   2063   1152    275   2.0018   -0.001
B-n57-k7 	BT-3   57   19    228    1   1153   1596   1188    259   2.0272    0.030
B-n57-k7 	BT-3   57   11    114    0   1153   1708   1150    124   1.1506   -0.003
B-n57-k7 	BT-3   57   11    114    1   1153   1140   1140    114   1.1380   -0.011
B-n57-k7 	BT-3   57    5     57    0   1153   1708   1150     67   0.6275   -0.003
B-n57-k7 	BT-3   57    5     57    1   1153   1140   1140     57   0.5896   -0.011
B-n57-k7 	BT-3   57   19    228    0   1153   2063   1153    267   1.9410    0.000
B-n57-k7 	BT-3   57   19    228    1   1153   1596   1188    259   2.0543    0.030
B-n57-k7 	BT-3   57   11    114    0   1153   1708   1150    124   1.1565   -0.003
B-n57-k7 	BT-3   57   11    114    1   1153   1140   1140    114   1.1244   -0.011
B-n57-k7 	BT-3   57    5     57    0   1153   1708   1150     67   0.6076   -0.003
B-n57-k7 	BT-3   57    5     57    1   1153   1140   1140     57   0.5931   -0.011
B-n57-k7 	BT-3   57   19    228    0   1153   2063   1153    267   1.9390    0.000
B-n57-k7 	BT-3   57   19    228    1   1153   1596   1143    518   2.9101   -0.009
B-n57-k7 	BT-3   57   11    114    0   1153   1708   1150    124   1.1752   -0.003
B-n57-k7 	BT-3   57   11    114    1   1153   1140   1140    114   1.1270   -0.011
B-n57-k7 	BT-3   57    5     57    0   1153   1708   1150     67   0.6265   -0.003
B-n57-k7 	BT-3   57    5     57    1   1153   1140   1140     57   0.5963   -0.011
B-n57-k7 	BT-3   57   19    228    0   1153   2063   1143    277   1.9765   -0.009
B-n57-k7 	BT-3   57   19    228    1   1153   1596   1149    291   2.0864   -0.003
B-n57-k7 	BT-3   57   11    114    0   1153   1708   1150    124   1.1457   -0.003
B-n57-k7 	BT-3   57   11    114    1   1153   1140   1140    114   1.1251   -0.011
B-n57-k7 	BT-3   57    5     57    0   1153   1708   1141     89   0.6389   -0.010
B-n57-k7 	BT-3   57    5     57    1   1153   1140   1140     57   0.5926   -0.011
B-n57-k7 	BT-3   57   19    228    0   1153   2063   1142    489   2.7648   -0.010
B-n57-k7 	BT-3   57   19    228    1   1153   1596   1142    418   2.5146   -0.010
B-n57-k7 	BT-3   57   11    114    0   1153   1708   1150    124   1.1523   -0.003
B-n57-k7 	BT-3   57   11    114    1   1153   1140   1140    114   1.1265   -0.011
B-n57-k7 	BT-3   57    5     57    0   1153   1708   1150    118   0.8422   -0.003
B-n57-k7 	BT-3   57    5     57    1   1153   1140   1140     57   0.5898   -0.011
B-n57-k7 	BT-3   57   19    228    0   1153   2063   1153    267   1.9329    0.000
B-n57-k7 	BT-3   57   19    228    1   1153   1596   1163    603   3.2152    0.009
B-n57-k7 	BT-3   57   11    114    0   1153   1708   1150    124   1.1456   -0.003
B-n57-k7 	BT-3   57   11    114    1   1153   1140   1140    114   1.1302   -0.011
B-n57-k7 	BT-3   57    5     57    0   1153   1708   1150     67   0.6242   -0.003
B-n57-k7 	BT-3   57    5     57    1   1153   1140   1140     57   0.5893   -0.011
B-n57-k7 	BT-3   57   19    228    0   1153   2063   1153    267   1.9543    0.000
B-n57-k7 	BT-3   57   19    228    1   1153   1596   1142    599   3.1959   -0.010
B-n57-k7 	BT-3   57   11    114    0   1153   1708   1150    124   1.1722   -0.003
B-n57-k7 	BT-3   57   11    114    1   1153   1140   1140    114   1.1260   -0.011
B-n57-k7 	BT-3   57    5     57    0   1153   1708   1150     67   0.6239   -0.003
B-n57-k7 	BT-3   57    5     57    1   1153   1140   1140     57   0.5977   -0.011
B-n57-k7 	BT-3   57   19    228    0   1153   2063   1151    291   2.0256   -0.002
B-n57-k7 	BT-3   57   19    228    1   1153   1596   1146    389   2.3015   -0.006
B-n57-k7 	BT-3   57   11    114    0   1153   1708   1149    226   1.5080   -0.003
B-n57-k7 	BT-3   57   11    114    1   1153   1140   1140    114   1.1662   -0.011
B-n57-k7 	BT-3   57    5     57    0   1153   1708   1144     89   0.6382   -0.008
B-n57-k7 	BT-3   57    5     57    1   1153   1140   1140     57   0.5890   -0.011
B-n57-k7 	BT-3   57   19    228    0   1153   2063   1150    267   1.9633   -0.003
B-n57-k7 	BT-3   57   19    228    1   1153   1596   1145    376   2.3881   -0.007
B-n57-k7 	BT-3   57   11    114    0   1153   1708   1149    226   1.4953   -0.003
B-n57-k7 	BT-3   57   11    114    1   1153   1140   1140    114   1.1279   -0.011
B-n57-k7 	BT-3   57    5     57    0   1153   1708   1143    125   0.7443   -0.009
B-n57-k7 	BT-3   57    5     57    1   1153   1140   1140     57   0.5896   -0.011
B-n57-k7 	BT-3   57   19    228    0   1153   2063   1153    279   2.0204    0.000
B-n57-k7 	BT-3   57   19    228    1   1153   1596   1140    338   2.2916   -0.011
B-n57-k7 	BT-3   57   11    114    0   1153   1708   1150    124   1.1600   -0.003
B-n57-k7 	BT-3   57   11    114    1   1153   1140   1140    114   1.1285   -0.011
B-n57-k7 	BT-3   57    5     57    0   1153   1708   1141     89   0.6427   -0.010
B-n57-k7 	BT-3   57    5     57    1   1153   1140   1140     57   0.5909   -0.011
B-n57-k7 	BT-3   57   19    228    0   1153   2063   1156    323   2.2002    0.003
B-n57-k7 	BT-3   57   19    228    1   1153   1596   1148    528   2.8918   -0.004
B-n57-k7 	BT-3   57   11    114    0   1153   1708   1149    131   1.1609   -0.003
B-n57-k7 	BT-3   57   11    114    1   1153   1140   1140    114   1.1278   -0.011
B-n57-k7 	BT-3   57    5     57    0   1153   1708   1152     72   0.6073   -0.001
B-n57-k7 	BT-3   57    5     57    1   1153   1140   1140     57   0.5933   -0.011
B-n57-k7 	BT-3   57   19    228    0   1153   2063   1153    267   1.9694    0.000
B-n57-k7 	BT-3   57   19    228    1   1153   1596   1161    300   2.1819    0.007
B-n57-k7 	BT-3   57   11    114    0   1153   1708   1150    124   1.1926   -0.003
B-n57-k7 	BT-3   57   11    114    1   1153   1140   1140    114   1.1258   -0.011
B-n57-k7 	BT-3   57    5     57    0   1153   1708   1150     67   0.6172   -0.003
B-n57-k7 	BT-3   57    5     57    1   1153   1140   1140     57   0.5907   -0.011
B-n57-k7 	BT-3   57   19    228    0   1153   2063   1153    267   1.9449    0.000
B-n57-k7 	BT-3   57   19    228    1   1153   1596   1188    259   2.0183    0.030
B-n57-k7 	BT-3   57   11    114    0   1153   1708   1150    124   1.1639   -0.003
B-n57-k7 	BT-3   57   11    114    1   1153   1140   1140    114   1.1330   -0.011
B-n57-k7 	BT-3   57    5     57    0   1153   1708   1150     67   0.6173   -0.003
B-n57-k7 	BT-3   57    5     57    1   1153   1140   1140     57   0.5912   -0.011
B-n57-k7 	BT-3   57   19    228    0   1153   2063   1152    271   2.0321   -0.001
B-n57-k7 	BT-3   57   19    228    1   1153   1596   1170    394   2.5655    0.015
B-n57-k7 	BT-3   57   11    114    0   1153   1708   1150    124   1.1533   -0.003
B-n57-k7 	BT-3   57   11    114    1   1153   1140   1140    114   1.1285   -0.011
B-n57-k7 	BT-3   57    5     57    0   1153   1708   1150     67   0.6342   -0.003
B-n57-k7 	BT-3   57    5     57    1   1153   1140   1140     57   0.5891   -0.011
B-n57-k7 	BT-3   57   19    228    0   1153   2063   1147    476   2.6965   -0.005
B-n57-k7 	BT-3   57   19    228    1   1153   1596   1147    401   2.4533   -0.005
B-n57-k7 	BT-3   57   11    114    0   1153   1708   1150    124   1.1443   -0.003
B-n57-k7 	BT-3   57   11    114    1   1153   1140   1140    114   1.1288   -0.011
B-n57-k7 	BT-3   57    5     57    0   1153   1708   1150     67   0.6282   -0.003
B-n57-k7 	BT-3   57    5     57    1   1153   1140   1140     57   0.5892   -0.011
B-n57-k7 	BT-3   57   19    228    0   1153   2063   1142    507   2.7611   -0.010
B-n57-k7 	BT-3   57   19    228    1   1153   1596   1148    290   2.0995   -0.004
B-n57-k7 	BT-3   57   11    114    0   1153   1708   1140    249   1.5759   -0.011
B-n57-k7 	BT-3   57   11    114    1   1153   1140   1140    114   1.1196   -0.011
B-n57-k7 	BT-3   57    5     57    0   1153   1708   1147    101   0.7036   -0.005
B-n57-k7 	BT-3   57    5     57    1   1153   1140   1140     57   0.5904   -0.011
B-n57-k7 	BT-3   57   19    228    0   1153   2063   1153    267   1.9676    0.000
B-n57-k7 	BT-3   57   19    228    1   1153   1596   1149    471   2.7279   -0.003
B-n57-k7 	BT-3   57   11    114    0   1153   1708   1150    124   1.1608   -0.003
B-n57-k7 	BT-3   57   11    114    1   1153   1140   1140    114   1.1319   -0.011
B-n57-k7 	BT-3   57    5     57    0   1153   1708   1150     67   0.6087   -0.003
B-n57-k7 	BT-3   57    5     57    1   1153   1140   1140     57   0.5957   -0.011
B-n57-k7 	BT-3   57   19    228    0   1153   2063   1153    267   1.9468    0.000
B-n57-k7 	BT-3   57   19    228    1   1153   1596   1144    324   2.2148   -0.008
B-n57-k7 	BT-3   57   11    114    0   1153   1708   1150    124   1.1654   -0.003
B-n57-k7 	BT-3   57   11    114    1   1153   1140   1140    114   1.1251   -0.011
B-n57-k7 	BT-3   57    5     57    0   1153   1708   1150     67   0.6081   -0.003
B-n57-k7 	BT-3   57    5     57    1   1153   1140   1140     57   0.5903   -0.011
B-n57-k7 	BT-3   57   19    228    0   1153   2063   1154    274   2.0203    0.001
B-n57-k7 	BT-3   57   19    228    1   1153   1596   1146    356   2.3013   -0.006
B-n57-k7 	BT-3   57   11    114    0   1153   1708   1150    124   1.1490   -0.003
B-n57-k7 	BT-3   57   11    114    1   1153   1140   1140    114   1.1134   -0.011
B-n57-k7 	BT-3   57    5     57    0   1153   1708   1150     67   0.6088   -0.003
B-n57-k7 	BT-3   57    5     57    1   1153   1140   1140     57   0.5900   -0.011
B-n57-k7 	BT-3   57   19    228    0   1153   2063   1149    262   1.9958   -0.003
B-n57-k7 	BT-3   57   19    228    1   1153   1596   1148    307   2.1437   -0.004
B-n57-k7 	BT-3   57   11    114    0   1153   1708   1150    124   1.1435   -0.003
B-n57-k7 	BT-3   57   11    114    1   1153   1140   1140    114   1.1250   -0.011
B-n57-k7 	BT-3   57    5     57    0   1153   1708   1149    118   0.8310   -0.003
B-n57-k7 	BT-3   57    5     57    1   1153   1140   1140     57   0.5890   -0.011
B-n57-k7 	BT-3   57   19    228    0   1153   2063   1153    267   1.9439    0.000
B-n57-k7 	BT-3   57   19    228    1   1153   1596   1154    310   2.1664    0.001
B-n57-k7 	BT-3   57   11    114    0   1153   1708   1150    124   1.1515   -0.003
B-n57-k7 	BT-3   57   11    114    1   1153   1140   1140    114   1.1225   -0.011
B-n57-k7 	BT-3   57    5     57    0   1153   1708   1150     67   0.6089   -0.003
B-n57-k7 	BT-3   57    5     57    1   1153   1140   1140     57   0.5914   -0.011
B-n57-k7 	BT-3   57   19    228    0   1153   2063   1151    291   2.0621   -0.002
B-n57-k7 	BT-3   57   19    228    1   1153   1596   1144    314   2.1936   -0.008
B-n57-k7 	BT-3   57   11    114    0   1153   1708   1150    124   1.1589   -0.003
B-n57-k7 	BT-3   57   11    114    1   1153   1140   1140    114   1.1177   -0.011
B-n57-k7 	BT-3   57    5     57    0   1153   1708   1150     67   0.6223   -0.003
B-n57-k7 	BT-3   57    5     57    1   1153   1140   1140     57   0.5914   -0.011
B-n57-k7 	BT-3   57   19    228    0   1153   2063   1153    267   1.9726    0.000
B-n57-k7 	BT-3   57   19    228    1   1153   1596   1171    286   2.0825    0.016
B-n57-k7 	BT-3   57   11    114    0   1153   1708   1150    124   1.1578   -0.003
B-n57-k7 	BT-3   57   11    114    1   1153   1140   1140    114   1.1329   -0.011
B-n57-k7 	BT-3   57    5     57    0   1153   1708   1146    127   0.8230   -0.006
B-n57-k7 	BT-3   57    5     57    1   1153   1140   1140     57   0.5931   -0.011
B-n57-k7 	BT-3   57   19    228    0   1153   2063   1153    267   1.9343    0.000
B-n57-k7 	BT-3   57   19    228    1   1153   1596   1157    347   2.2345    0.003
B-n57-k7 	BT-3   57   11    114    0   1153   1708   1146    239   1.5734   -0.006
B-n57-k7 	BT-3   57   11    114    1   1153   1140   1140    114   1.1456   -0.011
B-n57-k7 	BT-3   57    5     57    0   1153   1708   1150     67   0.6077   -0.003
B-n57-k7 	BT-3   57    5     57    1   1153   1140   1140     57   0.5907   -0.011
B-n57-k7 	BT-3   57   19    228    0   1153   2063   1153    267   1.9538    0.000
B-n57-k7 	BT-3   57   19    228    1   1153   1596   1207    269   2.0129    0.047
B-n57-k7 	BT-3   57   11    114    0   1153   1708   1150    124   1.1569   -0.003
B-n57-k7 	BT-3   57   11    114    1   1153   1140   1140    114   1.1352   -0.011
B-n57-k7 	BT-3   57    5     57    0   1153   1708   1146    134   0.8006   -0.006
B-n57-k7 	BT-3   57    5     57    1   1153   1140   1140     57   0.5897   -0.011
B-n57-k7 	BT-3   57   19    228    0   1153   2063   1151    320   2.1571   -0.002
B-n57-k7 	BT-3   57   19    228    1   1153   1596   1153    503   2.8487    0.000
B-n57-k7 	BT-3   57   11    114    0   1153   1708   1150    124   1.1540   -0.003
B-n57-k7 	BT-3   57   11    114    1   1153   1140   1140    114   1.1231   -0.011
B-n57-k7 	BT-3   57    5     57    0   1153   1708   1150     67   0.6454   -0.003
B-n57-k7 	BT-3   57    5     57    1   1153   1140   1140     57   0.5902   -0.011
B-n57-k7 	BT-3   57   19    228    0   1153   2063   1144    278   1.9997   -0.008
B-n57-k7 	BT-3   57   19    228    1   1153   1596   1146    371   2.3517   -0.006
B-n57-k7 	BT-3   57   11    114    0   1153   1708   1154    128   1.1298    0.001
B-n57-k7 	BT-3   57   11    114    1   1153   1140   1140    114   1.1279   -0.011
B-n57-k7 	BT-3   57    5     57    0   1153   1708   1150     67   0.6113   -0.003
B-n57-k7 	BT-3   57    5     57    1   1153   1140   1140     57   0.5970   -0.011
B-n57-k7 	BT-3   57   19    228    0   1153   2063   1148    498   2.7964   -0.004
B-n57-k7 	BT-3   57   19    228    1   1153   1596   1152    310   2.1773   -0.001
B-n57-k7 	BT-3   57   11    114    0   1153   1708   1150    124   1.1616   -0.003
B-n57-k7 	BT-3   57   11    114    1   1153   1140   1140    114   1.1368   -0.011
B-n57-k7 	BT-3   57    5     57    0   1153   1708   1150     67   0.6089   -0.003
B-n57-k7 	BT-3   57    5     57    1   1153   1140   1140     57   0.6065   -0.011
B-n57-k7 	BT-3   57   19    228    0   1153   2063   1153    267   1.9747    0.000
B-n57-k7 	BT-3   57   19    228    1   1153   1596   1148    518   3.5713   -0.004
B-n57-k7 	BT-3   57   11    114    0   1153   1708   1150    124   1.1956   -0.003
B-n57-k7 	BT-3   57   11    114    1   1153   1140   1140    114   1.1411   -0.011
B-n57-k7 	BT-3   57    5     57    0   1153   1708   1141    104   0.7311   -0.010
B-n57-k7 	BT-3   57    5     57    1   1153   1140   1140     57   0.5916   -0.011
B-n57-k7 	BT-3   57   19    228    0   1153   2063   1153    267   1.9541    0.000
B-n57-k7 	BT-3   57   19    228    1   1153   1596   1156    446   2.5937    0.003
B-n57-k7 	BT-3   57   11    114    0   1153   1708   1150    124   1.1461   -0.003
B-n57-k7 	BT-3   57   11    114    1   1153   1140   1140    114   1.1256   -0.011
B-n57-k7 	BT-3   57    5     57    0   1153   1708   1148    198   0.9972   -0.004
B-n57-k7 	BT-3   57    5     57    1   1153   1140   1140     57   0.5904   -0.011
B-n57-k7 	BT-3   57   19    228    0   1153   2063   1146    277   2.0358   -0.006
B-n57-k7 	BT-3   57   19    228    1   1153   1596   1142    485   2.7706   -0.010
B-n57-k7 	BT-3   57   11    114    0   1153   1708   1150    124   1.1596   -0.003
B-n57-k7 	BT-3   57   11    114    1   1153   1140   1140    114   1.1289   -0.011
B-n57-k7 	BT-3   57    5     57    0   1153   1708   1142    101   0.6479   -0.010
B-n57-k7 	BT-3   57    5     57    1   1153   1140   1140     57   0.5920   -0.011
B-n57-k7 	BT-3   57   19    228    0   1153   2063   1153    267   1.9468    0.000
B-n57-k7 	BT-3   57   19    228    1   1153   1596   1153    365   2.3314    0.000
B-n57-k7 	BT-3   57   11    114    0   1153   1708   1150    124   1.1407   -0.003
B-n57-k7 	BT-3   57   11    114    1   1153   1140   1140    114   1.1371   -0.011
B-n57-k7 	BT-3   57    5     57    0   1153   1708   1141     94   0.6818   -0.010
B-n57-k7 	BT-3   57    5     57    1   1153   1140   1140     57   0.5916   -0.011
B-n57-k7 	BT-3   57   19    228    0   1153   2063   1154    274   2.0123    0.001
B-n57-k7 	BT-3   57   19    228    1   1153   1596   1153    359   2.3574    0.000
B-n57-k7 	BT-3   57   11    114    0   1153   1708   1150    124   1.1662   -0.003
B-n57-k7 	BT-3   57   11    114    1   1153   1140   1140    114   1.1448   -0.011
B-n57-k7 	BT-3   57    5     57    0   1153   1708   1143     92   0.6264   -0.009
B-n57-k7 	BT-3   57    5     57    1   1153   1140   1140     57   0.5960   -0.011
B-n57-k7 	BT-3   57   19    228    0   1153   2063   1153    267   1.9655    0.000
B-n57-k7 	BT-3   57   19    228    1   1153   1596   1148    332   2.2130   -0.004
B-n57-k7 	BT-3   57   11    114    0   1153   1708   1150    124   1.1535   -0.003
B-n57-k7 	BT-3   57   11    114    1   1153   1140   1140    114   1.1234   -0.011
B-n57-k7 	BT-3   57    5     57    0   1153   1708   1141    116   0.7313   -0.010
B-n57-k7 	BT-3   57    5     57    1   1153   1140   1140     57   0.5891   -0.011
B-n57-k7 	BT-3   57   19    228    0   1153   2063   1153    267   1.9564    0.000
B-n57-k7 	BT-3   57   19    228    1   1153   1596   1146    318   2.1787   -0.006
B-n57-k7 	BT-3   57   11    114    0   1153   1708   1150    124   1.1556   -0.003
B-n57-k7 	BT-3   57   11    114    1   1153   1140   1140    114   1.1411   -0.011
B-n57-k7 	BT-3   57    5     57    0   1153   1708   1149     74   0.6264   -0.003
B-n57-k7 	BT-3   57    5     57    1   1153   1140   1140     57   0.5907   -0.011
B-n57-k7 	BT-3   57   19    228    0   1153   2063   1153    267   1.9897    0.000
B-n57-k7 	BT-3   57   19    228    1   1153   1596   1149    301   2.1452   -0.003
B-n57-k7 	BT-3   57   11    114    0   1153   1708   1150    124   1.1583   -0.003
B-n57-k7 	BT-3   57   11    114    1   1153   1140   1140    114   1.1369   -0.011
B-n57-k7 	BT-3   57    5     57    0   1153   1708   1150     67   0.6106   -0.003
B-n57-k7 	BT-3   57    5     57    1   1153   1140   1140     57   0.5955   -0.011
B-n57-k7 	BT-3   57   19    228    0   1153   2063   1144    751   3.7601   -0.008
B-n57-k7 	BT-3   57   19    228    1   1153   1596   1141    371   2.3418   -0.010
B-n57-k7 	BT-3   57   11    114    0   1153   1708   1150    124   1.1425   -0.003
B-n57-k7 	BT-3   57   11    114    1   1153   1140   1140    114   1.1296   -0.011
B-n57-k7 	BT-3   57    5     57    0   1153   1708   1149    118   0.8455   -0.003
B-n57-k7 	BT-3   57    5     57    1   1153   1140   1140     57   0.5907   -0.011
B-n57-k7 	BT-3   57   19    228    0   1153   2063   1147    276   1.9683   -0.005
B-n57-k7 	BT-3   57   19    228    1   1153   1596   1153    444   2.6084    0.000
B-n57-k7 	BT-3   57   11    114    0   1153   1708   1150    124   1.1635   -0.003
B-n57-k7 	BT-3   57   11    114    1   1153   1140   1140    114   1.1361   -0.011
B-n57-k7 	BT-3   57    5     57    0   1153   1708   1150     67   0.6255   -0.003
B-n57-k7 	BT-3   57    5     57    1   1153   1140   1140     57   0.5915   -0.011
B-n57-k7 	BT-3   57   19    228    0   1153   2063   1153    267   1.9492    0.000
B-n57-k7 	BT-3   57   19    228    1   1153   1596   1198    262   1.9547    0.039
B-n57-k7 	BT-3   57   11    114    0   1153   1708   1150    124   1.1514   -0.003
B-n57-k7 	BT-3   57   11    114    1   1153   1140   1140    114   1.1266   -0.011
B-n57-k7 	BT-3   57    5     57    0   1153   1708   1150     67   0.6086   -0.003
B-n57-k7 	BT-3   57    5     57    1   1153   1140   1140     57   0.5907   -0.011
B-n57-k7 	BT-3   57   19    228    0   1153   2063   1153    267   1.9445    0.000
B-n57-k7 	BT-3   57   19    228    1   1153   1596   1142    387   2.4100   -0.010
B-n57-k7 	BT-3   57   11    114    0   1153   1708   1150    124   1.1507   -0.003
B-n57-k7 	BT-3   57   11    114    1   1153   1140   1140    114   1.1419   -0.011
B-n57-k7 	BT-3   57    5     57    0   1153   1708   1144    131   0.8286   -0.008
B-n57-k7 	BT-3   57    5     57    1   1153   1140   1140     57   0.5915   -0.011
B-n57-k7 	BT-3   57   19    228    0   1153   2063   1153    267   2.0010    0.000
B-n57-k7 	BT-3   57   19    228    1   1153   1596   1140    567   3.1074   -0.011
B-n57-k7 	BT-3   57   11    114    0   1153   1708   1150    124   1.1550   -0.003
B-n57-k7 	BT-3   57   11    114    1   1153   1140   1140    114   1.1201   -0.011
B-n57-k7 	BT-3   57    5     57    0   1153   1708   1150     67   0.6313   -0.003
B-n57-k7 	BT-3   57    5     57    1   1153   1140   1140     57   0.5905   -0.011
B-n57-k7 	BT-3   57   19    228    0   1153   2063   1153    267   1.9531    0.000
B-n57-k7 	BT-3   57   19    228    1   1153   1596   1171    286   2.1001    0.016
B-n57-k7 	BT-3   57   11    114    0   1153   1708   1141    160   1.2833   -0.010
B-n57-k7 	BT-3   57   11    114    1   1153   1140   1140    114   1.1267   -0.011
B-n57-k7 	BT-3   57    5     57    0   1153   1708   1150     67   0.6101   -0.003
B-n57-k7 	BT-3   57    5     57    1   1153   1140   1140     57   0.5903   -0.011
B-n57-k7 	BT-3   57   19    228    0   1153   2063   1150    278   1.9964   -0.003
B-n57-k7 	BT-3   57   19    228    1   1153   1596   1151    329   2.2130   -0.002
B-n57-k7 	BT-3   57   11    114    0   1153   1708   1150    124   1.1867   -0.003
B-n57-k7 	BT-3   57   11    114    1   1153   1140   1140    114   1.1194   -0.011
B-n57-k7 	BT-3   57    5     57    0   1153   1708   1146    169   0.9083   -0.006
B-n57-k7 	BT-3   57    5     57    1   1153   1140   1140     57   0.5898   -0.011
B-n57-k7 	BT-3   57   19    228    0   1153   2063   1153    267   1.9268    0.000
B-n57-k7 	BT-3   57   19    228    1   1153   1596   1172    280   2.0588    0.016
B-n57-k7 	BT-3   57   11    114    0   1153   1708   1150    124   1.1687   -0.003
B-n57-k7 	BT-3   57   11    114    1   1153   1140   1140    114   1.1260   -0.011
B-n57-k7 	BT-3   57    5     57    0   1153   1708   1148    127   0.8629   -0.004
B-n57-k7 	BT-3   57    5     57    1   1153   1140   1140     57   0.5888   -0.011
B-n57-k7 	BT-3   57   19    228    0   1153   2063   1153    267   1.9714    0.000
B-n57-k7 	BT-3   57   19    228    1   1153   1596   1152    282   2.0797   -0.001
B-n57-k7 	BT-3   57   11    114    0   1153   1708   1152    137   1.1998   -0.001
B-n57-k7 	BT-3   57   11    114    1   1153   1140   1140    114   1.1321   -0.011
B-n57-k7 	BT-3   57    5     57    0   1153   1708   1166    114   0.7331    0.011
B-n57-k7 	BT-3   57    5     57    1   1153   1140   1140     57   0.5998   -0.011
B-n57-k7 	BT-3   57   19    228    0   1153   2063   1153    267   1.9899    0.000
B-n57-k7 	BT-3   57   19    228    1   1153   1596   1149    364   2.3404   -0.003
B-n57-k7 	BT-3   57   11    114    0   1153   1708   1150    124   1.1587   -0.003
B-n57-k7 	BT-3   57   11    114    1   1153   1140   1140    114   1.1338   -0.011
B-n57-k7 	BT-3   57    5     57    0   1153   1708   1150     67   0.6086   -0.003
B-n57-k7 	BT-3   57    5     57    1   1153   1140   1140     57   0.5913   -0.011
B-n57-k7 	BT-3   57   19    228    0   1153   2063   1143    278   1.9718   -0.009
B-n57-k7 	BT-3   57   19    228    1   1153   1596   1171    286   2.1044    0.016
B-n57-k7 	BT-3   57   11    114    0   1153   1708   1150    124   1.1600   -0.003
B-n57-k7 	BT-3   57   11    114    1   1153   1140   1140    114   1.1547   -0.011
B-n57-k7 	BT-3   57    5     57    0   1153   1708   1154     71   0.6128    0.001
B-n57-k7 	BT-3   57    5     57    1   1153   1140   1140     57   0.5901   -0.011
B-n57-k7 	BT-3   57   19    228    0   1153   2063   1148    299   2.0697   -0.004
B-n57-k7 	BT-3   57   19    228    1   1153   1596   1145    362   2.3350   -0.007
B-n57-k7 	BT-3   57   11    114    0   1153   1708   1150    124   1.1520   -0.003
B-n57-k7 	BT-3   57   11    114    1   1153   1140   1140    114   1.1288   -0.011
B-n57-k7 	BT-3   57    5     57    0   1153   1708   1150     67   0.6341   -0.003
B-n57-k7 	BT-3   57    5     57    1   1153   1140   1140     57   0.5908   -0.011
B-n57-k7 	BT-3   57   19    228    0   1153   2063   1156    273   2.0908    0.003
B-n57-k7 	BT-3   57   19    228    1   1153   1596   1145    396   2.4308   -0.007
B-n57-k7 	BT-3   57   11    114    0   1153   1708   1150    124   1.1637   -0.003
B-n57-k7 	BT-3   57   11    114    1   1153   1140   1140    114   1.1351   -0.011
B-n57-k7 	BT-3   57    5     57    0   1153   1708   1150     67   0.6088   -0.003
B-n57-k7 	BT-3   57    5     57    1   1153   1140   1140     57   0.5956   -0.011
B-n57-k7 	BT-3   57   19    228    0   1153   2063   1153    267   1.9603    0.000
B-n57-k7 	BT-3   57   19    228    1   1153   1596   1148    659   3.4174   -0.004
B-n57-k7 	BT-3   57   11    114    0   1153   1708   1150    124   1.1754   -0.003
B-n57-k7 	BT-3   57   11    114    1   1153   1140   1140    114   1.1248   -0.011
B-n57-k7 	BT-3   57    5     57    0   1153   1708   1150     67   0.6109   -0.003
B-n57-k7 	BT-3   57    5     57    1   1153   1140   1140     57   0.5910   -0.011
B-n57-k7 	BT-3   57   19    228    0   1153   2063   1153    267   1.9569    0.000
B-n57-k7 	BT-3   57   19    228    1   1153   1596   1143    453   2.8270   -0.009
B-n57-k7 	BT-3   57   11    114    0   1153   1708   1150    124   1.1972   -0.003
B-n57-k7 	BT-3   57   11    114    1   1153   1140   1140    114   1.1411   -0.011
B-n57-k7 	BT-3   57    5     57    0   1153   1708   1147     84   0.6456   -0.005
B-n57-k7 	BT-3   57    5     57    1   1153   1140   1140     57   0.5975   -0.011
B-n57-k7 	BT-3   57   19    228    0   1153   2063   1153    267   1.9554    0.000
B-n57-k7 	BT-3   57   19    228    1   1153   1596   1150    316   2.2078   -0.003
B-n57-k7 	BT-3   57   11    114    0   1153   1708   1150    124   1.1633   -0.003
B-n57-k7 	BT-3   57   11    114    1   1153   1140   1140    114   1.1252   -0.011
B-n57-k7 	BT-3   57    5     57    0   1153   1708   1150     67   0.6082   -0.003
B-n57-k7 	BT-3   57    5     57    1   1153   1140   1140     57   0.6038   -0.011
B-n57-k7 	BT-3   57   19    228    0   1153   2063   1153    267   1.9355    0.000
B-n57-k7 	BT-3   57   19    228    1   1153   1596   1142    606   3.2514   -0.010
B-n57-k7 	BT-3   57   11    114    0   1153   1708   1150    124   1.1722   -0.003
B-n57-k7 	BT-3   57   11    114    1   1153   1140   1140    114   1.1499   -0.011
B-n57-k7 	BT-3   57    5     57    0   1153   1708   1150     67   0.6158   -0.003
B-n57-k7 	BT-3   57    5     57    1   1153   1140   1140     57   0.5922   -0.011
B-n57-k7 	BT-3   57   19    228    0   1153   2063   1144    278   1.9962   -0.008
B-n57-k7 	BT-3   57   19    228    1   1153   1596   1171    286   2.1169    0.016
B-n57-k7 	BT-3   57   11    114    0   1153   1708   1150    124   1.1567   -0.003
B-n57-k7 	BT-3   57   11    114    1   1153   1140   1140    114   1.1204   -0.011
B-n57-k7 	BT-3   57    5     57    0   1153   1708   1143    149   0.9406   -0.009
B-n57-k7 	BT-3   57    5     57    1   1153   1140   1140     57   0.5945   -0.011
B-n57-k7 	BT-3   57   19    228    0   1153   2063   1153    267   1.9526    0.000
B-n57-k7 	BT-3   57   19    228    1   1153   1596   1147    349   2.3415   -0.005
B-n57-k7 	BT-3   57   11    114    0   1153   1708   1154    128   1.1326    0.001
B-n57-k7 	BT-3   57   11    114    1   1153   1140   1140    114   1.1285   -0.011
B-n57-k7 	BT-3   57    5     57    0   1153   1708   1150     67   0.6139   -0.003
B-n57-k7 	BT-3   57    5     57    1   1153   1140   1140     57   0.5904   -0.011
B-n57-k7 	BT-3   57   19    228    0   1153   2063   1153    267   1.9566    0.000
B-n57-k7 	BT-3   57   19    228    1   1153   1596   1146    337   2.2059   -0.006
B-n57-k7 	BT-3   57   11    114    0   1153   1708   1150    124   1.1635   -0.003
B-n57-k7 	BT-3   57   11    114    1   1153   1140   1140    114   1.1410   -0.011
B-n57-k7 	BT-3   57    5     57    0   1153   1708   1150     67   0.6651   -0.003
B-n57-k7 	BT-3   57    5     57    1   1153   1140   1140     57   0.6005   -0.011
B-n57-k7 	BT-3   57   19    228    0   1153   2063   1147    288   2.0147   -0.005
B-n57-k7 	BT-3   57   19    228    1   1153   1596   1160    632   3.1573    0.006
B-n57-k7 	BT-3   57   11    114    0   1153   1708   1150    124   1.1583   -0.003
B-n57-k7 	BT-3   57   11    114    1   1153   1140   1140    114   1.1244   -0.011
B-n57-k7 	BT-3   57    5     57    0   1153   1708   1143    113   0.6370   -0.009
B-n57-k7 	BT-3   57    5     57    1   1153   1140   1140     57   0.5931   -0.011
B-n57-k7 	BT-3   57   19    228    0   1153   2063   1153    267   1.9704    0.000
B-n57-k7 	BT-3   57   19    228    1   1153   1596   1151    494   2.8588   -0.002
B-n57-k7 	BT-3   57   11    114    0   1153   1708   1150    124   1.1547   -0.003
B-n57-k7 	BT-3   57   11    114    1   1153   1140   1140    114   1.1216   -0.011
B-n57-k7 	BT-3   57    5     57    0   1153   1708   1150     67   0.6110   -0.003
B-n57-k7 	BT-3   57    5     57    1   1153   1140   1140     57   0.5894   -0.011
B-n57-k7 	BT-3   57   19    228    0   1153   2063   1153    267   1.9466    0.000
B-n57-k7 	BT-3   57   19    228    1   1153   1596   1148    306   2.1488   -0.004
B-n57-k7 	BT-3   57   11    114    0   1153   1708   1150    124   1.1777   -0.003
B-n57-k7 	BT-3   57   11    114    1   1153   1140   1140    114   1.1244   -0.011
B-n57-k7 	BT-3   57    5     57    0   1153   1708   1150    118   0.8312   -0.003
B-n57-k7 	BT-3   57    5     57    1   1153   1140   1140     57   0.5935   -0.011
B-n57-k7 	BT-3   57   19    228    0   1153   2063   1141    277   1.9879   -0.010
B-n57-k7 	BT-3   57   19    228    1   1153   1596   1145    320   2.0966   -0.007
B-n57-k7 	BT-3   57   11    114    0   1153   1708   1150    124   1.1546   -0.003
B-n57-k7 	BT-3   57   11    114    1   1153   1140   1140    114   1.1253   -0.011
B-n57-k7 	BT-3   57    5     57    0   1153   1708   1148    188   1.0245   -0.004
B-n57-k7 	BT-3   57    5     57    1   1153   1140   1140     57   0.5930   -0.011
B-n57-k7 	BT-3   57   19    228    0   1153   2063   1153    267   1.9513    0.000
B-n57-k7 	BT-3   57   19    228    1   1153   1596   1171    286   2.0846    0.016
B-n57-k7 	BT-3   57   11    114    0   1153   1708   1150    124   1.1558   -0.003
B-n57-k7 	BT-3   57   11    114    1   1153   1140   1140    114   1.1212   -0.011
B-n57-k7 	BT-3   57    5     57    0   1153   1708   1141     89   0.6399   -0.010
B-n57-k7 	BT-3   57    5     57    1   1153   1140   1140     57   0.5907   -0.011
B-n57-k7 	BT-3   57   19    228    0   1153   2063   1143    357   2.2906   -0.009
B-n57-k7 	BT-3   57   19    228    1   1153   1596   1142    652   3.3663   -0.010
B-n57-k7 	BT-3   57   11    114    0   1153   1708   1150    124   1.1757   -0.003
B-n57-k7 	BT-3   57   11    114    1   1153   1140   1140    114   1.1329   -0.011
B-n57-k7 	BT-3   57    5     57    0   1153   1708   1150     67   0.6108   -0.003
B-n57-k7 	BT-3   57    5     57    1   1153   1140   1140     57   0.5895   -0.011
B-n57-k7 	BT-3   57   19    228    0   1153   2063   1140    283   2.0140   -0.011
B-n57-k7 	BT-3   57   19    228    1   1153   1596   1152    685   3.6172   -0.001
B-n57-k7 	BT-3   57   11    114    0   1153   1708   1150    124   1.1587   -0.003
B-n57-k7 	BT-3   57   11    114    1   1153   1140   1140    114   1.1331   -0.011
B-n57-k7 	BT-3   57    5     57    0   1153   1708   1150     67   0.6308   -0.003
B-n57-k7 	BT-3   57    5     57    1   1153   1140   1140     57   0.5905   -0.011
B-n57-k7 	BT-3   57   19    228    0   1153   2063   1147    264   1.9428   -0.005
B-n57-k7 	BT-3   57   19    228    1   1153   1596   1191    258   2.0015    0.033
B-n57-k7 	BT-3   57   11    114    0   1153   1708   1150    124   1.1578   -0.003
B-n57-k7 	BT-3   57   11    114    1   1153   1140   1140    114   1.1280   -0.011
B-n57-k7 	BT-3   57    5     57    0   1153   1708   1150     67   0.6358   -0.003
B-n57-k7 	BT-3   57    5     57    1   1153   1140   1140     57   0.5943   -0.011
B-n57-k7 	BT-3   57   19    228    0   1153   2063   1141    277   1.9930   -0.010
B-n57-k7 	BT-3   57   19    228    1   1153   1596   1153    370   2.3143    0.000
B-n57-k7 	BT-3   57   11    114    0   1153   1708   1149    131   1.1578   -0.003
B-n57-k7 	BT-3   57   11    114    1   1153   1140   1140    114   1.1248   -0.011
B-n57-k7 	BT-3   57    5     57    0   1153   1708   1150    118   0.8972   -0.003
B-n57-k7 	BT-3   57    5     57    1   1153   1140   1140     57   0.5924   -0.011
B-n57-k7 	BT-3   57   19    228    0   1153   2063   1151    694   3.5106   -0.002
B-n57-k7 	BT-3   57   19    228    1   1153   1596   1158    269   2.0263    0.004
B-n57-k7 	BT-3   57   11    114    0   1153   1708   1150    124   1.1740   -0.003
B-n57-k7 	BT-3   57   11    114    1   1153   1140   1140    114   1.1232   -0.011
B-n57-k7 	BT-3   57    5     57    0   1153   1708   1150    120   0.7238   -0.003
B-n57-k7 	BT-3   57    5     57    1   1153   1140   1140     57   0.5922   -0.011
B-n57-k7 	BT-3   57   19    228    0   1153   2063   1147    489   2.8440   -0.005
B-n57-k7 	BT-3   57   19    228    1   1153   1596   1147    303   2.1163   -0.005
B-n57-k7 	BT-3   57   11    114    0   1153   1708   1150    124   1.1621   -0.003
B-n57-k7 	BT-3   57   11    114    1   1153   1140   1140    114   1.1257   -0.011
B-n57-k7 	BT-3   57    5     57    0   1153   1708   1150     67   0.6305   -0.003
B-n57-k7 	BT-3   57    5     57    1   1153   1140   1140     57   0.5910   -0.011
B-n57-k7 	BT-3   57   19    228    0   1153   2063   1153    267   1.9452    0.000
B-n57-k7 	BT-3   57   19    228    1   1153   1596   1171    286   2.1272    0.016
B-n57-k7 	BT-3   57   11    114    0   1153   1708   1150    124   1.1644   -0.003
B-n57-k7 	BT-3   57   11    114    1   1153   1140   1140    114   1.1273   -0.011
B-n57-k7 	BT-3   57    5     57    0   1153   1708   1150     67   0.6287   -0.003
B-n57-k7 	BT-3   57    5     57    1   1153   1140   1140     57   0.5932   -0.011
B-n57-k7 	BT-3   57   19    228    0   1153   2063   1153    267   1.9488    0.000
B-n57-k7 	BT-3   57   19    228    1   1153   1596   1149    405   2.4415   -0.003
B-n57-k7 	BT-3   57   11    114    0   1153   1708   1150    124   1.1726   -0.003
B-n57-k7 	BT-3   57   11    114    1   1153   1140   1140    114   1.1344   -0.011
B-n57-k7 	BT-3   57    5     57    0   1153   1708   1150     67   0.6235   -0.003
B-n57-k7 	BT-3   57    5     57    1   1153   1140   1140     57   0.5898   -0.011
B-n57-k7 	BT-3   57   19    228    0   1153   2063   1143    282   2.0524   -0.009
B-n57-k7 	BT-3   57   19    228    1   1153   1596   1143    321   2.2614   -0.009
B-n57-k7 	BT-3   57   11    114    0   1153   1708   1150    124   1.1656   -0.003
B-n57-k7 	BT-3   57   11    114    1   1153   1140   1140    114   1.1222   -0.011
B-n57-k7 	BT-3   57    5     57    0   1153   1708   1203    124   0.7114    0.043
B-n57-k7 	BT-3   57    5     57    1   1153   1140   1140     57   0.5928   -0.011
B-n57-k7 	BT-3   57   19    228    0   1153   2063   1144    278   2.0038   -0.008
B-n57-k7 	BT-3   57   19    228    1   1153   1596   1188    259   2.0390    0.030
B-n57-k7 	BT-3   57   11    114    0   1153   1708   1150    124   1.1565   -0.003
B-n57-k7 	BT-3   57   11    114    1   1153   1140   1140    114   1.1193   -0.011
B-n57-k7 	BT-3   57    5     57    0   1153   1708   1190    109   0.6310    0.032
B-n57-k7 	BT-3   57    5     57    1   1153   1140   1140     57   0.5946   -0.011
B-n57-k7 	BT-3   57   19    228    0   1153   2063   1151    272   2.0307   -0.002
B-n57-k7 	BT-3   57   19    228    1   1153   1596   1147    295   2.1105   -0.005
B-n57-k7 	BT-3   57   11    114    0   1153   1708   1201    154   1.1589    0.042
B-n57-k7 	BT-3   57   11    114    1   1153   1140   1140    114   1.1216   -0.011
B-n57-k7 	BT-3   57    5     57    0   1153   1708   1150     67   0.6251   -0.003
B-n57-k7 	BT-3   57    5     57    1   1153   1140   1140     57   0.5918   -0.011
B-n57-k7 	BT-3   57   19    228    0   1153   2063   1140    408   2.4142   -0.011
B-n57-k7 	BT-3   57   19    228    1   1153   1596   1188    259   2.0249    0.030
B-n57-k7 	BT-3   57   11    114    0   1153   1708   1150    124   1.1746   -0.003
B-n57-k7 	BT-3   57   11    114    1   1153   1140   1140    114   1.1259   -0.011
B-n57-k7 	BT-3   57    5     57    0   1153   1708   1150     67   0.6158   -0.003
B-n57-k7 	BT-3   57    5     57    1   1153   1140   1140     57   0.5921   -0.011
B-n57-k7 	BT-3   57   19    228    0   1153   2063   1153    267   1.9311    0.000
B-n57-k7 	BT-3   57   19    228    1   1153   1596   1146    494   2.7645   -0.006
B-n57-k7 	BT-3   57   11    114    0   1153   1708   1144    242   1.5587   -0.008
B-n57-k7 	BT-3   57   11    114    1   1153   1140   1140    114   1.1398   -0.011
B-n57-k7 	BT-3   57    5     57    0   1153   1708   1145     90   0.6921   -0.007
B-n57-k7 	BT-3   57    5     57    1   1153   1140   1140     57   0.5893   -0.011
B-n57-k7 	BT-3   57   19    228    0   1153   2063   1153    267   1.9637    0.000
B-n57-k7 	BT-3   57   19    228    1   1153   1596   1158    324   2.2234    0.004
B-n57-k7 	BT-3   57   11    114    0   1153   1708   1146    150   1.2023   -0.006
B-n57-k7 	BT-3   57   11    114    1   1153   1140   1140    114   1.1369   -0.011
B-n57-k7 	BT-3   57    5     57    0   1153   1708   1150     67   0.6182   -0.003
B-n57-k7 	BT-3   57    5     57    1   1153   1140   1140     57   0.5913   -0.011
B-n57-k7 	BT-3   57   19    228    0   1153   2063   1153    267   2.0176    0.000
B-n57-k7 	BT-3   57   19    228    1   1153   1596   1155    393   2.4559    0.002
B-n57-k7 	BT-3   57   11    114    0   1153   1708   1150    124   1.1683   -0.003
B-n57-k7 	BT-3   57   11    114    1   1153   1140   1140    114   1.1292   -0.011
B-n57-k7 	BT-3   57    5     57    0   1153   1708   1150     67   0.6108   -0.003
B-n57-k7 	BT-3   57    5     57    1   1153   1140   1140     57   0.5944   -0.011
B-n57-k7 	BT-3   57   19    228    0   1153   2063   1153    267   1.9596    0.000
B-n57-k7 	BT-3   57   19    228    1   1153   1596   1147    519   2.8529   -0.005
B-n57-k7 	BT-3   57   11    114    0   1153   1708   1150    124   1.1632   -0.003
B-n57-k7 	BT-3   57   11    114    1   1153   1140   1140    114   1.1246   -0.011
B-n57-k7 	BT-3   57    5     57    0   1153   1708   1150     67   0.6280   -0.003
B-n57-k7 	BT-3   57    5     57    1   1153   1140   1140     57   0.5954   -0.011
B-n57-k7 	BT-3   57   19    228    0   1153   2063   1141    298   2.1140   -0.010
B-n57-k7 	BT-3   57   19    228    1   1153   1596   1171    286   2.1222    0.016
B-n57-k7 	BT-3   57   11    114    0   1153   1708   1150    124   1.1643   -0.003
B-n57-k7 	BT-3   57   11    114    1   1153   1140   1140    114   1.1435   -0.011
B-n57-k7 	BT-3   57    5     57    0   1153   1708   1150     67   0.6249   -0.003
B-n57-k7 	BT-3   57    5     57    1   1153   1140   1140     57   0.5917   -0.011
B-n57-k7 	BT-3   57   19    228    0   1153   2063   1153    267   1.9574    0.000
B-n57-k7 	BT-3   57   19    228    1   1153   1596   1145    451   2.5967   -0.007
B-n57-k7 	BT-3   57   11    114    0   1153   1708   1150    124   1.1791   -0.003
B-n57-k7 	BT-3   57   11    114    1   1153   1140   1140    114   1.1392   -0.011
B-n57-k7 	BT-3   57    5     57    0   1153   1708   1150     67   0.6270   -0.003
B-n57-k7 	BT-3   57    5     57    1   1153   1140   1140     57   0.5906   -0.011
B-n57-k7 	BT-3   57   19    228    0   1153   2063   1153    267   1.9501    0.000
B-n57-k7 	BT-3   57   19    228    1   1153   1596   1155    313   2.1634    0.002
B-n57-k7 	BT-3   57   11    114    0   1153   1708   1150    124   1.1546   -0.003
B-n57-k7 	BT-3   57   11    114    1   1153   1140   1140    114   1.1235   -0.011
B-n57-k7 	BT-3   57    5     57    0   1153   1708   1150     67   0.6250   -0.003
B-n57-k7 	BT-3   57    5     57    1   1153   1140   1140     57   0.5900   -0.011
B-n57-k7 	BT-3   57   19    228    0   1153   2063   1152    282   2.0434   -0.001
B-n57-k7 	BT-3   57   19    228    1   1153   1596   1171    286   2.1003    0.016
B-n57-k7 	BT-3   57   11    114    0   1153   1708   1150    124   1.1518   -0.003
B-n57-k7 	BT-3   57   11    114    1   1153   1140   1140    114   1.1184   -0.011
B-n57-k7 	BT-3   57    5     57    0   1153   1708   1150     67   0.6076   -0.003
B-n57-k7 	BT-3   57    5     57    1   1153   1140   1140     57   0.5928   -0.011
B-n57-k7 	BT-3   57   19    228    0   1153   2063   1153    267   1.9441    0.000
B-n57-k7 	BT-3   57   19    228    1   1153   1596   1148    377   2.4358   -0.004
B-n57-k7 	BT-3   57   11    114    0   1153   1708   1150    124   1.1713   -0.003
B-n57-k7 	BT-3   57   11    114    1   1153   1140   1140    114   1.1224   -0.011
B-n57-k7 	BT-3   57    5     57    0   1153   1708   1150     67   0.6147   -0.003
B-n57-k7 	BT-3   57    5     57    1   1153   1140   1140     57   0.5915   -0.011
B-n57-k7 	BT-3   57   19    228    0   1153   2063   1154    274   2.0137    0.001
B-n57-k7 	BT-3   57   19    228    1   1153   1596   1188    259   2.0143    0.030
B-n57-k7 	BT-3   57   11    114    0   1153   1708   1150    124   1.1648   -0.003
B-n57-k7 	BT-3   57   11    114    1   1153   1140   1140    114   1.1245   -0.011
B-n57-k7 	BT-3   57    5     57    0   1153   1708   1141    189   1.1159   -0.010
B-n57-k7 	BT-3   57    5     57    1   1153   1140   1140     57   0.5891   -0.011
B-n57-k7 	BT-3   57   19    228    0   1153   2063   1153    267   1.9659    0.000
B-n57-k7 	BT-3   57   19    228    1   1153   1596   1148    379   2.4296   -0.004
B-n57-k7 	BT-3   57   11    114    0   1153   1708   1146    144   1.1953   -0.006
B-n57-k7 	BT-3   57   11    114    1   1153   1140   1140    114   1.1257   -0.011
B-n57-k7 	BT-3   57    5     57    0   1153   1708   1217    107   0.6501    0.056
B-n57-k7 	BT-3   57    5     57    1   1153   1140   1140     57   0.5967   -0.011
B-n57-k7 	BT-3   57   19    228    0   1153   2063   1153    267   1.9645    0.000
B-n57-k7 	BT-3   57   19    228    1   1153   1596   1149    457   2.6742   -0.003
B-n57-k7 	BT-3   57   11    114    0   1153   1708   1150    124   1.1547   -0.003
B-n57-k7 	BT-3   57   11    114    1   1153   1140   1140    114   1.1209   -0.011
B-n57-k7 	BT-3   57    5     57    0   1153   1708   1142    106   0.7259   -0.010
B-n57-k7 	BT-3   57    5     57    1   1153   1140   1140     57   0.5903   -0.011
B-n57-k7 	BT-3   57   19    228    0   1153   2063   1145    492   2.7631   -0.007
B-n57-k7 	BT-3   57   19    228    1   1153   1596   1188    259   2.0369    0.030
B-n57-k7 	BT-3   57   11    114    0   1153   1708   1150    124   1.1617   -0.003
B-n57-k7 	BT-3   57   11    114    1   1153   1140   1140    114   1.1224   -0.011
B-n57-k7 	BT-3   57    5     57    0   1153   1708   1150     67   0.6136   -0.003
B-n57-k7 	BT-3   57    5     57    1   1153   1140   1140     57   0.5906   -0.011
