B-n57-k9 	BT-1   57   19    228    0   1598   2103   1661    238   0.9804    0.039
B-n57-k9 	BT-1   57   19    228    1   1598   1834   1676    254   0.9439    0.049
B-n57-k9 	BT-1   57   11    114    0   1598   1998   1657    125   0.5019    0.037
B-n57-k9 	BT-1   57   11    114    1   1598   1661   1661    114   0.4545    0.039
B-n57-k9 	BT-1   57    5     57    0   1598   1897   1657     58   0.2653    0.037
B-n57-k9 	BT-1   57    5     57    1   1598   1657   1657     57   0.2609    0.037
B-n57-k9 	BT-2   57   19    228    0   1598   2103   1698    257   0.9564    0.063
B-n57-k9 	BT-2   57   19    228    1   1598   1834   1632    254   0.9767    0.021
B-n57-k9 	BT-2   57   11    114    0   1598   1669   1623    178   0.6635    0.016
B-n57-k9 	BT-2   57   11    114    1   1598   1632   1611    281   1.0888    0.008
B-n57-k9 	BT-2   57    5     57    0   1598   1707   1647     61   0.2738    0.031
B-n57-k9 	BT-2   57    5     57    1   1598   1611   1611     57   0.2780    0.008
B-n57-k9 	BT-3   57   19    228    0   1598   2103   1617    407   2.6036    0.012
B-n57-k9 	BT-3   57   19    228    1   1598   1834   1619    383   2.4318    0.013
B-n57-k9 	BT-3   57   11    114    0   1598   1617   1606    137   1.2341    0.005
B-n57-k9 	BT-3   57   11    114    1   1598   1617   1606    230   1.5562    0.005
B-n57-k9 	BT-3   57    5     57    0   1598   1721   1607     60   0.5906    0.006
B-n57-k9 	BT-3   57    5     57    1   1598   1606   1606     57   0.5987    0.005
B-n57-k9 	BT-3   57   19    228    0   1598   2103   1626    338   2.2897    0.018
B-n57-k9 	BT-3   57   19    228    1   1598   1834   1642    609   4.0466    0.028
B-n57-k9 	BT-3   57   11    114    0   1598   1721   1607    117   1.1294    0.006
B-n57-k9 	BT-3   57   11    114    1   1598   1606   1606    114   1.1385    0.005
B-n57-k9 	BT-3   57    5     57    0   1598   1721   1607     60   0.5928    0.006
B-n57-k9 	BT-3   57    5     57    1   1598   1606   1606     57   0.6010    0.005
B-n57-k9 	BT-3   57   19    228    0   1598   2103   1643    529   3.0931    0.028
B-n57-k9 	BT-3   57   19    228    1   1598   1834   1656    286   2.0834    0.036
B-n57-k9 	BT-3   57   11    114    0   1598   1721   1607    120   1.1235    0.006
B-n57-k9 	BT-3   57   11    114    1   1598   1606   1606    114   1.1360    0.005
B-n57-k9 	BT-3   57    5     57    0   1598   1721   1607     60   0.5950    0.006
B-n57-k9 	BT-3   57    5     57    1   1598   1606   1606     57   0.5987    0.005
B-n57-k9 	BT-3   57   19    228    0   1598   2103   1651    398   2.6075    0.033
B-n57-k9 	BT-3   57   19    228    1   1598   1834   1642    298   2.1755    0.028
B-n57-k9 	BT-3   57   11    114    0   1598   1721   1607    117   1.1271    0.006
B-n57-k9 	BT-3   57   11    114    1   1598   1606   1606    114   1.1478    0.005
B-n57-k9 	BT-3   57    5     57    0   1598   1721   1607     63   0.6048    0.006
B-n57-k9 	BT-3   57    5     57    1   1598   1606   1606     57   0.5963    0.005
B-n57-k9 	BT-3   57   19    228    0   1598   2103   1614    381   2.4745    0.010
B-n57-k9 	BT-3   57   19    228    1   1598   1834   1620    811   3.9934    0.014
B-n57-k9 	BT-3   57   11    114    0   1598   1721   1607    117   1.1266    0.006
B-n57-k9 	BT-3   57   11    114    1   1598   1606   1606    114   1.1306    0.005
B-n57-k9 	BT-3   57    5     57    0   1598   1721   1607     60   0.6003    0.006
B-n57-k9 	BT-3   57    5     57    1   1598   1606   1606     57   0.5989    0.005
B-n57-k9 	BT-3   57   19    228    0   1598   2103   1616    504   2.8536    0.011
B-n57-k9 	BT-3   57   19    228    1   1598   1834   1623    364   2.4048    0.016
B-n57-k9 	BT-3   57   11    114    0   1598   1721   1599    256   1.6600    0.001
B-n57-k9 	BT-3   57   11    114    1   1598   1606   1606    114   1.1324    0.005
B-n57-k9 	BT-3   57    5     57    0   1598   1790   1599     74   0.6300    0.001
B-n57-k9 	BT-3   57    5     57    1   1598   1599   1599     57   0.5884    0.001
B-n57-k9 	BT-3   57   19    228    0   1598   2103   1610    459   2.6396    0.008
B-n57-k9 	BT-3   57   19    228    1   1598   1834   1627    431   2.6545    0.018
B-n57-k9 	BT-3   57   11    114    0   1598   1790   1600    124   1.1282    0.001
B-n57-k9 	BT-3   57   11    114    1   1598   1599   1599    114   1.1023    0.001
B-n57-k9 	BT-3   57    5     57    0   1598   1790   1599     74   0.6482    0.001
B-n57-k9 	BT-3   57    5     57    1   1598   1599   1599     57   0.5820    0.001
B-n57-k9 	BT-3   57   19    228    0   1598   2103   1668    261   2.0586    0.044
B-n57-k9 	BT-3   57   19    228    1   1598   1834   1621    468   2.7423    0.014
B-n57-k9 	BT-3   57   11    114    0   1598   1790   1599    130   1.1609    0.001
B-n57-k9 	BT-3   57   11    114    1   1598   1599   1599    114   1.1000    0.001
B-n57-k9 	BT-3   57    5     57    0   1598   1790   1624     87   0.6422    0.016
B-n57-k9 	BT-3   57    5     57    1   1598   1599   1599     57   0.5803    0.001
B-n57-k9 	BT-3   57   19    228    0   1598   2103   1668    261   2.0704    0.044
B-n57-k9 	BT-3   57   19    228    1   1598   1834   1638    347   2.3840    0.025
B-n57-k9 	BT-3   57   11    114    0   1598   1790   1599    130   1.1900    0.001
B-n57-k9 	BT-3   57   11    114    1   1598   1599   1599    114   1.1090    0.001
B-n57-k9 	BT-3   57    5     57    0   1598   1790   1599     74   0.6291    0.001
B-n57-k9 	BT-3   57    5     57    1   1598   1599   1599     57   0.5839    0.001
B-n57-k9 	BT-3   57   19    228    0   1598   2103   1646    269   2.0989    0.030
B-n57-k9 	BT-3   57   19    228    1   1598   1834   1647    348   2.2952    0.031
B-n57-k9 	BT-3   57   11    114    0   1598   1790   1599    130   1.1633    0.001
B-n57-k9 	BT-3   57   11    114    1   1598   1599   1599    114   1.1032    0.001
B-n57-k9 	BT-3   57    5     57    0   1598   1790   1599    109   0.7138    0.001
B-n57-k9 	BT-3   57    5     57    1   1598   1599   1599     57   0.5801    0.001
B-n57-k9 	BT-3   57   19    228    0   1598   2103   1627    433   2.6741    0.018
B-n57-k9 	BT-3   57   19    228    1   1598   1834   1633    395   2.4606    0.022
B-n57-k9 	BT-3   57   11    114    0   1598   1790   1600    124   1.1201    0.001
B-n57-k9 	BT-3   57   11    114    1   1598   1599   1599    114   1.1114    0.001
B-n57-k9 	BT-3   57    5     57    0   1598   1790   1599     74   0.6300    0.001
B-n57-k9 	BT-3   57    5     57    1   1598   1599   1599     57   0.5845    0.001
B-n57-k9 	BT-3   57   19    228    0   1598   2103   1650    484   2.8201    0.033
B-n57-k9 	BT-3   57   19    228    1   1598   1834   1622    581   3.1623    0.015
B-n57-k9 	BT-3   57   11    114    0   1598   1790   1599    130   1.1601    0.001
B-n57-k9 	BT-3   57   11    114    1   1598   1599   1599    114   1.1058    0.001
B-n57-k9 	BT-3   57    5     57    0   1598   1790   1599     76   0.6359    0.001
B-n57-k9 	BT-3   57    5     57    1   1598   1599   1599     57   0.5806    0.001
B-n57-k9 	BT-3   57   19    228    0   1598   2103   1619    317   2.2652    0.013
B-n57-k9 	BT-3   57   19    228    1   1598   1834   1644    501   2.8598    0.029
B-n57-k9 	BT-3   57   11    114    0   1598   1790   1599    132   1.1525    0.001
B-n57-k9 	BT-3   57   11    114    1   1598   1599   1599    114   1.1043    0.001
B-n57-k9 	BT-3   57    5     57    0   1598   1790   1600     72   0.6114    0.001
B-n57-k9 	BT-3   57    5     57    1   1598   1599   1599     57   0.5813    0.001
B-n57-k9 	BT-3   57   19    228    0   1598   2103   1615    346   2.2569    0.011
B-n57-k9 	BT-3   57   19    228    1   1598   1834   1649    278   2.0279    0.032
B-n57-k9 	BT-3   57   11    114    0   1598   1790   1615    243   1.5348    0.011
B-n57-k9 	BT-3   57   11    114    1   1598   1599   1599    114   1.1075    0.001
B-n57-k9 	BT-3   57    5     57    0   1598   1790   1602     76   0.6277    0.003
B-n57-k9 	BT-3   57    5     57    1   1598   1599   1599     57   0.5977    0.001
B-n57-k9 	BT-3   57   19    228    0   1598   2103   1622    525   2.9795    0.015
B-n57-k9 	BT-3   57   19    228    1   1598   1834   1658    464   2.6927    0.038
B-n57-k9 	BT-3   57   11    114    0   1598   1790   1599    130   1.1710    0.001
B-n57-k9 	BT-3   57   11    114    1   1598   1599   1599    114   1.1095    0.001
B-n57-k9 	BT-3   57    5     57    0   1598   1790   1599     74   0.6512    0.001
B-n57-k9 	BT-3   57    5     57    1   1598   1599   1599     57   0.5842    0.001
B-n57-k9 	BT-3   57   19    228    0   1598   2103   1645    254   2.0330    0.029
B-n57-k9 	BT-3   57   19    228    1   1598   1834   1620    661   3.4430    0.014
B-n57-k9 	BT-3   57   11    114    0   1598   1790   1599    130   1.1596    0.001
B-n57-k9 	BT-3   57   11    114    1   1598   1599   1599    114   1.1091    0.001
B-n57-k9 	BT-3   57    5     57    0   1598   1790   1599     83   0.6596    0.001
B-n57-k9 	BT-3   57    5     57    1   1598   1599   1599     57   0.5795    0.001
B-n57-k9 	BT-3   57   19    228    0   1598   2103   1668    261   2.0295    0.044
B-n57-k9 	BT-3   57   19    228    1   1598   1834   1621    747   3.8281    0.014
B-n57-k9 	BT-3   57   11    114    0   1598   1790   1599    130   1.1555    0.001
B-n57-k9 	BT-3   57   11    114    1   1598   1599   1599    114   1.0999    0.001
B-n57-k9 	BT-3   57    5     57    0   1598   1790   1600     81   0.6274    0.001
B-n57-k9 	BT-3   57    5     57    1   1598   1599   1599     57   0.5801    0.001
B-n57-k9 	BT-3   57   19    228    0   1598   2103   1622    316   2.2050    0.015
B-n57-k9 	BT-3   57   19    228    1   1598   1834   1626    626   3.3641    0.018
B-n57-k9 	BT-3   57   11    114    0   1598   1790   1599    130   1.1613    0.001
B-n57-k9 	BT-3   57   11    114    1   1598   1599   1599    114   1.1025    0.001
B-n57-k9 	BT-3   57    5     57    0   1598   1790   1599    122   0.7437    0.001
B-n57-k9 	BT-3   57    5     57    1   1598   1599   1599     57   0.5812    0.001
B-n57-k9 	BT-3   57   19    228    0   1598   2103   1668    261   2.0456    0.044
B-n57-k9 	BT-3   57   19    228    1   1598   1834   1645    279   2.0573    0.029
B-n57-k9 	BT-3   57   11    114    0   1598   1790   1599    130   1.1592    0.001
B-n57-k9 	BT-3   57   11    114    1   1598   1599   1599    114   1.1193    0.001
B-n57-k9 	BT-3   57    5     57    0   1598   1790   1600     82   0.6453    0.001
B-n57-k9 	BT-3   57    5     57    1   1598   1599   1599     57   0.5875    0.001
B-n57-k9 	BT-3   57   19    228    0   1598   2103   1619    340   2.2586    0.013
B-n57-k9 	BT-3   57   19    228    1   1598   1834   1612    745   3.7428    0.009
B-n57-k9 	BT-3   57   11    114    0   1598   1790   1599    134   1.1950    0.001
B-n57-k9 	BT-3   57   11    114    1   1598   1599   1599    114   1.1045    0.001
B-n57-k9 	BT-3   57    5     57    0   1598   1790   1668    125   0.7861    0.044
B-n57-k9 	BT-3   57    5     57    1   1598   1599   1599     57   0.5834    0.001
B-n57-k9 	BT-3   57   19    228    0   1598   2103   1617    412   2.5450    0.012
B-n57-k9 	BT-3   57   19    228    1   1598   1834   1630    452   2.7161    0.020
B-n57-k9 	BT-3   57   11    114    0   1598   1790   1599    132   1.2006    0.001
B-n57-k9 	BT-3   57   11    114    1   1598   1599   1599    114   1.1052    0.001
B-n57-k9 	BT-3   57    5     57    0   1598   1790   1599     81   0.6571    0.001
B-n57-k9 	BT-3   57    5     57    1   1598   1599   1599     57   0.5812    0.001
B-n57-k9 	BT-3   57   19    228    0   1598   2103   1621    352   2.3283    0.014
B-n57-k9 	BT-3   57   19    228    1   1598   1834   1645    410   2.4875    0.029
B-n57-k9 	BT-3   57   11    114    0   1598   1790   1599    130   1.1587    0.001
B-n57-k9 	BT-3   57   11    114    1   1598   1599   1599    114   1.1215    0.001
B-n57-k9 	BT-3   57    5     57    0   1598   1790   1649     76   0.6238    0.032
B-n57-k9 	BT-3   57    5     57    1   1598   1599   1599     57   0.5821    0.001
B-n57-k9 	BT-3   57   19    228    0   1598   2103   1626    352   2.3753    0.018
B-n57-k9 	BT-3   57   19    228    1   1598   1834   1682    384   2.4736    0.053
B-n57-k9 	BT-3   57   11    114    0   1598   1790   1600    124   1.1404    0.001
B-n57-k9 	BT-3   57   11    114    1   1598   1599   1599    114   1.1099    0.001
B-n57-k9 	BT-3   57    5     57    0   1598   1790   1599     94   0.6965    0.001
B-n57-k9 	BT-3   57    5     57    1   1598   1599   1599     57   0.5847    0.001
B-n57-k9 	BT-3   57   19    228    0   1598   2103   1603    651   3.3737    0.003
B-n57-k9 	BT-3   57   19    228    1   1598   1834   1682    322   2.2442    0.053
B-n57-k9 	BT-3   57   11    114    0   1598   1790   1600    124   1.1206    0.001
B-n57-k9 	BT-3   57   11    114    1   1598   1599   1599    114   1.1015    0.001
B-n57-k9 	BT-3   57    5     57    0   1598   1790   1600     67   0.5932    0.001
B-n57-k9 	BT-3   57    5     57    1   1598   1599   1599     57   0.5800    0.001
B-n57-k9 	BT-3   57   19    228    0   1598   2103   1618    340   2.3075    0.013
B-n57-k9 	BT-3   57   19    228    1   1598   1834   1643    295   2.1338    0.028
B-n57-k9 	BT-3   57   11    114    0   1598   1790   1599    132   1.1942    0.001
B-n57-k9 	BT-3   57   11    114    1   1598   1599   1599    114   1.1025    0.001
B-n57-k9 	BT-3   57    5     57    0   1598   1790   1600     67   0.6053    0.001
B-n57-k9 	BT-3   57    5     57    1   1598   1599   1599     57   0.5810    0.001
B-n57-k9 	BT-3   57   19    228    0   1598   2103   1618    285   2.1237    0.013
B-n57-k9 	BT-3   57   19    228    1   1598   1834   1645    402   2.4968    0.029
B-n57-k9 	BT-3   57   11    114    0   1598   1790   1599    130   1.1607    0.001
B-n57-k9 	BT-3   57   11    114    1   1598   1599   1599    114   1.1055    0.001
B-n57-k9 	BT-3   57    5     57    0   1598   1790   1599     74   0.6292    0.001
B-n57-k9 	BT-3   57    5     57    1   1598   1599   1599     57   0.5945    0.001
B-n57-k9 	BT-3   57   19    228    0   1598   2103   1617    309   2.2160    0.012
B-n57-k9 	BT-3   57   19    228    1   1598   1834   1615    426   2.6351    0.011
B-n57-k9 	BT-3   57   11    114    0   1598   1790   1599    130   1.1633    0.001
B-n57-k9 	BT-3   57   11    114    1   1598   1599   1599    114   1.1179    0.001
B-n57-k9 	BT-3   57    5     57    0   1598   1790   1599     79   0.6437    0.001
B-n57-k9 	BT-3   57    5     57    1   1598   1599   1599     57   0.5800    0.001
B-n57-k9 	BT-3   57   19    228    0   1598   2103   1670    257   2.0327    0.045
B-n57-k9 	BT-3   57   19    228    1   1598   1834   1633    579   3.1849    0.022
B-n57-k9 	BT-3   57   11    114    0   1598   1790   1599    130   1.1733    0.001
B-n57-k9 	BT-3   57   11    114    1   1598   1599   1599    114   1.1059    0.001
B-n57-k9 	BT-3   57    5     57    0   1598   1790   1600     72   0.6091    0.001
B-n57-k9 	BT-3   57    5     57    1   1598   1599   1599     57   0.5812    0.001
B-n57-k9 	BT-3   57   19    228    0   1598   2103   1611    337   2.3321    0.008
B-n57-k9 	BT-3   57   19    228    1   1598   1834   1615    531   2.9645    0.011
B-n57-k9 	BT-3   57   11    114    0   1598   1790   1600    124   1.1190    0.001
B-n57-k9 	BT-3   57   11    114    1   1598   1599   1599    114   1.1158    0.001
B-n57-k9 	BT-3   57    5     57    0   1598   1790   1599     96   0.6785    0.001
B-n57-k9 	BT-3   57    5     57    1   1598   1599   1599     57   0.5814    0.001
B-n57-k9 	BT-3   57   19    228    0   1598   2103   1619    468   2.7793    0.013
B-n57-k9 	BT-3   57   19    228    1   1598   1834   1634    357   2.4258    0.023
B-n57-k9 	BT-3   57   11    114    0   1598   1790   1599    130   1.1624    0.001
B-n57-k9 	BT-3   57   11    114    1   1598   1599   1599    114   1.1011    0.001
B-n57-k9 	BT-3   57    5     57    0   1598   1790   1649     77   0.6302    0.032
B-n57-k9 	BT-3   57    5     57    1   1598   1599   1599     57   0.5812    0.001
B-n57-k9 	BT-3   57   19    228    0   1598   2103   1623    376   2.4521    0.016
B-n57-k9 	BT-3   57   19    228    1   1598   1834   1636    517   2.8898    0.024
B-n57-k9 	BT-3   57   11    114    0   1598   1790   1599    134   1.1816    0.001
B-n57-k9 	BT-3   57   11    114    1   1598   1599   1599    114   1.1030    0.001
B-n57-k9 	BT-3   57    5     57    0   1598   1790   1600     67   0.6155    0.001
B-n57-k9 	BT-3   57    5     57    1   1598   1599   1599     57   0.5803    0.001
B-n57-k9 	BT-3   57   19    228    0   1598   2103   1644    581   3.1769    0.029
B-n57-k9 	BT-3   57   19    228    1   1598   1834   1626    343   2.3487    0.018
B-n57-k9 	BT-3   57   11    114    0   1598   1790   1599    130   1.1205    0.001
B-n57-k9 	BT-3   57   11    114    1   1598   1599   1599    114   1.1202    0.001
B-n57-k9 	BT-3   57    5     57    0   1598   1790   1599     74   0.6286    0.001
B-n57-k9 	BT-3   57    5     57    1   1598   1599   1599     57   0.6110    0.001
B-n57-k9 	BT-3   57   19    228    0   1598   2103   1622    280   2.0948    0.015
B-n57-k9 	BT-3   57   19    228    1   1598   1834   1634    327   2.2445    0.023
B-n57-k9 	BT-3   57   11    114    0   1598   1790   1599    134   1.1692    0.001
B-n57-k9 	BT-3   57   11    114    1   1598   1599   1599    114   1.1060    0.001
B-n57-k9 	BT-3   57    5     57    0   1598   1790   1599     74   0.6349    0.001
B-n57-k9 	BT-3   57    5     57    1   1598   1599   1599     57   0.5801    0.001
B-n57-k9 	BT-3   57   19    228    0   1598   2103   1634    320   2.2585    0.023
B-n57-k9 	BT-3   57   19    228    1   1598   1834   1643    494   2.8252    0.028
B-n57-k9 	BT-3   57   11    114    0   1598   1790   1604    243   1.6358    0.004
B-n57-k9 	BT-3   57   11    114    1   1598   1599   1599    114   1.1052    0.001
B-n57-k9 	BT-3   57    5     57    0   1598   1790   1600     67   0.6142    0.001
B-n57-k9 	BT-3   57    5     57    1   1598   1599   1599     57   0.5818    0.001
B-n57-k9 	BT-3   57   19    228    0   1598   2103   1668    261   2.0804    0.044
B-n57-k9 	BT-3   57   19    228    1   1598   1834   1634    575   3.1868    0.023
B-n57-k9 	BT-3   57   11    114    0   1598   1790   1604    140   1.1598    0.004
B-n57-k9 	BT-3   57   11    114    1   1598   1599   1599    114   1.1087    0.001
B-n57-k9 	BT-3   57    5     57    0   1598   1790   1599     74   0.6192    0.001
B-n57-k9 	BT-3   57    5     57    1   1598   1599   1599     57   0.5827    0.001
B-n57-k9 	BT-3   57   19    228    0   1598   2103   1629    330   2.2368    0.019
B-n57-k9 	BT-3   57   19    228    1   1598   1834   1605    772   3.9214    0.004
B-n57-k9 	BT-3   57   11    114    0   1598   1790   1599    130   1.1615    0.001
B-n57-k9 	BT-3   57   11    114    1   1598   1599   1599    114   1.1308    0.001
B-n57-k9 	BT-3   57    5     57    0   1598   1790   1600     67   0.6065    0.001
B-n57-k9 	BT-3   57    5     57    1   1598   1599   1599     57   0.5803    0.001
B-n57-k9 	BT-3   57   19    228    0   1598   2103   1631    431   2.6770    0.021
B-n57-k9 	BT-3   57   19    228    1   1598   1834   1620    573   3.0832    0.014
B-n57-k9 	BT-3   57   11    114    0   1598   1790   1599    134   1.1665    0.001
B-n57-k9 	BT-3   57   11    114    1   1598   1599   1599    114   1.1068    0.001
B-n57-k9 	BT-3   57    5     57    0   1598   1790   1599     74   0.6199    0.001
B-n57-k9 	BT-3   57    5     57    1   1598   1599   1599     57   0.5814    0.001
B-n57-k9 	BT-3   57   19    228    0   1598   2103   1633    297   2.2200    0.022
B-n57-k9 	BT-3   57   19    228    1   1598   1834   1639    338   2.2987    0.026
B-n57-k9 	BT-3   57   11    114    0   1598   1790   1599    174   1.2849    0.001
B-n57-k9 	BT-3   57   11    114    1   1598   1599   1599    114   1.1353    0.001
B-n57-k9 	BT-3   57    5     57    0   1598   1790   1599    103   0.7063    0.001
B-n57-k9 	BT-3   57    5     57    1   1598   1599   1599     57   0.5823    0.001
B-n57-k9 	BT-3   57   19    228    0   1598   2103   1629    293   2.1759    0.019
B-n57-k9 	BT-3   57   19    228    1   1598   1834   1617    353   2.3541    0.012
B-n57-k9 	BT-3   57   11    114    0   1598   1790   1599    130   1.1705    0.001
B-n57-k9 	BT-3   57   11    114    1   1598   1599   1599    114   1.1061    0.001
B-n57-k9 	BT-3   57    5     57    0   1598   1790   1599     72   0.6101    0.001
B-n57-k9 	BT-3   57    5     57    1   1598   1599   1599     57   0.5809    0.001
B-n57-k9 	BT-3   57   19    228    0   1598   2103   1626    559   3.1365    0.018
B-n57-k9 	BT-3   57   19    228    1   1598   1834   1622    316   2.2372    0.015
B-n57-k9 	BT-3   57   11    114    0   1598   1790   1600    124   1.1397    0.001
B-n57-k9 	BT-3   57   11    114    1   1598   1599   1599    114   1.1026    0.001
B-n57-k9 	BT-3   57    5     57    0   1598   1790   1599     82   0.6533    0.001
B-n57-k9 	BT-3   57    5     57    1   1598   1599   1599     57   0.5824    0.001
B-n57-k9 	BT-3   57   19    228    0   1598   2103   1628    518   2.9593    0.019
B-n57-k9 	BT-3   57   19    228    1   1598   1834   1642    286   2.1199    0.028
B-n57-k9 	BT-3   57   11    114    0   1598   1790   1600    124   1.1325    0.001
B-n57-k9 	BT-3   57   11    114    1   1598   1599   1599    114   1.1048    0.001
B-n57-k9 	BT-3   57    5     57    0   1598   1790   1600     67   0.6005    0.001
B-n57-k9 	BT-3   57    5     57    1   1598   1599   1599     57   0.5799    0.001
B-n57-k9 	BT-3   57   19    228    0   1598   2103   1668    261   2.0527    0.044
B-n57-k9 	BT-3   57   19    228    1   1598   1834   1626    570   3.2374    0.018
B-n57-k9 	BT-3   57   11    114    0   1598   1790   1599    130   1.1687    0.001
B-n57-k9 	BT-3   57   11    114    1   1598   1599   1599    114   1.1248    0.001
B-n57-k9 	BT-3   57    5     57    0   1598   1790   1599     78   0.6445    0.001
B-n57-k9 	BT-3   57    5     57    1   1598   1599   1599     57   0.5832    0.001
B-n57-k9 	BT-3   57   19    228    0   1598   2103   1615    370   2.3781    0.011
B-n57-k9 	BT-3   57   19    228    1   1598   1834   1680    282   2.1605    0.051
B-n57-k9 	BT-3   57   11    114    0   1598   1790   1599    130   1.1771    0.001
B-n57-k9 	BT-3   57   11    114    1   1598   1599   1599    114   1.1294    0.001
B-n57-k9 	BT-3   57    5     57    0   1598   1790   1599     74   0.6296    0.001
B-n57-k9 	BT-3   57    5     57    1   1598   1599   1599     57   0.5824    0.001
B-n57-k9 	BT-3   57   19    228    0   1598   2103   1668    261   2.0433    0.044
B-n57-k9 	BT-3   57   19    228    1   1598   1834   1617    560   3.0713    0.012
B-n57-k9 	BT-3   57   11    114    0   1598   1790   1666    152   1.2560    0.043
B-n57-k9 	BT-3   57   11    114    1   1598   1599   1599    114   1.0989    0.001
B-n57-k9 	BT-3   57    5     57    0   1598   1790   1599     74   0.6569    0.001
B-n57-k9 	BT-3   57    5     57    1   1598   1599   1599     57   0.5859    0.001
B-n57-k9 	BT-3   57   19    228    0   1598   2103   1614    528   2.8976    0.010
B-n57-k9 	BT-3   57   19    228    1   1598   1834   1644    380   2.3825    0.029
B-n57-k9 	BT-3   57   11    114    0   1598   1790   1600    128   1.1361    0.001
B-n57-k9 	BT-3   57   11    114    1   1598   1599   1599    114   1.1204    0.001
B-n57-k9 	BT-3   57    5     57    0   1598   1790   1600     80   0.6359    0.001
B-n57-k9 	BT-3   57    5     57    1   1598   1599   1599     57   0.5796    0.001
B-n57-k9 	BT-3   57   19    228    0   1598   2103   1635    599   3.5429    0.023
B-n57-k9 	BT-3   57   19    228    1   1598   1834   1623    375   2.4577    0.016
B-n57-k9 	BT-3   57   11    114    0   1598   1790   1614    297   1.7262    0.010
B-n57-k9 	BT-3   57   11    114    1   1598   1599   1599    114   1.1194    0.001
B-n57-k9 	BT-3   57    5     57    0   1598   1790   1599     75   0.6384    0.001
B-n57-k9 	BT-3   57    5     57    1   1598   1599   1599     57   0.5822    0.001
B-n57-k9 	BT-3   57   19    228    0   1598   2103   1631    375   2.4669    0.021
B-n57-k9 	BT-3   57   19    228    1   1598   1834   1631    452   2.7436    0.021
B-n57-k9 	BT-3   57   11    114    0   1598   1790   1599    130   1.1606    0.001
B-n57-k9 	BT-3   57   11    114    1   1598   1599   1599    114   1.1229    0.001
B-n57-k9 	BT-3   57    5     57    0   1598   1790   1599     74   0.6291    0.001
B-n57-k9 	BT-3   57    5     57    1   1598   1599   1599     57   0.5795    0.001
B-n57-k9 	BT-3   57   19    228    0   1598   2103   1622    469   2.8581    0.015
B-n57-k9 	BT-3   57   19    228    1   1598   1834   1615    763   3.7654    0.011
B-n57-k9 	BT-3   57   11    114    0   1598   1790   1599    130   1.1828    0.001
B-n57-k9 	BT-3   57   11    114    1   1598   1599   1599    114   1.1019    0.001
B-n57-k9 	BT-3   57    5     57    0   1598   1790   1599     74   0.6332    0.001
B-n57-k9 	BT-3   57    5     57    1   1598   1599   1599     57   0.5801    0.001
B-n57-k9 	BT-3   57   19    228    0   1598   2103   1632    436   2.6911    0.021
B-n57-k9 	BT-3   57   19    228    1   1598   1834   1679    488   2.8482    0.051
B-n57-k9 	BT-3   57   11    114    0   1598   1790   1599    130   1.1562    0.001
B-n57-k9 	BT-3   57   11    114    1   1598   1599   1599    114   1.1159    0.001
B-n57-k9 	BT-3   57    5     57    0   1598   1790   1599     86   0.6726    0.001
B-n57-k9 	BT-3   57    5     57    1   1598   1599   1599     57   0.5864    0.001
B-n57-k9 	BT-3   57   19    228    0   1598   2103   1626    365   2.4176    0.018
B-n57-k9 	BT-3   57   19    228    1   1598   1834   1617    647   3.4638    0.012
B-n57-k9 	BT-3   57   11    114    0   1598   1790   1599    130   1.1685    0.001
B-n57-k9 	BT-3   57   11    114    1   1598   1599   1599    114   1.1027    0.001
B-n57-k9 	BT-3   57    5     57    0   1598   1790   1599    106   0.7370    0.001
B-n57-k9 	BT-3   57    5     57    1   1598   1599   1599     57   0.5818    0.001
B-n57-k9 	BT-3   57   19    228    0   1598   2103   1656    304   2.2229    0.036
B-n57-k9 	BT-3   57   19    228    1   1598   1834   1618    437   2.6572    0.013
B-n57-k9 	BT-3   57   11    114    0   1598   1790   1602    133   1.1600    0.003
B-n57-k9 	BT-3   57   11    114    1   1598   1599   1599    114   1.1024    0.001
B-n57-k9 	BT-3   57    5     57    0   1598   1790   1600     67   0.6382    0.001
B-n57-k9 	BT-3   57    5     57    1   1598   1599   1599     57   0.5813    0.001
B-n57-k9 	BT-3   57   19    228    0   1598   2103   1613    485   2.7997    0.009
B-n57-k9 	BT-3   57   19    228    1   1598   1834   1637    319   2.2437    0.024
B-n57-k9 	BT-3   57   11    114    0   1598   1790   1599    131   1.1660    0.001
B-n57-k9 	BT-3   57   11    114    1   1598   1599   1599    114   1.1012    0.001
B-n57-k9 	BT-3   57    5     57    0   1598   1790   1600     67   0.6050    0.001
B-n57-k9 	BT-3   57    5     57    1   1598   1599   1599     57   0.5857    0.001
B-n57-k9 	BT-3   57   19    228    0   1598   2103   1622    354   2.3901    0.015
B-n57-k9 	BT-3   57   19    228    1   1598   1834   1638    349   2.3927    0.025
B-n57-k9 	BT-3   57   11    114    0   1598   1790   1599    130   1.1597    0.001
B-n57-k9 	BT-3   57   11    114    1   1598   1599   1599    114   1.1043    0.001
B-n57-k9 	BT-3   57    5     57    0   1598   1790   1673     70   0.6232    0.047
B-n57-k9 	BT-3   57    5     57    1   1598   1599   1599     57   0.5806    0.001
B-n57-k9 	BT-3   57   19    228    0   1598   2103   1617    411   2.5731    0.012
B-n57-k9 	BT-3   57   19    228    1   1598   1834   1639    363   2.4391    0.026
B-n57-k9 	BT-3   57   11    114    0   1598   1790   1599    130   1.1774    0.001
B-n57-k9 	BT-3   57   11    114    1   1598   1599   1599    114   1.1094    0.001
B-n57-k9 	BT-3   57    5     57    0   1598   1790   1599     81   0.6585    0.001
B-n57-k9 	BT-3   57    5     57    1   1598   1599   1599     57   0.5820    0.001
B-n57-k9 	BT-3   57   19    228    0   1598   2103   1621    498   2.8307    0.014
B-n57-k9 	BT-3   57   19    228    1   1598   1834   1640    412   2.6021    0.026
B-n57-k9 	BT-3   57   11    114    0   1598   1790   1599    131   1.1579    0.001
B-n57-k9 	BT-3   57   11    114    1   1598   1599   1599    114   1.1224    0.001
B-n57-k9 	BT-3   57    5     57    0   1598   1790   1599     74   0.6366    0.001
B-n57-k9 	BT-3   57    5     57    1   1598   1599   1599     57   0.5809    0.001
B-n57-k9 	BT-3   57   19    228    0   1598   2103   1602    750   3.7466    0.003
B-n57-k9 	BT-3   57   19    228    1   1598   1834   1624    472   2.7045    0.016
B-n57-k9 	BT-3   57   11    114    0   1598   1790   1599    130   1.1812    0.001
B-n57-k9 	BT-3   57   11    114    1   1598   1599   1599    114   1.1170    0.001
B-n57-k9 	BT-3   57    5     57    0   1598   1790   1600     67   0.6000    0.001
B-n57-k9 	BT-3   57    5     57    1   1598   1599   1599     57   0.5857    0.001
B-n57-k9 	BT-3   57   19    228    0   1598   2103   1645    315   2.1566    0.029
B-n57-k9 	BT-3   57   19    228    1   1598   1834   1620    442   2.6642    0.014
B-n57-k9 	BT-3   57   11    114    0   1598   1790   1599    130   1.1763    0.001
B-n57-k9 	BT-3   57   11    114    1   1598   1599   1599    114   1.1048    0.001
B-n57-k9 	BT-3   57    5     57    0   1598   1790   1600     67   0.6041    0.001
B-n57-k9 	BT-3   57    5     57    1   1598   1599   1599     57   0.5812    0.001
B-n57-k9 	BT-3   57   19    228    0   1598   2103   1640    364   2.3867    0.026
B-n57-k9 	BT-3   57   19    228    1   1598   1834   1637    349   2.3377    0.024
B-n57-k9 	BT-3   57   11    114    0   1598   1790   1599    130   1.1653    0.001
B-n57-k9 	BT-3   57   11    114    1   1598   1599   1599    114   1.1382    0.001
B-n57-k9 	BT-3   57    5     57    0   1598   1790   1599    149   0.8860    0.001
B-n57-k9 	BT-3   57    5     57    1   1598   1599   1599     57   0.5905    0.001
B-n57-k9 	BT-3   57   19    228    0   1598   2103   1618    377   2.4540    0.013
B-n57-k9 	BT-3   57   19    228    1   1598   1834   1671    284   2.0955    0.046
B-n57-k9 	BT-3   57   11    114    0   1598   1790   1599    130   1.1551    0.001
B-n57-k9 	BT-3   57   11    114    1   1598   1599   1599    114   1.1041    0.001
B-n57-k9 	BT-3   57    5     57    0   1598   1790   1599     74   0.6398    0.001
B-n57-k9 	BT-3   57    5     57    1   1598   1599   1599     57   0.5809    0.001
B-n57-k9 	BT-3   57   19    228    0   1598   2103   1621    290   2.0952    0.014
B-n57-k9 	BT-3   57   19    228    1   1598   1834   1621    371   2.4609    0.014
B-n57-k9 	BT-3   57   11    114    0   1598   1790   1621    241   1.5320    0.014
B-n57-k9 	BT-3   57   11    114    1   1598   1599   1599    114   1.1057    0.001
B-n57-k9 	BT-3   57    5     57    0   1598   1790   1599     75   0.6291    0.001
B-n57-k9 	BT-3   57    5     57    1   1598   1599   1599     57   0.5848    0.001
B-n57-k9 	BT-3   57   19    228    0   1598   2103   1626    345   2.4280    0.018
B-n57-k9 	BT-3   57   19    228    1   1598   1834   1620    335   2.3110    0.014
B-n57-k9 	BT-3   57   11    114    0   1598   1790   1599    130   1.1621    0.001
B-n57-k9 	BT-3   57   11    114    1   1598   1599   1599    114   1.1081    0.001
B-n57-k9 	BT-3   57    5     57    0   1598   1790   1599     76   0.6183    0.001
B-n57-k9 	BT-3   57    5     57    1   1598   1599   1599     57   0.5877    0.001
B-n57-k9 	BT-3   57   19    228    0   1598   2103   1625    300   2.1940    0.017
B-n57-k9 	BT-3   57   19    228    1   1598   1834   1670    314   2.2274    0.045
B-n57-k9 	BT-3   57   11    114    0   1598   1790   1599    130   1.1874    0.001
B-n57-k9 	BT-3   57   11    114    1   1598   1599   1599    114   1.1058    0.001
B-n57-k9 	BT-3   57    5     57    0   1598   1790   1599     75   0.6321    0.001
B-n57-k9 	BT-3   57    5     57    1   1598   1599   1599     57   0.5859    0.001
B-n57-k9 	BT-3   57   19    228    0   1598   2103   1622    371   2.3939    0.015
B-n57-k9 	BT-3   57   19    228    1   1598   1834   1615    634   3.4012    0.011
B-n57-k9 	BT-3   57   11    114    0   1598   1790   1600    124   1.1247    0.001
B-n57-k9 	BT-3   57   11    114    1   1598   1599   1599    114   1.1079    0.001
B-n57-k9 	BT-3   57    5     57    0   1598   1790   1603     88   0.6611    0.003
B-n57-k9 	BT-3   57    5     57    1   1598   1599   1599     57   0.5881    0.001
B-n57-k9 	BT-3   57   19    228    0   1598   2103   1649    274   2.1034    0.032
B-n57-k9 	BT-3   57   19    228    1   1598   1834   1640    353   2.3745    0.026
B-n57-k9 	BT-3   57   11    114    0   1598   1790   1599    130   1.1563    0.001
B-n57-k9 	BT-3   57   11    114    1   1598   1599   1599    114   1.1016    0.001
B-n57-k9 	BT-3   57    5     57    0   1598   1790   1599     74   0.6326    0.001
B-n57-k9 	BT-3   57    5     57    1   1598   1599   1599     57   0.5842    0.001
B-n57-k9 	BT-3   57   19    228    0   1598   2103   1602    728   3.6059    0.003
B-n57-k9 	BT-3   57   19    228    1   1598   1834   1616    483   2.8521    0.011
B-n57-k9 	BT-3   57   11    114    0   1598   1790   1599    130   1.1649    0.001
B-n57-k9 	BT-3   57   11    114    1   1598   1599   1599    114   1.1246    0.001
B-n57-k9 	BT-3   57    5     57    0   1598   1790   1599     74   0.6321    0.001
B-n57-k9 	BT-3   57    5     57    1   1598   1599   1599     57   0.5797    0.001
B-n57-k9 	BT-3   57   19    228    0   1598   2103   1668    261   2.0872    0.044
B-n57-k9 	BT-3   57   19    228    1   1598   1834   1632    341   2.3136    0.021
B-n57-k9 	BT-3   57   11    114    0   1598   1790   1599    130   1.1646    0.001
B-n57-k9 	BT-3   57   11    114    1   1598   1599   1599    114   1.1197    0.001
B-n57-k9 	BT-3   57    5     57    0   1598   1790   1599    103   0.7031    0.001
B-n57-k9 	BT-3   57    5     57    1   1598   1599   1599     57   0.5864    0.001
B-n57-k9 	BT-3   57   19    228    0   1598   2103   1630    473   2.7500    0.020
B-n57-k9 	BT-3   57   19    228    1   1598   1834   1630    390   2.5044    0.020
B-n57-k9 	BT-3   57   11    114    0   1598   1790   1599    130   1.1549    0.001
B-n57-k9 	BT-3   57   11    114    1   1598   1599   1599    114   1.1035    0.001
B-n57-k9 	BT-3   57    5     57    0   1598   1790   1599     74   0.6273    0.001
B-n57-k9 	BT-3   57    5     57    1   1598   1599   1599     57   0.5795    0.001
B-n57-k9 	BT-3   57   19    228    0   1598   2103   1629    367   2.3639    0.019
B-n57-k9 	BT-3   57   19    228    1   1598   1834   1634    405   2.4937    0.023
B-n57-k9 	BT-3   57   11    114    0   1598   1790   1599    130   1.1562    0.001
B-n57-k9 	BT-3   57   11    114    1   1598   1599   1599    114   1.1205    0.001
B-n57-k9 	BT-3   57    5     57    0   1598   1790   1599     74   0.6351    0.001
B-n57-k9 	BT-3   57    5     57    1   1598   1599   1599     57   0.5994    0.001
B-n57-k9 	BT-3   57   19    228    0   1598   2103   1668    261   2.0641    0.044
B-n57-k9 	BT-3   57   19    228    1   1598   1834   1617    542   3.0225    0.012
B-n57-k9 	BT-3   57   11    114    0   1598   1790   1612    210   1.4514    0.009
B-n57-k9 	BT-3   57   11    114    1   1598   1599   1599    114   1.1227    0.001
B-n57-k9 	BT-3   57    5     57    0   1598   1790   1599     78   0.6376    0.001
B-n57-k9 	BT-3   57    5     57    1   1598   1599   1599     57   0.6072    0.001
B-n57-k9 	BT-3   57   19    228    0   1598   2103   1636    301   2.1714    0.024
B-n57-k9 	BT-3   57   19    228    1   1598   1834   1617    382   2.4377    0.012
B-n57-k9 	BT-3   57   11    114    0   1598   1790   1599    130   1.1745    0.001
B-n57-k9 	BT-3   57   11    114    1   1598   1599   1599    114   1.1130    0.001
B-n57-k9 	BT-3   57    5     57    0   1598   1790   1599     74   0.6325    0.001
B-n57-k9 	BT-3   57    5     57    1   1598   1599   1599     57   0.5813    0.001
B-n57-k9 	BT-3   57   19    228    0   1598   2103   1668    261   2.0364    0.044
B-n57-k9 	BT-3   57   19    228    1   1598   1834   1639    380   2.4580    0.026
B-n57-k9 	BT-3   57   11    114    0   1598   1790   1599    170   1.2661    0.001
B-n57-k9 	BT-3   57   11    114    1   1598   1599   1599    114   1.1043    0.001
B-n57-k9 	BT-3   57    5     57    0   1598   1790   1599     99   0.6928    0.001
B-n57-k9 	BT-3   57    5     57    1   1598   1599   1599     57   0.5866    0.001
B-n57-k9 	BT-3   57   19    228    0   1598   2103   1652    485   3.0629    0.034
B-n57-k9 	BT-3   57   19    228    1   1598   1834   1618    344   2.3001    0.013
B-n57-k9 	BT-3   57   11    114    0   1598   1790   1599    130   1.1628    0.001
B-n57-k9 	BT-3   57   11    114    1   1598   1599   1599    114   1.1062    0.001
B-n57-k9 	BT-3   57    5     57    0   1598   1790   1599     87   0.6790    0.001
B-n57-k9 	BT-3   57    5     57    1   1598   1599   1599     57   0.6248    0.001
B-n57-k9 	BT-3   57   19    228    0   1598   2103   1651    312   2.3910    0.033
B-n57-k9 	BT-3   57   19    228    1   1598   1834   1640    431   2.6693    0.026
B-n57-k9 	BT-3   57   11    114    0   1598   1790   1599    132   1.1742    0.001
B-n57-k9 	BT-3   57   11    114    1   1598   1599   1599    114   1.1131    0.001
B-n57-k9 	BT-3   57    5     57    0   1598   1790   1599     74   0.6319    0.001
B-n57-k9 	BT-3   57    5     57    1   1598   1599   1599     57   0.5815    0.001
B-n57-k9 	BT-3   57   19    228    0   1598   2103   1627    319   2.1845    0.018
B-n57-k9 	BT-3   57   19    228    1   1598   1834   1660    253   2.0792    0.039
B-n57-k9 	BT-3   57   11    114    0   1598   1790   1599    130   1.1588    0.001
B-n57-k9 	BT-3   57   11    114    1   1598   1599   1599    114   1.1085    0.001
B-n57-k9 	BT-3   57    5     57    0   1598   1790   1599     88   0.7013    0.001
B-n57-k9 	BT-3   57    5     57    1   1598   1599   1599     57   0.5812    0.001
B-n57-k9 	BT-3   57   19    228    0   1598   2103   1629    392   2.4791    0.019
B-n57-k9 	BT-3   57   19    228    1   1598   1834   1634    322   2.2978    0.023
B-n57-k9 	BT-3   57   11    114    0   1598   1790   1599    130   1.1569    0.001
B-n57-k9 	BT-3   57   11    114    1   1598   1599   1599    114   1.1056    0.001
B-n57-k9 	BT-3   57    5     57    0   1598   1790   1599     74   0.6313    0.001
B-n57-k9 	BT-3   57    5     57    1   1598   1599   1599     57   0.5807    0.001
B-n57-k9 	BT-3   57   19    228    0   1598   2103   1631    369   2.4268    0.021
B-n57-k9 	BT-3   57   19    228    1   1598   1834   1614    354   2.3540    0.010
B-n57-k9 	BT-3   57   11    114    0   1598   1790   1599    147   1.1927    0.001
B-n57-k9 	BT-3   57   11    114    1   1598   1599   1599    114   1.1236    0.001
B-n57-k9 	BT-3   57    5     57    0   1598   1790   1604     88   0.6574    0.004
B-n57-k9 	BT-3   57    5     57    1   1598   1599   1599     57   0.5850    0.001
B-n57-k9 	BT-3   57   19    228    0   1598   2103   1668    261   2.0559    0.044
B-n57-k9 	BT-3   57   19    228    1   1598   1834   1617    603   3.2759    0.012
B-n57-k9 	BT-3   57   11    114    0   1598   1790   1599    131   1.1643    0.001
B-n57-k9 	BT-3   57   11    114    1   1598   1599   1599    114   1.1330    0.001
B-n57-k9 	BT-3   57    5     57    0   1598   1790   1599     76   0.6330    0.001
B-n57-k9 	BT-3   57    5     57    1   1598   1599   1599     57   0.5808    0.001
B-n57-k9 	BT-3   57   19    228    0   1598   2103   1654    378   2.4844    0.035
B-n57-k9 	BT-3   57   19    228    1   1598   1834   1645    285   2.0749    0.029
B-n57-k9 	BT-3   57   11    114    0   1598   1790   1599    130   1.1905    0.001
B-n57-k9 	BT-3   57   11    114    1   1598   1599   1599    114   1.1100    0.001
B-n57-k9 	BT-3   57    5     57    0   1598   1790   1599     74   0.6358    0.001
B-n57-k9 	BT-3   57    5     57    1   1598   1599   1599     57   0.5854    0.001
B-n57-k9 	BT-3   57   19    228    0   1598   2103   1615    541   3.0296    0.011
B-n57-k9 	BT-3   57   19    228    1   1598   1834   1635    461   2.6899    0.023
B-n57-k9 	BT-3   57   11    114    0   1598   1790   1600    132   1.1454    0.001
B-n57-k9 	BT-3   57   11    114    1   1598   1599   1599    114   1.1136    0.001
B-n57-k9 	BT-3   57    5     57    0   1598   1790   1599     74   0.6318    0.001
B-n57-k9 	BT-3   57    5     57    1   1598   1599   1599     57   0.5799    0.001
B-n57-k9 	BT-3   57   19    228    0   1598   2103   1617    261   2.0581    0.012
B-n57-k9 	BT-3   57   19    228    1   1598   1834   1625    394   2.4760    0.017
B-n57-k9 	BT-3   57   11    114    0   1598   1790   1599    130   1.1652    0.001
B-n57-k9 	BT-3   57   11    114    1   1598   1599   1599    114   1.1027    0.001
B-n57-k9 	BT-3   57    5     57    0   1598   1790   1599     74   0.6306    0.001
B-n57-k9 	BT-3   57    5     57    1   1598   1599   1599     57   0.5859    0.001
B-n57-k9 	BT-3   57   19    228    0   1598   2103   1659    471   2.8504    0.038
B-n57-k9 	BT-3   57   19    228    1   1598   1834   1649    286   2.1162    0.032
B-n57-k9 	BT-3   57   11    114    0   1598   1790   1599    131   1.1596    0.001
B-n57-k9 	BT-3   57   11    114    1   1598   1599   1599    114   1.1185    0.001
B-n57-k9 	BT-3   57    5     57    0   1598   1790   1599    110   0.7246    0.001
B-n57-k9 	BT-3   57    5     57    1   1598   1599   1599     57   0.5801    0.001
B-n57-k9 	BT-3   57   19    228    0   1598   2103   1621    628   3.3754    0.014
B-n57-k9 	BT-3   57   19    228    1   1598   1834   1613    473   2.7708    0.009
B-n57-k9 	BT-3   57   11    114    0   1598   1790   1600    124   1.1186    0.001
B-n57-k9 	BT-3   57   11    114    1   1598   1599   1599    114   1.1038    0.001
B-n57-k9 	BT-3   57    5     57    0   1598   1790   1599     74   0.6193    0.001
B-n57-k9 	BT-3   57    5     57    1   1598   1599   1599     57   0.5804    0.001
B-n57-k9 	BT-3   57   19    228    0   1598   2103   1626    340   2.3445    0.018
B-n57-k9 	BT-3   57   19    228    1   1598   1834   1632    374   2.4003    0.021
B-n57-k9 	BT-3   57   11    114    0   1598   1790   1599    131   1.1729    0.001
B-n57-k9 	BT-3   57   11    114    1   1598   1599   1599    114   1.1256    0.001
B-n57-k9 	BT-3   57    5     57    0   1598   1790   1600     97   0.6878    0.001
B-n57-k9 	BT-3   57    5     57    1   1598   1599   1599     57   0.5861    0.001
B-n57-k9 	BT-3   57   19    228    0   1598   2103   1626    441   2.6232    0.018
B-n57-k9 	BT-3   57   19    228    1   1598   1834   1632    375   2.3841    0.021
B-n57-k9 	BT-3   57   11    114    0   1598   1790   1599    131   1.1512    0.001
B-n57-k9 	BT-3   57   11    114    1   1598   1599   1599    114   1.1463    0.001
B-n57-k9 	BT-3   57    5     57    0   1598   1790   1599     74   0.6321    0.001
B-n57-k9 	BT-3   57    5     57    1   1598   1599   1599     57   0.5796    0.001
B-n57-k9 	BT-3   57   19    228    0   1598   2103   1608    500   2.8575    0.006
B-n57-k9 	BT-3   57   19    228    1   1598   1834   1602    641   3.3838    0.003
B-n57-k9 	BT-3   57   11    114    0   1598   1790   1599    130   1.1444    0.001
B-n57-k9 	BT-3   57   11    114    1   1598   1599   1599    114   1.1282    0.001
B-n57-k9 	BT-3   57    5     57    0   1598   1790   1599     74   0.6305    0.001
B-n57-k9 	BT-3   57    5     57    1   1598   1599   1599     57   0.5896    0.001
B-n57-k9 	BT-3   57   19    228    0   1598   2103   1647    292   2.1582    0.031
B-n57-k9 	BT-3   57   19    228    1   1598   1834   1620    382   2.4526    0.014
B-n57-k9 	BT-3   57   11    114    0   1598   1790   1599    134   1.1578    0.001
B-n57-k9 	BT-3   57   11    114    1   1598   1599   1599    114   1.1097    0.001
B-n57-k9 	BT-3   57    5     57    0   1598   1790   1604     98   0.6826    0.004
B-n57-k9 	BT-3   57    5     57    1   1598   1599   1599     57   0.5814    0.001
B-n57-k9 	BT-3   57   19    228    0   1598   2103   1616    424   2.6444    0.011
B-n57-k9 	BT-3   57   19    228    1   1598   1834   1630    488   2.9247    0.020
B-n57-k9 	BT-3   57   11    114    0   1598   1790   1599    130   1.1634    0.001
B-n57-k9 	BT-3   57   11    114    1   1598   1599   1599    114   1.1205    0.001
B-n57-k9 	BT-3   57    5     57    0   1598   1790   1599     83   0.6635    0.001
B-n57-k9 	BT-3   57    5     57    1   1598   1599   1599     57   0.5803    0.001
B-n57-k9 	BT-3   57   19    228    0   1598   2103   1670    257   2.0232    0.045
B-n57-k9 	BT-3   57   19    228    1   1598   1834   1617    450   2.7283    0.012
B-n57-k9 	BT-3   57   11    114    0   1598   1790   1599    132   1.1581    0.001
B-n57-k9 	BT-3   57   11    114    1   1598   1599   1599    114   1.1264    0.001
B-n57-k9 	BT-3   57    5     57    0   1598   1790   1599     74   0.6323    0.001
B-n57-k9 	BT-3   57    5     57    1   1598   1599   1599     57   0.5836    0.001
B-n57-k9 	BT-3   57   19    228    0   1598   2103   1639    419   2.5608    0.026
B-n57-k9 	BT-3   57   19    228    1   1598   1834   1627    357   2.3828    0.018
B-n57-k9 	BT-3   57   11    114    0   1598   1790   1599    130   1.1585    0.001
B-n57-k9 	BT-3   57   11    114    1   1598   1599   1599    114   1.1206    0.001
B-n57-k9 	BT-3   57    5     57    0   1598   1790   1599     83   0.6502    0.001
B-n57-k9 	BT-3   57    5     57    1   1598   1599   1599     57   0.5846    0.001
B-n57-k9 	BT-3   57   19    228    0   1598   2103   1617    578   3.2456    0.012
B-n57-k9 	BT-3   57   19    228    1   1598   1834   1620    513   2.9586    0.014
B-n57-k9 	BT-3   57   11    114    0   1598   1790   1599    130   1.1590    0.001
B-n57-k9 	BT-3   57   11    114    1   1598   1599   1599    114   1.1021    0.001
B-n57-k9 	BT-3   57    5     57    0   1598   1790   1600    121   0.7846    0.001
B-n57-k9 	BT-3   57    5     57    1   1598   1599   1599     57   0.5843    0.001
B-n57-k9 	BT-3   57   19    228    0   1598   2103   1618    306   2.1298    0.013
B-n57-k9 	BT-3   57   19    228    1   1598   1834   1629    694   3.5959    0.019
B-n57-k9 	BT-3   57   11    114    0   1598   1790   1599    130   1.1799    0.001
B-n57-k9 	BT-3   57   11    114    1   1598   1599   1599    114   1.1281    0.001
B-n57-k9 	BT-3   57    5     57    0   1598   1790   1612    152   0.8735    0.009
B-n57-k9 	BT-3   57    5     57    1   1598   1599   1599     57   0.5817    0.001
B-n57-k9 	BT-3   57   19    228    0   1598   2103   1668    261   2.0660    0.044
B-n57-k9 	BT-3   57   19    228    1   1598   1834   1637    375   2.4492    0.024
B-n57-k9 	BT-3   57   11    114    0   1598   1790   1599    130   1.1739    0.001
B-n57-k9 	BT-3   57   11    114    1   1598   1599   1599    114   1.0971    0.001
B-n57-k9 	BT-3   57    5     57    0   1598   1790   1599     74   0.6351    0.001
B-n57-k9 	BT-3   57    5     57    1   1598   1599   1599     57   0.5812    0.001
B-n57-k9 	BT-3   57   19    228    0   1598   2103   1633    315   2.2454    0.022
B-n57-k9 	BT-3   57   19    228    1   1598   1834   1625    486   3.0011    0.017
B-n57-k9 	BT-3   57   11    114    0   1598   1790   1600    200   1.4069    0.001
B-n57-k9 	BT-3   57   11    114    1   1598   1599   1599    114   1.1120    0.001
B-n57-k9 	BT-3   57    5     57    0   1598   1790   1599     76   0.6280    0.001
B-n57-k9 	BT-3   57    5     57    1   1598   1599   1599     57   0.5806    0.001
B-n57-k9 	BT-3   57   19    228    0   1598   2103   1637    328   2.2208    0.024
B-n57-k9 	BT-3   57   19    228    1   1598   1834   1647    296   2.1172    0.031
B-n57-k9 	BT-3   57   11    114    0   1598   1790   1599    130   1.1792    0.001
B-n57-k9 	BT-3   57   11    114    1   1598   1599   1599    114   1.1054    0.001
B-n57-k9 	BT-3   57    5     57    0   1598   1790   1599     76   0.6312    0.001
B-n57-k9 	BT-3   57    5     57    1   1598   1599   1599     57   0.5834    0.001
B-n57-k9 	BT-3   57   19    228    0   1598   2103   1624    260   2.0621    0.016
B-n57-k9 	BT-3   57   19    228    1   1598   1834   1640    463   2.7357    0.026
B-n57-k9 	BT-3   57   11    114    0   1598   1790   1599    130   1.1807    0.001
B-n57-k9 	BT-3   57   11    114    1   1598   1599   1599    114   1.1103    0.001
B-n57-k9 	BT-3   57    5     57    0   1598   1790   1599     86   0.6471    0.001
B-n57-k9 	BT-3   57    5     57    1   1598   1599   1599     57   0.5877    0.001
B-n57-k9 	BT-3   57   19    228    0   1598   2103   1623    284   2.0702    0.016
B-n57-k9 	BT-3   57   19    228    1   1598   1834   1620    490   2.8200    0.014
B-n57-k9 	BT-3   57   11    114    0   1598   1790   1599    130   1.1774    0.001
B-n57-k9 	BT-3   57   11    114    1   1598   1599   1599    114   1.1367    0.001
B-n57-k9 	BT-3   57    5     57    0   1598   1790   1599     68   0.6086    0.001
B-n57-k9 	BT-3   57    5     57    1   1598   1599   1599     57   0.5872    0.001
B-n57-k9 	BT-3   57   19    228    0   1598   2103   1623    390   2.5093    0.016
B-n57-k9 	BT-3   57   19    228    1   1598   1834   1626    441   2.6749    0.018
B-n57-k9 	BT-3   57   11    114    0   1598   1790   1599    130   1.1619    0.001
B-n57-k9 	BT-3   57   11    114    1   1598   1599   1599    114   1.1125    0.001
B-n57-k9 	BT-3   57    5     57    0   1598   1790   1600     67   0.5929    0.001
B-n57-k9 	BT-3   57    5     57    1   1598   1599   1599     57   0.5951    0.001
B-n57-k9 	BT-3   57   19    228    0   1598   2103   1668    261   2.1022    0.044
B-n57-k9 	BT-3   57   19    228    1   1598   1834   1628    334   2.2855    0.019
B-n57-k9 	BT-3   57   11    114    0   1598   1790   1599    130   1.1660    0.001
B-n57-k9 	BT-3   57   11    114    1   1598   1599   1599    114   1.1126    0.001
B-n57-k9 	BT-3   57    5     57    0   1598   1790   1599     84   0.6601    0.001
B-n57-k9 	BT-3   57    5     57    1   1598   1599   1599     57   0.5789    0.001
B-n57-k9 	BT-3   57   19    228    0   1598   2103   1654    257   2.0434    0.035
B-n57-k9 	BT-3   57   19    228    1   1598   1834   1653    456   2.6750    0.034
B-n57-k9 	BT-3   57   11    114    0   1598   1790   1599    130   1.1628    0.001
B-n57-k9 	BT-3   57   11    114    1   1598   1599   1599    114   1.1000    0.001
B-n57-k9 	BT-3   57    5     57    0   1598   1790   1600     67   0.6142    0.001
B-n57-k9 	BT-3   57    5     57    1   1598   1599   1599     57   0.5804    0.001
B-n57-k9 	BT-3   57   19    228    0   1598   2103   1644    260   2.0526    0.029
B-n57-k9 	BT-3   57   19    228    1   1598   1834   1632    358   2.3317    0.021
B-n57-k9 	BT-3   57   11    114    0   1598   1790   1599    130   1.1863    0.001
B-n57-k9 	BT-3   57   11    114    1   1598   1599   1599    114   1.1127    0.001
B-n57-k9 	BT-3   57    5     57    0   1598   1790   1599     88   0.6659    0.001
B-n57-k9 	BT-3   57    5     57    1   1598   1599   1599     57   0.5806    0.001
