A-n55-k9 	BT-1   55   18    220    0   1073   1676   1162    244   0.8875    0.083
A-n55-k9 	BT-1   55   18    220    1   1073   1581   1147    346   1.2326    0.069
A-n55-k9 	BT-1   55    9    110    0   1073   1195   1131    134   0.5250    0.054
A-n55-k9 	BT-1   55    9    110    1   1073   1147   1147    110   0.4108    0.069
A-n55-k9 	BT-1   55    5    110    0   1073   1136   1131    111   0.4013    0.054
A-n55-k9 	BT-1   55    5    110    1   1073   1131   1131    110   0.3924    0.054
A-n55-k9 	BT-2   55   18    220    0   1073   1676   1184    236   0.7903    0.103
A-n55-k9 	BT-2   55   18    220    1   1073   1581   1089    488   1.5810    0.015
A-n55-k9 	BT-2   55    9    110    0   1073   1093   1085    124   0.4703    0.011
A-n55-k9 	BT-2   55    9    110    1   1073   1089   1082    125   0.4465    0.008
A-n55-k9 	BT-2   55    5    110    0   1073   1131   1082    129   0.4650    0.008
A-n55-k9 	BT-2   55    5    110    1   1073   1082   1082    110   0.4520    0.008
A-n55-k9 	BT-3   55   18    220    0   1073   1676   1108    330   1.1987    0.033
A-n55-k9 	BT-3   55   18    220    1   1073   1581   1134    486   1.6865    0.057
A-n55-k9 	BT-3   55    9    110    0   1073   1114   1086    244   0.9041    0.012
A-n55-k9 	BT-3   55    9    110    1   1073   1108   1108    110   0.5178    0.033
A-n55-k9 	BT-3   55    5    110    0   1073   1167   1086    127   0.5146    0.012
A-n55-k9 	BT-3   55    5    110    1   1073   1086   1086    110   0.4736    0.012
A-n55-k9 	BT-3   55   18    220    0   1073   1676   1106    334   1.1039    0.031
A-n55-k9 	BT-3   55   18    220    1   1073   1581   1141    418   1.3791    0.063
A-n55-k9 	BT-3   55    9    110    0   1073   1167   1086    127   0.4951    0.012
A-n55-k9 	BT-3   55    9    110    1   1073   1086   1086    110   0.4566    0.012
A-n55-k9 	BT-3   55    5    110    0   1073   1167   1086    127   0.4919    0.012
A-n55-k9 	BT-3   55    5    110    1   1073   1086   1086    110   0.4459    0.012
A-n55-k9 	BT-3   55   18    220    0   1073   1676   1107    258   0.8489    0.032
A-n55-k9 	BT-3   55   18    220    1   1073   1581   1103    487   1.5603    0.028
A-n55-k9 	BT-3   55    9    110    0   1073   1167   1086    127   0.4856    0.012
A-n55-k9 	BT-3   55    9    110    1   1073   1086   1086    110   0.4498    0.012
A-n55-k9 	BT-3   55    5    110    0   1073   1167   1086    127   0.4884    0.012
A-n55-k9 	BT-3   55    5    110    1   1073   1086   1086    110   0.4473    0.012
A-n55-k9 	BT-3   55   18    220    0   1073   1676   1107    257   0.8785    0.032
A-n55-k9 	BT-3   55   18    220    1   1073   1581   1125    345   1.1433    0.048
A-n55-k9 	BT-3   55    9    110    0   1073   1167   1086    127   0.4900    0.012
A-n55-k9 	BT-3   55    9    110    1   1073   1086   1086    110   0.4523    0.012
A-n55-k9 	BT-3   55    5    110    0   1073   1167   1086    127   0.4849    0.012
A-n55-k9 	BT-3   55    5    110    1   1073   1086   1086    110   0.4478    0.012
A-n55-k9 	BT-3   55   18    220    0   1073   1676   1107    258   0.8512    0.032
A-n55-k9 	BT-3   55   18    220    1   1073   1581   1136    269   0.8797    0.059
A-n55-k9 	BT-3   55    9    110    0   1073   1167   1086    127   0.4811    0.012
A-n55-k9 	BT-3   55    9    110    1   1073   1086   1086    110   0.4449    0.012
A-n55-k9 	BT-3   55    5    110    0   1073   1167   1086    127   0.4876    0.012
A-n55-k9 	BT-3   55    5    110    1   1073   1086   1086    110   0.4520    0.012
A-n55-k9 	BT-3   55   18    220    0   1073   1676   1107    258   0.8543    0.032
A-n55-k9 	BT-3   55   18    220    1   1073   1581   1125    340   1.1118    0.048
A-n55-k9 	BT-3   55    9    110    0   1073   1167   1086    127   0.4879    0.012
A-n55-k9 	BT-3   55    9    110    1   1073   1086   1086    110   0.4481    0.012
A-n55-k9 	BT-3   55    5    110    0   1073   1167   1086    127   0.4962    0.012
A-n55-k9 	BT-3   55    5    110    1   1073   1086   1086    110   0.4491    0.012
A-n55-k9 	BT-3   55   18    220    0   1073   1676   1106    260   0.8737    0.031
A-n55-k9 	BT-3   55   18    220    1   1073   1581   1082    655   2.1009    0.008
A-n55-k9 	BT-3   55    9    110    0   1073   1100   1081    145   0.5521    0.007
A-n55-k9 	BT-3   55    9    110    1   1073   1082   1081    173   0.6567    0.007
A-n55-k9 	BT-3   55    5    110    0   1073   1083   1081    225   0.8116    0.007
A-n55-k9 	BT-3   55    5    110    1   1073   1081   1081    110   0.4551    0.007
A-n55-k9 	BT-3   55   18    220    0   1073   1676   1106    298   0.9773    0.031
A-n55-k9 	BT-3   55   18    220    1   1073   1581   1126    269   0.8929    0.049
A-n55-k9 	BT-3   55    9    110    0   1073   1083   1081    224   0.7965    0.007
A-n55-k9 	BT-3   55    9    110    1   1073   1081   1081    110   0.4464    0.007
A-n55-k9 	BT-3   55    5    110    0   1073   1083   1081    245   0.8771    0.007
A-n55-k9 	BT-3   55    5    110    1   1073   1081   1081    110   0.4548    0.007
A-n55-k9 	BT-3   55   18    220    0   1073   1676   1106    354   1.1614    0.031
A-n55-k9 	BT-3   55   18    220    1   1073   1581   1106    440   1.4098    0.031
A-n55-k9 	BT-3   55    9    110    0   1073   1083   1081    183   0.6911    0.007
A-n55-k9 	BT-3   55    9    110    1   1073   1081   1081    110   0.4563    0.007
A-n55-k9 	BT-3   55    5    110    0   1073   1083   1081    199   0.7566    0.007
A-n55-k9 	BT-3   55    5    110    1   1073   1081   1081    110   0.4545    0.007
A-n55-k9 	BT-3   55   18    220    0   1073   1676   1106    273   0.9106    0.031
A-n55-k9 	BT-3   55   18    220    1   1073   1581   1117    398   1.2880    0.041
A-n55-k9 	BT-3   55    9    110    0   1073   1083   1081    170   0.6385    0.007
A-n55-k9 	BT-3   55    9    110    1   1073   1081   1081    110   0.4447    0.007
A-n55-k9 	BT-3   55    5    110    0   1073   1083   1081    182   0.6817    0.007
A-n55-k9 	BT-3   55    5    110    1   1073   1081   1081    110   0.4506    0.007
A-n55-k9 	BT-3   55   18    220    0   1073   1676   1108    380   1.2224    0.033
A-n55-k9 	BT-3   55   18    220    1   1073   1581   1135    287   0.9310    0.058
A-n55-k9 	BT-3   55    9    110    0   1073   1083   1081    186   0.6865    0.007
A-n55-k9 	BT-3   55    9    110    1   1073   1081   1081    110   0.4641    0.007
A-n55-k9 	BT-3   55    5    110    0   1073   1083   1083    110   0.4570    0.009
A-n55-k9 	BT-3   55    5    110    1   1073   1081   1081    110   0.4569    0.007
A-n55-k9 	BT-3   55   18    220    0   1073   1676   1107    257   0.8490    0.032
A-n55-k9 	BT-3   55   18    220    1   1073   1581   1125    361   1.1484    0.048
A-n55-k9 	BT-3   55    9    110    0   1073   1083   1081    191   0.6995    0.007
A-n55-k9 	BT-3   55    9    110    1   1073   1081   1081    110   0.4449    0.007
A-n55-k9 	BT-3   55    5    110    0   1073   1083   1081    224   0.8089    0.007
A-n55-k9 	BT-3   55    5    110    1   1073   1081   1081    110   0.4568    0.007
A-n55-k9 	BT-3   55   18    220    0   1073   1676   1107    258   0.8448    0.032
A-n55-k9 	BT-3   55   18    220    1   1073   1581   1120    356   1.1517    0.044
A-n55-k9 	BT-3   55    9    110    0   1073   1083   1081    184   0.6826    0.007
A-n55-k9 	BT-3   55    9    110    1   1073   1081   1081    110   0.4468    0.007
A-n55-k9 	BT-3   55    5    110    0   1073   1083   1081    178   0.6667    0.007
A-n55-k9 	BT-3   55    5    110    1   1073   1081   1081    110   0.4564    0.007
A-n55-k9 	BT-3   55   18    220    0   1073   1676   1106    260   0.8567    0.031
A-n55-k9 	BT-3   55   18    220    1   1073   1581   1135    606   1.9297    0.058
A-n55-k9 	BT-3   55    9    110    0   1073   1083   1081    156   0.5829    0.007
A-n55-k9 	BT-3   55    9    110    1   1073   1081   1081    110   0.4504    0.007
A-n55-k9 	BT-3   55    5    110    0   1073   1083   1081    183   0.6959    0.007
A-n55-k9 	BT-3   55    5    110    1   1073   1081   1081    110   0.4534    0.007
A-n55-k9 	BT-3   55   18    220    0   1073   1676   1108    407   1.3279    0.033
A-n55-k9 	BT-3   55   18    220    1   1073   1581   1136    269   0.8971    0.059
A-n55-k9 	BT-3   55    9    110    0   1073   1083   1081    205   0.7743    0.007
A-n55-k9 	BT-3   55    9    110    1   1073   1081   1081    110   0.4566    0.007
A-n55-k9 	BT-3   55    5    110    0   1073   1083   1081    213   0.7997    0.007
A-n55-k9 	BT-3   55    5    110    1   1073   1081   1081    110   0.4569    0.007
A-n55-k9 	BT-3   55   18    220    0   1073   1676   1109    270   0.8963    0.034
A-n55-k9 	BT-3   55   18    220    1   1073   1581   1135    304   1.0007    0.058
A-n55-k9 	BT-3   55    9    110    0   1073   1083   1081    180   0.6586    0.007
A-n55-k9 	BT-3   55    9    110    1   1073   1081   1081    110   0.4481    0.007
A-n55-k9 	BT-3   55    5    110    0   1073   1083   1081    216   0.7923    0.007
A-n55-k9 	BT-3   55    5    110    1   1073   1081   1081    110   0.4544    0.007
A-n55-k9 	BT-3   55   18    220    0   1073   1676   1108    390   1.2635    0.033
A-n55-k9 	BT-3   55   18    220    1   1073   1581   1135    434   1.3982    0.058
A-n55-k9 	BT-3   55    9    110    0   1073   1083   1081    201   0.7426    0.007
A-n55-k9 	BT-3   55    9    110    1   1073   1081   1081    110   0.4538    0.007
A-n55-k9 	BT-3   55    5    110    0   1073   1083   1081    172   0.6438    0.007
A-n55-k9 	BT-3   55    5    110    1   1073   1081   1081    110   0.4545    0.007
A-n55-k9 	BT-3   55   18    220    0   1073   1676   1107    259   0.8491    0.032
A-n55-k9 	BT-3   55   18    220    1   1073   1581   1126    454   1.4702    0.049
A-n55-k9 	BT-3   55    9    110    0   1073   1083   1081    171   0.6597    0.007
A-n55-k9 	BT-3   55    9    110    1   1073   1081   1081    110   0.4519    0.007
A-n55-k9 	BT-3   55    5    110    0   1073   1083   1081    189   0.7029    0.007
A-n55-k9 	BT-3   55    5    110    1   1073   1081   1081    110   0.4606    0.007
A-n55-k9 	BT-3   55   18    220    0   1073   1676   1106    263   0.8648    0.031
A-n55-k9 	BT-3   55   18    220    1   1073   1581   1132    269   0.8874    0.055
A-n55-k9 	BT-3   55    9    110    0   1073   1083   1081    208   0.7595    0.007
A-n55-k9 	BT-3   55    9    110    1   1073   1081   1081    110   0.4460    0.007
A-n55-k9 	BT-3   55    5    110    0   1073   1083   1081    180   0.6722    0.007
A-n55-k9 	BT-3   55    5    110    1   1073   1081   1081    110   0.4561    0.007
A-n55-k9 	BT-3   55   18    220    0   1073   1676   1106    263   0.8629    0.031
A-n55-k9 	BT-3   55   18    220    1   1073   1581   1116    429   1.4062    0.040
A-n55-k9 	BT-3   55    9    110    0   1073   1083   1081    189   0.6908    0.007
A-n55-k9 	BT-3   55    9    110    1   1073   1081   1081    110   0.4647    0.007
A-n55-k9 	BT-3   55    5    110    0   1073   1083   1081    176   0.6640    0.007
A-n55-k9 	BT-3   55    5    110    1   1073   1081   1081    110   0.4602    0.007
A-n55-k9 	BT-3   55   18    220    0   1073   1676   1106    265   0.8639    0.031
A-n55-k9 	BT-3   55   18    220    1   1073   1581   1133    320   1.0396    0.056
A-n55-k9 	BT-3   55    9    110    0   1073   1083   1081    170   0.6419    0.007
A-n55-k9 	BT-3   55    9    110    1   1073   1081   1081    110   0.4518    0.007
A-n55-k9 	BT-3   55    5    110    0   1073   1083   1081    161   0.6176    0.007
A-n55-k9 	BT-3   55    5    110    1   1073   1081   1081    110   0.4574    0.007
A-n55-k9 	BT-3   55   18    220    0   1073   1676   1106    506   1.6049    0.031
A-n55-k9 	BT-3   55   18    220    1   1073   1581   1106   1086   3.4946    0.031
A-n55-k9 	BT-3   55    9    110    0   1073   1083   1081    157   0.5878    0.007
A-n55-k9 	BT-3   55    9    110    1   1073   1081   1081    110   0.4475    0.007
A-n55-k9 	BT-3   55    5    110    0   1073   1083   1081    207   0.7807    0.007
A-n55-k9 	BT-3   55    5    110    1   1073   1081   1081    110   0.4539    0.007
A-n55-k9 	BT-3   55   18    220    0   1073   1676   1109    268   0.9048    0.034
A-n55-k9 	BT-3   55   18    220    1   1073   1581   1087    541   1.8463    0.013
A-n55-k9 	BT-3   55    9    110    0   1073   1083   1081    180   0.6433    0.007
A-n55-k9 	BT-3   55    9    110    1   1073   1081   1081    110   0.4524    0.007
A-n55-k9 	BT-3   55    5    110    0   1073   1083   1081    225   0.8335    0.007
A-n55-k9 	BT-3   55    5    110    1   1073   1081   1081    110   0.4601    0.007
A-n55-k9 	BT-3   55   18    220    0   1073   1676   1100    584   1.8738    0.025
A-n55-k9 	BT-3   55   18    220    1   1073   1581   1132    456   1.4450    0.055
A-n55-k9 	BT-3   55    9    110    0   1073   1083   1081    184   0.6772    0.007
A-n55-k9 	BT-3   55    9    110    1   1073   1081   1081    110   0.4652    0.007
A-n55-k9 	BT-3   55    5    110    0   1073   1083   1081    233   0.8453    0.007
A-n55-k9 	BT-3   55    5    110    1   1073   1081   1081    110   0.4544    0.007
A-n55-k9 	BT-3   55   18    220    0   1073   1676   1107    259   0.8832    0.032
A-n55-k9 	BT-3   55   18    220    1   1073   1581   1143    588   1.9224    0.065
A-n55-k9 	BT-3   55    9    110    0   1073   1083   1081    196   0.7119    0.007
A-n55-k9 	BT-3   55    9    110    1   1073   1081   1081    110   0.4515    0.007
A-n55-k9 	BT-3   55    5    110    0   1073   1083   1081    195   0.7108    0.007
A-n55-k9 	BT-3   55    5    110    1   1073   1081   1081    110   0.4518    0.007
A-n55-k9 	BT-3   55   18    220    0   1073   1676   1107    258   0.8461    0.032
A-n55-k9 	BT-3   55   18    220    1   1073   1581   1086    383   1.2544    0.012
A-n55-k9 	BT-3   55    9    110    0   1073   1083   1081    203   0.7392    0.007
A-n55-k9 	BT-3   55    9    110    1   1073   1081   1081    110   0.4462    0.007
A-n55-k9 	BT-3   55    5    110    0   1073   1083   1081    214   0.7813    0.007
A-n55-k9 	BT-3   55    5    110    1   1073   1081   1081    110   0.4572    0.007
A-n55-k9 	BT-3   55   18    220    0   1073   1676   1106    314   1.0322    0.031
A-n55-k9 	BT-3   55   18    220    1   1073   1581   1105    684   2.2197    0.030
A-n55-k9 	BT-3   55    9    110    0   1073   1083   1081    192   0.7101    0.007
A-n55-k9 	BT-3   55    9    110    1   1073   1081   1081    110   0.4637    0.007
A-n55-k9 	BT-3   55    5    110    0   1073   1083   1081    223   0.8120    0.007
A-n55-k9 	BT-3   55    5    110    1   1073   1081   1081    110   0.4555    0.007
A-n55-k9 	BT-3   55   18    220    0   1073   1676   1106    263   0.8653    0.031
A-n55-k9 	BT-3   55   18    220    1   1073   1581   1121    370   1.1813    0.045
A-n55-k9 	BT-3   55    9    110    0   1073   1083   1081    201   0.7365    0.007
A-n55-k9 	BT-3   55    9    110    1   1073   1081   1081    110   0.4422    0.007
A-n55-k9 	BT-3   55    5    110    0   1073   1083   1081    177   0.6637    0.007
A-n55-k9 	BT-3   55    5    110    1   1073   1081   1081    110   0.4546    0.007
A-n55-k9 	BT-3   55   18    220    0   1073   1676   1107    257   0.8602    0.032
A-n55-k9 	BT-3   55   18    220    1   1073   1581   1135    401   1.3135    0.058
A-n55-k9 	BT-3   55    9    110    0   1073   1083   1081    188   0.6943    0.007
A-n55-k9 	BT-3   55    9    110    1   1073   1081   1081    110   0.4467    0.007
A-n55-k9 	BT-3   55    5    110    0   1073   1083   1081    213   0.7780    0.007
A-n55-k9 	BT-3   55    5    110    1   1073   1081   1081    110   0.4563    0.007
A-n55-k9 	BT-3   55   18    220    0   1073   1676   1124    249   0.8306    0.048
A-n55-k9 	BT-3   55   18    220    1   1073   1581   1142    305   0.9882    0.064
A-n55-k9 	BT-3   55    9    110    0   1073   1083   1081    181   0.6613    0.007
A-n55-k9 	BT-3   55    9    110    1   1073   1081   1081    110   0.4479    0.007
A-n55-k9 	BT-3   55    5    110    0   1073   1083   1081    218   0.8551    0.007
A-n55-k9 	BT-3   55    5    110    1   1073   1081   1081    110   0.4570    0.007
A-n55-k9 	BT-3   55   18    220    0   1073   1676   1107    257   0.8380    0.032
A-n55-k9 	BT-3   55   18    220    1   1073   1581   1139    461   1.4501    0.062
A-n55-k9 	BT-3   55    9    110    0   1073   1083   1081    226   0.8042    0.007
A-n55-k9 	BT-3   55    9    110    1   1073   1081   1081    110   0.4455    0.007
A-n55-k9 	BT-3   55    5    110    0   1073   1083   1081    230   0.8280    0.007
A-n55-k9 	BT-3   55    5    110    1   1073   1081   1081    110   0.4781    0.007
A-n55-k9 	BT-3   55   18    220    0   1073   1676   1107    258   0.8302    0.032
A-n55-k9 	BT-3   55   18    220    1   1073   1581   1130    573   1.8217    0.053
A-n55-k9 	BT-3   55    9    110    0   1073   1083   1081    179   0.6664    0.007
A-n55-k9 	BT-3   55    9    110    1   1073   1081   1081    110   0.4468    0.007
A-n55-k9 	BT-3   55    5    110    0   1073   1083   1081    234   0.8494    0.007
A-n55-k9 	BT-3   55    5    110    1   1073   1081   1081    110   0.4559    0.007
A-n55-k9 	BT-3   55   18    220    0   1073   1676   1106    285   0.9376    0.031
A-n55-k9 	BT-3   55   18    220    1   1073   1581   1121    484   1.5659    0.045
A-n55-k9 	BT-3   55    9    110    0   1073   1083   1081    191   0.7027    0.007
A-n55-k9 	BT-3   55    9    110    1   1073   1081   1081    110   0.4568    0.007
A-n55-k9 	BT-3   55    5    110    0   1073   1083   1081    214   0.8051    0.007
A-n55-k9 	BT-3   55    5    110    1   1073   1081   1081    110   0.4504    0.007
A-n55-k9 	BT-3   55   18    220    0   1073   1676   1108    410   1.3108    0.033
A-n55-k9 	BT-3   55   18    220    1   1073   1581   1115    384   1.2332    0.039
A-n55-k9 	BT-3   55    9    110    0   1073   1083   1081    196   0.7154    0.007
A-n55-k9 	BT-3   55    9    110    1   1073   1081   1081    110   0.4478    0.007
A-n55-k9 	BT-3   55    5    110    0   1073   1083   1081    207   0.7556    0.007
A-n55-k9 	BT-3   55    5    110    1   1073   1081   1081    110   0.4542    0.007
A-n55-k9 	BT-3   55   18    220    0   1073   1676   1109    286   0.9353    0.034
A-n55-k9 	BT-3   55   18    220    1   1073   1581   1135    351   1.1386    0.058
A-n55-k9 	BT-3   55    9    110    0   1073   1083   1081    218   0.7704    0.007
A-n55-k9 	BT-3   55    9    110    1   1073   1081   1081    110   0.4509    0.007
A-n55-k9 	BT-3   55    5    110    0   1073   1083   1081    191   0.7044    0.007
A-n55-k9 	BT-3   55    5    110    1   1073   1081   1081    110   0.4561    0.007
A-n55-k9 	BT-3   55   18    220    0   1073   1676   1108    341   1.0974    0.033
A-n55-k9 	BT-3   55   18    220    1   1073   1581   1122    307   1.0113    0.046
A-n55-k9 	BT-3   55    9    110    0   1073   1083   1081    198   0.6977    0.007
A-n55-k9 	BT-3   55    9    110    1   1073   1081   1081    110   0.4458    0.007
A-n55-k9 	BT-3   55    5    110    0   1073   1083   1081    180   0.6713    0.007
A-n55-k9 	BT-3   55    5    110    1   1073   1081   1081    110   0.4614    0.007
A-n55-k9 	BT-3   55   18    220    0   1073   1676   1106    260   0.8606    0.031
A-n55-k9 	BT-3   55   18    220    1   1073   1581   1136    269   0.8685    0.059
A-n55-k9 	BT-3   55    9    110    0   1073   1083   1081    197   0.7301    0.007
A-n55-k9 	BT-3   55    9    110    1   1073   1081   1081    110   0.4472    0.007
A-n55-k9 	BT-3   55    5    110    0   1073   1083   1081    198   0.7284    0.007
A-n55-k9 	BT-3   55    5    110    1   1073   1081   1081    110   0.4531    0.007
A-n55-k9 	BT-3   55   18    220    0   1073   1676   1106    300   1.0212    0.031
A-n55-k9 	BT-3   55   18    220    1   1073   1581   1121    648   2.0538    0.045
A-n55-k9 	BT-3   55    9    110    0   1073   1083   1081    140   0.5605    0.007
A-n55-k9 	BT-3   55    9    110    1   1073   1081   1081    110   0.4741    0.007
A-n55-k9 	BT-3   55    5    110    0   1073   1083   1081    208   0.7687    0.007
A-n55-k9 	BT-3   55    5    110    1   1073   1081   1081    110   0.4575    0.007
A-n55-k9 	BT-3   55   18    220    0   1073   1676   1123    255   0.8383    0.047
A-n55-k9 	BT-3   55   18    220    1   1073   1581   1126    264   0.8623    0.049
A-n55-k9 	BT-3   55    9    110    0   1073   1083   1081    213   0.7659    0.007
A-n55-k9 	BT-3   55    9    110    1   1073   1081   1081    110   0.4483    0.007
A-n55-k9 	BT-3   55    5    110    0   1073   1083   1081    197   0.7309    0.007
A-n55-k9 	BT-3   55    5    110    1   1073   1081   1081    110   0.4486    0.007
A-n55-k9 	BT-3   55   18    220    0   1073   1676   1106    319   1.0565    0.031
A-n55-k9 	BT-3   55   18    220    1   1073   1581   1135    273   0.9012    0.058
A-n55-k9 	BT-3   55    9    110    0   1073   1083   1081    179   0.6460    0.007
A-n55-k9 	BT-3   55    9    110    1   1073   1081   1081    110   0.4445    0.007
A-n55-k9 	BT-3   55    5    110    0   1073   1083   1081    212   0.7946    0.007
A-n55-k9 	BT-3   55    5    110    1   1073   1081   1081    110   0.4563    0.007
A-n55-k9 	BT-3   55   18    220    0   1073   1676   1106    397   1.2806    0.031
A-n55-k9 	BT-3   55   18    220    1   1073   1581   1143    342   1.1084    0.065
A-n55-k9 	BT-3   55    9    110    0   1073   1083   1081    198   0.7234    0.007
A-n55-k9 	BT-3   55    9    110    1   1073   1081   1081    110   0.4441    0.007
A-n55-k9 	BT-3   55    5    110    0   1073   1083   1081    221   0.8194    0.007
A-n55-k9 	BT-3   55    5    110    1   1073   1081   1081    110   0.4522    0.007
A-n55-k9 	BT-3   55   18    220    0   1073   1676   1107    258   0.8552    0.032
A-n55-k9 	BT-3   55   18    220    1   1073   1581   1122    406   1.3071    0.046
A-n55-k9 	BT-3   55    9    110    0   1073   1083   1081    181   0.6706    0.007
A-n55-k9 	BT-3   55    9    110    1   1073   1081   1081    110   0.4445    0.007
A-n55-k9 	BT-3   55    5    110    0   1073   1083   1081    186   0.6986    0.007
A-n55-k9 	BT-3   55    5    110    1   1073   1081   1081    110   0.4551    0.007
A-n55-k9 	BT-3   55   18    220    0   1073   1676   1106    498   1.5957    0.031
A-n55-k9 	BT-3   55   18    220    1   1073   1581   1140    286   0.9662    0.062
A-n55-k9 	BT-3   55    9    110    0   1073   1083   1081    201   0.7285    0.007
A-n55-k9 	BT-3   55    9    110    1   1073   1081   1081    110   0.4533    0.007
A-n55-k9 	BT-3   55    5    110    0   1073   1083   1081    222   0.8051    0.007
A-n55-k9 	BT-3   55    5    110    1   1073   1081   1081    110   0.4563    0.007
A-n55-k9 	BT-3   55   18    220    0   1073   1676   1107    257   0.8533    0.032
A-n55-k9 	BT-3   55   18    220    1   1073   1581   1141    307   1.0004    0.063
A-n55-k9 	BT-3   55    9    110    0   1073   1083   1081    218   0.7814    0.007
A-n55-k9 	BT-3   55    9    110    1   1073   1081   1081    110   0.4533    0.007
A-n55-k9 	BT-3   55    5    110    0   1073   1083   1081    173   0.6531    0.007
A-n55-k9 	BT-3   55    5    110    1   1073   1081   1081    110   0.4530    0.007
A-n55-k9 	BT-3   55   18    220    0   1073   1676   1106    264   0.8573    0.031
A-n55-k9 	BT-3   55   18    220    1   1073   1581   1111    546   1.7342    0.035
A-n55-k9 	BT-3   55    9    110    0   1073   1083   1081    200   0.7281    0.007
A-n55-k9 	BT-3   55    9    110    1   1073   1081   1081    110   0.4499    0.007
A-n55-k9 	BT-3   55    5    110    0   1073   1083   1081    210   0.8078    0.007
A-n55-k9 	BT-3   55    5    110    1   1073   1081   1081    110   0.4557    0.007
A-n55-k9 	BT-3   55   18    220    0   1073   1676   1107    369   1.2003    0.032
A-n55-k9 	BT-3   55   18    220    1   1073   1581   1130    454   1.4663    0.053
A-n55-k9 	BT-3   55    9    110    0   1073   1083   1081    207   0.7573    0.007
A-n55-k9 	BT-3   55    9    110    1   1073   1081   1081    110   0.4401    0.007
A-n55-k9 	BT-3   55    5    110    0   1073   1083   1081    167   0.6316    0.007
A-n55-k9 	BT-3   55    5    110    1   1073   1081   1081    110   0.4508    0.007
A-n55-k9 	BT-3   55   18    220    0   1073   1676   1106    332   1.0841    0.031
A-n55-k9 	BT-3   55   18    220    1   1073   1581   1122    298   0.9861    0.046
A-n55-k9 	BT-3   55    9    110    0   1073   1083   1081    187   0.6949    0.007
A-n55-k9 	BT-3   55    9    110    1   1073   1081   1081    110   0.4484    0.007
A-n55-k9 	BT-3   55    5    110    0   1073   1083   1081    209   0.7690    0.007
A-n55-k9 	BT-3   55    5    110    1   1073   1081   1081    110   0.4533    0.007
A-n55-k9 	BT-3   55   18    220    0   1073   1676   1106    412   1.3243    0.031
A-n55-k9 	BT-3   55   18    220    1   1073   1581   1122    651   2.0587    0.046
A-n55-k9 	BT-3   55    9    110    0   1073   1083   1081    187   0.6683    0.007
A-n55-k9 	BT-3   55    9    110    1   1073   1081   1081    110   0.4492    0.007
A-n55-k9 	BT-3   55    5    110    0   1073   1083   1081    212   0.7886    0.007
A-n55-k9 	BT-3   55    5    110    1   1073   1081   1081    110   0.4587    0.007
A-n55-k9 	BT-3   55   18    220    0   1073   1676   1107    257   0.8465    0.032
A-n55-k9 	BT-3   55   18    220    1   1073   1581   1100    754   2.3785    0.025
A-n55-k9 	BT-3   55    9    110    0   1073   1083   1081    196   0.7240    0.007
A-n55-k9 	BT-3   55    9    110    1   1073   1081   1081    110   0.4617    0.007
A-n55-k9 	BT-3   55    5    110    0   1073   1083   1081    200   0.7375    0.007
A-n55-k9 	BT-3   55    5    110    1   1073   1081   1081    110   0.4537    0.007
A-n55-k9 	BT-3   55   18    220    0   1073   1676   1107    258   0.8527    0.032
A-n55-k9 	BT-3   55   18    220    1   1073   1581   1135    298   0.9909    0.058
A-n55-k9 	BT-3   55    9    110    0   1073   1083   1081    196   0.7200    0.007
A-n55-k9 	BT-3   55    9    110    1   1073   1081   1081    110   0.4546    0.007
A-n55-k9 	BT-3   55    5    110    0   1073   1083   1081    195   0.7154    0.007
A-n55-k9 	BT-3   55    5    110    1   1073   1081   1081    110   0.4540    0.007
A-n55-k9 	BT-3   55   18    220    0   1073   1676   1107    258   0.8456    0.032
A-n55-k9 	BT-3   55   18    220    1   1073   1581   1075    782   2.4765    0.002
A-n55-k9 	BT-3   55    9    110    0   1073   1088   1074    182   0.6626    0.001
A-n55-k9 	BT-3   55    9    110    1   1073   1075   1074    165   0.6237    0.001
A-n55-k9 	BT-3   55    5    110    0   1073   1075   1075    110   0.4634    0.002
A-n55-k9 	BT-3   55    5    110    1   1073   1074   1074    110   0.4332    0.001
A-n55-k9 	BT-3   55   18    220    0   1073   1676   1106    328   1.0458    0.031
A-n55-k9 	BT-3   55   18    220    1   1073   1581   1113    487   1.5611    0.037
A-n55-k9 	BT-3   55    9    110    0   1073   1075   1074    212   0.7752    0.001
A-n55-k9 	BT-3   55    9    110    1   1073   1074   1074    110   0.4459    0.001
A-n55-k9 	BT-3   55    5    110    0   1073   1075   1075    110   0.4494    0.002
A-n55-k9 	BT-3   55    5    110    1   1073   1074   1074    110   0.4369    0.001
A-n55-k9 	BT-3   55   18    220    0   1073   1676   1106    263   0.8625    0.031
A-n55-k9 	BT-3   55   18    220    1   1073   1581   1108    673   2.1002    0.033
A-n55-k9 	BT-3   55    9    110    0   1073   1075   1074    178   0.6941    0.001
A-n55-k9 	BT-3   55    9    110    1   1073   1074   1074    110   0.4432    0.001
A-n55-k9 	BT-3   55    5    110    0   1073   1075   1075    110   0.4595    0.002
A-n55-k9 	BT-3   55    5    110    1   1073   1074   1074    110   0.4328    0.001
A-n55-k9 	BT-3   55   18    220    0   1073   1676   1106    462   1.4708    0.031
A-n55-k9 	BT-3   55   18    220    1   1073   1581   1122    553   1.7731    0.046
A-n55-k9 	BT-3   55    9    110    0   1073   1075   1075    110   0.4633    0.002
A-n55-k9 	BT-3   55    9    110    1   1073   1074   1074    110   0.4414    0.001
A-n55-k9 	BT-3   55    5    110    0   1073   1075   1075    110   0.4536    0.002
A-n55-k9 	BT-3   55    5    110    1   1073   1074   1074    110   0.4354    0.001
A-n55-k9 	BT-3   55   18    220    0   1073   1676   1106    288   0.9342    0.031
A-n55-k9 	BT-3   55   18    220    1   1073   1581   1116    486   1.5425    0.040
A-n55-k9 	BT-3   55    9    110    0   1073   1075   1075    110   0.4545    0.002
A-n55-k9 	BT-3   55    9    110    1   1073   1074   1074    110   0.4406    0.001
A-n55-k9 	BT-3   55    5    110    0   1073   1075   1075    110   0.4551    0.002
A-n55-k9 	BT-3   55    5    110    1   1073   1074   1074    110   0.4339    0.001
A-n55-k9 	BT-3   55   18    220    0   1073   1676   1107    258   0.8462    0.032
A-n55-k9 	BT-3   55   18    220    1   1073   1581   1153    410   1.2882    0.075
A-n55-k9 	BT-3   55    9    110    0   1073   1075   1074    200   0.7441    0.001
A-n55-k9 	BT-3   55    9    110    1   1073   1074   1074    110   0.4437    0.001
A-n55-k9 	BT-3   55    5    110    0   1073   1075   1075    110   0.4518    0.002
A-n55-k9 	BT-3   55    5    110    1   1073   1074   1074    110   0.4344    0.001
A-n55-k9 	BT-3   55   18    220    0   1073   1676   1106    263   0.8616    0.031
A-n55-k9 	BT-3   55   18    220    1   1073   1581   1104    516   1.6425    0.029
A-n55-k9 	BT-3   55    9    110    0   1073   1075   1075    110   0.4550    0.002
A-n55-k9 	BT-3   55    9    110    1   1073   1074   1074    110   0.4422    0.001
A-n55-k9 	BT-3   55    5    110    0   1073   1075   1074    200   0.7312    0.001
A-n55-k9 	BT-3   55    5    110    1   1073   1074   1074    110   0.4341    0.001
A-n55-k9 	BT-3   55   18    220    0   1073   1676   1107    257   0.8487    0.032
A-n55-k9 	BT-3   55   18    220    1   1073   1581   1107    415   1.3127    0.032
A-n55-k9 	BT-3   55    9    110    0   1073   1075   1075    110   0.4697    0.002
A-n55-k9 	BT-3   55    9    110    1   1073   1074   1074    110   0.4475    0.001
A-n55-k9 	BT-3   55    5    110    0   1073   1075   1074    191   0.7042    0.001
A-n55-k9 	BT-3   55    5    110    1   1073   1074   1074    110   0.4360    0.001
A-n55-k9 	BT-3   55   18    220    0   1073   1676   1103    462   1.4762    0.028
A-n55-k9 	BT-3   55   18    220    1   1073   1581   1103    769   2.4318    0.028
A-n55-k9 	BT-3   55    9    110    0   1073   1075   1074    199   0.7269    0.001
A-n55-k9 	BT-3   55    9    110    1   1073   1074   1074    110   0.4416    0.001
A-n55-k9 	BT-3   55    5    110    0   1073   1075   1075    110   0.4467    0.002
A-n55-k9 	BT-3   55    5    110    1   1073   1074   1074    110   0.4364    0.001
A-n55-k9 	BT-3   55   18    220    0   1073   1676   1106    260   0.8489    0.031
A-n55-k9 	BT-3   55   18    220    1   1073   1581   1109    546   1.7474    0.034
A-n55-k9 	BT-3   55    9    110    0   1073   1075   1075    110   0.4561    0.002
A-n55-k9 	BT-3   55    9    110    1   1073   1074   1074    110   0.4392    0.001
A-n55-k9 	BT-3   55    5    110    0   1073   1075   1074    195   0.7085    0.001
A-n55-k9 	BT-3   55    5    110    1   1073   1074   1074    110   0.4362    0.001
A-n55-k9 	BT-3   55   18    220    0   1073   1676   1106    319   1.0585    0.031
A-n55-k9 	BT-3   55   18    220    1   1073   1581   1135    399   1.2836    0.058
A-n55-k9 	BT-3   55    9    110    0   1073   1075   1075    110   0.4595    0.002
A-n55-k9 	BT-3   55    9    110    1   1073   1074   1074    110   0.4424    0.001
A-n55-k9 	BT-3   55    5    110    0   1073   1075   1074    205   0.7518    0.001
A-n55-k9 	BT-3   55    5    110    1   1073   1074   1074    110   0.4333    0.001
A-n55-k9 	BT-3   55   18    220    0   1073   1676   1095    825   2.6512    0.021
A-n55-k9 	BT-3   55   18    220    1   1073   1581   1101    655   2.0874    0.026
A-n55-k9 	BT-3   55    9    110    0   1073   1075   1074    142   0.5509    0.001
A-n55-k9 	BT-3   55    9    110    1   1073   1074   1074    110   0.4375    0.001
A-n55-k9 	BT-3   55    5    110    0   1073   1075   1075    110   0.4489    0.002
A-n55-k9 	BT-3   55    5    110    1   1073   1074   1074    110   0.4370    0.001
A-n55-k9 	BT-3   55   18    220    0   1073   1676   1123    255   0.8387    0.047
A-n55-k9 	BT-3   55   18    220    1   1073   1581   1136    298   0.9660    0.059
A-n55-k9 	BT-3   55    9    110    0   1073   1075   1075    110   0.4531    0.002
A-n55-k9 	BT-3   55    9    110    1   1073   1074   1074    110   0.4372    0.001
A-n55-k9 	BT-3   55    5    110    0   1073   1075   1075    110   0.4517    0.002
A-n55-k9 	BT-3   55    5    110    1   1073   1074   1074    110   0.4379    0.001
A-n55-k9 	BT-3   55   18    220    0   1073   1676   1106    324   1.0546    0.031
A-n55-k9 	BT-3   55   18    220    1   1073   1581   1144    270   0.8972    0.066
A-n55-k9 	BT-3   55    9    110    0   1073   1075   1075    110   0.4589    0.002
A-n55-k9 	BT-3   55    9    110    1   1073   1074   1074    110   0.4433    0.001
A-n55-k9 	BT-3   55    5    110    0   1073   1075   1075    110   0.4553    0.002
A-n55-k9 	BT-3   55    5    110    1   1073   1074   1074    110   0.4320    0.001
A-n55-k9 	BT-3   55   18    220    0   1073   1676   1100    598   1.9058    0.025
A-n55-k9 	BT-3   55   18    220    1   1073   1581   1136    269   0.8728    0.059
A-n55-k9 	BT-3   55    9    110    0   1073   1075   1074    140   0.5340    0.001
A-n55-k9 	BT-3   55    9    110    1   1073   1074   1074    110   0.4497    0.001
A-n55-k9 	BT-3   55    5    110    0   1073   1075   1074    190   0.7035    0.001
A-n55-k9 	BT-3   55    5    110    1   1073   1074   1074    110   0.4360    0.001
A-n55-k9 	BT-3   55   18    220    0   1073   1676   1106    335   1.0948    0.031
A-n55-k9 	BT-3   55   18    220    1   1073   1581   1135    408   1.2946    0.058
A-n55-k9 	BT-3   55    9    110    0   1073   1075   1074    161   0.6065    0.001
A-n55-k9 	BT-3   55    9    110    1   1073   1074   1074    110   0.4451    0.001
A-n55-k9 	BT-3   55    5    110    0   1073   1075   1075    110   0.4542    0.002
A-n55-k9 	BT-3   55    5    110    1   1073   1074   1074    110   0.4351    0.001
A-n55-k9 	BT-3   55   18    220    0   1073   1676   1108    346   1.1145    0.033
A-n55-k9 	BT-3   55   18    220    1   1073   1581   1135    344   1.1368    0.058
A-n55-k9 	BT-3   55    9    110    0   1073   1075   1075    110   0.4500    0.002
A-n55-k9 	BT-3   55    9    110    1   1073   1074   1074    110   0.4476    0.001
A-n55-k9 	BT-3   55    5    110    0   1073   1075   1074    195   0.7213    0.001
A-n55-k9 	BT-3   55    5    110    1   1073   1074   1074    110   0.4376    0.001
A-n55-k9 	BT-3   55   18    220    0   1073   1676   1106    265   0.8789    0.031
A-n55-k9 	BT-3   55   18    220    1   1073   1581   1111    567   1.7991    0.035
A-n55-k9 	BT-3   55    9    110    0   1073   1075   1075    110   0.4539    0.002
A-n55-k9 	BT-3   55    9    110    1   1073   1074   1074    110   0.4399    0.001
A-n55-k9 	BT-3   55    5    110    0   1073   1075   1075    110   0.4467    0.002
A-n55-k9 	BT-3   55    5    110    1   1073   1074   1074    110   0.4336    0.001
A-n55-k9 	BT-3   55   18    220    0   1073   1676   1104    330   1.0763    0.029
A-n55-k9 	BT-3   55   18    220    1   1073   1581   1136    291   0.9425    0.059
A-n55-k9 	BT-3   55    9    110    0   1073   1075   1074    205   0.7452    0.001
A-n55-k9 	BT-3   55    9    110    1   1073   1074   1074    110   0.4605    0.001
A-n55-k9 	BT-3   55    5    110    0   1073   1075   1075    110   0.4504    0.002
A-n55-k9 	BT-3   55    5    110    1   1073   1074   1074    110   0.4372    0.001
A-n55-k9 	BT-3   55   18    220    0   1073   1676   1107    258   0.8378    0.032
A-n55-k9 	BT-3   55   18    220    1   1073   1581   1122    313   1.0131    0.046
A-n55-k9 	BT-3   55    9    110    0   1073   1075   1074    158   0.5923    0.001
A-n55-k9 	BT-3   55    9    110    1   1073   1074   1074    110   0.4438    0.001
A-n55-k9 	BT-3   55    5    110    0   1073   1075   1074    170   0.6560    0.001
A-n55-k9 	BT-3   55    5    110    1   1073   1074   1074    110   0.4351    0.001
A-n55-k9 	BT-3   55   18    220    0   1073   1676   1107    257   0.8535    0.032
A-n55-k9 	BT-3   55   18    220    1   1073   1581   1110    403   1.3055    0.034
A-n55-k9 	BT-3   55    9    110    0   1073   1075   1074    193   0.7102    0.001
A-n55-k9 	BT-3   55    9    110    1   1073   1074   1074    110   0.4445    0.001
A-n55-k9 	BT-3   55    5    110    0   1073   1075   1075    110   0.4476    0.002
A-n55-k9 	BT-3   55    5    110    1   1073   1074   1074    110   0.4339    0.001
A-n55-k9 	BT-3   55   18    220    0   1073   1676   1107    345   1.1177    0.032
A-n55-k9 	BT-3   55   18    220    1   1073   1581   1122   1109   3.5017    0.046
A-n55-k9 	BT-3   55    9    110    0   1073   1075   1075    110   0.4550    0.002
A-n55-k9 	BT-3   55    9    110    1   1073   1074   1074    110   0.4380    0.001
A-n55-k9 	BT-3   55    5    110    0   1073   1075   1075    110   0.4523    0.002
A-n55-k9 	BT-3   55    5    110    1   1073   1074   1074    110   0.4350    0.001
A-n55-k9 	BT-3   55   18    220    0   1073   1676   1107    257   0.8422    0.032
A-n55-k9 	BT-3   55   18    220    1   1073   1581   1135    398   1.2869    0.058
A-n55-k9 	BT-3   55    9    110    0   1073   1075   1075    110   0.4483    0.002
A-n55-k9 	BT-3   55    9    110    1   1073   1074   1074    110   0.4396    0.001
A-n55-k9 	BT-3   55    5    110    0   1073   1075   1074    208   0.7670    0.001
A-n55-k9 	BT-3   55    5    110    1   1073   1074   1074    110   0.4346    0.001
A-n55-k9 	BT-3   55   18    220    0   1073   1676   1106    265   0.8738    0.031
A-n55-k9 	BT-3   55   18    220    1   1073   1581   1136    269   0.8943    0.059
A-n55-k9 	BT-3   55    9    110    0   1073   1075   1074    144   0.5536    0.001
A-n55-k9 	BT-3   55    9    110    1   1073   1074   1074    110   0.4401    0.001
A-n55-k9 	BT-3   55    5    110    0   1073   1075   1075    110   0.4513    0.002
A-n55-k9 	BT-3   55    5    110    1   1073   1074   1074    110   0.4391    0.001
A-n55-k9 	BT-3   55   18    220    0   1073   1676   1107    258   0.8471    0.032
A-n55-k9 	BT-3   55   18    220    1   1073   1581   1136    269   0.8771    0.059
A-n55-k9 	BT-3   55    9    110    0   1073   1075   1074    187   0.7005    0.001
A-n55-k9 	BT-3   55    9    110    1   1073   1074   1074    110   0.4450    0.001
A-n55-k9 	BT-3   55    5    110    0   1073   1075   1074    183   0.6759    0.001
A-n55-k9 	BT-3   55    5    110    1   1073   1074   1074    110   0.4339    0.001
A-n55-k9 	BT-3   55   18    220    0   1073   1676   1106    265   0.8700    0.031
A-n55-k9 	BT-3   55   18    220    1   1073   1581   1123    377   1.2038    0.047
A-n55-k9 	BT-3   55    9    110    0   1073   1075   1075    110   0.4666    0.002
A-n55-k9 	BT-3   55    9    110    1   1073   1074   1074    110   0.4439    0.001
A-n55-k9 	BT-3   55    5    110    0   1073   1075   1075    110   0.4456    0.002
A-n55-k9 	BT-3   55    5    110    1   1073   1074   1074    110   0.4361    0.001
A-n55-k9 	BT-3   55   18    220    0   1073   1676   1106    264   0.8734    0.031
A-n55-k9 	BT-3   55   18    220    1   1073   1581   1136    269   0.8731    0.059
A-n55-k9 	BT-3   55    9    110    0   1073   1075   1075    110   0.4424    0.002
A-n55-k9 	BT-3   55    9    110    1   1073   1074   1074    110   0.4402    0.001
A-n55-k9 	BT-3   55    5    110    0   1073   1075   1075    110   0.4544    0.002
A-n55-k9 	BT-3   55    5    110    1   1073   1074   1074    110   0.4332    0.001
A-n55-k9 	BT-3   55   18    220    0   1073   1676   1107    257   0.8419    0.032
A-n55-k9 	BT-3   55   18    220    1   1073   1581   1136    277   0.8956    0.059
A-n55-k9 	BT-3   55    9    110    0   1073   1075   1075    110   0.4489    0.002
A-n55-k9 	BT-3   55    9    110    1   1073   1074   1074    110   0.4409    0.001
A-n55-k9 	BT-3   55    5    110    0   1073   1075   1075    110   0.4538    0.002
A-n55-k9 	BT-3   55    5    110    1   1073   1074   1074    110   0.4335    0.001
A-n55-k9 	BT-3   55   18    220    0   1073   1676   1107    257   0.8479    0.032
A-n55-k9 	BT-3   55   18    220    1   1073   1581   1106    776   2.5174    0.031
A-n55-k9 	BT-3   55    9    110    0   1073   1075   1075    110   0.4634    0.002
A-n55-k9 	BT-3   55    9    110    1   1073   1074   1074    110   0.4479    0.001
A-n55-k9 	BT-3   55    5    110    0   1073   1075   1074    191   0.6995    0.001
A-n55-k9 	BT-3   55    5    110    1   1073   1074   1074    110   0.4359    0.001
A-n55-k9 	BT-3   55   18    220    0   1073   1676   1111    384   1.2502    0.035
A-n55-k9 	BT-3   55   18    220    1   1073   1581   1121    777   2.4777    0.045
A-n55-k9 	BT-3   55    9    110    0   1073   1075   1074    166   0.6148    0.001
A-n55-k9 	BT-3   55    9    110    1   1073   1074   1074    110   0.4422    0.001
A-n55-k9 	BT-3   55    5    110    0   1073   1075   1074    170   0.6436    0.001
A-n55-k9 	BT-3   55    5    110    1   1073   1074   1074    110   0.4348    0.001
A-n55-k9 	BT-3   55   18    220    0   1073   1676   1107    257   0.8509    0.032
A-n55-k9 	BT-3   55   18    220    1   1073   1581   1135    301   0.9867    0.058
A-n55-k9 	BT-3   55    9    110    0   1073   1075   1075    110   0.4537    0.002
A-n55-k9 	BT-3   55    9    110    1   1073   1074   1074    110   0.4437    0.001
A-n55-k9 	BT-3   55    5    110    0   1073   1075   1074    204   0.7482    0.001
A-n55-k9 	BT-3   55    5    110    1   1073   1074   1074    110   0.4549    0.001
A-n55-k9 	BT-3   55   18    220    0   1073   1676   1106    285   0.9235    0.031
A-n55-k9 	BT-3   55   18    220    1   1073   1581   1125    304   0.9772    0.048
A-n55-k9 	BT-3   55    9    110    0   1073   1075   1075    110   0.4570    0.002
A-n55-k9 	BT-3   55    9    110    1   1073   1074   1074    110   0.4442    0.001
A-n55-k9 	BT-3   55    5    110    0   1073   1075   1075    110   0.4489    0.002
A-n55-k9 	BT-3   55    5    110    1   1073   1074   1074    110   0.4374    0.001
A-n55-k9 	BT-3   55   18    220    0   1073   1676   1107    259   0.8525    0.032
A-n55-k9 	BT-3   55   18    220    1   1073   1581   1122    448   1.4337    0.046
A-n55-k9 	BT-3   55    9    110    0   1073   1075   1074    183   0.6824    0.001
A-n55-k9 	BT-3   55    9    110    1   1073   1074   1074    110   0.4407    0.001
A-n55-k9 	BT-3   55    5    110    0   1073   1075   1075    110   0.4496    0.002
A-n55-k9 	BT-3   55    5    110    1   1073   1074   1074    110   0.4338    0.001
A-n55-k9 	BT-3   55   18    220    0   1073   1676   1106    265   0.9009    0.031
A-n55-k9 	BT-3   55   18    220    1   1073   1581   1140    280   0.9054    0.062
A-n55-k9 	BT-3   55    9    110    0   1073   1075   1075    110   0.4473    0.002
A-n55-k9 	BT-3   55    9    110    1   1073   1074   1074    110   0.4424    0.001
A-n55-k9 	BT-3   55    5    110    0   1073   1075   1074    191   0.7256    0.001
A-n55-k9 	BT-3   55    5    110    1   1073   1074   1074    110   0.4363    0.001
A-n55-k9 	BT-3   55   18    220    0   1073   1676   1107    259   0.8545    0.032
A-n55-k9 	BT-3   55   18    220    1   1073   1581   1122    592   1.8751    0.046
A-n55-k9 	BT-3   55    9    110    0   1073   1075   1075    110   0.4515    0.002
A-n55-k9 	BT-3   55    9    110    1   1073   1074   1074    110   0.4409    0.001
A-n55-k9 	BT-3   55    5    110    0   1073   1075   1075    110   0.4436    0.002
A-n55-k9 	BT-3   55    5    110    1   1073   1074   1074    110   0.4340    0.001
A-n55-k9 	BT-3   55   18    220    0   1073   1676   1107    356   1.1519    0.032
A-n55-k9 	BT-3   55   18    220    1   1073   1581   1122    431   1.3727    0.046
A-n55-k9 	BT-3   55    9    110    0   1073   1075   1074    214   0.7748    0.001
A-n55-k9 	BT-3   55    9    110    1   1073   1074   1074    110   0.4419    0.001
A-n55-k9 	BT-3   55    5    110    0   1073   1075   1074    202   0.7344    0.001
A-n55-k9 	BT-3   55    5    110    1   1073   1074   1074    110   0.4383    0.001
A-n55-k9 	BT-3   55   18    220    0   1073   1676   1107    432   1.4178    0.032
A-n55-k9 	BT-3   55   18    220    1   1073   1581   1112    323   1.0589    0.036
A-n55-k9 	BT-3   55    9    110    0   1073   1075   1074    187   0.7105    0.001
A-n55-k9 	BT-3   55    9    110    1   1073   1074   1074    110   0.4429    0.001
A-n55-k9 	BT-3   55    5    110    0   1073   1075   1074    177   0.6597    0.001
A-n55-k9 	BT-3   55    5    110    1   1073   1074   1074    110   0.4400    0.001
A-n55-k9 	BT-3   55   18    220    0   1073   1676   1107    257   0.8475    0.032
A-n55-k9 	BT-3   55   18    220    1   1073   1581   1125    331   1.0737    0.048
A-n55-k9 	BT-3   55    9    110    0   1073   1075   1074    169   0.6392    0.001
A-n55-k9 	BT-3   55    9    110    1   1073   1074   1074    110   0.4417    0.001
A-n55-k9 	BT-3   55    5    110    0   1073   1075   1074    181   0.6662    0.001
A-n55-k9 	BT-3   55    5    110    1   1073   1074   1074    110   0.4348    0.001
A-n55-k9 	BT-3   55   18    220    0   1073   1676   1109    279   0.9267    0.034
A-n55-k9 	BT-3   55   18    220    1   1073   1581   1119    506   1.6286    0.043
A-n55-k9 	BT-3   55    9    110    0   1073   1075   1075    110   0.4526    0.002
A-n55-k9 	BT-3   55    9    110    1   1073   1074   1074    110   0.4750    0.001
A-n55-k9 	BT-3   55    5    110    0   1073   1075   1074    186   0.6966    0.001
A-n55-k9 	BT-3   55    5    110    1   1073   1074   1074    110   0.4382    0.001
A-n55-k9 	BT-3   55   18    220    0   1073   1676   1106    271   0.9004    0.031
A-n55-k9 	BT-3   55   18    220    1   1073   1581   1094    722   2.3071    0.020
A-n55-k9 	BT-3   55    9    110    0   1073   1075   1074    190   0.6946    0.001
A-n55-k9 	BT-3   55    9    110    1   1073   1074   1074    110   0.4447    0.001
A-n55-k9 	BT-3   55    5    110    0   1073   1075   1074    190   0.6977    0.001
A-n55-k9 	BT-3   55    5    110    1   1073   1074   1074    110   0.4346    0.001
A-n55-k9 	BT-3   55   18    220    0   1073   1676   1106    283   0.9241    0.031
A-n55-k9 	BT-3   55   18    220    1   1073   1581   1132    269   0.8983    0.055
A-n55-k9 	BT-3   55    9    110    0   1073   1075   1075    110   0.4480    0.002
A-n55-k9 	BT-3   55    9    110    1   1073   1074   1074    110   0.4429    0.001
A-n55-k9 	BT-3   55    5    110    0   1073   1075   1074    203   0.7402    0.001
A-n55-k9 	BT-3   55    5    110    1   1073   1074   1074    110   0.4344    0.001
A-n55-k9 	BT-3   55   18    220    0   1073   1676   1107    257   0.8411    0.032
A-n55-k9 	BT-3   55   18    220    1   1073   1581   1134    299   1.0059    0.057
A-n55-k9 	BT-3   55    9    110    0   1073   1075   1075    110   0.4537    0.002
A-n55-k9 	BT-3   55    9    110    1   1073   1074   1074    110   0.4447    0.001
A-n55-k9 	BT-3   55    5    110    0   1073   1075   1074    204   0.7456    0.001
A-n55-k9 	BT-3   55    5    110    1   1073   1074   1074    110   0.4344    0.001
A-n55-k9 	BT-3   55   18    220    0   1073   1676   1107    259   0.8519    0.032
A-n55-k9 	BT-3   55   18    220    1   1073   1581   1106    392   1.2494    0.031
A-n55-k9 	BT-3   55    9    110    0   1073   1075   1075    110   0.4493    0.002
A-n55-k9 	BT-3   55    9    110    1   1073   1074   1074    110   0.4399    0.001
A-n55-k9 	BT-3   55    5    110    0   1073   1075   1074    195   0.7138    0.001
A-n55-k9 	BT-3   55    5    110    1   1073   1074   1074    110   0.4352    0.001
A-n55-k9 	BT-3   55   18    220    0   1073   1676   1106    525   1.6880    0.031
A-n55-k9 	BT-3   55   18    220    1   1073   1581   1121    415   1.3340    0.045
A-n55-k9 	BT-3   55    9    110    0   1073   1075   1075    110   0.4468    0.002
A-n55-k9 	BT-3   55    9    110    1   1073   1074   1074    110   0.4436    0.001
A-n55-k9 	BT-3   55    5    110    0   1073   1075   1074    181   0.6706    0.001
A-n55-k9 	BT-3   55    5    110    1   1073   1074   1074    110   0.4356    0.001
A-n55-k9 	BT-3   55   18    220    0   1073   1676   1106    394   1.3537    0.031
A-n55-k9 	BT-3   55   18    220    1   1073   1581   1104    351   1.1068    0.029
A-n55-k9 	BT-3   55    9    110    0   1073   1075   1075    110   0.4598    0.002
A-n55-k9 	BT-3   55    9    110    1   1073   1074   1074    110   0.4489    0.001
A-n55-k9 	BT-3   55    5    110    0   1073   1075   1074    187   0.6900    0.001
A-n55-k9 	BT-3   55    5    110    1   1073   1074   1074    110   0.4364    0.001
A-n55-k9 	BT-3   55   18    220    0   1073   1676   1107    258   0.8437    0.032
A-n55-k9 	BT-3   55   18    220    1   1073   1581   1107    828   2.6569    0.032
A-n55-k9 	BT-3   55    9    110    0   1073   1075   1075    110   0.4546    0.002
A-n55-k9 	BT-3   55    9    110    1   1073   1074   1074    110   0.4409    0.001
A-n55-k9 	BT-3   55    5    110    0   1073   1075   1075    110   0.4643    0.002
A-n55-k9 	BT-3   55    5    110    1   1073   1074   1074    110   0.4346    0.001
A-n55-k9 	BT-3   55   18    220    0   1073   1676   1106    363   1.1874    0.031
A-n55-k9 	BT-3   55   18    220    1   1073   1581   1131    643   2.0456    0.054
A-n55-k9 	BT-3   55    9    110    0   1073   1075   1074    178   0.6637    0.001
A-n55-k9 	BT-3   55    9    110    1   1073   1074   1074    110   0.4408    0.001
A-n55-k9 	BT-3   55    5    110    0   1073   1075   1075    110   0.4481    0.002
A-n55-k9 	BT-3   55    5    110    1   1073   1074   1074    110   0.4360    0.001
A-n55-k9 	BT-3   55   18    220    0   1073   1676   1107    258   0.8547    0.032
A-n55-k9 	BT-3   55   18    220    1   1073   1581   1123    651   2.0623    0.047
A-n55-k9 	BT-3   55    9    110    0   1073   1075   1075    110   0.4506    0.002
A-n55-k9 	BT-3   55    9    110    1   1073   1074   1074    110   0.4385    0.001
A-n55-k9 	BT-3   55    5    110    0   1073   1075   1074    180   0.6772    0.001
A-n55-k9 	BT-3   55    5    110    1   1073   1074   1074    110   0.4386    0.001
A-n55-k9 	BT-3   55   18    220    0   1073   1676   1106    403   1.3078    0.031
A-n55-k9 	BT-3   55   18    220    1   1073   1581   1135    457   1.4499    0.058
A-n55-k9 	BT-3   55    9    110    0   1073   1075   1075    110   0.4601    0.002
A-n55-k9 	BT-3   55    9    110    1   1073   1074   1074    110   0.4417    0.001
A-n55-k9 	BT-3   55    5    110    0   1073   1075   1075    110   0.4507    0.002
A-n55-k9 	BT-3   55    5    110    1   1073   1074   1074    110   0.4358    0.001
A-n55-k9 	BT-3   55   18    220    0   1073   1676   1101    574   1.8540    0.026
A-n55-k9 	BT-3   55   18    220    1   1073   1581   1136    269   0.8727    0.059
A-n55-k9 	BT-3   55    9    110    0   1073   1075   1074    196   0.7197    0.001
A-n55-k9 	BT-3   55    9    110    1   1073   1074   1074    110   0.4478    0.001
A-n55-k9 	BT-3   55    5    110    0   1073   1075   1075    110   0.4704    0.002
A-n55-k9 	BT-3   55    5    110    1   1073   1074   1074    110   0.4344    0.001
