B-n38-k6 	BT-1   38   12    152    0    805   1239    848    161   0.2015    0.053
B-n38-k6 	BT-1   38   12    152    1    805   1093    806    352   0.4395    0.001
B-n38-k6 	BT-1   38    7     76    0    805   1032    806     77   0.1030    0.001
B-n38-k6 	BT-1   38    7     76    1    805    806    806     76   0.1022    0.001
B-n38-k6 	BT-1   38    3     38    0    805   1032    806     39   0.0625    0.001
B-n38-k6 	BT-1   38    3     38    1    805    806    806     38   0.0616    0.001
B-n38-k6 	BT-2   38   12    152    0    805   1239    828    173   0.1955    0.029
B-n38-k6 	BT-2   38   12    152    1    805   1093    809    177   0.2037    0.005
B-n38-k6 	BT-2   38    7     76    0    805    809    807     80   0.1127    0.002
B-n38-k6 	BT-2   38    7     76    1    805    809    807     79   0.1039    0.002
B-n38-k6 	BT-2   38    3     38    0    805    807    807     38   0.0620    0.002
B-n38-k6 	BT-2   38    3     38    1    805    807    807     38   0.0661    0.002
B-n38-k6 	BT-3   38   12    152    0    805   1239    806    306   0.4395    0.001
B-n38-k6 	BT-3   38   12    152    1    805   1093    806    339   0.4853    0.001
B-n38-k6 	BT-3   38    7     76    0    805    977    807    146   0.2456    0.002
B-n38-k6 	BT-3   38    7     76    1    805    806    806     76   0.1777    0.001
B-n38-k6 	BT-3   38    3     38    0    805    977    808     49   0.1115    0.004
B-n38-k6 	BT-3   38    3     38    1    805    806    806     38   0.1013    0.001
B-n38-k6 	BT-3   38   12    152    0    805   1239    807    185   0.3230    0.002
B-n38-k6 	BT-3   38   12    152    1    805   1093    811    221   0.3618    0.007
B-n38-k6 	BT-3   38    7     76    0    805    977    807     92   0.1938    0.002
B-n38-k6 	BT-3   38    7     76    1    805    806    806     76   0.1750    0.001
B-n38-k6 	BT-3   38    3     38    0    805    977    808     53   0.1133    0.004
B-n38-k6 	BT-3   38    3     38    1    805    806    806     38   0.1031    0.001
B-n38-k6 	BT-3   38   12    152    0    805   1239    807    186   0.3279    0.002
B-n38-k6 	BT-3   38   12    152    1    805   1093    820    174   0.3101    0.019
B-n38-k6 	BT-3   38    7     76    0    805    977    807    103   0.2109    0.002
B-n38-k6 	BT-3   38    7     76    1    805    806    806     76   0.1780    0.001
B-n38-k6 	BT-3   38    3     38    0    805    977    809     55   0.1166    0.005
B-n38-k6 	BT-3   38    3     38    1    805    806    806     38   0.1022    0.001
B-n38-k6 	BT-3   38   12    152    0    805   1239    809    189   0.3266    0.005
B-n38-k6 	BT-3   38   12    152    1    805   1093    807    211   0.3454    0.002
B-n38-k6 	BT-3   38    7     76    0    805    977    808     89   0.1833    0.004
B-n38-k6 	BT-3   38    7     76    1    805    806    806     76   0.1755    0.001
B-n38-k6 	BT-3   38    3     38    0    805    977    808     51   0.1061    0.004
B-n38-k6 	BT-3   38    3     38    1    805    806    806     38   0.1034    0.001
B-n38-k6 	BT-3   38   12    152    0    805   1239    806    196   0.3274    0.001
B-n38-k6 	BT-3   38   12    152    1    805   1093    823    196   0.3294    0.022
B-n38-k6 	BT-3   38    7     76    0    805    977    807     91   0.1854    0.002
B-n38-k6 	BT-3   38    7     76    1    805    806    806     76   0.1761    0.001
B-n38-k6 	BT-3   38    3     38    0    805    977    808     49   0.1086    0.004
B-n38-k6 	BT-3   38    3     38    1    805    806    806     38   0.1017    0.001
B-n38-k6 	BT-3   38   12    152    0    805   1239    806    233   0.3593    0.001
B-n38-k6 	BT-3   38   12    152    1    805   1093    815    217   0.3542    0.012
B-n38-k6 	BT-3   38    7     76    0    805    977    808     89   0.1926    0.004
B-n38-k6 	BT-3   38    7     76    1    805    806    806     76   0.1782    0.001
B-n38-k6 	BT-3   38    3     38    0    805    977    808     65   0.1173    0.004
B-n38-k6 	BT-3   38    3     38    1    805    806    806     38   0.1162    0.001
B-n38-k6 	BT-3   38   12    152    0    805   1239    809    189   0.3290    0.005
B-n38-k6 	BT-3   38   12    152    1    805   1093    835    188   0.3205    0.037
B-n38-k6 	BT-3   38    7     76    0    805    977    807     93   0.1911    0.002
B-n38-k6 	BT-3   38    7     76    1    805    806    806     76   0.1782    0.001
B-n38-k6 	BT-3   38    3     38    0    805    977    808     55   0.1392    0.004
B-n38-k6 	BT-3   38    3     38    1    805    806    806     38   0.1343    0.001
B-n38-k6 	BT-3   38   12    152    0    805   1239    807    210   0.3882    0.002
B-n38-k6 	BT-3   38   12    152    1    805   1093    820    333   0.4930    0.019
B-n38-k6 	BT-3   38    7     76    0    805    977    808     89   0.1848    0.004
B-n38-k6 	BT-3   38    7     76    1    805    806    806     76   0.1770    0.001
B-n38-k6 	BT-3   38    3     38    0    805    977    807     55   0.1142    0.002
B-n38-k6 	BT-3   38    3     38    1    805    806    806     38   0.1023    0.001
B-n38-k6 	BT-3   38   12    152    0    805   1239    808    210   0.3364    0.004
B-n38-k6 	BT-3   38   12    152    1    805   1093    806    295   0.5076    0.001
B-n38-k6 	BT-3   38    7     76    0    805    977    807     93   0.2284    0.002
B-n38-k6 	BT-3   38    7     76    1    805    806    806     76   0.2010    0.001
B-n38-k6 	BT-3   38    3     38    0    805    977    808     53   0.1133    0.004
B-n38-k6 	BT-3   38    3     38    1    805    806    806     38   0.1018    0.001
B-n38-k6 	BT-3   38   12    152    0    805   1239    806    196   0.3391    0.001
B-n38-k6 	BT-3   38   12    152    1    805   1093    817    186   0.3320    0.015
B-n38-k6 	BT-3   38    7     76    0    805    977    808     89   0.1892    0.004
B-n38-k6 	BT-3   38    7     76    1    805    806    806     76   0.1772    0.001
B-n38-k6 	BT-3   38    3     38    0    805    977    808     51   0.1069    0.004
B-n38-k6 	BT-3   38    3     38    1    805    806    806     38   0.1016    0.001
B-n38-k6 	BT-3   38   12    152    0    805   1239    818    180   0.3030    0.016
B-n38-k6 	BT-3   38   12    152    1    805   1093    814    350   0.4950    0.011
B-n38-k6 	BT-3   38    7     76    0    805    977    808     89   0.1874    0.004
B-n38-k6 	BT-3   38    7     76    1    805    806    805    121   0.2224    0.000
B-n38-k6 	BT-3   38    3     38    0    805   1037    812    107   0.1712    0.009
B-n38-k6 	BT-3   38    3     38    1    805    805    805     38   0.0986    0.000
B-n38-k6 	BT-3   38   12    152    0    805   1239    806    207   0.3458    0.001
B-n38-k6 	BT-3   38   12    152    1    805   1093    823    205   0.3481    0.022
B-n38-k6 	BT-3   38    7     76    0    805   1037    805     95   0.1910    0.000
B-n38-k6 	BT-3   38    7     76    1    805    805    805     76   0.1732    0.000
B-n38-k6 	BT-3   38    3     38    0    805   1037    817     56   0.1085    0.015
B-n38-k6 	BT-3   38    3     38    1    805    805    805     38   0.0986    0.000
B-n38-k6 	BT-3   38   12    152    0    805   1239    807    260   0.4011    0.002
B-n38-k6 	BT-3   38   12    152    1    805   1093    830    213   0.3473    0.031
B-n38-k6 	BT-3   38    7     76    0    805   1037    807     89   0.1807    0.002
B-n38-k6 	BT-3   38    7     76    1    805    805    805     76   0.1744    0.000
B-n38-k6 	BT-3   38    3     38    0    805   1037    808     49   0.1052    0.004
B-n38-k6 	BT-3   38    3     38    1    805    805    805     38   0.0988    0.000
B-n38-k6 	BT-3   38   12    152    0    805   1239    809    189   0.3234    0.005
B-n38-k6 	BT-3   38   12    152    1    805   1093    835    205   0.3348    0.037
B-n38-k6 	BT-3   38    7     76    0    805   1037    805     95   0.1872    0.000
B-n38-k6 	BT-3   38    7     76    1    805    805    805     76   0.1736    0.000
B-n38-k6 	BT-3   38    3     38    0    805   1037    815     69   0.1171    0.012
B-n38-k6 	BT-3   38    3     38    1    805    805    805     38   0.0988    0.000
B-n38-k6 	BT-3   38   12    152    0    805   1239    807    292   0.4408    0.002
B-n38-k6 	BT-3   38   12    152    1    805   1093    820    310   0.4434    0.019
B-n38-k6 	BT-3   38    7     76    0    805   1037    807    141   0.2245    0.002
B-n38-k6 	BT-3   38    7     76    1    805    805    805     76   0.1739    0.000
B-n38-k6 	BT-3   38    3     38    0    805   1037    808     49   0.1052    0.004
B-n38-k6 	BT-3   38    3     38    1    805    805    805     38   0.0989    0.000
B-n38-k6 	BT-3   38   12    152    0    805   1239    806    230   0.3568    0.001
B-n38-k6 	BT-3   38   12    152    1    805   1093    808    191   0.3272    0.004
B-n38-k6 	BT-3   38    7     76    0    805   1037    805     95   0.1898    0.000
B-n38-k6 	BT-3   38    7     76    1    805    805    805     76   0.2049    0.000
B-n38-k6 	BT-3   38    3     38    0    805   1037    808     49   0.1049    0.004
B-n38-k6 	BT-3   38    3     38    1    805    805    805     38   0.0987    0.000
B-n38-k6 	BT-3   38   12    152    0    805   1239    807    187   0.3182    0.002
B-n38-k6 	BT-3   38   12    152    1    805   1093    835    197   0.3265    0.037
B-n38-k6 	BT-3   38    7     76    0    805   1037    805     95   0.1893    0.000
B-n38-k6 	BT-3   38    7     76    1    805    805    805     76   0.1737    0.000
B-n38-k6 	BT-3   38    3     38    0    805   1037    819     80   0.1335    0.017
B-n38-k6 	BT-3   38    3     38    1    805    805    805     38   0.0984    0.000
B-n38-k6 	BT-3   38   12    152    0    805   1239    809    189   0.3239    0.005
B-n38-k6 	BT-3   38   12    152    1    805   1093    806    260   0.3922    0.001
B-n38-k6 	BT-3   38    7     76    0    805   1037    817    117   0.2109    0.015
B-n38-k6 	BT-3   38    7     76    1    805    805    805     76   0.1736    0.000
B-n38-k6 	BT-3   38    3     38    0    805   1037    808     62   0.1138    0.004
B-n38-k6 	BT-3   38    3     38    1    805    805    805     38   0.0987    0.000
B-n38-k6 	BT-3   38   12    152    0    805   1239    812    325   0.4617    0.009
B-n38-k6 	BT-3   38   12    152    1    805   1093    815    222   0.3679    0.012
B-n38-k6 	BT-3   38    7     76    0    805   1037    805     95   0.1952    0.000
B-n38-k6 	BT-3   38    7     76    1    805    805    805     76   0.1741    0.000
B-n38-k6 	BT-3   38    3     38    0    805   1037    808     54   0.1094    0.004
B-n38-k6 	BT-3   38    3     38    1    805    805    805     38   0.0991    0.000
B-n38-k6 	BT-3   38   12    152    0    805   1239    820    287   0.4383    0.019
B-n38-k6 	BT-3   38   12    152    1    805   1093    814    301   0.4276    0.011
B-n38-k6 	BT-3   38    7     76    0    805   1037    805     95   0.1879    0.000
B-n38-k6 	BT-3   38    7     76    1    805    805    805     76   0.1741    0.000
B-n38-k6 	BT-3   38    3     38    0    805   1037    821     99   0.1559    0.020
B-n38-k6 	BT-3   38    3     38    1    805    805    805     38   0.0988    0.000
B-n38-k6 	BT-3   38   12    152    0    805   1239    807    193   0.3196    0.002
B-n38-k6 	BT-3   38   12    152    1    805   1093    806    298   0.4367    0.001
B-n38-k6 	BT-3   38    7     76    0    805   1037    808     87   0.1823    0.004
B-n38-k6 	BT-3   38    7     76    1    805    805    805     76   0.1737    0.000
B-n38-k6 	BT-3   38    3     38    0    805   1037    808     49   0.1049    0.004
B-n38-k6 	BT-3   38    3     38    1    805    805    805     38   0.0987    0.000
B-n38-k6 	BT-3   38   12    152    0    805   1239    806    290   0.4190    0.001
B-n38-k6 	BT-3   38   12    152    1    805   1093    816    216   0.3514    0.014
B-n38-k6 	BT-3   38    7     76    0    805   1037    808    115   0.2090    0.004
B-n38-k6 	BT-3   38    7     76    1    805    805    805     76   0.1750    0.000
B-n38-k6 	BT-3   38    3     38    0    805   1037    808     49   0.1086    0.004
B-n38-k6 	BT-3   38    3     38    1    805    805    805     38   0.0987    0.000
B-n38-k6 	BT-3   38   12    152    0    805   1239    809    189   0.3266    0.005
B-n38-k6 	BT-3   38   12    152    1    805   1093    809    324   0.4602    0.005
B-n38-k6 	BT-3   38    7     76    0    805   1037    805     95   0.1885    0.000
B-n38-k6 	BT-3   38    7     76    1    805    805    805     76   0.1743    0.000
B-n38-k6 	BT-3   38    3     38    0    805   1037    808     49   0.1048    0.004
B-n38-k6 	BT-3   38    3     38    1    805    805    805     38   0.0986    0.000
B-n38-k6 	BT-3   38   12    152    0    805   1239    807    308   0.4686    0.002
B-n38-k6 	BT-3   38   12    152    1    805   1093    828    179   0.3270    0.029
B-n38-k6 	BT-3   38    7     76    0    805   1037    805     95   0.1926    0.000
B-n38-k6 	BT-3   38    7     76    1    805    805    805     76   0.1749    0.000
B-n38-k6 	BT-3   38    3     38    0    805   1037    807     53   0.1055    0.002
B-n38-k6 	BT-3   38    3     38    1    805    805    805     38   0.0988    0.000
B-n38-k6 	BT-3   38   12    152    0    805   1239    809    189   0.3276    0.005
B-n38-k6 	BT-3   38   12    152    1    805   1093    844    210   0.3432    0.048
B-n38-k6 	BT-3   38    7     76    0    805   1037    805     95   0.1916    0.000
B-n38-k6 	BT-3   38    7     76    1    805    805    805     76   0.1732    0.000
B-n38-k6 	BT-3   38    3     38    0    805   1037    807     51   0.1063    0.002
B-n38-k6 	BT-3   38    3     38    1    805    805    805     38   0.0989    0.000
B-n38-k6 	BT-3   38   12    152    0    805   1239    806    240   0.3802    0.001
B-n38-k6 	BT-3   38   12    152    1    805   1093    821    215   0.3420    0.020
B-n38-k6 	BT-3   38    7     76    0    805   1037    808     87   0.1817    0.004
B-n38-k6 	BT-3   38    7     76    1    805    805    805     76   0.1774    0.000
B-n38-k6 	BT-3   38    3     38    0    805   1037    808     60   0.1146    0.004
B-n38-k6 	BT-3   38    3     38    1    805    805    805     38   0.0983    0.000
B-n38-k6 	BT-3   38   12    152    0    805   1239    809    189   0.3205    0.005
B-n38-k6 	BT-3   38   12    152    1    805   1093    823    237   0.3635    0.022
B-n38-k6 	BT-3   38    7     76    0    805   1037    805     95   0.1894    0.000
B-n38-k6 	BT-3   38    7     76    1    805    805    805     76   0.1776    0.000
B-n38-k6 	BT-3   38    3     38    0    805   1037    818     79   0.1359    0.016
B-n38-k6 	BT-3   38    3     38    1    805    805    805     38   0.0985    0.000
B-n38-k6 	BT-3   38   12    152    0    805   1239    809    189   0.3209    0.005
B-n38-k6 	BT-3   38   12    152    1    805   1093    815    242   0.3782    0.012
B-n38-k6 	BT-3   38    7     76    0    805   1037    805     95   0.1870    0.000
B-n38-k6 	BT-3   38    7     76    1    805    805    805     76   0.1736    0.000
B-n38-k6 	BT-3   38    3     38    0    805   1037    808     49   0.1048    0.004
B-n38-k6 	BT-3   38    3     38    1    805    805    805     38   0.0983    0.000
B-n38-k6 	BT-3   38   12    152    0    805   1239    809    189   0.3217    0.005
B-n38-k6 	BT-3   38   12    152    1    805   1093    810    484   0.6395    0.006
B-n38-k6 	BT-3   38    7     76    0    805   1037    805     95   0.1873    0.000
B-n38-k6 	BT-3   38    7     76    1    805    805    805     76   0.1741    0.000
B-n38-k6 	BT-3   38    3     38    0    805   1037    808     49   0.1050    0.004
B-n38-k6 	BT-3   38    3     38    1    805    805    805     38   0.0990    0.000
B-n38-k6 	BT-3   38   12    152    0    805   1239    808    284   0.4184    0.004
B-n38-k6 	BT-3   38   12    152    1    805   1093    820    230   0.3698    0.019
B-n38-k6 	BT-3   38    7     76    0    805   1037    805     95   0.1881    0.000
B-n38-k6 	BT-3   38    7     76    1    805    805    805     76   0.1737    0.000
B-n38-k6 	BT-3   38    3     38    0    805   1037    808     49   0.1049    0.004
B-n38-k6 	BT-3   38    3     38    1    805    805    805     38   0.0985    0.000
B-n38-k6 	BT-3   38   12    152    0    805   1239    815    350   0.4846    0.012
B-n38-k6 	BT-3   38   12    152    1    805   1093    815    255   0.3918    0.012
B-n38-k6 	BT-3   38    7     76    0    805   1037    807     91   0.1886    0.002
B-n38-k6 	BT-3   38    7     76    1    805    805    805     76   0.1732    0.000
B-n38-k6 	BT-3   38    3     38    0    805   1037    809     50   0.1034    0.005
B-n38-k6 	BT-3   38    3     38    1    805    805    805     38   0.0992    0.000
B-n38-k6 	BT-3   38   12    152    0    805   1239    806    319   0.4423    0.001
B-n38-k6 	BT-3   38   12    152    1    805   1093    806    383   0.5445    0.001
B-n38-k6 	BT-3   38    7     76    0    805   1037    805     95   0.1911    0.000
B-n38-k6 	BT-3   38    7     76    1    805    805    805     76   0.1784    0.000
B-n38-k6 	BT-3   38    3     38    0    805   1037    808     49   0.1054    0.004
B-n38-k6 	BT-3   38    3     38    1    805    805    805     38   0.0985    0.000
B-n38-k6 	BT-3   38   12    152    0    805   1239    806    197   0.3272    0.001
B-n38-k6 	BT-3   38   12    152    1    805   1093    809    404   0.5620    0.005
B-n38-k6 	BT-3   38    7     76    0    805   1037    805     95   0.1887    0.000
B-n38-k6 	BT-3   38    7     76    1    805    805    805     76   0.1778    0.000
B-n38-k6 	BT-3   38    3     38    0    805   1037    808     54   0.1249    0.004
B-n38-k6 	BT-3   38    3     38    1    805    805    805     38   0.0986    0.000
B-n38-k6 	BT-3   38   12    152    0    805   1239    809    189   0.3196    0.005
B-n38-k6 	BT-3   38   12    152    1    805   1093    810    327   0.4602    0.006
B-n38-k6 	BT-3   38    7     76    0    805   1037    806    136   0.2333    0.001
B-n38-k6 	BT-3   38    7     76    1    805    805    805     76   0.1732    0.000
B-n38-k6 	BT-3   38    3     38    0    805   1037    808     49   0.1046    0.004
B-n38-k6 	BT-3   38    3     38    1    805    805    805     38   0.0984    0.000
B-n38-k6 	BT-3   38   12    152    0    805   1239    806    185   0.3209    0.001
B-n38-k6 	BT-3   38   12    152    1    805   1093    807    382   0.6319    0.002
B-n38-k6 	BT-3   38    7     76    0    805   1037    807     91   0.1853    0.002
B-n38-k6 	BT-3   38    7     76    1    805    805    805     76   0.1743    0.000
B-n38-k6 	BT-3   38    3     38    0    805   1037    808     49   0.1056    0.004
B-n38-k6 	BT-3   38    3     38    1    805    805    805     38   0.0994    0.000
B-n38-k6 	BT-3   38   12    152    0    805   1239    809    189   0.3184    0.005
B-n38-k6 	BT-3   38   12    152    1    805   1093    806    227   0.3618    0.001
B-n38-k6 	BT-3   38    7     76    0    805   1037    805     95   0.1871    0.000
B-n38-k6 	BT-3   38    7     76    1    805    805    805     76   0.1760    0.000
B-n38-k6 	BT-3   38    3     38    0    805   1037    809     50   0.1054    0.005
B-n38-k6 	BT-3   38    3     38    1    805    805    805     38   0.0989    0.000
B-n38-k6 	BT-3   38   12    152    0    805   1239    807    174   0.3002    0.002
B-n38-k6 	BT-3   38   12    152    1    805   1093    808    310   0.4602    0.004
B-n38-k6 	BT-3   38    7     76    0    805   1037    805     95   0.1886    0.000
B-n38-k6 	BT-3   38    7     76    1    805    805    805     76   0.1737    0.000
B-n38-k6 	BT-3   38    3     38    0    805   1037    808     49   0.1096    0.004
B-n38-k6 	BT-3   38    3     38    1    805    805    805     38   0.0984    0.000
B-n38-k6 	BT-3   38   12    152    0    805   1239    806    196   0.3229    0.001
B-n38-k6 	BT-3   38   12    152    1    805   1093    817    351   0.4856    0.015
B-n38-k6 	BT-3   38    7     76    0    805   1037    819    105   0.1966    0.017
B-n38-k6 	BT-3   38    7     76    1    805    805    805     76   0.1739    0.000
B-n38-k6 	BT-3   38    3     38    0    805   1037    808     49   0.1047    0.004
B-n38-k6 	BT-3   38    3     38    1    805    805    805     38   0.0986    0.000
B-n38-k6 	BT-3   38   12    152    0    805   1239    807    209   0.3470    0.002
B-n38-k6 	BT-3   38   12    152    1    805   1093    824    217   0.3596    0.024
B-n38-k6 	BT-3   38    7     76    0    805   1037    805     95   0.1884    0.000
B-n38-k6 	BT-3   38    7     76    1    805    805    805     76   0.1734    0.000
B-n38-k6 	BT-3   38    3     38    0    805   1037    808     49   0.1048    0.004
B-n38-k6 	BT-3   38    3     38    1    805    805    805     38   0.0987    0.000
B-n38-k6 	BT-3   38   12    152    0    805   1239    806    284   0.4198    0.001
B-n38-k6 	BT-3   38   12    152    1    805   1093    824    219   0.3788    0.024
B-n38-k6 	BT-3   38    7     76    0    805   1037    808     87   0.1821    0.004
B-n38-k6 	BT-3   38    7     76    1    805    805    805     76   0.1733    0.000
B-n38-k6 	BT-3   38    3     38    0    805   1037    808     49   0.1047    0.004
B-n38-k6 	BT-3   38    3     38    1    805    805    805     38   0.0986    0.000
B-n38-k6 	BT-3   38   12    152    0    805   1239    809    189   0.3257    0.005
B-n38-k6 	BT-3   38   12    152    1    805   1093    805    230   0.3596    0.000
B-n38-k6 	BT-3   38    7     76    0    805   1037    808     92   0.1865    0.004
B-n38-k6 	BT-3   38    7     76    1    805    805    805     76   0.1765    0.000
B-n38-k6 	BT-3   38    3     38    0    805   1037    809    106   0.1580    0.005
B-n38-k6 	BT-3   38    3     38    1    805    805    805     38   0.0986    0.000
B-n38-k6 	BT-3   38   12    152    0    805   1239    807    183   0.3155    0.002
B-n38-k6 	BT-3   38   12    152    1    805   1093    815    319   0.4536    0.012
B-n38-k6 	BT-3   38    7     76    0    805   1037    807    171   0.2566    0.002
B-n38-k6 	BT-3   38    7     76    1    805    805    805     76   0.1734    0.000
B-n38-k6 	BT-3   38    3     38    0    805   1037    807     54   0.1066    0.002
B-n38-k6 	BT-3   38    3     38    1    805    805    805     38   0.0983    0.000
B-n38-k6 	BT-3   38   12    152    0    805   1239    807    198   0.3271    0.002
B-n38-k6 	BT-3   38   12    152    1    805   1093    806    365   0.5001    0.001
B-n38-k6 	BT-3   38    7     76    0    805   1037    806    100   0.1904    0.001
B-n38-k6 	BT-3   38    7     76    1    805    805    805     76   0.1743    0.000
B-n38-k6 	BT-3   38    3     38    0    805   1037    808     49   0.1049    0.004
B-n38-k6 	BT-3   38    3     38    1    805    805    805     38   0.0993    0.000
B-n38-k6 	BT-3   38   12    152    0    805   1239    806    228   0.3557    0.001
B-n38-k6 	BT-3   38   12    152    1    805   1093    807    344   0.4892    0.002
B-n38-k6 	BT-3   38    7     76    0    805   1037    808     91   0.1882    0.004
B-n38-k6 	BT-3   38    7     76    1    805    805    805     76   0.1734    0.000
B-n38-k6 	BT-3   38    3     38    0    805   1037    808     49   0.1047    0.004
B-n38-k6 	BT-3   38    3     38    1    805    805    805     38   0.0985    0.000
B-n38-k6 	BT-3   38   12    152    0    805   1239    806    197   0.3326    0.001
B-n38-k6 	BT-3   38   12    152    1    805   1093    821    251   0.3841    0.020
B-n38-k6 	BT-3   38    7     76    0    805   1037    808     87   0.1830    0.004
B-n38-k6 	BT-3   38    7     76    1    805    805    805     76   0.1741    0.000
B-n38-k6 	BT-3   38    3     38    0    805   1037    807     51   0.1128    0.002
B-n38-k6 	BT-3   38    3     38    1    805    805    805     38   0.0992    0.000
B-n38-k6 	BT-3   38   12    152    0    805   1239    811    184   0.3163    0.007
B-n38-k6 	BT-3   38   12    152    1    805   1093    809    247   0.3833    0.005
B-n38-k6 	BT-3   38    7     76    0    805   1037    807     91   0.1873    0.002
B-n38-k6 	BT-3   38    7     76    1    805    805    805     76   0.1736    0.000
B-n38-k6 	BT-3   38    3     38    0    805   1037    807     66   0.1224    0.002
B-n38-k6 	BT-3   38    3     38    1    805    805    805     38   0.0988    0.000
B-n38-k6 	BT-3   38   12    152    0    805   1239    806    199   0.3320    0.001
B-n38-k6 	BT-3   38   12    152    1    805   1093    821    200   0.3391    0.020
B-n38-k6 	BT-3   38    7     76    0    805   1037    805     95   0.1940    0.000
B-n38-k6 	BT-3   38    7     76    1    805    805    805     76   0.1744    0.000
B-n38-k6 	BT-3   38    3     38    0    805   1037    806     59   0.1110    0.001
B-n38-k6 	BT-3   38    3     38    1    805    805    805     38   0.0987    0.000
B-n38-k6 	BT-3   38   12    152    0    805   1239    809    189   0.3212    0.005
B-n38-k6 	BT-3   38   12    152    1    805   1093    820    228   0.3540    0.019
B-n38-k6 	BT-3   38    7     76    0    805   1037    808    102   0.1974    0.004
B-n38-k6 	BT-3   38    7     76    1    805    805    805     76   0.1739    0.000
B-n38-k6 	BT-3   38    3     38    0    805   1037    808     49   0.1048    0.004
B-n38-k6 	BT-3   38    3     38    1    805    805    805     38   0.0986    0.000
B-n38-k6 	BT-3   38   12    152    0    805   1239    808    210   0.3405    0.004
B-n38-k6 	BT-3   38   12    152    1    805   1093    808    206   0.3508    0.004
B-n38-k6 	BT-3   38    7     76    0    805   1037    808     87   0.1825    0.004
B-n38-k6 	BT-3   38    7     76    1    805    805    805     76   0.1735    0.000
B-n38-k6 	BT-3   38    3     38    0    805   1037    808     49   0.1059    0.004
B-n38-k6 	BT-3   38    3     38    1    805    805    805     38   0.0985    0.000
B-n38-k6 	BT-3   38   12    152    0    805   1239    809    189   0.3181    0.005
B-n38-k6 	BT-3   38   12    152    1    805   1093    807    355   0.5062    0.002
B-n38-k6 	BT-3   38    7     76    0    805   1037    805     95   0.1884    0.000
B-n38-k6 	BT-3   38    7     76    1    805    805    805     76   0.1752    0.000
B-n38-k6 	BT-3   38    3     38    0    805   1037    808     49   0.1051    0.004
B-n38-k6 	BT-3   38    3     38    1    805    805    805     38   0.0990    0.000
B-n38-k6 	BT-3   38   12    152    0    805   1239    817    178   0.3064    0.015
B-n38-k6 	BT-3   38   12    152    1    805   1093    807    342   0.4829    0.002
B-n38-k6 	BT-3   38    7     76    0    805   1037    807     91   0.1851    0.002
B-n38-k6 	BT-3   38    7     76    1    805    805    805     76   0.1742    0.000
B-n38-k6 	BT-3   38    3     38    0    805   1037    809     50   0.1046    0.005
B-n38-k6 	BT-3   38    3     38    1    805    805    805     38   0.0997    0.000
B-n38-k6 	BT-3   38   12    152    0    805   1239    807    197   0.3317    0.002
B-n38-k6 	BT-3   38   12    152    1    805   1093    827    227   0.3720    0.027
B-n38-k6 	BT-3   38    7     76    0    805   1037    808     89   0.2044    0.004
B-n38-k6 	BT-3   38    7     76    1    805    805    805     76   0.1752    0.000
B-n38-k6 	BT-3   38    3     38    0    805   1037    807     74   0.1300    0.002
B-n38-k6 	BT-3   38    3     38    1    805    805    805     38   0.0986    0.000
B-n38-k6 	BT-3   38   12    152    0    805   1239    809    189   0.3264    0.005
B-n38-k6 	BT-3   38   12    152    1    805   1093    813    226   0.3631    0.010
B-n38-k6 	BT-3   38    7     76    0    805   1037    806     95   0.1893    0.001
B-n38-k6 	BT-3   38    7     76    1    805    805    805     76   0.1771    0.000
B-n38-k6 	BT-3   38    3     38    0    805   1037    807     67   0.1231    0.002
B-n38-k6 	BT-3   38    3     38    1    805    805    805     38   0.0984    0.000
B-n38-k6 	BT-3   38   12    152    0    805   1239    809    189   0.3191    0.005
B-n38-k6 	BT-3   38   12    152    1    805   1093    815    233   0.3753    0.012
B-n38-k6 	BT-3   38    7     76    0    805   1037    808     87   0.1820    0.004
B-n38-k6 	BT-3   38    7     76    1    805    805    805     76   0.1738    0.000
B-n38-k6 	BT-3   38    3     38    0    805   1037    805     64   0.1145    0.000
B-n38-k6 	BT-3   38    3     38    1    805    805    805     38   0.0984    0.000
B-n38-k6 	BT-3   38   12    152    0    805   1239    806    205   0.3329    0.001
B-n38-k6 	BT-3   38   12    152    1    805   1093    810    330   0.4886    0.006
B-n38-k6 	BT-3   38    7     76    0    805   1037    808     87   0.1816    0.004
B-n38-k6 	BT-3   38    7     76    1    805    805    805     76   0.1730    0.000
B-n38-k6 	BT-3   38    3     38    0    805   1037    808     49   0.1054    0.004
B-n38-k6 	BT-3   38    3     38    1    805    805    805     38   0.1011    0.000
B-n38-k6 	BT-3   38   12    152    0    805   1239    807    185   0.3180    0.002
B-n38-k6 	BT-3   38   12    152    1    805   1093    825    273   0.4112    0.025
B-n38-k6 	BT-3   38    7     76    0    805   1037    806    169   0.2776    0.001
B-n38-k6 	BT-3   38    7     76    1    805    805    805     76   0.1739    0.000
B-n38-k6 	BT-3   38    3     38    0    805   1037    822     69   0.1186    0.021
B-n38-k6 	BT-3   38    3     38    1    805    805    805     38   0.0987    0.000
B-n38-k6 	BT-3   38   12    152    0    805   1239    809    189   0.3206    0.005
B-n38-k6 	BT-3   38   12    152    1    805   1093    823    196   0.3332    0.022
B-n38-k6 	BT-3   38    7     76    0    805   1037    807     91   0.1871    0.002
B-n38-k6 	BT-3   38    7     76    1    805    805    805     76   0.1750    0.000
B-n38-k6 	BT-3   38    3     38    0    805   1037    808     49   0.1053    0.004
B-n38-k6 	BT-3   38    3     38    1    805    805    805     38   0.0995    0.000
B-n38-k6 	BT-3   38   12    152    0    805   1239    809    189   0.3192    0.005
B-n38-k6 	BT-3   38   12    152    1    805   1093    820    261   0.3970    0.019
B-n38-k6 	BT-3   38    7     76    0    805   1037    805     95   0.1881    0.000
B-n38-k6 	BT-3   38    7     76    1    805    805    805     76   0.1757    0.000
B-n38-k6 	BT-3   38    3     38    0    805   1037    807     60   0.1136    0.002
B-n38-k6 	BT-3   38    3     38    1    805    805    805     38   0.0986    0.000
B-n38-k6 	BT-3   38   12    152    0    805   1239    820    184   0.3177    0.019
B-n38-k6 	BT-3   38   12    152    1    805   1093    807    248   0.3878    0.002
B-n38-k6 	BT-3   38    7     76    0    805   1037    808     87   0.1823    0.004
B-n38-k6 	BT-3   38    7     76    1    805    805    805     76   0.1740    0.000
B-n38-k6 	BT-3   38    3     38    0    805   1037    808     49   0.1075    0.004
B-n38-k6 	BT-3   38    3     38    1    805    805    805     38   0.1121    0.000
B-n38-k6 	BT-3   38   12    152    0    805   1239    807    177   0.3044    0.002
B-n38-k6 	BT-3   38   12    152    1    805   1093    806    251   0.3906    0.001
B-n38-k6 	BT-3   38    7     76    0    805   1037    805     95   0.1903    0.000
B-n38-k6 	BT-3   38    7     76    1    805    805    805     76   0.1738    0.000
B-n38-k6 	BT-3   38    3     38    0    805   1037    806     65   0.1129    0.001
B-n38-k6 	BT-3   38    3     38    1    805    805    805     38   0.0987    0.000
B-n38-k6 	BT-3   38   12    152    0    805   1239    808    241   0.3693    0.004
B-n38-k6 	BT-3   38   12    152    1    805   1093    815    327   0.4634    0.012
B-n38-k6 	BT-3   38    7     76    0    805   1037    807     96   0.1833    0.002
B-n38-k6 	BT-3   38    7     76    1    805    805    805     76   0.1739    0.000
B-n38-k6 	BT-3   38    3     38    0    805   1037    808     49   0.1047    0.004
B-n38-k6 	BT-3   38    3     38    1    805    805    805     38   0.0984    0.000
B-n38-k6 	BT-3   38   12    152    0    805   1239    810    286   0.4198    0.006
B-n38-k6 	BT-3   38   12    152    1    805   1093    806    254   0.3941    0.001
B-n38-k6 	BT-3   38    7     76    0    805   1037    806    101   0.1922    0.001
B-n38-k6 	BT-3   38    7     76    1    805    805    805     76   0.1742    0.000
B-n38-k6 	BT-3   38    3     38    0    805   1037    816     49   0.1021    0.014
B-n38-k6 	BT-3   38    3     38    1    805    805    805     38   0.0989    0.000
B-n38-k6 	BT-3   38   12    152    0    805   1239    809    189   0.3196    0.005
B-n38-k6 	BT-3   38   12    152    1    805   1093    834    217   0.3576    0.036
B-n38-k6 	BT-3   38    7     76    0    805   1037    807     91   0.1866    0.002
B-n38-k6 	BT-3   38    7     76    1    805    805    805     76   0.1741    0.000
B-n38-k6 	BT-3   38    3     38    0    805   1037    808     49   0.1053    0.004
B-n38-k6 	BT-3   38    3     38    1    805    805    805     38   0.1000    0.000
B-n38-k6 	BT-3   38   12    152    0    805   1239    807    183   0.3155    0.002
B-n38-k6 	BT-3   38   12    152    1    805   1093    831    238   0.3623    0.032
B-n38-k6 	BT-3   38    7     76    0    805   1037    807    103   0.1931    0.002
B-n38-k6 	BT-3   38    7     76    1    805    805    805     76   0.1750    0.000
B-n38-k6 	BT-3   38    3     38    0    805   1037    808     49   0.1046    0.004
B-n38-k6 	BT-3   38    3     38    1    805    805    805     38   0.0986    0.000
B-n38-k6 	BT-3   38   12    152    0    805   1239    809    184   0.3165    0.005
B-n38-k6 	BT-3   38   12    152    1    805   1093    810    269   0.3927    0.006
B-n38-k6 	BT-3   38    7     76    0    805   1037    805     95   0.1879    0.000
B-n38-k6 	BT-3   38    7     76    1    805    805    805     76   0.1739    0.000
B-n38-k6 	BT-3   38    3     38    0    805   1037    808     49   0.1052    0.004
B-n38-k6 	BT-3   38    3     38    1    805    805    805     38   0.0988    0.000
B-n38-k6 	BT-3   38   12    152    0    805   1239    807    188   0.3192    0.002
B-n38-k6 	BT-3   38   12    152    1    805   1093    806    255   0.3965    0.001
B-n38-k6 	BT-3   38    7     76    0    805   1037    808     87   0.1823    0.004
B-n38-k6 	BT-3   38    7     76    1    805    805    805     76   0.1775    0.000
B-n38-k6 	BT-3   38    3     38    0    805   1037    805     69   0.1169    0.000
B-n38-k6 	BT-3   38    3     38    1    805    805    805     38   0.0981    0.000
B-n38-k6 	BT-3   38   12    152    0    805   1239    807    221   0.3553    0.002
B-n38-k6 	BT-3   38   12    152    1    805   1093    809    334   0.4703    0.005
B-n38-k6 	BT-3   38    7     76    0    805   1037    805     95   0.1882    0.000
B-n38-k6 	BT-3   38    7     76    1    805    805    805     76   0.1751    0.000
B-n38-k6 	BT-3   38    3     38    0    805   1037    819     49   0.1023    0.017
B-n38-k6 	BT-3   38    3     38    1    805    805    805     38   0.0988    0.000
B-n38-k6 	BT-3   38   12    152    0    805   1239    809    184   0.3230    0.005
B-n38-k6 	BT-3   38   12    152    1    805   1093    807    268   0.4079    0.002
B-n38-k6 	BT-3   38    7     76    0    805   1037    808     87   0.1812    0.004
B-n38-k6 	BT-3   38    7     76    1    805    805    805     76   0.1731    0.000
B-n38-k6 	BT-3   38    3     38    0    805   1037    808     49   0.1052    0.004
B-n38-k6 	BT-3   38    3     38    1    805    805    805     38   0.0988    0.000
B-n38-k6 	BT-3   38   12    152    0    805   1239    806    196   0.3275    0.001
B-n38-k6 	BT-3   38   12    152    1    805   1093    824    282   0.4136    0.024
B-n38-k6 	BT-3   38    7     76    0    805   1037    817     93   0.1842    0.015
B-n38-k6 	BT-3   38    7     76    1    805    805    805     76   0.1743    0.000
B-n38-k6 	BT-3   38    3     38    0    805   1037    806     69   0.1225    0.001
B-n38-k6 	BT-3   38    3     38    1    805    805    805     38   0.0989    0.000
B-n38-k6 	BT-3   38   12    152    0    805   1239    809    189   0.3219    0.005
B-n38-k6 	BT-3   38   12    152    1    805   1093    811    182   0.3222    0.007
B-n38-k6 	BT-3   38    7     76    0    805   1037    805     95   0.1892    0.000
B-n38-k6 	BT-3   38    7     76    1    805    805    805     76   0.1739    0.000
B-n38-k6 	BT-3   38    3     38    0    805   1037    808     49   0.1055    0.004
B-n38-k6 	BT-3   38    3     38    1    805    805    805     38   0.0990    0.000
B-n38-k6 	BT-3   38   12    152    0    805   1239    809    189   0.3232    0.005
B-n38-k6 	BT-3   38   12    152    1    805   1093    808    224   0.3578    0.004
B-n38-k6 	BT-3   38    7     76    0    805   1037    805     95   0.1877    0.000
B-n38-k6 	BT-3   38    7     76    1    805    805    805     76   0.1753    0.000
B-n38-k6 	BT-3   38    3     38    0    805   1037    808     49   0.1060    0.004
B-n38-k6 	BT-3   38    3     38    1    805    805    805     38   0.0994    0.000
B-n38-k6 	BT-3   38   12    152    0    805   1239    809    189   0.3244    0.005
B-n38-k6 	BT-3   38   12    152    1    805   1093    818    185   0.3346    0.016
B-n38-k6 	BT-3   38    7     76    0    805   1037    806    104   0.1954    0.001
B-n38-k6 	BT-3   38    7     76    1    805    805    805     76   0.1744    0.000
B-n38-k6 	BT-3   38    3     38    0    805   1037    805     62   0.1162    0.000
B-n38-k6 	BT-3   38    3     38    1    805    805    805     38   0.0987    0.000
B-n38-k6 	BT-3   38   12    152    0    805   1239    809    189   0.3217    0.005
B-n38-k6 	BT-3   38   12    152    1    805   1093    820    177   0.3143    0.019
B-n38-k6 	BT-3   38    7     76    0    805   1037    805     95   0.1889    0.000
B-n38-k6 	BT-3   38    7     76    1    805    805    805     76   0.1853    0.000
B-n38-k6 	BT-3   38    3     38    0    805   1037    807     60   0.1126    0.002
B-n38-k6 	BT-3   38    3     38    1    805    805    805     38   0.0985    0.000
B-n38-k6 	BT-3   38   12    152    0    805   1239    809    189   0.3202    0.005
B-n38-k6 	BT-3   38   12    152    1    805   1093    814    354   0.4921    0.011
B-n38-k6 	BT-3   38    7     76    0    805   1037    805     95   0.1872    0.000
B-n38-k6 	BT-3   38    7     76    1    805    805    805     76   0.1738    0.000
B-n38-k6 	BT-3   38    3     38    0    805   1037    808     72   0.1254    0.004
B-n38-k6 	BT-3   38    3     38    1    805    805    805     38   0.0988    0.000
B-n38-k6 	BT-3   38   12    152    0    805   1239    809    189   0.3230    0.005
B-n38-k6 	BT-3   38   12    152    1    805   1093    806    273   0.4129    0.001
B-n38-k6 	BT-3   38    7     76    0    805   1037    805     95   0.1880    0.000
B-n38-k6 	BT-3   38    7     76    1    805    805    805     76   0.1763    0.000
B-n38-k6 	BT-3   38    3     38    0    805   1037    816     61   0.1131    0.014
B-n38-k6 	BT-3   38    3     38    1    805    805    805     38   0.0985    0.000
B-n38-k6 	BT-3   38   12    152    0    805   1239    808    217   0.3499    0.004
B-n38-k6 	BT-3   38   12    152    1    805   1093    813    228   0.3905    0.010
B-n38-k6 	BT-3   38    7     76    0    805   1037    816     95   0.1873    0.014
B-n38-k6 	BT-3   38    7     76    1    805    805    805     76   0.1743    0.000
B-n38-k6 	BT-3   38    3     38    0    805   1037    808     54   0.1070    0.004
B-n38-k6 	BT-3   38    3     38    1    805    805    805     38   0.0998    0.000
B-n38-k6 	BT-3   38   12    152    0    805   1239    809    191   0.3236    0.005
B-n38-k6 	BT-3   38   12    152    1    805   1093    806    230   0.3740    0.001
B-n38-k6 	BT-3   38    7     76    0    805   1037    808     87   0.1808    0.004
B-n38-k6 	BT-3   38    7     76    1    805    805    805     76   0.1755    0.000
B-n38-k6 	BT-3   38    3     38    0    805   1037    808     49   0.1051    0.004
B-n38-k6 	BT-3   38    3     38    1    805    805    805     38   0.0989    0.000
B-n38-k6 	BT-3   38   12    152    0    805   1239    808    186   0.3134    0.004
B-n38-k6 	BT-3   38   12    152    1    805   1093    806    228   0.3500    0.001
B-n38-k6 	BT-3   38    7     76    0    805   1037    805     95   0.1893    0.000
B-n38-k6 	BT-3   38    7     76    1    805    805    805     76   0.1739    0.000
B-n38-k6 	BT-3   38    3     38    0    805   1037    808     69   0.1271    0.004
B-n38-k6 	BT-3   38    3     38    1    805    805    805     38   0.0985    0.000
B-n38-k6 	BT-3   38   12    152    0    805   1239    809    189   0.3230    0.005
B-n38-k6 	BT-3   38   12    152    1    805   1093    811    351   0.4944    0.007
B-n38-k6 	BT-3   38    7     76    0    805   1037    805    104   0.1950    0.000
B-n38-k6 	BT-3   38    7     76    1    805    805    805     76   0.1731    0.000
B-n38-k6 	BT-3   38    3     38    0    805   1037    808     49   0.1048    0.004
B-n38-k6 	BT-3   38    3     38    1    805    805    805     38   0.0986    0.000
B-n38-k6 	BT-3   38   12    152    0    805   1239    809    189   0.3257    0.005
B-n38-k6 	BT-3   38   12    152    1    805   1093    838    196   0.3294    0.041
B-n38-k6 	BT-3   38    7     76    0    805   1037    808     87   0.1853    0.004
B-n38-k6 	BT-3   38    7     76    1    805    805    805     76   0.1732    0.000
B-n38-k6 	BT-3   38    3     38    0    805   1037    808     49   0.1046    0.004
B-n38-k6 	BT-3   38    3     38    1    805    805    805     38   0.0983    0.000
B-n38-k6 	BT-3   38   12    152    0    805   1239    825    222   0.3385    0.025
B-n38-k6 	BT-3   38   12    152    1    805   1093    827    276   0.4040    0.027
B-n38-k6 	BT-3   38    7     76    0    805   1037    805     95   0.1873    0.000
B-n38-k6 	BT-3   38    7     76    1    805    805    805     76   0.1756    0.000
B-n38-k6 	BT-3   38    3     38    0    805   1037    808     49   0.1065    0.004
B-n38-k6 	BT-3   38    3     38    1    805    805    805     38   0.0986    0.000
B-n38-k6 	BT-3   38   12    152    0    805   1239    814    326   0.4501    0.011
B-n38-k6 	BT-3   38   12    152    1    805   1093    820    301   0.4460    0.019
B-n38-k6 	BT-3   38    7     76    0    805   1037    808     87   0.1821    0.004
B-n38-k6 	BT-3   38    7     76    1    805    805    805     76   0.1741    0.000
B-n38-k6 	BT-3   38    3     38    0    805   1037    807     51   0.1082    0.002
B-n38-k6 	BT-3   38    3     38    1    805    805    805     38   0.0989    0.000
B-n38-k6 	BT-3   38   12    152    0    805   1239    809    189   0.3261    0.005
B-n38-k6 	BT-3   38   12    152    1    805   1093    807    336   0.4773    0.002
B-n38-k6 	BT-3   38    7     76    0    805   1037    805    136   0.2255    0.000
B-n38-k6 	BT-3   38    7     76    1    805    805    805     76   0.1738    0.000
B-n38-k6 	BT-3   38    3     38    0    805   1037    810     48   0.1022    0.006
B-n38-k6 	BT-3   38    3     38    1    805    805    805     38   0.0984    0.000
B-n38-k6 	BT-3   38   12    152    0    805   1239    807    183   0.3172    0.002
B-n38-k6 	BT-3   38   12    152    1    805   1093    807    251   0.3845    0.002
B-n38-k6 	BT-3   38    7     76    0    805   1037    808     87   0.1855    0.004
B-n38-k6 	BT-3   38    7     76    1    805    805    805     76   0.2078    0.000
B-n38-k6 	BT-3   38    3     38    0    805   1037    808     49   0.1046    0.004
B-n38-k6 	BT-3   38    3     38    1    805    805    805     38   0.0987    0.000
B-n38-k6 	BT-3   38   12    152    0    805   1239    807    233   0.3621    0.002
B-n38-k6 	BT-3   38   12    152    1    805   1093    807    259   0.3940    0.002
B-n38-k6 	BT-3   38    7     76    0    805   1037    808     87   0.1807    0.004
B-n38-k6 	BT-3   38    7     76    1    805    805    805     76   0.1742    0.000
B-n38-k6 	BT-3   38    3     38    0    805   1037    808     54   0.1089    0.004
B-n38-k6 	BT-3   38    3     38    1    805    805    805     38   0.0992    0.000
B-n38-k6 	BT-3   38   12    152    0    805   1239    808    248   0.3805    0.004
B-n38-k6 	BT-3   38   12    152    1    805   1093    829    194   0.3405    0.030
B-n38-k6 	BT-3   38    7     76    0    805   1037    805    112   0.1980    0.000
B-n38-k6 	BT-3   38    7     76    1    805    805    805     76   0.1743    0.000
B-n38-k6 	BT-3   38    3     38    0    805   1037    806     66   0.1215    0.001
B-n38-k6 	BT-3   38    3     38    1    805    805    805     38   0.0986    0.000
B-n38-k6 	BT-3   38   12    152    0    805   1239    818    187   0.3153    0.016
B-n38-k6 	BT-3   38   12    152    1    805   1093    820    187   0.3253    0.019
B-n38-k6 	BT-3   38    7     76    0    805   1037    808     87   0.1816    0.004
B-n38-k6 	BT-3   38    7     76    1    805    805    805     76   0.1755    0.000
B-n38-k6 	BT-3   38    3     38    0    805   1037    849     47   0.1051    0.055
B-n38-k6 	BT-3   38    3     38    1    805    805    805     38   0.1004    0.000
B-n38-k6 	BT-3   38   12    152    0    805   1239    809    189   0.3260    0.005
B-n38-k6 	BT-3   38   12    152    1    805   1093    809    241   0.3708    0.005
B-n38-k6 	BT-3   38    7     76    0    805   1037    815     96   0.1871    0.012
B-n38-k6 	BT-3   38    7     76    1    805    805    805     76   0.1738    0.000
B-n38-k6 	BT-3   38    3     38    0    805   1037    822     50   0.1050    0.021
B-n38-k6 	BT-3   38    3     38    1    805    805    805     38   0.0986    0.000
B-n38-k6 	BT-3   38   12    152    0    805   1239    809    196   0.3332    0.005
B-n38-k6 	BT-3   38   12    152    1    805   1093    806    186   0.3188    0.001
B-n38-k6 	BT-3   38    7     76    0    805   1037    807     95   0.1868    0.002
B-n38-k6 	BT-3   38    7     76    1    805    805    805     76   0.1736    0.000
B-n38-k6 	BT-3   38    3     38    0    805   1037    806     64   0.1202    0.001
B-n38-k6 	BT-3   38    3     38    1    805    805    805     38   0.0990    0.000
B-n38-k6 	BT-3   38   12    152    0    805   1239    807    179   0.3152    0.002
B-n38-k6 	BT-3   38   12    152    1    805   1093    808    287   0.4173    0.004
B-n38-k6 	BT-3   38    7     76    0    805   1037    806    115   0.2133    0.001
B-n38-k6 	BT-3   38    7     76    1    805    805    805     76   0.1747    0.000
B-n38-k6 	BT-3   38    3     38    0    805   1037    808     49   0.1052    0.004
B-n38-k6 	BT-3   38    3     38    1    805    805    805     38   0.0987    0.000
B-n38-k6 	BT-3   38   12    152    0    805   1239    808    192   0.3182    0.004
B-n38-k6 	BT-3   38   12    152    1    805   1093    808    497   0.6409    0.004
B-n38-k6 	BT-3   38    7     76    0    805   1037    805     95   0.1896    0.000
B-n38-k6 	BT-3   38    7     76    1    805    805    805     76   0.1735    0.000
B-n38-k6 	BT-3   38    3     38    0    805   1037    805     68   0.1176    0.000
B-n38-k6 	BT-3   38    3     38    1    805    805    805     38   0.0987    0.000
B-n38-k6 	BT-3   38   12    152    0    805   1239    809    180   0.3169    0.005
B-n38-k6 	BT-3   38   12    152    1    805   1093    822    207   0.3496    0.021
B-n38-k6 	BT-3   38    7     76    0    805   1037    807     91   0.1866    0.002
B-n38-k6 	BT-3   38    7     76    1    805    805    805     76   0.1731    0.000
B-n38-k6 	BT-3   38    3     38    0    805   1037    808     49   0.1046    0.004
B-n38-k6 	BT-3   38    3     38    1    805    805    805     38   0.0984    0.000
B-n38-k6 	BT-3   38   12    152    0    805   1239    808    185   0.3227    0.004
B-n38-k6 	BT-3   38   12    152    1    805   1093    816    192   0.3349    0.014
B-n38-k6 	BT-3   38    7     76    0    805   1037    817     93   0.1826    0.015
B-n38-k6 	BT-3   38    7     76    1    805    805    805     76   0.1733    0.000
B-n38-k6 	BT-3   38    3     38    0    805   1037    808     49   0.1047    0.004
B-n38-k6 	BT-3   38    3     38    1    805    805    805     38   0.0985    0.000
B-n38-k6 	BT-3   38   12    152    0    805   1239    807    266   0.4039    0.002
B-n38-k6 	BT-3   38   12    152    1    805   1093    812    220   0.3533    0.009
B-n38-k6 	BT-3   38    7     76    0    805   1037    808     95   0.1839    0.004
B-n38-k6 	BT-3   38    7     76    1    805    805    805     76   0.1739    0.000
B-n38-k6 	BT-3   38    3     38    0    805   1037    810     68   0.1227    0.006
B-n38-k6 	BT-3   38    3     38    1    805    805    805     38   0.0986    0.000
B-n38-k6 	BT-3   38   12    152    0    805   1239    827    213   0.3677    0.027
B-n38-k6 	BT-3   38   12    152    1    805   1093    806    272   0.4124    0.001
B-n38-k6 	BT-3   38    7     76    0    805   1037    807     91   0.1865    0.002
B-n38-k6 	BT-3   38    7     76    1    805    805    805     76   0.1756    0.000
B-n38-k6 	BT-3   38    3     38    0    805   1037    808     54   0.1095    0.004
B-n38-k6 	BT-3   38    3     38    1    805    805    805     38   0.0988    0.000
B-n38-k6 	BT-3   38   12    152    0    805   1239    809    189   0.3181    0.005
B-n38-k6 	BT-3   38   12    152    1    805   1093    811    184   0.3279    0.007
B-n38-k6 	BT-3   38    7     76    0    805   1037    816    119   0.2189    0.014
B-n38-k6 	BT-3   38    7     76    1    805    805    805     76   0.1735    0.000
B-n38-k6 	BT-3   38    3     38    0    805   1037    809     52   0.1065    0.005
B-n38-k6 	BT-3   38    3     38    1    805    805    805     38   0.0984    0.000
B-n38-k6 	BT-3   38   12    152    0    805   1239    817    178   0.3063    0.015
B-n38-k6 	BT-3   38   12    152    1    805   1093    811    299   0.4299    0.007
B-n38-k6 	BT-3   38    7     76    0    805   1037    807    169   0.2555    0.002
B-n38-k6 	BT-3   38    7     76    1    805    805    805     76   0.1731    0.000
B-n38-k6 	BT-3   38    3     38    0    805   1037    819     49   0.1025    0.017
B-n38-k6 	BT-3   38    3     38    1    805    805    805     38   0.0991    0.000
B-n38-k6 	BT-3   38   12    152    0    805   1239    819    199   0.3334    0.017
B-n38-k6 	BT-3   38   12    152    1    805   1093    817    186   0.3289    0.015
B-n38-k6 	BT-3   38    7     76    0    805   1037    806    134   0.2236    0.001
B-n38-k6 	BT-3   38    7     76    1    805    805    805     76   0.1734    0.000
B-n38-k6 	BT-3   38    3     38    0    805   1037    808     49   0.1076    0.004
B-n38-k6 	BT-3   38    3     38    1    805    805    805     38   0.0987    0.000
B-n38-k6 	BT-3   38   12    152    0    805   1239    807    217   0.3518    0.002
B-n38-k6 	BT-3   38   12    152    1    805   1093    810    177   0.3193    0.006
B-n38-k6 	BT-3   38    7     76    0    805   1037    805     95   0.1880    0.000
B-n38-k6 	BT-3   38    7     76    1    805    805    805     76   0.1749    0.000
B-n38-k6 	BT-3   38    3     38    0    805   1037    809     50   0.1057    0.005
B-n38-k6 	BT-3   38    3     38    1    805    805    805     38   0.0986    0.000
B-n38-k6 	BT-3   38   12    152    0    805   1239    806    274   0.4035    0.001
B-n38-k6 	BT-3   38   12    152    1    805   1093    810    397   0.5279    0.006
B-n38-k6 	BT-3   38    7     76    0    805   1037    824    134   0.2387    0.024
B-n38-k6 	BT-3   38    7     76    1    805    805    805     76   0.1745    0.000
B-n38-k6 	BT-3   38    3     38    0    805   1037    806     92   0.1593    0.001
B-n38-k6 	BT-3   38    3     38    1    805    805    805     38   0.1010    0.000
