P-n76-k4 	BT-1   76   25    304    0    589    824    618    318   3.6146    0.049
P-n76-k4 	BT-1   76   25    304    1    589    792    630    320   3.6976    0.070
P-n76-k4 	BT-1   76   12    152    0    589    618    611    277  10.4462    0.037
P-n76-k4 	BT-1   76   12    152    1    589    618    616    193   9.4879    0.046
P-n76-k4 	BT-1   76   57    152    0    589    611    611    152  28.9629    0.037
P-n76-k4 	BT-1   76   57    152    1    589    611    611    152  28.9881    0.037
P-n76-k4 	BT-2   76   25    304    0    589    824    615    628   7.1540    0.044
P-n76-k4 	BT-2   76   25    304    1    589    792    622    321   3.6672    0.056
P-n76-k4 	BT-2   76   12    152    0    589    615    613    168  12.7393    0.041
P-n76-k4 	BT-2   76   12    152    1    589    615    610    201  13.0990    0.036
P-n76-k4 	BT-2   76   57    152    0    589    610    610    152  38.3725    0.036
P-n76-k4 	BT-2   76   57    152    1    589    610    610    152  38.3750    0.036
P-n76-k4 	BT-3   76   25    304    0    589    824    633    266   2.9065    0.075
P-n76-k4 	BT-3   76   25    304    1    589    792    627    285   3.0931    0.065
P-n76-k4 	BT-3   76   12    152    0    589    627    627    106   7.1934    0.065
P-n76-k4 	BT-3   76   12    152    1    589    627    627    108   7.2224    0.065
P-n76-k4 	BT-3   76   57    152    0    589    627    627    104  21.5895    0.065
P-n76-k4 	BT-3   76   57    152    1    589    627    627    104  21.5857    0.065
P-n76-k4 	BT-3   76   25    304    0    589    824    633    267   2.9215    0.075
P-n76-k4 	BT-3   76   25    304    1    589    792    625    284   3.0713    0.061
P-n76-k4 	BT-3   76   12    152    0    589    625    625    100  70.7133    0.061
P-n76-k4 	BT-3   76   12    152    1    589    625    614    114  70.8484    0.042
P-n76-k4 	BT-3   76   57    152    0    589    614    614    104 212.3228    0.042
P-n76-k4 	BT-3   76   57    152    1    589    614    614    104 212.3123    0.042
P-n76-k4 	BT-3   76   25    304    0    589    824    633    269   2.9413    0.075
P-n76-k4 	BT-3   76   25    304    1    589    792    625    272   2.9486    0.061
P-n76-k4 	BT-3   76   12    152    0    589    614    614     99 642.7859    0.042
P-n76-k4 	BT-3   76   12    152    1    589    614    614    111 642.9318    0.042
P-n76-k4 	BT-3   76   57    152    0    589    614    614    112 1928.6517    0.042
P-n76-k4 	BT-3   76   57    152    1    589    614    614    101 1928.5555    0.042
P-n76-k4 	BT-3   76   25    304    0    589    824    633    270   2.9389    0.075
P-n76-k4 	BT-3   76   25    304    1    589    792    625    275   2.9647    0.061
P-n76-k4 	BT-3   76   12    152    0    589    614    614    105 1496.7180    0.042
P-n76-k4 	BT-3   76   12    152    1    589    614    614    104 1496.7168    0.042
P-n76-k4 	BT-3   76   57    152    0    589    614    614    111 195.2799    0.042
P-n76-k4 	BT-3   76   57    152    1    589    614    614    104 195.1803    0.042
P-n76-k4 	BT-3   76   25    304    0    589    824    633    264   2.8866    0.075
P-n76-k4 	BT-3   76   25    304    1    589    792    632    270   2.9092    0.073
P-n76-k4 	BT-3   76   12    152    0    589    614    614    104 591.4316    0.042
P-n76-k4 	BT-3   76   12    152    1    589    614    614    104 591.4335    0.042
P-n76-k4 	BT-3   76   57    152    0    589    614    614    102 1774.2689    0.042
P-n76-k4 	BT-3   76   57    152    1    589    614    614    106 1774.3163    0.042
P-n76-k4 	BT-3   76   25    304    0    589    824    633    268   2.9231    0.075
P-n76-k4 	BT-3   76   25    304    1    589    792    642    453   4.9897    0.090
P-n76-k4 	BT-3   76   12    152    0    589    614    614    108 1035.8713    0.042
P-n76-k4 	BT-3   76   12    152    1    589    614    614    110 1035.8990    0.042
P-n76-k4 	BT-3   76   57    152    0    589    614    614    105 -1187.3560    0.042
P-n76-k4 	BT-3   76   57    152    1    589    614    614    107 -1187.3424    0.042
P-n76-k4 	BT-3   76   25    304    0    589    824    655    266   2.9200    0.112
P-n76-k4 	BT-3   76   25    304    1    589    792    625    281   3.0232    0.061
P-n76-k4 	BT-3   76   12    152    0    589    614    614    108 738.8945    0.042
P-n76-k4 	BT-3   76   12    152    1    589    614    614    107 738.8788    0.042
P-n76-k4 	BT-3   76   57    152    0    589    614    614    106 -2078.3269    0.042
P-n76-k4 	BT-3   76   57    152    1    589    614    614    107 -2078.3149    0.042
P-n76-k4 	BT-3   76   25    304    0    589    824    633    269   2.9471    0.075
P-n76-k4 	BT-3   76   25    304    1    589    792    625    276   2.9524    0.061
P-n76-k4 	BT-3   76   12    152    0    589    614    614    101 -1934.1622    0.042
P-n76-k4 	BT-3   76   12    152    1    589    614    614    101 -1934.1500    0.042
P-n76-k4 	BT-3   76   57    152    0    589    614    614    103 -1507.4866    0.042
P-n76-k4 	BT-3   76   57    152    1    589    614    614    110 -1507.4088    0.042
P-n76-k4 	BT-3   76   25    304    0    589    824    633    266   2.9146    0.075
P-n76-k4 	BT-3   76   25    304    1    589    792    625    280   3.0100    0.061
P-n76-k4 	BT-3   76   12    152    0    589    614    614    105 -221.4661    0.042
P-n76-k4 	BT-3   76   12    152    1    589    614    614    104 -221.4759    0.042
P-n76-k4 	BT-3   76   57    152    0    589    614    614    106 -664.3989    0.042
P-n76-k4 	BT-3   76   57    152    1    589    614    614    102 -664.4466    0.042
P-n76-k4 	BT-3   76   25    304    0    589    824    633    264   2.8726    0.075
P-n76-k4 	BT-3   76   25    304    1    589    792    625    279   2.9892    0.061
P-n76-k4 	BT-3   76   12    152    0    589    614    614     99 -1987.4550    0.042
P-n76-k4 	BT-3   76   12    152    1    589    614    614    106 -1987.3687    0.042
P-n76-k4 	BT-3   76   57    152    0    589    614    614    108 -1667.2102    0.042
P-n76-k4 	BT-3   76   57    152    1    589    614    614    115 -1667.1338    0.042
P-n76-k4 	BT-3   76   25    304    0    589    824    646    267   2.9222    0.097
P-n76-k4 	BT-3   76   25    304    1    589    792    625    279   3.0081    0.061
P-n76-k4 	BT-3   76   12    152    0    589    614    614    118 -700.5460    0.042
P-n76-k4 	BT-3   76   12    152    1    589    614    614    110 -700.6237    0.042
P-n76-k4 	BT-3   76   57    152    0    589    614    614    107 -2101.8245    0.042
P-n76-k4 	BT-3   76   57    152    1    589    614    614    109 -2101.8152    0.042
P-n76-k4 	BT-3   76   25    304    0    589    824    633    270   2.9382    0.075
P-n76-k4 	BT-3   76   25    304    1    589    792    625    287   3.0930    0.061
P-n76-k4 	BT-3   76   12    152    0    589    614    614    102 -2004.5344    0.042
P-n76-k4 	BT-3   76   12    152    1    589    614    614    103 -2004.5309    0.042
P-n76-k4 	BT-3   76   57    152    0    589    614    614    110 -1718.5513    0.042
P-n76-k4 	BT-3   76   57    152    1    589    614    614    102 -1718.6381    0.042
P-n76-k4 	BT-3   76   25    304    0    589    824    633    270   2.9580    0.075
P-n76-k4 	BT-3   76   25    304    1    589    792    628    282   3.0506    0.066
P-n76-k4 	BT-3   76   12    152    0    589    614    614    101 -854.8489    0.042
P-n76-k4 	BT-3   76   12    152    1    589    614    614    106 -854.8026    0.042
P-n76-k4 	BT-3   76   57    152    0    589    614    614    103 1730.4803    0.042
P-n76-k4 	BT-3   76   57    152    1    589    614    614    102 1730.4722    0.042
P-n76-k4 	BT-3   76   25    304    0    589    824    633    266   2.9019    0.075
P-n76-k4 	BT-3   76   25    304    1    589    792    625    273   2.9315    0.061
P-n76-k4 	BT-3   76   12    152    0    589    614    614    106 902.3278    0.042
P-n76-k4 	BT-3   76   12    152    1    589    614    614    108 902.3544    0.042
P-n76-k4 	BT-3   76   57    152    0    589    614    614    106 -1587.9568    0.042
P-n76-k4 	BT-3   76   57    152    1    589    614    614    109 -1587.9226    0.042
P-n76-k4 	BT-3   76   25    304    0    589    824    633    270   2.9547    0.075
P-n76-k4 	BT-3   76   25    304    1    589    792    625    280   3.0126    0.061
P-n76-k4 	BT-3   76   12    152    0    589    614    614    104 -462.9199    0.042
P-n76-k4 	BT-3   76   12    152    1    589    614    614    106 -462.9010    0.042
P-n76-k4 	BT-3   76   57    152    0    589    614    614    111 -1388.6586    0.042
P-n76-k4 	BT-3   76   57    152    1    589    614    614    106 -1388.7212    0.042
P-n76-k4 	BT-3   76   25    304    0    589    824    633    269   2.9526    0.075
P-n76-k4 	BT-3   76   25    304    1    589    792    625    293   3.1610    0.061
P-n76-k4 	BT-3   76   12    152    0    589    614    614    104 134.9653    0.042
P-n76-k4 	BT-3   76   12    152    1    589    614    614    105 134.9742    0.042
P-n76-k4 	BT-3   76   57    152    0    589    614    614    104 404.8986    0.042
P-n76-k4 	BT-3   76   57    152    1    589    614    614    110 404.9619    0.042
P-n76-k4 	BT-3   76   25    304    0    589    824    633    271   2.9714    0.075
P-n76-k4 	BT-3   76   25    304    1    589    792    625    284   3.0475    0.061
P-n76-k4 	BT-3   76   12    152    0    589    614    614    113 1220.8818    0.042
P-n76-k4 	BT-3   76   12    152    1    589    614    614    109 1220.8368    0.042
P-n76-k4 	BT-3   76   57    152    0    589    614    614     98 -632.5394    0.042
P-n76-k4 	BT-3   76   57    152    1    589    614    614    111 -632.3821    0.042
P-n76-k4 	BT-3   76   25    304    0    589    824    633    267   2.9154    0.075
P-n76-k4 	BT-3   76   25    304    1    589    792    625    276   2.9474    0.061
P-n76-k4 	BT-3   76   12    152    0    589    614    614    100 -1891.5750    0.042
P-n76-k4 	BT-3   76   12    152    1    589    614    614    103 -1891.5452    0.042
P-n76-k4 	BT-3   76   57    152    0    589    614    614    105 -1379.6743    0.042
P-n76-k4 	BT-3   76   57    152    1    589    614    614    108 -1379.6455    0.042
P-n76-k4 	BT-3   76   25    304    0    589    824    633    264   2.8780    0.075
P-n76-k4 	BT-3   76   25    304    1    589    792    625    279   2.9943    0.061
P-n76-k4 	BT-3   76   12    152    0    589    614    614    105 161.8592    0.042
P-n76-k4 	BT-3   76   12    152    1    589    614    614    104 161.8407    0.042
P-n76-k4 	BT-3   76   57    152    0    589    614    614    113 485.6549    0.042
P-n76-k4 	BT-3   76   57    152    1    589    614    614    111 485.6096    0.042
P-n76-k4 	BT-3   76   25    304    0    589    824    633    276   3.0207    0.075
P-n76-k4 	BT-3   76   25    304    1    589    792    625    282   3.0359    0.061
P-n76-k4 	BT-3   76   12    152    0    589    614    614    105 1462.8756    0.042
P-n76-k4 	BT-3   76   12    152    1    589    614    614    104 1462.8546    0.042
P-n76-k4 	BT-3   76   57    152    0    589    614    614     98  93.5576    0.042
P-n76-k4 	BT-3   76   57    152    1    589    614    614    111  93.7033    0.042
P-n76-k4 	BT-3   76   25    304    0    589    824    633    272   2.9997    0.075
P-n76-k4 	BT-3   76   25    304    1    589    792    625    282   3.0337    0.061
P-n76-k4 	BT-3   76   12    152    0    589    614    614    107 286.9532    0.042
P-n76-k4 	BT-3   76   12    152    1    589    614    614    102 286.8931    0.042
P-n76-k4 	BT-3   76   57    152    0    589    614    614     99 860.7053    0.042
P-n76-k4 	BT-3   76   57    152    1    589    614    614    109 860.8186    0.042
P-n76-k4 	BT-3   76   25    304    0    589    824    633    277   3.0290    0.075
P-n76-k4 	BT-3   76   25    304    1    589    792    625    277   2.9681    0.061
P-n76-k4 	BT-3   76   12    152    0    589    614    614    109 -1706.6156    0.042
P-n76-k4 	BT-3   76   12    152    1    589    614    614    107 -1706.6550    0.042
P-n76-k4 	BT-3   76   57    152    0    589    614    614    113 -824.8796    0.042
P-n76-k4 	BT-3   76   57    152    1    589    614    614    108 -824.9529    0.042
P-n76-k4 	BT-3   76   25    304    0    589    824    633    267   2.9128    0.075
P-n76-k4 	BT-3   76   25    304    1    589    792    625    273   2.9251    0.061
P-n76-k4 	BT-3   76   12    152    0    589    614    614    112 1826.0802    0.042
P-n76-k4 	BT-3   76   12    152    1    589    614    614    106 1826.0193    0.042
P-n76-k4 	BT-3   76   57    152    0    589    614    614    104 1183.1194    0.042
P-n76-k4 	BT-3   76   57    152    1    589    614    614    111 1183.1962    0.042
P-n76-k4 	BT-3   76   25    304    0    589    824    633    271   2.9672    0.075
P-n76-k4 	BT-3   76   25    304    1    589    792    625    278   2.9867    0.061
P-n76-k4 	BT-3   76   12    152    0    589    614    614    112 -739.4886    0.042
P-n76-k4 	BT-3   76   12    152    1    589    614    614    100 -739.6266    0.042
P-n76-k4 	BT-3   76   57    152    0    589    614    614    113 2076.3682    0.042
P-n76-k4 	BT-3   76   57    152    1    589    614    614    103 2076.2595    0.042
P-n76-k4 	BT-3   76   25    304    0    589    824    633    272   2.9746    0.075
P-n76-k4 	BT-3   76   25    304    1    589    792    625    281   3.0344    0.061
P-n76-k4 	BT-3   76   12    152    0    589    614    614    106 1939.9728    0.042
P-n76-k4 	BT-3   76   12    152    1    589    614    614    113 1940.0396    0.042
P-n76-k4 	BT-3   76   57    152    0    589    614    614    109 1525.0367    0.042
P-n76-k4 	BT-3   76   57    152    1    589    614    614    111 1525.1001    0.042
P-n76-k4 	BT-3   76   25    304    0    589    824    633    270   2.9547    0.075
P-n76-k4 	BT-3   76   25    304    1    589    792    628    271   2.9113    0.066
P-n76-k4 	BT-3   76   12    152    0    589    614    614    101 285.9870    0.042
P-n76-k4 	BT-3   76   12    152    1    589    614    614    113 286.1239    0.042
P-n76-k4 	BT-3   76   57    152    0    589    614    614    111 858.2142    0.042
P-n76-k4 	BT-3   76   57    152    1    589    614    614    104 858.1350    0.042
P-n76-k4 	BT-3   76   25    304    0    589    824    633    272   2.9866    0.075
P-n76-k4 	BT-3   76   25    304    1    589    792    625    278   2.9902    0.061
P-n76-k4 	BT-3   76   12    152    0    589    614    614    110 -1714.4401    0.042
P-n76-k4 	BT-3   76   12    152    1    589    614    614    106 -1714.4792    0.042
P-n76-k4 	BT-3   76   57    152    0    589    614    614    109 -848.4069    0.042
P-n76-k4 	BT-3   76   57    152    1    589    614    614    107 -848.4243    0.042
P-n76-k4 	BT-3   76   25    304    0    589    824    633    270   2.9576    0.075
P-n76-k4 	BT-3   76   25    304    1    589    792    625    281   3.0106    0.061
P-n76-k4 	BT-3   76   12    152    0    589    614    614    109 1755.6965    0.042
P-n76-k4 	BT-3   76   12    152    1    589    614    614    104 1755.6382    0.042
P-n76-k4 	BT-3   76   57    152    0    589    614    614    100 971.9625    0.042
P-n76-k4 	BT-3   76   57    152    1    589    614    614    106 972.0306    0.042
P-n76-k4 	BT-3   76   25    304    0    589    824    633    278   3.0429    0.075
P-n76-k4 	BT-3   76   25    304    1    589    792    625    289   3.1109    0.061
P-n76-k4 	BT-3   76   12    152    0    589    614    614     99 -1372.8591    0.042
P-n76-k4 	BT-3   76   12    152    1    589    614    614    106 -1372.7825    0.042
P-n76-k4 	BT-3   76   57    152    0    589    614    614    107 176.5632    0.042
P-n76-k4 	BT-3   76   57    152    1    589    614    614    102 176.4928    0.042
P-n76-k4 	BT-3   76   25    304    0    589    824    633    270   2.9462    0.075
P-n76-k4 	BT-3   76   25    304    1    589    792    625    278   2.9930    0.061
P-n76-k4 	BT-3   76   12    152    0    589    614    614    113 535.6093    0.042
P-n76-k4 	BT-3   76   12    152    1    589    614    614    103 535.5052    0.042
P-n76-k4 	BT-3   76   57    152    0    589    614    614    105 1606.6370    0.042
P-n76-k4 	BT-3   76   57    152    1    589    614    614    106 1606.6490    0.042
P-n76-k4 	BT-3   76   25    304    0    589    824    633    261   2.8752    0.075
P-n76-k4 	BT-3   76   25    304    1    589    792    627    276   2.9818    0.065
P-n76-k4 	BT-3   76   12    152    0    589    614    614    103 530.7938    0.042
P-n76-k4 	BT-3   76   12    152    1    589    614    614    109 530.8638    0.042
P-n76-k4 	BT-3   76   57    152    0    589    614    614    100 1592.4122    0.042
P-n76-k4 	BT-3   76   57    152    1    589    614    614    108 1592.5063    0.042
P-n76-k4 	BT-3   76   25    304    0    589    824    633    272   2.9636    0.075
P-n76-k4 	BT-3   76   25    304    1    589    792    625    273   2.9323    0.061
P-n76-k4 	BT-3   76   12    152    0    589    614    614    107 488.3420    0.042
P-n76-k4 	BT-3   76   12    152    1    589    614    614    102 488.2841    0.042
P-n76-k4 	BT-3   76   57    152    0    589    614    614    108 1464.9719    0.042
P-n76-k4 	BT-3   76   57    152    1    589    614    614    110 1465.0040    0.042
P-n76-k4 	BT-3   76   25    304    0    589    824    633    265   2.8940    0.075
P-n76-k4 	BT-3   76   25    304    1    589    792    636    289   3.1584    0.080
P-n76-k4 	BT-3   76   12    152    0    589    614    614    104 105.9999    0.042
P-n76-k4 	BT-3   76   12    152    1    589    614    614    109 106.0426    0.042
P-n76-k4 	BT-3   76   57    152    0    589    614    614    106 318.0596    0.042
P-n76-k4 	BT-3   76   57    152    1    589    614    614    104 318.0293    0.042
P-n76-k4 	BT-3   76   25    304    0    589    824    633    269   2.9379    0.075
P-n76-k4 	BT-3   76   25    304    1    589    792    625    284   3.0599    0.061
P-n76-k4 	BT-3   76   12    152    0    589    614    614    107 960.1520    0.042
P-n76-k4 	BT-3   76   12    152    1    589    614    614    103 960.1104    0.042
P-n76-k4 	BT-3   76   57    152    0    589    614    614    101 -1414.6156    0.042
P-n76-k4 	BT-3   76   57    152    1    589    614    614    105 -1414.5697    0.042
P-n76-k4 	BT-3   76   25    304    0    589    824    633    266   2.9051    0.075
P-n76-k4 	BT-3   76   25    304    1    589    792    625    282   3.0215    0.061
P-n76-k4 	BT-3   76   12    152    0    589    614    614    108  57.1764    0.042
P-n76-k4 	BT-3   76   12    152    1    589    614    614    108  57.1792    0.042
P-n76-k4 	BT-3   76   57    152    0    589    614    614    107 171.5133    0.042
P-n76-k4 	BT-3   76   57    152    1    589    614    614    114 171.5893    0.042
P-n76-k4 	BT-3   76   25    304    0    589    824    633    273   2.9837    0.075
P-n76-k4 	BT-3   76   25    304    1    589    792    625    275   2.9584    0.061
P-n76-k4 	BT-3   76   12    152    0    589    614    614    101 520.5009    0.042
P-n76-k4 	BT-3   76   12    152    1    589    614    614    105 520.5324    0.042
P-n76-k4 	BT-3   76   57    152    0    589    614    614    105 1561.5651    0.042
P-n76-k4 	BT-3   76   57    152    1    589    614    614    104 1561.5548    0.042
P-n76-k4 	BT-3   76   25    304    0    589    824    642    266   2.8989    0.090
P-n76-k4 	BT-3   76   25    304    1    589    792    625    267   2.8588    0.061
P-n76-k4 	BT-3   76   12    152    0    589    614    614    105 395.4800    0.042
P-n76-k4 	BT-3   76   12    152    1    589    614    614    103 395.4555    0.042
P-n76-k4 	BT-3   76   57    152    0    589    614    614    102 1186.3762    0.042
P-n76-k4 	BT-3   76   57    152    1    589    614    614    102 1186.3767    0.042
P-n76-k4 	BT-3   76   25    304    0    589    824    633    268   2.9650    0.075
P-n76-k4 	BT-3   76   25    304    1    589    792    628    262   2.8040    0.066
P-n76-k4 	BT-3   76   12    152    0    589    614    614    104 -730.0388    0.042
P-n76-k4 	BT-3   76   12    152    1    589    614    614    105 -730.0325    0.042
P-n76-k4 	BT-3   76   57    152    0    589    614    614    105 2104.8691    0.042
P-n76-k4 	BT-3   76   57    152    1    589    614    614    102 2104.8389    0.042
P-n76-k4 	BT-3   76   25    304    0    589    824    633    266   2.8998    0.075
P-n76-k4 	BT-3   76   25    304    1    589    792    625    282   3.0329    0.061
P-n76-k4 	BT-3   76   12    152    0    589    614    614    107 2025.5624    0.042
P-n76-k4 	BT-3   76   12    152    1    589    614    614    114 2025.6415    0.042
P-n76-k4 	BT-3   76   57    152    0    589    614    614    106 1781.7917    0.042
P-n76-k4 	BT-3   76   57    152    1    589    614    614    106 1781.7833    0.042
P-n76-k4 	BT-3   76   25    304    0    589    824    633    268   2.9362    0.075
P-n76-k4 	BT-3   76   25    304    1    589    792    628    272   2.9397    0.066
P-n76-k4 	BT-3   76   12    152    0    589    614    614    103 1056.2683    0.042
P-n76-k4 	BT-3   76   12    152    1    589    614    614    108 1056.2948    0.042
P-n76-k4 	BT-3   76   57    152    0    589    614    614    109 -1126.0804    0.042
P-n76-k4 	BT-3   76   57    152    1    589    614    614    106 -1126.1305    0.042
P-n76-k4 	BT-3   76   25    304    0    589    824    633    276   3.0128    0.075
P-n76-k4 	BT-3   76   25    304    1    589    792    625    285   3.0841    0.061
P-n76-k4 	BT-3   76   12    152    0    589    614    614    109 922.7509    0.042
P-n76-k4 	BT-3   76   12    152    1    589    614    614    106 922.7191    0.042
P-n76-k4 	BT-3   76   57    152    0    589    614    614    106 -1526.7804    0.042
P-n76-k4 	BT-3   76   57    152    1    589    614    614    109 -1526.7407    0.042
P-n76-k4 	BT-3   76   25    304    0    589    824    633    277   3.0685    0.075
P-n76-k4 	BT-3   76   25    304    1    589    792    625    279   2.9921    0.061
P-n76-k4 	BT-3   76   12    152    0    589    614    614    101 -279.3279    0.042
P-n76-k4 	BT-3   76   12    152    1    589    614    614    107 -279.2595    0.042
P-n76-k4 	BT-3   76   57    152    0    589    614    614    103 -837.8975    0.042
P-n76-k4 	BT-3   76   57    152    1    589    614    614    112 -837.7864    0.042
P-n76-k4 	BT-3   76   25    304    0    589    824    633    269   2.9386    0.075
P-n76-k4 	BT-3   76   25    304    1    589    792    625    286   3.0768    0.061
P-n76-k4 	BT-3   76   12    152    0    589    614    614    103 1787.4094    0.042
P-n76-k4 	BT-3   76   12    152    1    589    614    614    102 1787.3971    0.042
P-n76-k4 	BT-3   76   57    152    0    589    614    614    106 1067.2789    0.042
P-n76-k4 	BT-3   76   57    152    1    589    614    614    104 1067.2571    0.042
P-n76-k4 	BT-3   76   25    304    0    589    824    633    264   2.8821    0.075
P-n76-k4 	BT-3   76   25    304    1    589    792    625    281   3.0191    0.061
P-n76-k4 	BT-3   76   12    152    0    589    614    614     97 -1087.3538    0.042
P-n76-k4 	BT-3   76   12    152    1    589    614    614    106 -1087.2516    0.042
P-n76-k4 	BT-3   76   57    152    0    589    614    614    107 1033.1229    0.042
P-n76-k4 	BT-3   76   57    152    1    589    614    614    108 1033.1292    0.042
P-n76-k4 	BT-3   76   25    304    0    589    824    633    265   2.8951    0.075
P-n76-k4 	BT-3   76   25    304    1    589    792    625    268   2.8689    0.061
P-n76-k4 	BT-3   76   12    152    0    589    614    614    107 -1189.8242    0.042
P-n76-k4 	BT-3   76   12    152    1    589    614    614    112 -1189.7662    0.042
P-n76-k4 	BT-3   76   57    152    0    589    614    614    102 725.4899    0.042
P-n76-k4 	BT-3   76   57    152    1    589    614    614    110 725.5800    0.042
P-n76-k4 	BT-3   76   25    304    0    589    824    633    269   2.9426    0.075
P-n76-k4 	BT-3   76   25    304    1    589    792    628    272   2.9288    0.066
P-n76-k4 	BT-3   76   12    152    0    589    614    614    107 -2112.4780    0.042
P-n76-k4 	BT-3   76   12    152    1    589    614    614    109 -2112.4600    0.042
P-n76-k4 	BT-3   76   57    152    0    589    614    614    106 -2042.4574    0.042
P-n76-k4 	BT-3   76   57    152    1    589    614    614    100 -2042.5269    0.042
P-n76-k4 	BT-3   76   25    304    0    589    824    633    269   2.9363    0.075
P-n76-k4 	BT-3   76   25    304    1    589    792    625    277   2.9808    0.061
P-n76-k4 	BT-3   76   12    152    0    589    614    614    105 -1826.5608    0.042
P-n76-k4 	BT-3   76   12    152    1    589    614    614    106 -1826.5547    0.042
P-n76-k4 	BT-3   76   57    152    0    589    614    614    102 -1184.7465    0.042
P-n76-k4 	BT-3   76   57    152    1    589    614    614    109 -1184.6666    0.042
P-n76-k4 	BT-3   76   25    304    0    589    824    633    262   2.8808    0.075
P-n76-k4 	BT-3   76   25    304    1    589    792    625    274   2.9385    0.061
P-n76-k4 	BT-3   76   12    152    0    589    614    614    103 746.6356    0.042
P-n76-k4 	BT-3   76   12    152    1    589    614    614    108 746.6841    0.042
P-n76-k4 	BT-3   76   57    152    0    589    614    614    104 -2055.0125    0.042
P-n76-k4 	BT-3   76   57    152    1    589    614    614    104 -2055.0037    0.042
P-n76-k4 	BT-3   76   25    304    0    589    824    633    264   2.8872    0.075
P-n76-k4 	BT-3   76   25    304    1    589    792    625    282   3.0557    0.061
P-n76-k4 	BT-3   76   12    152    0    589    614    614    104 -1864.1099    0.042
P-n76-k4 	BT-3   76   12    152    1    589    614    614    104 -1864.1117    0.042
P-n76-k4 	BT-3   76   57    152    0    589    614    614    108 -1297.3146    0.042
P-n76-k4 	BT-3   76   57    152    1    589    614    614    107 -1297.3324    0.042
P-n76-k4 	BT-3   76   25    304    0    589    824    633    269   2.9364    0.075
P-n76-k4 	BT-3   76   25    304    1    589    792    625    278   2.9831    0.061
P-n76-k4 	BT-3   76   12    152    0    589    614    614    101 408.8546    0.042
P-n76-k4 	BT-3   76   12    152    1    589    614    614    106 408.8969    0.042
P-n76-k4 	BT-3   76   57    152    0    589    614    614    113 1226.7283    0.042
P-n76-k4 	BT-3   76   57    152    1    589    614    614    107 1226.6552    0.042
P-n76-k4 	BT-3   76   25    304    0    589    824    633    270   2.9479    0.075
P-n76-k4 	BT-3   76   25    304    1    589    792    625    277   2.9921    0.061
P-n76-k4 	BT-3   76   12    152    0    589    614    614    108 -608.9564    0.042
P-n76-k4 	BT-3   76   12    152    1    589    614    614    106 -608.9931    0.042
P-n76-k4 	BT-3   76   57    152    0    589    614    614     98 -1827.0221    0.042
P-n76-k4 	BT-3   76   57    152    1    589    614    614    110 -1826.9067    0.042
P-n76-k4 	BT-3   76   25    304    0    589    824    633    261   2.8616    0.075
P-n76-k4 	BT-3   76   25    304    1    589    792    625    282   3.0267    0.061
P-n76-k4 	BT-3   76   12    152    0    589    614    614    107 -1180.0071    0.042
P-n76-k4 	BT-3   76   12    152    1    589    614    614    106 -1180.0093    0.042
P-n76-k4 	BT-3   76   57    152    0    589    614    614    107 754.9476    0.042
P-n76-k4 	BT-3   76   57    152    1    589    614    614     99 754.8547    0.042
P-n76-k4 	BT-3   76   25    304    0    589    824    633    262   2.9016    0.075
P-n76-k4 	BT-3   76   25    304    1    589    792    625    280   3.0019    0.061
P-n76-k4 	BT-3   76   12    152    0    589    614    614    106 -2024.3303    0.042
P-n76-k4 	BT-3   76   12    152    1    589    614    614    103 -2024.3510    0.042
P-n76-k4 	BT-3   76   57    152    0    589    614    614    103 -1778.0745    0.042
P-n76-k4 	BT-3   76   57    152    1    589    614    614    103 -1778.0463    0.042
P-n76-k4 	BT-3   76   25    304    0    589    824    633    264   2.9608    0.075
P-n76-k4 	BT-3   76   25    304    1    589    792    625    279   3.0307    0.061
P-n76-k4 	BT-3   76   12    152    0    589    614    614    102 -1033.2476    0.042
P-n76-k4 	BT-3   76   12    152    1    589    614    614    107 -1033.1947    0.042
P-n76-k4 	BT-3   76   57    152    0    589    614    614    107 1195.3516    0.042
P-n76-k4 	BT-3   76   57    152    1    589    614    614    102 1195.2784    0.042
P-n76-k4 	BT-3   76   25    304    0    589    824    633    267   2.9761    0.075
P-n76-k4 	BT-3   76   25    304    1    589    792    625    281   3.0349    0.061
P-n76-k4 	BT-3   76   12    152    0    589    614    614    109 -702.9666    0.042
P-n76-k4 	BT-3   76   12    152    1    589    614    614    113 -702.9263    0.042
P-n76-k4 	BT-3   76   57    152    0    589    614    614    103 -2108.9302    0.042
P-n76-k4 	BT-3   76   57    152    1    589    614    614    106 -2108.8950    0.042
P-n76-k4 	BT-3   76   25    304    0    589    824    616    278   3.0230    0.046
P-n76-k4 	BT-3   76   25    304    1    589    792    625    279   2.9907    0.061
P-n76-k4 	BT-3   76   12    152    0    589    614    614    103 -2025.7740    0.042
P-n76-k4 	BT-3   76   12    152    1    589    614    614    112 -2025.6727    0.042
P-n76-k4 	BT-3   76   57    152    0    589    614    614    106 -1782.2294    0.042
P-n76-k4 	BT-3   76   57    152    1    589    614    614     95 -1782.3394    0.042
P-n76-k4 	BT-3   76   25    304    0    589    824    633    263   2.8633    0.075
P-n76-k4 	BT-3   76   25    304    1    589    792    625    281   3.0121    0.061
P-n76-k4 	BT-3   76   12    152    0    589    614    611    178 -1045.1364    0.037
P-n76-k4 	BT-3   76   12    152    1    589    614    614    108 -1045.9141    0.042
P-n76-k4 	BT-3   76   57    152    0    589    611    603    107 1157.9669    0.024
P-n76-k4 	BT-3   76   57    152    1    589    611    611    104 1157.9657    0.037
P-n76-k4 	BT-3   76   25    304    0    589    824    633    274   3.0043    0.075
P-n76-k4 	BT-3   76   25    304    1    589    792    625    277   2.9925    0.061
P-n76-k4 	BT-3   76   12    152    0    589    603    603    107 -815.0392    0.024
P-n76-k4 	BT-3   76   12    152    1    589    603    603    107 -815.0544    0.024
P-n76-k4 	BT-3   76   57    152    0    589    603    603    109 1849.8335    0.024
P-n76-k4 	BT-3   76   57    152    1    589    603    603    103 1849.7783    0.024
P-n76-k4 	BT-3   76   25    304    0    589    824    633    273   2.9943    0.075
P-n76-k4 	BT-3   76   25    304    1    589    792    625    281   3.0135    0.061
P-n76-k4 	BT-3   76   12    152    0    589    603    603    103 1260.4244    0.024
P-n76-k4 	BT-3   76   12    152    1    589    603    603    106 1260.4601    0.024
P-n76-k4 	BT-3   76   57    152    0    589    603    603    107 -513.6073    0.024
P-n76-k4 	BT-3   76   57    152    1    589    603    603    110 -513.5848    0.024
P-n76-k4 	BT-3   76   25    304    0    589    824    633    262   2.8661    0.075
P-n76-k4 	BT-3   76   25    304    1    589    792    625    280   3.0555    0.061
P-n76-k4 	BT-3   76   12    152    0    589    603    603    110 -1534.8431    0.024
P-n76-k4 	BT-3   76   12    152    1    589    603    603    101 -1534.9464    0.024
P-n76-k4 	BT-3   76   57    152    0    589    603    603    112 -309.6468    0.024
P-n76-k4 	BT-3   76   57    152    1    589    603    603    100 -309.7875    0.024
P-n76-k4 	BT-3   76   25    304    0    589    824    633    267   2.9474    0.075
P-n76-k4 	BT-3   76   25    304    1    589    792    628    276   2.9709    0.066
P-n76-k4 	BT-3   76   12    152    0    589    603    603    108 -923.2051    0.024
P-n76-k4 	BT-3   76   12    152    1    589    603    603    102 -923.2682    0.024
P-n76-k4 	BT-3   76   57    152    0    589    603    603    104 1525.2465    0.024
P-n76-k4 	BT-3   76   57    152    1    589    603    603    112 1525.3296    0.024
P-n76-k4 	BT-3   76   25    304    0    589    824    633    264   2.8683    0.075
P-n76-k4 	BT-3   76   25    304    1    589    792    625    277   2.9836    0.061
P-n76-k4 	BT-3   76   12    152    0    589    603    603    103 286.6833    0.024
P-n76-k4 	BT-3   76   12    152    1    589    603    603    110 286.7693    0.024
P-n76-k4 	BT-3   76   57    152    0    589    603    603     99 860.0907    0.024
P-n76-k4 	BT-3   76   57    152    1    589    603    603    113 860.2512    0.024
P-n76-k4 	BT-3   76   25    304    0    589    824    632    270   2.9533    0.073
P-n76-k4 	BT-3   76   25    304    1    589    792    625    280   3.0088    0.061
P-n76-k4 	BT-3   76   12    152    0    589    603    603    110 -1708.4410    0.024
P-n76-k4 	BT-3   76   12    152    1    589    603    603    107 -1708.4711    0.024
P-n76-k4 	BT-3   76   57    152    0    589    603    603    116 -830.3317    0.024
P-n76-k4 	BT-3   76   57    152    1    589    603    603    102 -830.4811    0.024
P-n76-k4 	BT-3   76   25    304    0    589    824    633    258   2.8649    0.075
P-n76-k4 	BT-3   76   25    304    1    589    792    625    281   3.0473    0.061
P-n76-k4 	BT-3   76   12    152    0    589    603    603    109 1809.6722    0.024
P-n76-k4 	BT-3   76   12    152    1    589    603    603    109 1809.6700    0.024
P-n76-k4 	BT-3   76   57    152    0    589    603    603    107 1134.0167    0.024
P-n76-k4 	BT-3   76   57    152    1    589    603    603     99 1133.9210    0.024
P-n76-k4 	BT-3   76   25    304    0    589    824    633    266   2.9246    0.075
P-n76-k4 	BT-3   76   25    304    1    589    792    625    288   3.1132    0.061
P-n76-k4 	BT-3   76   12    152    0    589    603    603    109 -886.9434    0.024
P-n76-k4 	BT-3   76   12    152    1    589    603    603    104 -886.9857    0.024
P-n76-k4 	BT-3   76   57    152    0    589    603    603    102 1633.9983    0.024
P-n76-k4 	BT-3   76   57    152    1    589    603    603    106 1634.0522    0.024
P-n76-k4 	BT-3   76   25    304    0    589    824    633    264   2.9011    0.075
P-n76-k4 	BT-3   76   25    304    1    589    792    653    252   2.7600    0.109
P-n76-k4 	BT-3   76   12    152    0    589    603    603    105 612.7853    0.024
P-n76-k4 	BT-3   76   12    152    1    589    603    603    107 612.8199    0.024
P-n76-k4 	BT-3   76   57    152    0    589    603    603     98 1838.3080    0.024
P-n76-k4 	BT-3   76   57    152    1    589    603    603    110 1838.4473    0.024
P-n76-k4 	BT-3   76   25    304    0    589    824    633    271   2.9959    0.075
P-n76-k4 	BT-3   76   25    304    1    589    792    625    277   3.0075    0.061
P-n76-k4 	BT-3   76   12    152    0    589    603    603    103 1226.1737    0.024
P-n76-k4 	BT-3   76   12    152    1    589    603    603    110 1226.2360    0.024
P-n76-k4 	BT-3   76   57    152    0    589    603    603    107 -616.3596    0.024
P-n76-k4 	BT-3   76   57    152    1    589    603    603    102 -616.3991    0.024
P-n76-k4 	BT-3   76   25    304    0    589    824    633    262   2.8661    0.075
P-n76-k4 	BT-3   76   25    304    1    589    792    616    287   3.0947    0.046
P-n76-k4 	BT-3   76   12    152    0    589    603    603    103 -1843.1707    0.024
P-n76-k4 	BT-3   76   12    152    1    589    603    603    114 -1843.0649    0.024
P-n76-k4 	BT-3   76   57    152    0    589    603    603    103 -1234.4596    0.024
P-n76-k4 	BT-3   76   57    152    1    589    603    603    111 -1234.3517    0.024
P-n76-k4 	BT-3   76   25    304    0    589    824    633    260   2.8438    0.075
P-n76-k4 	BT-3   76   25    304    1    589    792    625    280   3.0529    0.061
P-n76-k4 	BT-3   76   12    152    0    589    603    603    100 597.5635    0.024
P-n76-k4 	BT-3   76   12    152    1    589    603    603    112 597.6913    0.024
P-n76-k4 	BT-3   76   57    152    0    589    603    603    103 1792.8589    0.024
P-n76-k4 	BT-3   76   57    152    1    589    603    603     99 1792.7942    0.024
P-n76-k4 	BT-3   76   25    304    0    589    824    633    274   3.0359    0.075
P-n76-k4 	BT-3   76   25    304    1    589    792    632    275   2.9665    0.073
P-n76-k4 	BT-3   76   12    152    0    589    603    603    111 1089.6261    0.024
P-n76-k4 	BT-3   76   12    152    1    589    603    603    108 1089.5913    0.024
P-n76-k4 	BT-3   76   57    152    0    589    603    603    104 -1026.1924    0.024
P-n76-k4 	BT-3   76   57    152    1    589    603    603    107 -1026.1653    0.024
P-n76-k4 	BT-3   76   25    304    0    589    824    633    271   2.9786    0.075
P-n76-k4 	BT-3   76   25    304    1    589    792    633    281   2.9972    0.075
P-n76-k4 	BT-3   76   12    152    0    589    603    603    112 1222.5021    0.024
P-n76-k4 	BT-3   76   12    152    1    589    603    603    107 1222.4674    0.024
P-n76-k4 	BT-3   76   57    152    0    589    603    603    108 -627.5339    0.024
P-n76-k4 	BT-3   76   57    152    1    589    603    603    100 -627.6404    0.024
P-n76-k4 	BT-3   76   25    304    0    589    824    633    270   2.9605    0.075
P-n76-k4 	BT-3   76   25    304    1    589    792    625    285   3.1142    0.061
P-n76-k4 	BT-3   76   12    152    0    589    603    603    111 -1876.6320    0.024
P-n76-k4 	BT-3   76   12    152    1    589    603    603    105 -1876.7063    0.024
P-n76-k4 	BT-3   76   57    152    0    589    603    603    111 -1334.9966    0.024
P-n76-k4 	BT-3   76   57    152    1    589    603    603    109 -1335.0321    0.024
P-n76-k4 	BT-3   76   25    304    0    589    824    633    266   2.9602    0.075
P-n76-k4 	BT-3   76   25    304    1    589    792    625    282   3.0421    0.061
P-n76-k4 	BT-3   76   12    152    0    589    603    603    111 295.9313    0.024
P-n76-k4 	BT-3   76   12    152    1    589    603    603    101 295.8192    0.024
P-n76-k4 	BT-3   76   57    152    0    589    603    603    104 887.6146    0.024
P-n76-k4 	BT-3   76   57    152    1    589    603    603    110 887.6697    0.024
P-n76-k4 	BT-3   76   25    304    0    589    824    633    266   2.9267    0.075
P-n76-k4 	BT-3   76   25    304    1    589    792    632    275   2.9580    0.073
P-n76-k4 	BT-3   76   12    152    0    589    603    603    104 -1626.1942    0.024
P-n76-k4 	BT-3   76   12    152    1    589    603    603    110 -1626.1067    0.024
P-n76-k4 	BT-3   76   57    152    0    589    603    603    105 -583.4972    0.024
P-n76-k4 	BT-3   76   57    152    1    589    603    603    108 -583.4704    0.024
P-n76-k4 	BT-3   76   25    304    0    589    824    633    260   2.8497    0.075
P-n76-k4 	BT-3   76   25    304    1    589    792    628    254   2.7677    0.066
P-n76-k4 	BT-3   76   12    152    0    589    603    603    102 -1744.8947    0.024
P-n76-k4 	BT-3   76   12    152    1    589    603    603     98 -1744.9471    0.024
P-n76-k4 	BT-3   76   57    152    0    589    603    603    106 -939.7195    0.024
P-n76-k4 	BT-3   76   57    152    1    589    603    603    107 -939.7112    0.024
P-n76-k4 	BT-3   76   25    304    0    589    824    633    273   3.0225    0.075
P-n76-k4 	BT-3   76   25    304    1    589    792    625    282   3.0328    0.061
P-n76-k4 	BT-3   76   12    152    0    589    603    603    105 1481.8698    0.024
P-n76-k4 	BT-3   76   12    152    1    589    603    603    115 1481.9620    0.024
P-n76-k4 	BT-3   76   57    152    0    589    603    603    109 150.7698    0.024
P-n76-k4 	BT-3   76   57    152    1    589    603    603    109 150.7585    0.024
P-n76-k4 	BT-3   76   25    304    0    589    824    624    287   3.1271    0.059
P-n76-k4 	BT-3   76   25    304    1    589    792    625    276   2.9687    0.061
P-n76-k4 	BT-3   76   12    152    0    589    603    603    104 458.3258    0.024
P-n76-k4 	BT-3   76   12    152    1    589    603    603    106 458.3723    0.024
P-n76-k4 	BT-3   76   57    152    0    589    603    603    107 1375.0675    0.024
P-n76-k4 	BT-3   76   57    152    1    589    603    603    111 1375.1270    0.024
P-n76-k4 	BT-3   76   25    304    0    589    824    633    269   2.9368    0.075
P-n76-k4 	BT-3   76   25    304    1    589    792    625    280   3.0495    0.061
P-n76-k4 	BT-3   76   12    152    0    589    603    603    105 -163.7480    0.024
P-n76-k4 	BT-3   76   12    152    1    589    603    603    114 -163.6505    0.024
P-n76-k4 	BT-3   76   57    152    0    589    603    603    110 -491.0846    0.024
P-n76-k4 	BT-3   76   57    152    1    589    603    603     99 -491.2203    0.024
P-n76-k4 	BT-3   76   25    304    0    589    824    642    262   2.9139    0.090
P-n76-k4 	BT-3   76   25    304    1    589    792    625    281   3.0149    0.061
P-n76-k4 	BT-3   76   12    152    0    589    603    603    111 -1467.4535    0.024
P-n76-k4 	BT-3   76   12    152    1    589    603    603    106 -1467.5115    0.024
P-n76-k4 	BT-3   76   57    152    0    589    603    603    109 -107.4550    0.024
P-n76-k4 	BT-3   76   57    152    1    589    603    603    110 -107.4671    0.024
P-n76-k4 	BT-3   76   25    304    0    589    824    633    267   2.9260    0.075
P-n76-k4 	BT-3   76   25    304    1    589    792    625    285   3.0688    0.061
P-n76-k4 	BT-3   76   12    152    0    589    603    603    105 -316.4518    0.024
P-n76-k4 	BT-3   76   12    152    1    589    603    603    102 -316.4704    0.024
P-n76-k4 	BT-3   76   57    152    0    589    603    603    100 -949.4173    0.024
P-n76-k4 	BT-3   76   57    152    1    589    603    603    102 -949.3889    0.024
P-n76-k4 	BT-3   76   25    304    0    589    824    633    269   2.9356    0.075
P-n76-k4 	BT-3   76   25    304    1    589    792    625    270   2.9435    0.061
P-n76-k4 	BT-3   76   12    152    0    589    603    603    107 1452.6942    0.024
P-n76-k4 	BT-3   76   12    152    1    589    603    603    106 1452.6757    0.024
P-n76-k4 	BT-3   76   57    152    0    589    603    603    101  63.0672    0.024
P-n76-k4 	BT-3   76   57    152    1    589    603    603    105  63.0691    0.024
P-n76-k4 	BT-3   76   25    304    0    589    824    633    271   3.0054    0.075
P-n76-k4 	BT-3   76   25    304    1    589    792    625    280   3.0313    0.061
P-n76-k4 	BT-3   76   12    152    0    589    603    603    101 195.2074    0.024
P-n76-k4 	BT-3   76   12    152    1    589    603    603    110 195.2982    0.024
P-n76-k4 	BT-3   76   57    152    0    589    603    603    106 585.7715    0.024
P-n76-k4 	BT-3   76   57    152    1    589    603    603    110 585.8016    0.024
P-n76-k4 	BT-3   76   25    304    0    589    824    633    274   2.9975    0.075
P-n76-k4 	BT-3   76   25    304    1    589    792    625    284   3.0518    0.061
P-n76-k4 	BT-3   76   12    152    0    589    603    603     95 1763.2737    0.024
P-n76-k4 	BT-3   76   12    152    1    589    603    603    102 1763.3409    0.024
P-n76-k4 	BT-3   76   57    152    0    589    603    603     95 994.9487    0.024
P-n76-k4 	BT-3   76   57    152    1    589    603    603    107 995.0776    0.024
P-n76-k4 	BT-3   76   25    304    0    589    824    633    268   2.9716    0.075
P-n76-k4 	BT-3   76   25    304    1    589    792    625    280   3.0222    0.061
P-n76-k4 	BT-3   76   12    152    0    589    603    603    106 -1303.9207    0.024
P-n76-k4 	BT-3   76   12    152    1    589    603    603    102 -1303.9591    0.024
P-n76-k4 	BT-3   76   57    152    0    589    603    603    102 383.1373    0.024
P-n76-k4 	BT-3   76   57    152    1    589    603    603    108 383.1875    0.024
P-n76-k4 	BT-3   76   25    304    0    589    824    633    260   2.8700    0.075
P-n76-k4 	BT-3   76   25    304    1    589    792    625    282   3.0352    0.061
P-n76-k4 	BT-3   76   12    152    0    589    603    603    106 1155.4034    0.024
P-n76-k4 	BT-3   76   12    152    1    589    603    603    108 1155.4293    0.024
P-n76-k4 	BT-3   76   57    152    0    589    603    603    112 -828.6538    0.024
P-n76-k4 	BT-3   76   57    152    1    589    603    603     94 -828.8718    0.024
P-n76-k4 	BT-3   76   25    304    0    589    824    633    270   3.0259    0.075
P-n76-k4 	BT-3   76   25    304    1    589    792    625    273   2.9951    0.061
P-n76-k4 	BT-3   76   12    152    0    589    603    603    107 1814.7422    0.024
P-n76-k4 	BT-3   76   12    152    1    589    603    603    108 1814.7491    0.024
P-n76-k4 	BT-3   76   57    152    0    589    603    603    110 1149.2882    0.024
P-n76-k4 	BT-3   76   57    152    1    589    603    603    107 1149.2583    0.024
P-n76-k4 	BT-3   76   25    304    0    589    824    633    275   2.9956    0.075
P-n76-k4 	BT-3   76   25    304    1    589    792    625    279   3.0017    0.061
P-n76-k4 	BT-3   76   12    152    0    589    603    603    100 -841.2398    0.024
P-n76-k4 	BT-3   76   12    152    1    589    603    603    117 -841.0461    0.024
P-n76-k4 	BT-3   76   57    152    0    589    603    603    110 1771.5813    0.024
P-n76-k4 	BT-3   76   57    152    1    589    603    603    110 1771.5812    0.024
P-n76-k4 	BT-3   76   25    304    0    589    824    633    272   2.9775    0.075
P-n76-k4 	BT-3   76   25    304    1    589    792    632    265   2.8722    0.073
P-n76-k4 	BT-3   76   12    152    0    589    603    603    104 1025.5327    0.024
P-n76-k4 	BT-3   76   12    152    1    589    603    603    106 1025.5540    0.024
P-n76-k4 	BT-3   76   57    152    0    589    603    603    109 -1218.2889    0.024
P-n76-k4 	BT-3   76   57    152    1    589    603    603    109 -1218.2969    0.024
P-n76-k4 	BT-3   76   25    304    0    589    824    633    268   2.9348    0.075
P-n76-k4 	BT-3   76   25    304    1    589    792    628    271   2.9036    0.066
P-n76-k4 	BT-3   76   12    152    0    589    603    603    102 645.8545    0.024
P-n76-k4 	BT-3   76   12    152    1    589    603    603    100 645.8242    0.024
P-n76-k4 	BT-3   76   57    152    0    589    603    603    103 1937.5309    0.024
P-n76-k4 	BT-3   76   57    152    1    589    603    603    102 1937.5281    0.024
P-n76-k4 	BT-3   76   25    304    0    589    824    633    265   2.9599    0.075
P-n76-k4 	BT-3   76   25    304    1    589    792    625    279   3.0785    0.061
P-n76-k4 	BT-3   76   12    152    0    589    603    603    103 1523.6736    0.024
P-n76-k4 	BT-3   76   12    152    1    589    603    603    104 1523.6763    0.024
P-n76-k4 	BT-3   76   57    152    0    589    603    603    108 276.0961    0.024
P-n76-k4 	BT-3   76   57    152    1    589    603    603    104 276.0611    0.024
P-n76-k4 	BT-3   76   25    304    0    589    824    633    267   2.9378    0.075
P-n76-k4 	BT-3   76   25    304    1    589    792    625    278   2.9887    0.061
P-n76-k4 	BT-3   76   12    152    0    589    603    603    102 834.1285    0.024
P-n76-k4 	BT-3   76   12    152    1    589    603    603    106 834.1736    0.024
P-n76-k4 	BT-3   76   57    152    0    589    603    603    103 -1792.4883    0.024
P-n76-k4 	BT-3   76   57    152    1    589    603    603    106 -1792.4662    0.024
P-n76-k4 	BT-3   76   25    304    0    589    824    639    266   2.8947    0.085
P-n76-k4 	BT-3   76   25    304    1    589    792    625    268   2.8680    0.061
P-n76-k4 	BT-3   76   12    152    0    589    603    603    106 -1076.7212    0.024
P-n76-k4 	BT-3   76   12    152    1    589    603    603     98 -1076.8090    0.024
P-n76-k4 	BT-3   76   57    152    0    589    603    603    102 1064.6755    0.024
P-n76-k4 	BT-3   76   57    152    1    589    603    603    115 1064.8121    0.024
P-n76-k4 	BT-3   76   25    304    0    589    824    633    271   2.9815    0.075
P-n76-k4 	BT-3   76   25    304    1    589    792    625    282   3.0340    0.061
P-n76-k4 	BT-3   76   12    152    0    589    603    603    101 -1094.8062    0.024
P-n76-k4 	BT-3   76   12    152    1    589    603    603    121 -1094.5688    0.024
P-n76-k4 	BT-3   76   57    152    0    589    603    603    108 1010.8588    0.024
P-n76-k4 	BT-3   76   57    152    1    589    603    603    108 1010.8664    0.024
P-n76-k4 	BT-3   76   25    304    0    589    824    633    259   2.9311    0.075
P-n76-k4 	BT-3   76   25    304    1    589    792    625    280   3.0815    0.061
P-n76-k4 	BT-3   76   12    152    0    589    603    603    106 -1256.3857    0.024
P-n76-k4 	BT-3   76   12    152    1    589    603    603    102 -1256.4327    0.024
P-n76-k4 	BT-3   76   57    152    0    589    603    603    111 525.8192    0.024
P-n76-k4 	BT-3   76   57    152    1    589    603    603    107 525.7730    0.024
P-n76-k4 	BT-3   76   25    304    0    589    824    633    266   2.9022    0.075
P-n76-k4 	BT-3   76   25    304    1    589    792    625    283   3.0328    0.061
P-n76-k4 	BT-3   76   12    152    0    589    603    603    108 1583.3367    0.024
P-n76-k4 	BT-3   76   12    152    1    589    603    603    107 1583.3042    0.024
P-n76-k4 	BT-3   76   57    152    0    589    603    603    112 455.0717    0.024
P-n76-k4 	BT-3   76   57    152    1    589    603    603    107 455.0139    0.024
P-n76-k4 	BT-3   76   25    304    0    589    824    633    266   2.9023    0.075
P-n76-k4 	BT-3   76   25    304    1    589    792    632    270   2.9185    0.073
P-n76-k4 	BT-3   76   12    152    0    589    603    603    101 1370.8102    0.024
P-n76-k4 	BT-3   76   12    152    1    589    603    603    106 1370.8713    0.024
P-n76-k4 	BT-3   76   57    152    0    589    603    603     98 -182.4903    0.024
P-n76-k4 	BT-3   76   57    152    1    589    603    603    106 -182.4194    0.024
P-n76-k4 	BT-3   76   25    304    0    589    824    633    265   2.9447    0.075
P-n76-k4 	BT-3   76   25    304    1    589    792    625    281   3.0205    0.061
P-n76-k4 	BT-3   76   12    152    0    589    603    603    103 -541.3926    0.024
P-n76-k4 	BT-3   76   12    152    1    589    603    603    111 -541.3004    0.024
P-n76-k4 	BT-3   76   57    152    0    589    603    603    108 -1624.0320    0.024
P-n76-k4 	BT-3   76   57    152    1    589    603    603    108 -1624.0315    0.024
P-n76-k4 	BT-3   76   25    304    0    589    824    633    278   3.1165    0.075
P-n76-k4 	BT-3   76   25    304    1    589    792    625    287   3.1850    0.061
P-n76-k4 	BT-3   76   12    152    0    589    603    603    109 -570.8084    0.024
P-n76-k4 	BT-3   76   12    152    1    589    603    603    107 -570.8317    0.024
P-n76-k4 	BT-3   76   57    152    0    589    603    603    107 -1712.4894    0.024
P-n76-k4 	BT-3   76   57    152    1    589    603    603    103 -1712.5149    0.024
P-n76-k4 	BT-3   76   25    304    0    589    824    633    271   2.9662    0.075
P-n76-k4 	BT-3   76   25    304    1    589    792    625    272   2.9163    0.061
P-n76-k4 	BT-3   76   12    152    0    589    603    603    104 -836.6633    0.024
P-n76-k4 	BT-3   76   12    152    1    589    603    603    104 -836.6663    0.024
P-n76-k4 	BT-3   76   57    152    0    589    603    603    107 1785.0295    0.024
P-n76-k4 	BT-3   76   57    152    1    589    603    603    113 1785.1051    0.024
P-n76-k4 	BT-3   76   25    304    0    589    824    633    265   2.8873    0.075
P-n76-k4 	BT-3   76   25    304    1    589    792    625    282   3.0185    0.061
P-n76-k4 	BT-3   76   12    152    0    589    603    603    104 1066.0442    0.024
P-n76-k4 	BT-3   76   12    152    1    589    603    603    109 1066.1108    0.024
P-n76-k4 	BT-3   76   57    152    0    589    603    603    110 -1096.7068    0.024
P-n76-k4 	BT-3   76   57    152    1    589    603    603    104 -1096.7668    0.024
