A-n45-k6 	BT-1   45   15    180    0    944   1829    967    584   1.0195    0.024
A-n45-k6 	BT-1   45   15    180    1    944   1581   1021    215   0.3763    0.082
A-n45-k6 	BT-1   45    7     90    0    944   1341    967     91   0.1680    0.024
A-n45-k6 	BT-1   45    7     90    1    944    967    967     90   0.1656    0.024
A-n45-k6 	BT-1   45    4     90    0    944   1341    967     91   0.1672    0.024
A-n45-k6 	BT-1   45    4     90    1    944    967    967     90   0.1653    0.024
A-n45-k6 	BT-2   45   15    180    0    944   1829   1080    199   0.3607    0.144
A-n45-k6 	BT-2   45   15    180    1    944   1581   1062    197   0.3437    0.125
A-n45-k6 	BT-2   45    7     90    0    944   1292   1064    100   0.1815    0.127
A-n45-k6 	BT-2   45    7     90    1    944   1062    996    131   0.2329    0.055
A-n45-k6 	BT-2   45    4     90    0    944   1004    996    105   0.1932    0.055
A-n45-k6 	BT-2   45    4     90    1    944    996    996     90   0.1639    0.055
A-n45-k6 	BT-3   45   15    180    0    944   1829    964    458   0.7415    0.021
A-n45-k6 	BT-3   45   15    180    1    944   1581    987    389   0.6352    0.046
A-n45-k6 	BT-3   45    7     90    0    944   1313    969    165   0.3091    0.026
A-n45-k6 	BT-3   45    7     90    1    944    964    963    116   0.2316    0.020
A-n45-k6 	BT-3   45    4     90    0    944   1344    983    133   0.2412    0.041
A-n45-k6 	BT-3   45    4     90    1    944    963    963     90   0.1888    0.020
A-n45-k6 	BT-3   45   15    180    0    944   1829    974    324   0.5446    0.032
A-n45-k6 	BT-3   45   15    180    1    944   1581    975    279   0.4457    0.033
A-n45-k6 	BT-3   45    7     90    0    944   1344    970    155   0.2726    0.028
A-n45-k6 	BT-3   45    7     90    1    944    963    961    131   0.2573    0.018
A-n45-k6 	BT-3   45    4     90    0    944   1316   1079    113   0.2234    0.143
A-n45-k6 	BT-3   45    4     90    1    944    961    961     90   0.1927    0.018
A-n45-k6 	BT-3   45   15    180    0    944   1829    974    312   0.5877    0.032
A-n45-k6 	BT-3   45   15    180    1    944   1581    973    408   0.7794    0.031
A-n45-k6 	BT-3   45    7     90    0    944   1316   1079    113   0.2981    0.143
A-n45-k6 	BT-3   45    7     90    1    944    961    961     90   0.2184    0.018
A-n45-k6 	BT-3   45    4     90    0    944   1316   1079    113   0.2749    0.143
A-n45-k6 	BT-3   45    4     90    1    944    961    961     90   0.1914    0.018
A-n45-k6 	BT-3   45   15    180    0    944   1829    971    342   0.5889    0.029
A-n45-k6 	BT-3   45   15    180    1    944   1581    980    791   1.5706    0.038
A-n45-k6 	BT-3   45    7     90    0    944   1316   1079    113   0.2630    0.143
A-n45-k6 	BT-3   45    7     90    1    944    961    961     90   0.2166    0.018
A-n45-k6 	BT-3   45    4     90    0    944   1316   1079    113   0.2877    0.143
A-n45-k6 	BT-3   45    4     90    1    944    961    961     90   0.2413    0.018
A-n45-k6 	BT-3   45   15    180    0    944   1829    982    467   0.8940    0.040
A-n45-k6 	BT-3   45   15    180    1    944   1581    960    399   0.6622    0.017
A-n45-k6 	BT-3   45    7     90    0    944   1316    981    361   0.6471    0.039
A-n45-k6 	BT-3   45    7     90    1    944    960    959    106   0.2261    0.016
A-n45-k6 	BT-3   45    4     90    0    944   1381    960    204   0.3898    0.017
A-n45-k6 	BT-3   45    4     90    1    944    959    959     90   0.1975    0.016
A-n45-k6 	BT-3   45   15    180    0    944   1829    969    522   0.9091    0.026
A-n45-k6 	BT-3   45   15    180    1    944   1581    976    391   0.6519    0.034
A-n45-k6 	BT-3   45    7     90    0    944   1381    968    160   0.3090    0.025
A-n45-k6 	BT-3   45    7     90    1    944    959    959     90   0.1996    0.016
A-n45-k6 	BT-3   45    4     90    0    944   1381    990    153   0.2951    0.049
A-n45-k6 	BT-3   45    4     90    1    944    959    959     90   0.2052    0.016
A-n45-k6 	BT-3   45   15    180    0    944   1829    973    391   0.6601    0.031
A-n45-k6 	BT-3   45   15    180    1    944   1581    996    684   1.1175    0.055
A-n45-k6 	BT-3   45    7     90    0    944   1381    968    207   0.4128    0.025
A-n45-k6 	BT-3   45    7     90    1    944    959    959     90   0.2303    0.016
A-n45-k6 	BT-3   45    4     90    0    944   1381    985    169   0.3186    0.043
A-n45-k6 	BT-3   45    4     90    1    944    959    959     90   0.2188    0.016
A-n45-k6 	BT-3   45   15    180    0    944   1829    965    317   0.6309    0.022
A-n45-k6 	BT-3   45   15    180    1    944   1581    970    579   0.9939    0.028
A-n45-k6 	BT-3   45    7     90    0    944   1381    960    155   0.3005    0.017
A-n45-k6 	BT-3   45    7     90    1    944    959    959     90   0.1934    0.016
A-n45-k6 	BT-3   45    4     90    0    944   1381    968    175   0.3391    0.025
A-n45-k6 	BT-3   45    4     90    1    944    959    959     90   0.1894    0.016
A-n45-k6 	BT-3   45   15    180    0    944   1829   1017    309   0.5286    0.077
A-n45-k6 	BT-3   45   15    180    1    944   1581    968    240   0.4132    0.025
A-n45-k6 	BT-3   45    7     90    0    944   1381    968    148   0.2857    0.025
A-n45-k6 	BT-3   45    7     90    1    944    959    959     90   0.1943    0.016
A-n45-k6 	BT-3   45    4     90    0    944   1381    985    147   0.2732    0.043
A-n45-k6 	BT-3   45    4     90    1    944    959    959     90   0.2038    0.016
A-n45-k6 	BT-3   45   15    180    0    944   1829    979    245   0.4492    0.037
A-n45-k6 	BT-3   45   15    180    1    944   1581   1024    292   0.5302    0.085
A-n45-k6 	BT-3   45    7     90    0    944   1381    969    125   0.2494    0.026
A-n45-k6 	BT-3   45    7     90    1    944    959    959     90   0.1940    0.016
A-n45-k6 	BT-3   45    4     90    0    944   1381    960    170   0.3244    0.017
A-n45-k6 	BT-3   45    4     90    1    944    959    959     90   0.1937    0.016
A-n45-k6 	BT-3   45   15    180    0    944   1829    987    423   0.7092    0.046
A-n45-k6 	BT-3   45   15    180    1    944   1581   1000    476   0.8893    0.059
A-n45-k6 	BT-3   45    7     90    0    944   1381    968    138   0.2694    0.025
A-n45-k6 	BT-3   45    7     90    1    944    959    959     90   0.1957    0.016
A-n45-k6 	BT-3   45    4     90    0    944   1381    987    164   0.3025    0.046
A-n45-k6 	BT-3   45    4     90    1    944    959    959     90   0.1894    0.016
A-n45-k6 	BT-3   45   15    180    0    944   1829   1006    227   0.3747    0.066
A-n45-k6 	BT-3   45   15    180    1    944   1581    966    605   0.9887    0.023
A-n45-k6 	BT-3   45    7     90    0    944   1381    969    130   0.2529    0.026
A-n45-k6 	BT-3   45    7     90    1    944    959    959     90   0.1910    0.016
A-n45-k6 	BT-3   45    4     90    0    944   1381    985    155   0.2874    0.043
A-n45-k6 	BT-3   45    4     90    1    944    959    959     90   0.2009    0.016
A-n45-k6 	BT-3   45   15    180    0    944   1829    973    447   0.7708    0.031
A-n45-k6 	BT-3   45   15    180    1    944   1581    980    637   1.1256    0.038
A-n45-k6 	BT-3   45    7     90    0    944   1381    960    176   0.3478    0.017
A-n45-k6 	BT-3   45    7     90    1    944    959    959     90   0.1933    0.016
A-n45-k6 	BT-3   45    4     90    0    944   1381    985    219   0.4397    0.043
A-n45-k6 	BT-3   45    4     90    1    944    959    959     90   0.1910    0.016
A-n45-k6 	BT-3   45   15    180    0    944   1829   1015    395   0.6976    0.075
A-n45-k6 	BT-3   45   15    180    1    944   1581    999    344   0.5687    0.058
A-n45-k6 	BT-3   45    7     90    0    944   1381    968    139   0.3741    0.025
A-n45-k6 	BT-3   45    7     90    1    944    959    959     90   0.2290    0.016
A-n45-k6 	BT-3   45    4     90    0    944   1381    985    162   0.4689    0.043
A-n45-k6 	BT-3   45    4     90    1    944    959    959     90   0.2278    0.016
A-n45-k6 	BT-3   45   15    180    0    944   1829    965    289   0.5360    0.022
A-n45-k6 	BT-3   45   15    180    1    944   1581    975    475   0.8504    0.033
A-n45-k6 	BT-3   45    7     90    0    944   1381    968    137   0.2817    0.025
A-n45-k6 	BT-3   45    7     90    1    944    959    959     90   0.2047    0.016
A-n45-k6 	BT-3   45    4     90    0    944   1381    985    145   0.2767    0.043
A-n45-k6 	BT-3   45    4     90    1    944    959    959     90   0.1964    0.016
A-n45-k6 	BT-3   45   15    180    0    944   1829    963    569   1.1794    0.020
A-n45-k6 	BT-3   45   15    180    1    944   1581    960    793   1.5213    0.017
A-n45-k6 	BT-3   45    7     90    0    944   1381    959    216   0.4310    0.016
A-n45-k6 	BT-3   45    7     90    1    944    959    959     90   0.2498    0.016
A-n45-k6 	BT-3   45    4     90    0    944   1381    960    165   0.3088    0.017
A-n45-k6 	BT-3   45    4     90    1    944    959    959     90   0.1896    0.016
A-n45-k6 	BT-3   45   15    180    0    944   1829    959    325   0.5377    0.016
A-n45-k6 	BT-3   45   15    180    1    944   1581    977    416   0.8295    0.035
A-n45-k6 	BT-3   45    7     90    0    944   1381    960    144   0.2820    0.017
A-n45-k6 	BT-3   45    7     90    1    944    959    959     90   0.1977    0.016
A-n45-k6 	BT-3   45    4     90    0    944   1381    985    215   0.3929    0.043
A-n45-k6 	BT-3   45    4     90    1    944    959    959     90   0.1895    0.016
A-n45-k6 	BT-3   45   15    180    0    944   1829   1030    264   0.6078    0.091
A-n45-k6 	BT-3   45   15    180    1    944   1581    978    488   1.0963    0.036
A-n45-k6 	BT-3   45    7     90    0    944   1381    968    204   0.5049    0.025
A-n45-k6 	BT-3   45    7     90    1    944    959    959     90   0.2140    0.016
A-n45-k6 	BT-3   45    4     90    0    944   1381    960    138   0.2856    0.017
A-n45-k6 	BT-3   45    4     90    1    944    959    959     90   0.2151    0.016
A-n45-k6 	BT-3   45   15    180    0    944   1829    970    385   0.6899    0.028
A-n45-k6 	BT-3   45   15    180    1    944   1581    969    435   0.8412    0.026
A-n45-k6 	BT-3   45    7     90    0    944   1381    968    170   0.3336    0.025
A-n45-k6 	BT-3   45    7     90    1    944    959    959     90   0.1948    0.016
A-n45-k6 	BT-3   45    4     90    0    944   1381    960    211   0.3976    0.017
A-n45-k6 	BT-3   45    4     90    1    944    959    959     90   0.1926    0.016
A-n45-k6 	BT-3   45   15    180    0    944   1829    984    431   0.7520    0.042
A-n45-k6 	BT-3   45   15    180    1    944   1581   1000    446   0.7923    0.059
A-n45-k6 	BT-3   45    7     90    0    944   1381    960    249   0.4636    0.017
A-n45-k6 	BT-3   45    7     90    1    944    959    959     90   0.1968    0.016
A-n45-k6 	BT-3   45    4     90    0    944   1381    968    145   0.2775    0.025
A-n45-k6 	BT-3   45    4     90    1    944    959    959     90   0.1929    0.016
A-n45-k6 	BT-3   45   15    180    0    944   1829    972    467   0.8038    0.030
A-n45-k6 	BT-3   45   15    180    1    944   1581    974    305   0.5142    0.032
A-n45-k6 	BT-3   45    7     90    0    944   1381    968    140   0.3215    0.025
A-n45-k6 	BT-3   45    7     90    1    944    959    959     90   0.2211    0.016
A-n45-k6 	BT-3   45    4     90    0    944   1381    968    191   0.3795    0.025
A-n45-k6 	BT-3   45    4     90    1    944    959    959     90   0.1906    0.016
A-n45-k6 	BT-3   45   15    180    0    944   1829    997    333   0.7283    0.056
A-n45-k6 	BT-3   45   15    180    1    944   1581    998    294   0.5717    0.057
A-n45-k6 	BT-3   45    7     90    0    944   1381    968    145   0.2874    0.025
A-n45-k6 	BT-3   45    7     90    1    944    959    959     90   0.2607    0.016
A-n45-k6 	BT-3   45    4     90    0    944   1381    968    155   0.3025    0.025
A-n45-k6 	BT-3   45    4     90    1    944    959    959     90   0.1914    0.016
A-n45-k6 	BT-3   45   15    180    0    944   1829    996    414   0.7096    0.055
A-n45-k6 	BT-3   45   15    180    1    944   1581    974    385   0.6329    0.032
A-n45-k6 	BT-3   45    7     90    0    944   1381    969    123   0.2399    0.026
A-n45-k6 	BT-3   45    7     90    1    944    959    959     90   0.1943    0.016
A-n45-k6 	BT-3   45    4     90    0    944   1381    985    166   0.3509    0.043
A-n45-k6 	BT-3   45    4     90    1    944    959    959     90   0.2543    0.016
A-n45-k6 	BT-3   45   15    180    0    944   1829    993    324   0.5603    0.052
A-n45-k6 	BT-3   45   15    180    1    944   1581    991    324   0.6117    0.050
A-n45-k6 	BT-3   45    7     90    0    944   1381    968    149   0.2943    0.025
A-n45-k6 	BT-3   45    7     90    1    944    959    959     90   0.2150    0.016
A-n45-k6 	BT-3   45    4     90    0    944   1381    985    140   0.3121    0.043
A-n45-k6 	BT-3   45    4     90    1    944    959    959     90   0.2197    0.016
A-n45-k6 	BT-3   45   15    180    0    944   1829    967    239   0.4442    0.024
A-n45-k6 	BT-3   45   15    180    1    944   1581   1007    303   0.5548    0.067
A-n45-k6 	BT-3   45    7     90    0    944   1381    968    141   0.2878    0.025
A-n45-k6 	BT-3   45    7     90    1    944    959    959     90   0.2017    0.016
A-n45-k6 	BT-3   45    4     90    0    944   1381    968    150   0.3126    0.025
A-n45-k6 	BT-3   45    4     90    1    944    959    959     90   0.2067    0.016
A-n45-k6 	BT-3   45   15    180    0    944   1829    997    481   0.8468    0.056
A-n45-k6 	BT-3   45   15    180    1    944   1581    984    453   1.0918    0.042
A-n45-k6 	BT-3   45    7     90    0    944   1381    969    125   0.2937    0.026
A-n45-k6 	BT-3   45    7     90    1    944    959    959     90   0.2039    0.016
A-n45-k6 	BT-3   45    4     90    0    944   1381    960    192   0.4569    0.017
A-n45-k6 	BT-3   45    4     90    1    944    959    959     90   0.2139    0.016
A-n45-k6 	BT-3   45   15    180    0    944   1829    972    462   0.9325    0.030
A-n45-k6 	BT-3   45   15    180    1    944   1581    961    368   0.8252    0.018
A-n45-k6 	BT-3   45    7     90    0    944   1381    960    233   0.4944    0.017
A-n45-k6 	BT-3   45    7     90    1    944    959    959     90   0.2305    0.016
A-n45-k6 	BT-3   45    4     90    0    944   1381    960    194   0.4135    0.017
A-n45-k6 	BT-3   45    4     90    1    944    959    959     90   0.2005    0.016
A-n45-k6 	BT-3   45   15    180    0    944   1829    963    451   0.7768    0.020
A-n45-k6 	BT-3   45   15    180    1    944   1581    959    325   0.5218    0.016
A-n45-k6 	BT-3   45    7     90    0    944   1381    961    185   0.3407    0.018
A-n45-k6 	BT-3   45    7     90    1    944    959    959     90   0.2017    0.016
A-n45-k6 	BT-3   45    4     90    0    944   1381    968    156   0.3097    0.025
A-n45-k6 	BT-3   45    4     90    1    944    959    959     90   0.1949    0.016
A-n45-k6 	BT-3   45   15    180    0    944   1829    974    298   0.4929    0.032
A-n45-k6 	BT-3   45   15    180    1    944   1581    999    384   0.6603    0.058
A-n45-k6 	BT-3   45    7     90    0    944   1381    960    146   0.2766    0.017
A-n45-k6 	BT-3   45    7     90    1    944    959    959     90   0.1961    0.016
A-n45-k6 	BT-3   45    4     90    0    944   1381    985    197   0.3655    0.043
A-n45-k6 	BT-3   45    4     90    1    944    959    959     90   0.1967    0.016
A-n45-k6 	BT-3   45   15    180    0    944   1829    977    244   0.4085    0.035
A-n45-k6 	BT-3   45   15    180    1    944   1581    959    560   0.9215    0.016
A-n45-k6 	BT-3   45    7     90    0    944   1381    968    146   0.2814    0.025
A-n45-k6 	BT-3   45    7     90    1    944    959    959     90   0.1941    0.016
A-n45-k6 	BT-3   45    4     90    0    944   1381    985    177   0.3243    0.043
A-n45-k6 	BT-3   45    4     90    1    944    959    959     90   0.1901    0.016
A-n45-k6 	BT-3   45   15    180    0    944   1829   1006    227   0.3914    0.066
A-n45-k6 	BT-3   45   15    180    1    944   1581    983    301   0.4922    0.041
A-n45-k6 	BT-3   45    7     90    0    944   1381    960    132   0.2532    0.017
A-n45-k6 	BT-3   45    7     90    1    944    959    959     90   0.2125    0.016
A-n45-k6 	BT-3   45    4     90    0    944   1381   1018    147   0.2857    0.078
A-n45-k6 	BT-3   45    4     90    1    944    959    959     90   0.1890    0.016
A-n45-k6 	BT-3   45   15    180    0    944   1829    959    620   1.1063    0.016
A-n45-k6 	BT-3   45   15    180    1    944   1581    979    409   0.6813    0.037
A-n45-k6 	BT-3   45    7     90    0    944   1381    960    132   0.2564    0.017
A-n45-k6 	BT-3   45    7     90    1    944    959    959     90   0.1924    0.016
A-n45-k6 	BT-3   45    4     90    0    944   1381    985    170   0.3138    0.043
A-n45-k6 	BT-3   45    4     90    1    944    959    959     90   0.1888    0.016
A-n45-k6 	BT-3   45   15    180    0    944   1829    963    310   0.5053    0.020
A-n45-k6 	BT-3   45   15    180    1    944   1581    971    361   0.5886    0.029
A-n45-k6 	BT-3   45    7     90    0    944   1381    949    131   0.2316    0.005
A-n45-k6 	BT-3   45    7     90    1    944    959    959     90   0.1935    0.016
A-n45-k6 	BT-3   45    4     90    0    944    952    949    122   0.2356    0.005
A-n45-k6 	BT-3   45    4     90    1    944    949    949     90   0.1863    0.005
A-n45-k6 	BT-3   45   15    180    0    944   1829    963    373   0.6066    0.020
A-n45-k6 	BT-3   45   15    180    1    944   1581    961    515   0.8689    0.018
A-n45-k6 	BT-3   45    7     90    0    944    952    949    113   0.2236    0.005
A-n45-k6 	BT-3   45    7     90    1    944    949    949     90   0.1924    0.005
A-n45-k6 	BT-3   45    4     90    0    944    952    949    124   0.2395    0.005
A-n45-k6 	BT-3   45    4     90    1    944    949    949     90   0.1885    0.005
A-n45-k6 	BT-3   45   15    180    0    944   1829    961    366   0.6071    0.018
A-n45-k6 	BT-3   45   15    180    1    944   1581    968    564   1.0398    0.025
A-n45-k6 	BT-3   45    7     90    0    944    952    949    112   0.2345    0.005
A-n45-k6 	BT-3   45    7     90    1    944    949    949     90   0.2040    0.005
A-n45-k6 	BT-3   45    4     90    0    944    952    949    120   0.2704    0.005
A-n45-k6 	BT-3   45    4     90    1    944    949    949     90   0.2068    0.005
A-n45-k6 	BT-3   45   15    180    0    944   1829    956    454   0.9134    0.013
A-n45-k6 	BT-3   45   15    180    1    944   1581    974    290   0.5999    0.032
A-n45-k6 	BT-3   45    7     90    0    944    952    949    115   0.2452    0.005
A-n45-k6 	BT-3   45    7     90    1    944    949    949     90   0.1928    0.005
A-n45-k6 	BT-3   45    4     90    0    944    952    949    111   0.2509    0.005
A-n45-k6 	BT-3   45    4     90    1    944    949    949     90   0.2626    0.005
A-n45-k6 	BT-3   45   15    180    0    944   1829   1007    219   0.4325    0.067
A-n45-k6 	BT-3   45   15    180    1    944   1581    970    680   1.2440    0.028
A-n45-k6 	BT-3   45    7     90    0    944    952    949    114   0.2331    0.005
A-n45-k6 	BT-3   45    7     90    1    944    949    949     90   0.1970    0.005
A-n45-k6 	BT-3   45    4     90    0    944    952    949    111   0.2301    0.005
A-n45-k6 	BT-3   45    4     90    1    944    949    949     90   0.1980    0.005
A-n45-k6 	BT-3   45   15    180    0    944   1829    994    280   0.4974    0.053
A-n45-k6 	BT-3   45   15    180    1    944   1581    990    505   0.8726    0.049
A-n45-k6 	BT-3   45    7     90    0    944    952    949    144   0.2835    0.005
A-n45-k6 	BT-3   45    7     90    1    944    949    949     90   0.2009    0.005
A-n45-k6 	BT-3   45    4     90    0    944    952    949    127   0.2540    0.005
A-n45-k6 	BT-3   45    4     90    1    944    949    949     90   0.1944    0.005
A-n45-k6 	BT-3   45   15    180    0    944   1829   1006    238   0.4139    0.066
A-n45-k6 	BT-3   45   15    180    1    944   1581    983    702   1.2626    0.041
A-n45-k6 	BT-3   45    7     90    0    944    952    949    128   0.2584    0.005
A-n45-k6 	BT-3   45    7     90    1    944    949    949     90   0.2041    0.005
A-n45-k6 	BT-3   45    4     90    0    944    952    952     90   0.1964    0.008
A-n45-k6 	BT-3   45    4     90    1    944    949    949     90   0.1976    0.005
A-n45-k6 	BT-3   45   15    180    0    944   1829    988    362   0.6566    0.047
A-n45-k6 	BT-3   45   15    180    1    944   1581    977    493   0.9323    0.035
A-n45-k6 	BT-3   45    7     90    0    944    952    949    113   0.2348    0.005
A-n45-k6 	BT-3   45    7     90    1    944    949    949     90   0.1995    0.005
A-n45-k6 	BT-3   45    4     90    0    944    952    949    132   0.2804    0.005
A-n45-k6 	BT-3   45    4     90    1    944    949    949     90   0.1984    0.005
A-n45-k6 	BT-3   45   15    180    0    944   1829    959    668   1.2042    0.016
A-n45-k6 	BT-3   45   15    180    1    944   1581    994    513   0.9266    0.053
A-n45-k6 	BT-3   45    7     90    0    944    952    949    126   0.2558    0.005
A-n45-k6 	BT-3   45    7     90    1    944    949    949     90   0.2006    0.005
A-n45-k6 	BT-3   45    4     90    0    944    952    949    122   0.2466    0.005
A-n45-k6 	BT-3   45    4     90    1    944    949    949     90   0.1962    0.005
A-n45-k6 	BT-3   45   15    180    0    944   1829   1006    227   0.3887    0.066
A-n45-k6 	BT-3   45   15    180    1    944   1581    971    473   0.8729    0.029
A-n45-k6 	BT-3   45    7     90    0    944    952    949    117   0.2437    0.005
A-n45-k6 	BT-3   45    7     90    1    944    949    949     90   0.1953    0.005
A-n45-k6 	BT-3   45    4     90    0    944    952    949    129   0.2668    0.005
A-n45-k6 	BT-3   45    4     90    1    944    949    949     90   0.1986    0.005
A-n45-k6 	BT-3   45   15    180    0    944   1829    989    290   0.5500    0.048
A-n45-k6 	BT-3   45   15    180    1    944   1581    982    437   0.8502    0.040
A-n45-k6 	BT-3   45    7     90    0    944    952    949    114   0.2321    0.005
A-n45-k6 	BT-3   45    7     90    1    944    949    949     90   0.1962    0.005
A-n45-k6 	BT-3   45    4     90    0    944    952    949    116   0.2433    0.005
A-n45-k6 	BT-3   45    4     90    1    944    949    949     90   0.1931    0.005
A-n45-k6 	BT-3   45   15    180    0    944   1829    961    800   1.4508    0.018
A-n45-k6 	BT-3   45   15    180    1    944   1581    996    269   0.4647    0.055
A-n45-k6 	BT-3   45    7     90    0    944    952    949    119   0.2469    0.005
A-n45-k6 	BT-3   45    7     90    1    944    949    949     90   0.2011    0.005
A-n45-k6 	BT-3   45    4     90    0    944    952    949    140   0.2824    0.005
A-n45-k6 	BT-3   45    4     90    1    944    949    949     90   0.2034    0.005
A-n45-k6 	BT-3   45   15    180    0    944   1829    953    578   1.0276    0.010
A-n45-k6 	BT-3   45   15    180    1    944   1581    971    556   0.9570    0.029
A-n45-k6 	BT-3   45    7     90    0    944    952    949    123   0.2499    0.005
A-n45-k6 	BT-3   45    7     90    1    944    949    949     90   0.1964    0.005
A-n45-k6 	BT-3   45    4     90    0    944    952    949    113   0.2345    0.005
A-n45-k6 	BT-3   45    4     90    1    944    949    949     90   0.2050    0.005
A-n45-k6 	BT-3   45   15    180    0    944   1829    965    672   1.1735    0.022
A-n45-k6 	BT-3   45   15    180    1    944   1581    971    418   0.7534    0.029
A-n45-k6 	BT-3   45    7     90    0    944    952    949    113   0.2288    0.005
A-n45-k6 	BT-3   45    7     90    1    944    949    949     90   0.2001    0.005
A-n45-k6 	BT-3   45    4     90    0    944    952    952     90   0.1929    0.008
A-n45-k6 	BT-3   45    4     90    1    944    949    949     90   0.1949    0.005
A-n45-k6 	BT-3   45   15    180    0    944   1829    959    433   0.7616    0.016
A-n45-k6 	BT-3   45   15    180    1    944   1581    971    528   0.9297    0.029
A-n45-k6 	BT-3   45    7     90    0    944    952    949    113   0.2348    0.005
A-n45-k6 	BT-3   45    7     90    1    944    949    949     90   0.1981    0.005
A-n45-k6 	BT-3   45    4     90    0    944    952    949    117   0.2501    0.005
A-n45-k6 	BT-3   45    4     90    1    944    949    949     90   0.2091    0.005
A-n45-k6 	BT-3   45   15    180    0    944   1829   1006    294   0.6200    0.066
A-n45-k6 	BT-3   45   15    180    1    944   1581    991    436   0.8192    0.050
A-n45-k6 	BT-3   45    7     90    0    944    952    949    118   0.2380    0.005
A-n45-k6 	BT-3   45    7     90    1    944    949    949     90   0.1972    0.005
A-n45-k6 	BT-3   45    4     90    0    944    952    949    119   0.2472    0.005
A-n45-k6 	BT-3   45    4     90    1    944    949    949     90   0.2007    0.005
A-n45-k6 	BT-3   45   15    180    0    944   1829    984    591   1.0939    0.042
A-n45-k6 	BT-3   45   15    180    1    944   1581   1077    218   0.3850    0.141
A-n45-k6 	BT-3   45    7     90    0    944    952    949    112   0.2280    0.005
A-n45-k6 	BT-3   45    7     90    1    944    949    949     90   0.1955    0.005
A-n45-k6 	BT-3   45    4     90    0    944    952    949    119   0.2446    0.005
A-n45-k6 	BT-3   45    4     90    1    944    949    949     90   0.1972    0.005
A-n45-k6 	BT-3   45   15    180    0    944   1829   1006    231   0.3967    0.066
A-n45-k6 	BT-3   45   15    180    1    944   1581    982    334   0.6001    0.040
A-n45-k6 	BT-3   45    7     90    0    944    952    949    113   0.2316    0.005
A-n45-k6 	BT-3   45    7     90    1    944    949    949     90   0.2048    0.005
A-n45-k6 	BT-3   45    4     90    0    944    952    949    142   0.2821    0.005
A-n45-k6 	BT-3   45    4     90    1    944    949    949     90   0.1981    0.005
A-n45-k6 	BT-3   45   15    180    0    944   1829    960    455   0.8045    0.017
A-n45-k6 	BT-3   45   15    180    1    944   1581    980    412   0.8489    0.038
A-n45-k6 	BT-3   45    7     90    0    944    952    949    122   0.2513    0.005
A-n45-k6 	BT-3   45    7     90    1    944    949    949     90   0.2044    0.005
A-n45-k6 	BT-3   45    4     90    0    944    952    949    115   0.2350    0.005
A-n45-k6 	BT-3   45    4     90    1    944    949    949     90   0.1918    0.005
A-n45-k6 	BT-3   45   15    180    0    944   1829    989    314   0.5338    0.048
A-n45-k6 	BT-3   45   15    180    1    944   1581    968    400   0.7111    0.025
A-n45-k6 	BT-3   45    7     90    0    944    952    949    117   0.2416    0.005
A-n45-k6 	BT-3   45    7     90    1    944    949    949     90   0.2369    0.005
A-n45-k6 	BT-3   45    4     90    0    944    952    949    116   0.2375    0.005
A-n45-k6 	BT-3   45    4     90    1    944    949    949     90   0.1905    0.005
A-n45-k6 	BT-3   45   15    180    0    944   1829    987    394   0.6656    0.046
A-n45-k6 	BT-3   45   15    180    1    944   1581    968    596   1.0867    0.025
A-n45-k6 	BT-3   45    7     90    0    944    952    949    135   0.2786    0.005
A-n45-k6 	BT-3   45    7     90    1    944    949    949     90   0.1952    0.005
A-n45-k6 	BT-3   45    4     90    0    944    952    949    113   0.2345    0.005
A-n45-k6 	BT-3   45    4     90    1    944    949    949     90   0.2006    0.005
A-n45-k6 	BT-3   45   15    180    0    944   1829    969    353   0.6258    0.026
A-n45-k6 	BT-3   45   15    180    1    944   1581    990    383   0.6585    0.049
A-n45-k6 	BT-3   45    7     90    0    944    952    949    125   0.2606    0.005
A-n45-k6 	BT-3   45    7     90    1    944    949    949     90   0.2044    0.005
A-n45-k6 	BT-3   45    4     90    0    944    952    949    114   0.2374    0.005
A-n45-k6 	BT-3   45    4     90    1    944    949    949     90   0.2008    0.005
A-n45-k6 	BT-3   45   15    180    0    944   1829   1006    227   0.4028    0.066
A-n45-k6 	BT-3   45   15    180    1    944   1581    995    698   1.2830    0.054
A-n45-k6 	BT-3   45    7     90    0    944    952    949    113   0.2711    0.005
A-n45-k6 	BT-3   45    7     90    1    944    949    949     90   0.2577    0.005
A-n45-k6 	BT-3   45    4     90    0    944    952    949    146   0.3751    0.005
A-n45-k6 	BT-3   45    4     90    1    944    949    949     90   0.2053    0.005
A-n45-k6 	BT-3   45   15    180    0    944   1829    989    278   0.4717    0.048
A-n45-k6 	BT-3   45   15    180    1    944   1581    999    403   0.7062    0.058
A-n45-k6 	BT-3   45    7     90    0    944    952    949    112   0.2366    0.005
A-n45-k6 	BT-3   45    7     90    1    944    949    949     90   0.1967    0.005
A-n45-k6 	BT-3   45    4     90    0    944    952    949    140   0.2765    0.005
A-n45-k6 	BT-3   45    4     90    1    944    949    949     90   0.1956    0.005
A-n45-k6 	BT-3   45   15    180    0    944   1829    963    445   0.7657    0.020
A-n45-k6 	BT-3   45   15    180    1    944   1581   1026    336   0.5759    0.087
A-n45-k6 	BT-3   45    7     90    0    944    952    949    147   0.2977    0.005
A-n45-k6 	BT-3   45    7     90    1    944    949    949     90   0.2010    0.005
A-n45-k6 	BT-3   45    4     90    0    944    952    952     90   0.2014    0.008
A-n45-k6 	BT-3   45    4     90    1    944    949    949     90   0.2076    0.005
A-n45-k6 	BT-3   45   15    180    0    944   1829    959    505   0.8836    0.016
A-n45-k6 	BT-3   45   15    180    1    944   1581    977    430   0.7774    0.035
A-n45-k6 	BT-3   45    7     90    0    944    952    949    113   0.2312    0.005
A-n45-k6 	BT-3   45    7     90    1    944    949    949     90   0.1976    0.005
A-n45-k6 	BT-3   45    4     90    0    944    952    949    133   0.2703    0.005
A-n45-k6 	BT-3   45    4     90    1    944    949    949     90   0.2045    0.005
A-n45-k6 	BT-3   45   15    180    0    944   1829    963    368   0.6436    0.020
A-n45-k6 	BT-3   45   15    180    1    944   1581    979    361   0.6150    0.037
A-n45-k6 	BT-3   45    7     90    0    944    952    949    122   0.2586    0.005
A-n45-k6 	BT-3   45    7     90    1    944    949    949     90   0.2011    0.005
A-n45-k6 	BT-3   45    4     90    0    944    952    949    124   0.2591    0.005
A-n45-k6 	BT-3   45    4     90    1    944    949    949     90   0.1998    0.005
A-n45-k6 	BT-3   45   15    180    0    944   1829   1007    250   0.4316    0.067
A-n45-k6 	BT-3   45   15    180    1    944   1581    964    427   0.8175    0.021
A-n45-k6 	BT-3   45    7     90    0    944    952    949    132   0.2614    0.005
A-n45-k6 	BT-3   45    7     90    1    944    949    949     90   0.2009    0.005
A-n45-k6 	BT-3   45    4     90    0    944    952    952     90   0.1927    0.008
A-n45-k6 	BT-3   45    4     90    1    944    949    949     90   0.1965    0.005
A-n45-k6 	BT-3   45   15    180    0    944   1829    996    279   0.4797    0.055
A-n45-k6 	BT-3   45   15    180    1    944   1581   1034    264   0.4490    0.095
A-n45-k6 	BT-3   45    7     90    0    944    952    949    168   0.3299    0.005
A-n45-k6 	BT-3   45    7     90    1    944    949    949     90   0.1997    0.005
A-n45-k6 	BT-3   45    4     90    0    944    952    949    121   0.2531    0.005
A-n45-k6 	BT-3   45    4     90    1    944    949    949     90   0.2003    0.005
A-n45-k6 	BT-3   45   15    180    0    944   1829    995    294   0.5006    0.054
A-n45-k6 	BT-3   45   15    180    1    944   1581    974    352   0.5904    0.032
A-n45-k6 	BT-3   45    7     90    0    944    952    949    114   0.2381    0.005
A-n45-k6 	BT-3   45    7     90    1    944    949    949     90   0.1996    0.005
A-n45-k6 	BT-3   45    4     90    0    944    952    949    112   0.2385    0.005
A-n45-k6 	BT-3   45    4     90    1    944    949    949     90   0.2630    0.005
A-n45-k6 	BT-3   45   15    180    0    944   1829    978    427   0.9592    0.036
A-n45-k6 	BT-3   45   15    180    1    944   1581   1030    252   0.5290    0.091
A-n45-k6 	BT-3   45    7     90    0    944    952    949    122   0.2582    0.005
A-n45-k6 	BT-3   45    7     90    1    944    949    949     90   0.1968    0.005
A-n45-k6 	BT-3   45    4     90    0    944    952    949    115   0.2366    0.005
A-n45-k6 	BT-3   45    4     90    1    944    949    949     90   0.1956    0.005
A-n45-k6 	BT-3   45   15    180    0    944   1829    953    540   0.9327    0.010
A-n45-k6 	BT-3   45   15    180    1    944   1581    972    550   0.9775    0.030
A-n45-k6 	BT-3   45    7     90    0    944    952    949    114   0.2364    0.005
A-n45-k6 	BT-3   45    7     90    1    944    949    949     90   0.1969    0.005
A-n45-k6 	BT-3   45    4     90    0    944    952    949    118   0.2413    0.005
A-n45-k6 	BT-3   45    4     90    1    944    949    949     90   0.1998    0.005
A-n45-k6 	BT-3   45   15    180    0    944   1829   1006    227   0.4153    0.066
A-n45-k6 	BT-3   45   15    180    1    944   1581    980    263   0.4377    0.038
A-n45-k6 	BT-3   45    7     90    0    944    952    949    127   0.2579    0.005
A-n45-k6 	BT-3   45    7     90    1    944    949    949     90   0.1969    0.005
A-n45-k6 	BT-3   45    4     90    0    944    952    952     90   0.1941    0.008
A-n45-k6 	BT-3   45    4     90    1    944    949    949     90   0.1974    0.005
A-n45-k6 	BT-3   45   15    180    0    944   1829   1006    227   0.4047    0.066
A-n45-k6 	BT-3   45   15    180    1    944   1581    971    368   0.6245    0.029
A-n45-k6 	BT-3   45    7     90    0    944    952    949    164   0.3251    0.005
A-n45-k6 	BT-3   45    7     90    1    944    949    949     90   0.2006    0.005
A-n45-k6 	BT-3   45    4     90    0    944    952    949    120   0.2409    0.005
A-n45-k6 	BT-3   45    4     90    1    944    949    949     90   0.2000    0.005
A-n45-k6 	BT-3   45   15    180    0    944   1829    976    405   0.6942    0.034
A-n45-k6 	BT-3   45   15    180    1    944   1581    997    346   0.6190    0.056
A-n45-k6 	BT-3   45    7     90    0    944    952    949    129   0.2574    0.005
A-n45-k6 	BT-3   45    7     90    1    944    949    949     90   0.2016    0.005
A-n45-k6 	BT-3   45    4     90    0    944    952    952     90   0.1929    0.008
A-n45-k6 	BT-3   45    4     90    1    944    949    949     90   0.1996    0.005
A-n45-k6 	BT-3   45   15    180    0    944   1829   1006    227   0.3864    0.066
A-n45-k6 	BT-3   45   15    180    1    944   1581    976    274   0.4729    0.034
A-n45-k6 	BT-3   45    7     90    0    944    952    952     90   0.1960    0.008
A-n45-k6 	BT-3   45    7     90    1    944    949    949     90   0.1967    0.005
A-n45-k6 	BT-3   45    4     90    0    944    952    949    123   0.2464    0.005
A-n45-k6 	BT-3   45    4     90    1    944    949    949     90   0.2241    0.005
A-n45-k6 	BT-3   45   15    180    0    944   1829    968    277   0.4768    0.025
A-n45-k6 	BT-3   45   15    180    1    944   1581    995    398   0.7354    0.054
A-n45-k6 	BT-3   45    7     90    0    944    952    949    123   0.2501    0.005
A-n45-k6 	BT-3   45    7     90    1    944    949    949     90   0.1957    0.005
A-n45-k6 	BT-3   45    4     90    0    944    952    949    125   0.2563    0.005
A-n45-k6 	BT-3   45    4     90    1    944    949    949     90   0.1947    0.005
A-n45-k6 	BT-3   45   15    180    0    944   1829   1006    227   0.4040    0.066
A-n45-k6 	BT-3   45   15    180    1    944   1581    985    492   0.8732    0.043
A-n45-k6 	BT-3   45    7     90    0    944    952    949    113   0.2403    0.005
A-n45-k6 	BT-3   45    7     90    1    944    949    949     90   0.2061    0.005
A-n45-k6 	BT-3   45    4     90    0    944    952    949    142   0.2772    0.005
A-n45-k6 	BT-3   45    4     90    1    944    949    949     90   0.2187    0.005
A-n45-k6 	BT-3   45   15    180    0    944   1829    992    278   0.5119    0.051
A-n45-k6 	BT-3   45   15    180    1    944   1581    971    399   0.6605    0.029
A-n45-k6 	BT-3   45    7     90    0    944    952    949    116   0.2414    0.005
A-n45-k6 	BT-3   45    7     90    1    944    949    949     90   0.1978    0.005
A-n45-k6 	BT-3   45    4     90    0    944    952    949    114   0.2342    0.005
A-n45-k6 	BT-3   45    4     90    1    944    949    949     90   0.1982    0.005
A-n45-k6 	BT-3   45   15    180    0    944   1829    976    383   0.6533    0.034
A-n45-k6 	BT-3   45   15    180    1    944   1581    978    381   0.6364    0.036
A-n45-k6 	BT-3   45    7     90    0    944    952    949    137   0.2780    0.005
A-n45-k6 	BT-3   45    7     90    1    944    949    949     90   0.2012    0.005
A-n45-k6 	BT-3   45    4     90    0    944    952    952     90   0.1908    0.008
A-n45-k6 	BT-3   45    4     90    1    944    949    949     90   0.1928    0.005
A-n45-k6 	BT-3   45   15    180    0    944   1829    977    298   0.5337    0.035
A-n45-k6 	BT-3   45   15    180    1    944   1581    977    793   1.4148    0.035
A-n45-k6 	BT-3   45    7     90    0    944    952    949    118   0.2523    0.005
A-n45-k6 	BT-3   45    7     90    1    944    949    949     90   0.1979    0.005
A-n45-k6 	BT-3   45    4     90    0    944    952    952     90   0.1909    0.008
A-n45-k6 	BT-3   45    4     90    1    944    949    949     90   0.1991    0.005
A-n45-k6 	BT-3   45   15    180    0    944   1829    979    725   1.2320    0.037
A-n45-k6 	BT-3   45   15    180    1    944   1581    962    411   0.7212    0.019
A-n45-k6 	BT-3   45    7     90    0    944    952    949    122   0.2503    0.005
A-n45-k6 	BT-3   45    7     90    1    944    949    949     90   0.1944    0.005
A-n45-k6 	BT-3   45    4     90    0    944    952    949    132   0.2702    0.005
A-n45-k6 	BT-3   45    4     90    1    944    949    949     90   0.1958    0.005
A-n45-k6 	BT-3   45   15    180    0    944   1829    967    588   1.0030    0.024
A-n45-k6 	BT-3   45   15    180    1    944   1581    974    399   0.6853    0.032
A-n45-k6 	BT-3   45    7     90    0    944    952    949    119   0.2398    0.005
A-n45-k6 	BT-3   45    7     90    1    944    949    949     90   0.1974    0.005
A-n45-k6 	BT-3   45    4     90    0    944    952    952     90   0.1975    0.008
A-n45-k6 	BT-3   45    4     90    1    944    949    949     90   0.1964    0.005
A-n45-k6 	BT-3   45   15    180    0    944   1829    963    709   1.2096    0.020
A-n45-k6 	BT-3   45   15    180    1    944   1581    960    568   0.9778    0.017
A-n45-k6 	BT-3   45    7     90    0    944    952    949    127   0.2927    0.005
A-n45-k6 	BT-3   45    7     90    1    944    949    949     90   0.2374    0.005
A-n45-k6 	BT-3   45    4     90    0    944    952    949    112   0.2382    0.005
A-n45-k6 	BT-3   45    4     90    1    944    949    949     90   0.1930    0.005
A-n45-k6 	BT-3   45   15    180    0    944   1829    976    615   1.1991    0.034
A-n45-k6 	BT-3   45   15    180    1    944   1581   1000    302   0.5345    0.059
A-n45-k6 	BT-3   45    7     90    0    944    952    949    118   0.2688    0.005
A-n45-k6 	BT-3   45    7     90    1    944    949    949     90   0.1901    0.005
A-n45-k6 	BT-3   45    4     90    0    944    952    949    115   0.2753    0.005
A-n45-k6 	BT-3   45    4     90    1    944    949    949     90   0.2625    0.005
A-n45-k6 	BT-3   45   15    180    0    944   1829   1006    227   0.4260    0.066
A-n45-k6 	BT-3   45   15    180    1    944   1581    963    675   1.2407    0.020
A-n45-k6 	BT-3   45    7     90    0    944    952    949    134   0.2645    0.005
A-n45-k6 	BT-3   45    7     90    1    944    949    949     90   0.1890    0.005
A-n45-k6 	BT-3   45    4     90    0    944    952    949    135   0.2572    0.005
A-n45-k6 	BT-3   45    4     90    1    944    949    949     90   0.1862    0.005
A-n45-k6 	BT-3   45   15    180    0    944   1829   1006    227   0.4399    0.066
A-n45-k6 	BT-3   45   15    180    1    944   1581    975    376   0.6345    0.033
A-n45-k6 	BT-3   45    7     90    0    944    952    949    123   0.2937    0.005
A-n45-k6 	BT-3   45    7     90    1    944    949    949     90   0.1981    0.005
A-n45-k6 	BT-3   45    4     90    0    944    952    949    122   0.3055    0.005
A-n45-k6 	BT-3   45    4     90    1    944    949    949     90   0.1875    0.005
A-n45-k6 	BT-3   45   15    180    0    944   1829    965    372   0.6281    0.022
A-n45-k6 	BT-3   45   15    180    1    944   1581    980    265   0.5022    0.038
A-n45-k6 	BT-3   45    7     90    0    944    952    949    142   0.2946    0.005
A-n45-k6 	BT-3   45    7     90    1    944    949    949     90   0.2086    0.005
A-n45-k6 	BT-3   45    4     90    0    944    952    949    117   0.2270    0.005
A-n45-k6 	BT-3   45    4     90    1    944    949    949     90   0.1876    0.005
A-n45-k6 	BT-3   45   15    180    0    944   1829    979    247   0.4477    0.037
A-n45-k6 	BT-3   45   15    180    1    944   1581   1006    420   0.7900    0.066
A-n45-k6 	BT-3   45    7     90    0    944    952    949    112   0.2528    0.005
A-n45-k6 	BT-3   45    7     90    1    944    949    949     90   0.1882    0.005
A-n45-k6 	BT-3   45    4     90    0    944    952    949    123   0.2400    0.005
A-n45-k6 	BT-3   45    4     90    1    944    949    949     90   0.1931    0.005
A-n45-k6 	BT-3   45   15    180    0    944   1829    962    614   1.0502    0.019
A-n45-k6 	BT-3   45   15    180    1    944   1581    979    361   0.6078    0.037
A-n45-k6 	BT-3   45    7     90    0    944    952    949    114   0.2270    0.005
A-n45-k6 	BT-3   45    7     90    1    944    949    949     90   0.1893    0.005
A-n45-k6 	BT-3   45    4     90    0    944    952    949    112   0.2177    0.005
A-n45-k6 	BT-3   45    4     90    1    944    949    949     90   0.1903    0.005
A-n45-k6 	BT-3   45   15    180    0    944   1829    977    633   1.0492    0.035
A-n45-k6 	BT-3   45   15    180    1    944   1581    963    500   0.8082    0.020
A-n45-k6 	BT-3   45    7     90    0    944    952    949    122   0.2364    0.005
A-n45-k6 	BT-3   45    7     90    1    944    949    949     90   0.1906    0.005
A-n45-k6 	BT-3   45    4     90    0    944    952    949    112   0.2183    0.005
A-n45-k6 	BT-3   45    4     90    1    944    949    949     90   0.1861    0.005
A-n45-k6 	BT-3   45   15    180    0    944   1829    971    286   0.4693    0.029
A-n45-k6 	BT-3   45   15    180    1    944   1581    997    316   0.5481    0.056
A-n45-k6 	BT-3   45    7     90    0    944    952    949    115   0.2311    0.005
A-n45-k6 	BT-3   45    7     90    1    944    949    949     90   0.1928    0.005
A-n45-k6 	BT-3   45    4     90    0    944    952    949    113   0.2394    0.005
A-n45-k6 	BT-3   45    4     90    1    944    949    949     90   0.1888    0.005
A-n45-k6 	BT-3   45   15    180    0    944   1829   1010    281   0.4777    0.070
A-n45-k6 	BT-3   45   15    180    1    944   1581    980    465   0.8874    0.038
A-n45-k6 	BT-3   45    7     90    0    944    952    949    112   0.2245    0.005
A-n45-k6 	BT-3   45    7     90    1    944    949    949     90   0.2202    0.005
A-n45-k6 	BT-3   45    4     90    0    944    952    949    115   0.3462    0.005
A-n45-k6 	BT-3   45    4     90    1    944    949    949     90   0.2213    0.005
A-n45-k6 	BT-3   45   15    180    0    944   1829    977    251   0.4157    0.035
A-n45-k6 	BT-3   45   15    180    1    944   1581    959    571   1.0327    0.016
A-n45-k6 	BT-3   45    7     90    0    944    952    949    114   0.2265    0.005
A-n45-k6 	BT-3   45    7     90    1    944    949    949     90   0.1915    0.005
A-n45-k6 	BT-3   45    4     90    0    944    952    949    121   0.2327    0.005
A-n45-k6 	BT-3   45    4     90    1    944    949    949     90   0.1870    0.005
A-n45-k6 	BT-3   45   15    180    0    944   1829    977    340   0.5712    0.035
A-n45-k6 	BT-3   45   15    180    1    944   1581    976    276   0.4404    0.034
A-n45-k6 	BT-3   45    7     90    0    944    952    949    118   0.2286    0.005
A-n45-k6 	BT-3   45    7     90    1    944    949    949     90   0.1915    0.005
A-n45-k6 	BT-3   45    4     90    0    944    952    949    127   0.2444    0.005
A-n45-k6 	BT-3   45    4     90    1    944    949    949     90   0.1857    0.005
A-n45-k6 	BT-3   45   15    180    0    944   1829   1002    364   0.6488    0.061
A-n45-k6 	BT-3   45   15    180    1    944   1581    977    610   1.0706    0.035
A-n45-k6 	BT-3   45    7     90    0    944    952    949    126   0.2435    0.005
A-n45-k6 	BT-3   45    7     90    1    944    949    949     90   0.1887    0.005
A-n45-k6 	BT-3   45    4     90    0    944    952    949    109   0.2192    0.005
A-n45-k6 	BT-3   45    4     90    1    944    949    949     90   0.1880    0.005
A-n45-k6 	BT-3   45   15    180    0    944   1829    971    285   0.5132    0.029
A-n45-k6 	BT-3   45   15    180    1    944   1581    994    316   0.5130    0.053
A-n45-k6 	BT-3   45    7     90    0    944    952    949    127   0.2486    0.005
A-n45-k6 	BT-3   45    7     90    1    944    949    949     90   0.2146    0.005
A-n45-k6 	BT-3   45    4     90    0    944    952    949    126   0.2516    0.005
A-n45-k6 	BT-3   45    4     90    1    944    949    949     90   0.1869    0.005
A-n45-k6 	BT-3   45   15    180    0    944   1829   1021    236   0.4154    0.082
A-n45-k6 	BT-3   45   15    180    1    944   1581    993    253   0.4052    0.052
A-n45-k6 	BT-3   45    7     90    0    944    952    949    134   0.2552    0.005
A-n45-k6 	BT-3   45    7     90    1    944    949    949     90   0.1870    0.005
A-n45-k6 	BT-3   45    4     90    0    944    952    949    120   0.2450    0.005
A-n45-k6 	BT-3   45    4     90    1    944    949    949     90   0.1970    0.005
A-n45-k6 	BT-3   45   15    180    0    944   1829    970    400   0.7278    0.028
A-n45-k6 	BT-3   45   15    180    1    944   1581    960    450   0.8930    0.017
A-n45-k6 	BT-3   45    7     90    0    944    952    949    115   0.2309    0.005
A-n45-k6 	BT-3   45    7     90    1    944    949    949     90   0.2152    0.005
A-n45-k6 	BT-3   45    4     90    0    944    952    949    120   0.3196    0.005
A-n45-k6 	BT-3   45    4     90    1    944    949    949     90   0.1988    0.005
A-n45-k6 	BT-3   45   15    180    0    944   1829    963    373   0.7344    0.020
A-n45-k6 	BT-3   45   15    180    1    944   1581    998    291   0.4767    0.057
A-n45-k6 	BT-3   45    7     90    0    944    952    949    156   0.3434    0.005
A-n45-k6 	BT-3   45    7     90    1    944    949    949     90   0.2393    0.005
A-n45-k6 	BT-3   45    4     90    0    944    952    949    121   0.2356    0.005
A-n45-k6 	BT-3   45    4     90    1    944    949    949     90   0.1872    0.005
A-n45-k6 	BT-3   45   15    180    0    944   1829    971    410   0.7444    0.029
A-n45-k6 	BT-3   45   15    180    1    944   1581    971    388   0.6665    0.029
A-n45-k6 	BT-3   45    7     90    0    944    952    949    118   0.2300    0.005
A-n45-k6 	BT-3   45    7     90    1    944    949    949     90   0.1881    0.005
A-n45-k6 	BT-3   45    4     90    0    944    952    952     90   0.1875    0.008
A-n45-k6 	BT-3   45    4     90    1    944    949    949     90   0.1952    0.005
A-n45-k6 	BT-3   45   15    180    0    944   1829    991    328   0.7216    0.050
A-n45-k6 	BT-3   45   15    180    1    944   1581   1009    390   0.6672    0.069
A-n45-k6 	BT-3   45    7     90    0    944    952    949    119   0.2314    0.005
A-n45-k6 	BT-3   45    7     90    1    944    949    949     90   0.1883    0.005
A-n45-k6 	BT-3   45    4     90    0    944    952    949    114   0.2215    0.005
A-n45-k6 	BT-3   45    4     90    1    944    949    949     90   0.1865    0.005
A-n45-k6 	BT-3   45   15    180    0    944   1829    985    367   0.6187    0.043
A-n45-k6 	BT-3   45   15    180    1    944   1581    989    581   1.0261    0.048
A-n45-k6 	BT-3   45    7     90    0    944    952    949    123   0.2414    0.005
A-n45-k6 	BT-3   45    7     90    1    944    949    949     90   0.1895    0.005
A-n45-k6 	BT-3   45    4     90    0    944    952    949    111   0.2626    0.005
A-n45-k6 	BT-3   45    4     90    1    944    949    949     90   0.2576    0.005
A-n45-k6 	BT-3   45   15    180    0    944   1829    974    348   0.6212    0.032
A-n45-k6 	BT-3   45   15    180    1    944   1581   1034    331   0.5811    0.095
A-n45-k6 	BT-3   45    7     90    0    944    952    949    133   0.2549    0.005
A-n45-k6 	BT-3   45    7     90    1    944    949    949     90   0.2181    0.005
A-n45-k6 	BT-3   45    4     90    0    944    952    949    124   0.2599    0.005
A-n45-k6 	BT-3   45    4     90    1    944    949    949     90   0.1869    0.005
A-n45-k6 	BT-3   45   15    180    0    944   1829    996    265   0.4441    0.055
A-n45-k6 	BT-3   45   15    180    1    944   1581    965    798   1.5000    0.022
A-n45-k6 	BT-3   45    7     90    0    944    952    952     90   0.2250    0.008
A-n45-k6 	BT-3   45    7     90    1    944    949    949     90   0.2168    0.005
A-n45-k6 	BT-3   45    4     90    0    944    952    949    125   0.3101    0.005
A-n45-k6 	BT-3   45    4     90    1    944    949    949     90   0.2054    0.005
A-n45-k6 	BT-3   45   15    180    0    944   1829    993    386   0.8632    0.052
A-n45-k6 	BT-3   45   15    180    1    944   1581    998    267   0.6475    0.057
A-n45-k6 	BT-3   45    7     90    0    944    952    949    117   0.2678    0.005
A-n45-k6 	BT-3   45    7     90    1    944    949    949     90   0.2332    0.005
A-n45-k6 	BT-3   45    4     90    0    944    952    949    138   0.3744    0.005
A-n45-k6 	BT-3   45    4     90    1    944    949    949     90   0.1964    0.005
A-n45-k6 	BT-3   45   15    180    0    944   1829   1006    227   0.3802    0.066
A-n45-k6 	BT-3   45   15    180    1    944   1581    962    632   1.0715    0.019
A-n45-k6 	BT-3   45    7     90    0    944    952    949    117   0.2332    0.005
A-n45-k6 	BT-3   45    7     90    1    944    949    949     90   0.1884    0.005
A-n45-k6 	BT-3   45    4     90    0    944    952    949    118   0.2304    0.005
A-n45-k6 	BT-3   45    4     90    1    944    949    949     90   0.1870    0.005
A-n45-k6 	BT-3   45   15    180    0    944   1829   1013    251   0.4907    0.073
A-n45-k6 	BT-3   45   15    180    1    944   1581    984    542   0.9864    0.042
A-n45-k6 	BT-3   45    7     90    0    944    952    949    119   0.2389    0.005
A-n45-k6 	BT-3   45    7     90    1    944    949    949     90   0.2531    0.005
A-n45-k6 	BT-3   45    4     90    0    944    952    949    128   0.2706    0.005
A-n45-k6 	BT-3   45    4     90    1    944    949    949     90   0.1942    0.005
