A-n60-k9 	BT-1   60   20    240    0   1408   2037   1390    278   1.2275   -0.013
A-n60-k9 	BT-1   60   20    240    1   1408   2039   1441    259   1.1056    0.023
A-n60-k9 	BT-1   60   10    120    0   1408   1537   1390    121   0.5862   -0.013
A-n60-k9 	BT-1   60   10    120    1   1408   1390   1390    120   0.5634   -0.013
A-n60-k9 	BT-1   60    6    120    0   1408   1537   1390    121   0.5706   -0.013
A-n60-k9 	BT-1   60    6    120    1   1408   1390   1390    120   0.5626   -0.013
A-n60-k9 	BT-2   60   20    240    0   1408   2037   1395    364   1.6511   -0.009
A-n60-k9 	BT-2   60   20    240    1   1408   2039   1407    262   1.1441   -0.001
A-n60-k9 	BT-2   60   10    120    0   1408   1395   1395    120   0.5512   -0.009
A-n60-k9 	BT-2   60   10    120    1   1408   1395   1378    132   0.6260   -0.021
A-n60-k9 	BT-2   60    6    120    0   1408   1378   1378    120   0.5774   -0.021
A-n60-k9 	BT-2   60    6    120    1   1408   1378   1378    120   0.5696   -0.021
A-n60-k9 	BT-3   60   20    240    0   1408   2037   1423    353   1.4499    0.011
A-n60-k9 	BT-3   60   20    240    1   1408   2039   1403    346   1.4470   -0.004
A-n60-k9 	BT-3   60   10    120    0   1408   1403   1403    120   0.6290   -0.004
A-n60-k9 	BT-3   60   10    120    1   1408   1403   1400    165   0.8124   -0.006
A-n60-k9 	BT-3   60    6    120    0   1408   1400   1400    120   0.6433   -0.006
A-n60-k9 	BT-3   60    6    120    1   1408   1400   1400    120   0.6424   -0.006
A-n60-k9 	BT-3   60   20    240    0   1408   2037   1363    384   1.5397   -0.032
A-n60-k9 	BT-3   60   20    240    1   1408   2039   1364    500   2.0586   -0.031
A-n60-k9 	BT-3   60   10    120    0   1408   1460   1364    289   1.3086   -0.031
A-n60-k9 	BT-3   60   10    120    1   1408   1363   1361    185   0.9687   -0.033
A-n60-k9 	BT-3   60    6    120    0   1408   1490   1359    174   0.7944   -0.035
A-n60-k9 	BT-3   60    6    120    1   1408   1361   1361    120   0.6379   -0.033
A-n60-k9 	BT-3   60   20    240    0   1408   2037   1484    275   1.1487    0.054
A-n60-k9 	BT-3   60   20    240    1   1408   2039   1392    363   1.4762   -0.011
A-n60-k9 	BT-3   60   10    120    0   1408   1359   1359    120   0.6677   -0.035
A-n60-k9 	BT-3   60   10    120    1   1408   1359   1359    120   0.6320   -0.035
A-n60-k9 	BT-3   60    6    120    0   1408   1359   1359    120   0.6250   -0.035
A-n60-k9 	BT-3   60    6    120    1   1408   1359   1359    120   0.6411   -0.035
A-n60-k9 	BT-3   60   20    240    0   1408   2037   1368    592   2.4338   -0.028
A-n60-k9 	BT-3   60   20    240    1   1408   2039   1391    663   2.7257   -0.012
A-n60-k9 	BT-3   60   10    120    0   1408   1359   1359    120   0.6291   -0.035
A-n60-k9 	BT-3   60   10    120    1   1408   1359   1359    120   0.6417   -0.035
A-n60-k9 	BT-3   60    6    120    0   1408   1359   1359    120   0.6220   -0.035
A-n60-k9 	BT-3   60    6    120    1   1408   1359   1359    120   0.6387   -0.035
A-n60-k9 	BT-3   60   20    240    0   1408   2037   1369    439   1.9412   -0.028
A-n60-k9 	BT-3   60   20    240    1   1408   2039   1391    593   2.4370   -0.012
A-n60-k9 	BT-3   60   10    120    0   1408   1359   1359    120   0.6288   -0.035
A-n60-k9 	BT-3   60   10    120    1   1408   1359   1359    120   0.6292   -0.035
A-n60-k9 	BT-3   60    6    120    0   1408   1359   1359    120   0.6270   -0.035
A-n60-k9 	BT-3   60    6    120    1   1408   1359   1359    120   0.6365   -0.035
A-n60-k9 	BT-3   60   20    240    0   1408   2037   1390    552   2.2715   -0.013
A-n60-k9 	BT-3   60   20    240    1   1408   2039   1477    278   1.1639    0.049
A-n60-k9 	BT-3   60   10    120    0   1408   1359   1359    120   0.6225   -0.035
A-n60-k9 	BT-3   60   10    120    1   1408   1359   1359    120   0.6459   -0.035
A-n60-k9 	BT-3   60    6    120    0   1408   1359   1359    120   0.6574   -0.035
A-n60-k9 	BT-3   60    6    120    1   1408   1359   1359    120   0.6380   -0.035
A-n60-k9 	BT-3   60   20    240    0   1408   2037   1386    564   2.2969   -0.016
A-n60-k9 	BT-3   60   20    240    1   1408   2039   1388    639   2.6346   -0.014
A-n60-k9 	BT-3   60   10    120    0   1408   1359   1359    120   0.6279   -0.035
A-n60-k9 	BT-3   60   10    120    1   1408   1359   1359    120   0.6336   -0.035
A-n60-k9 	BT-3   60    6    120    0   1408   1359   1359    120   0.6239   -0.035
A-n60-k9 	BT-3   60    6    120    1   1408   1359   1359    120   0.6367   -0.035
A-n60-k9 	BT-3   60   20    240    0   1408   2037   1397    431   1.7839   -0.008
A-n60-k9 	BT-3   60   20    240    1   1408   2039   1372    519   2.1169   -0.026
A-n60-k9 	BT-3   60   10    120    0   1408   1359   1359    120   0.6661   -0.035
A-n60-k9 	BT-3   60   10    120    1   1408   1359   1359    120   0.6464   -0.035
A-n60-k9 	BT-3   60    6    120    0   1408   1359   1359    120   0.6192   -0.035
A-n60-k9 	BT-3   60    6    120    1   1408   1359   1359    120   0.6503   -0.035
A-n60-k9 	BT-3   60   20    240    0   1408   2037   1407    486   1.9966   -0.001
A-n60-k9 	BT-3   60   20    240    1   1408   2039   1472    278   1.1511    0.045
A-n60-k9 	BT-3   60   10    120    0   1408   1359   1359    120   0.6299   -0.035
A-n60-k9 	BT-3   60   10    120    1   1408   1359   1359    120   0.6453   -0.035
A-n60-k9 	BT-3   60    6    120    0   1408   1359   1359    120   0.6225   -0.035
A-n60-k9 	BT-3   60    6    120    1   1408   1359   1359    120   0.6401   -0.035
A-n60-k9 	BT-3   60   20    240    0   1408   2037   1408    290   1.3030    0.000
A-n60-k9 	BT-3   60   20    240    1   1408   2039   1370    426   1.7592   -0.027
A-n60-k9 	BT-3   60   10    120    0   1408   1359   1359    120   0.6311   -0.035
A-n60-k9 	BT-3   60   10    120    1   1408   1359   1359    120   0.6317   -0.035
A-n60-k9 	BT-3   60    6    120    0   1408   1359   1359    120   0.6325   -0.035
A-n60-k9 	BT-3   60    6    120    1   1408   1359   1359    120   0.6336   -0.035
A-n60-k9 	BT-3   60   20    240    0   1408   2037   1408    290   1.1920    0.000
A-n60-k9 	BT-3   60   20    240    1   1408   2039   1399    646   2.5918   -0.006
A-n60-k9 	BT-3   60   10    120    0   1408   1359   1359    120   0.6299   -0.035
A-n60-k9 	BT-3   60   10    120    1   1408   1359   1359    120   0.6629   -0.035
A-n60-k9 	BT-3   60    6    120    0   1408   1359   1359    120   0.6309   -0.035
A-n60-k9 	BT-3   60    6    120    1   1408   1359   1359    120   0.6367   -0.035
A-n60-k9 	BT-3   60   20    240    0   1408   2037   1383    392   1.6204   -0.018
A-n60-k9 	BT-3   60   20    240    1   1408   2039   1389    526   2.1506   -0.013
A-n60-k9 	BT-3   60   10    120    0   1408   1359   1359    120   0.6255   -0.035
A-n60-k9 	BT-3   60   10    120    1   1408   1359   1359    120   0.6486   -0.035
A-n60-k9 	BT-3   60    6    120    0   1408   1359   1359    120   0.6652   -0.035
A-n60-k9 	BT-3   60    6    120    1   1408   1359   1359    120   0.6372   -0.035
A-n60-k9 	BT-3   60   20    240    0   1408   2037   1359    891   3.6711   -0.035
A-n60-k9 	BT-3   60   20    240    1   1408   2039   1377    455   1.8726   -0.022
A-n60-k9 	BT-3   60   10    120    0   1408   1359   1359    120   0.6298   -0.035
A-n60-k9 	BT-3   60   10    120    1   1408   1359   1359    120   0.6400   -0.035
A-n60-k9 	BT-3   60    6    120    0   1408   1359   1359    120   0.6238   -0.035
A-n60-k9 	BT-3   60    6    120    1   1408   1359   1359    120   0.6308   -0.035
A-n60-k9 	BT-3   60   20    240    0   1408   2037   1359    561   2.2482   -0.035
A-n60-k9 	BT-3   60   20    240    1   1408   2039   1362    629   2.6135   -0.033
A-n60-k9 	BT-3   60   10    120    0   1408   1359   1359    120   0.6636   -0.035
A-n60-k9 	BT-3   60   10    120    1   1408   1359   1359    120   0.6348   -0.035
A-n60-k9 	BT-3   60    6    120    0   1408   1359   1359    120   0.6293   -0.035
A-n60-k9 	BT-3   60    6    120    1   1408   1359   1359    120   0.6324   -0.035
A-n60-k9 	BT-3   60   20    240    0   1408   2037   1366    413   1.7162   -0.030
A-n60-k9 	BT-3   60   20    240    1   1408   2039   1361    932   3.8015   -0.033
A-n60-k9 	BT-3   60   10    120    0   1408   1359   1359    120   0.6243   -0.035
A-n60-k9 	BT-3   60   10    120    1   1408   1359   1359    120   0.6424   -0.035
A-n60-k9 	BT-3   60    6    120    0   1408   1359   1359    120   0.6272   -0.035
A-n60-k9 	BT-3   60    6    120    1   1408   1359   1359    120   0.6339   -0.035
A-n60-k9 	BT-3   60   20    240    0   1408   2037   1408    290   1.1953    0.000
A-n60-k9 	BT-3   60   20    240    1   1408   2039   1477    278   1.1735    0.049
A-n60-k9 	BT-3   60   10    120    0   1408   1359   1359    120   0.6260   -0.035
A-n60-k9 	BT-3   60   10    120    1   1408   1359   1359    120   0.6371   -0.035
A-n60-k9 	BT-3   60    6    120    0   1408   1359   1359    120   0.6346   -0.035
A-n60-k9 	BT-3   60    6    120    1   1408   1359   1359    120   0.6336   -0.035
A-n60-k9 	BT-3   60   20    240    0   1408   2037   1364   1054   4.2999   -0.031
A-n60-k9 	BT-3   60   20    240    1   1408   2039   1477    278   1.1582    0.049
A-n60-k9 	BT-3   60   10    120    0   1408   1359   1359    120   0.6222   -0.035
A-n60-k9 	BT-3   60   10    120    1   1408   1359   1359    120   0.6359   -0.035
A-n60-k9 	BT-3   60    6    120    0   1408   1359   1359    120   0.6245   -0.035
A-n60-k9 	BT-3   60    6    120    1   1408   1359   1359    120   0.6282   -0.035
A-n60-k9 	BT-3   60   20    240    0   1408   2037   1362    654   2.6457   -0.033
A-n60-k9 	BT-3   60   20    240    1   1408   2039   1477    278   1.1609    0.049
A-n60-k9 	BT-3   60   10    120    0   1408   1359   1359    120   0.6219   -0.035
A-n60-k9 	BT-3   60   10    120    1   1408   1359   1359    120   0.6418   -0.035
A-n60-k9 	BT-3   60    6    120    0   1408   1359   1359    120   0.6350   -0.035
A-n60-k9 	BT-3   60    6    120    1   1408   1359   1359    120   0.6666   -0.035
A-n60-k9 	BT-3   60   20    240    0   1408   2037   1362    683   2.7547   -0.033
A-n60-k9 	BT-3   60   20    240    1   1408   2039   1364    490   1.9929   -0.031
A-n60-k9 	BT-3   60   10    120    0   1408   1359   1359    120   0.6276   -0.035
A-n60-k9 	BT-3   60   10    120    1   1408   1359   1359    120   0.6364   -0.035
A-n60-k9 	BT-3   60    6    120    0   1408   1359   1359    120   0.6262   -0.035
A-n60-k9 	BT-3   60    6    120    1   1408   1359   1359    120   0.6469   -0.035
A-n60-k9 	BT-3   60   20    240    0   1408   2037   1398    510   2.0693   -0.007
A-n60-k9 	BT-3   60   20    240    1   1408   2039   1477    278   1.1598    0.049
A-n60-k9 	BT-3   60   10    120    0   1408   1359   1359    120   0.6328   -0.035
A-n60-k9 	BT-3   60   10    120    1   1408   1359   1359    120   0.6654   -0.035
A-n60-k9 	BT-3   60    6    120    0   1408   1359   1359    120   0.6204   -0.035
A-n60-k9 	BT-3   60    6    120    1   1408   1359   1359    120   0.6471   -0.035
A-n60-k9 	BT-3   60   20    240    0   1408   2037   1395    368   1.5191   -0.009
A-n60-k9 	BT-3   60   20    240    1   1408   2039   1377    479   1.9537   -0.022
A-n60-k9 	BT-3   60   10    120    0   1408   1359   1359    120   0.6275   -0.035
A-n60-k9 	BT-3   60   10    120    1   1408   1359   1359    120   0.6420   -0.035
A-n60-k9 	BT-3   60    6    120    0   1408   1359   1359    120   0.6260   -0.035
A-n60-k9 	BT-3   60    6    120    1   1408   1359   1359    120   0.6306   -0.035
A-n60-k9 	BT-3   60   20    240    0   1408   2037   1380    383   1.6588   -0.020
A-n60-k9 	BT-3   60   20    240    1   1408   2039   1477    278   1.1717    0.049
A-n60-k9 	BT-3   60   10    120    0   1408   1359   1359    120   0.6292   -0.035
A-n60-k9 	BT-3   60   10    120    1   1408   1359   1359    120   0.6415   -0.035
A-n60-k9 	BT-3   60    6    120    0   1408   1359   1359    120   0.6298   -0.035
A-n60-k9 	BT-3   60    6    120    1   1408   1359   1359    120   0.6299   -0.035
A-n60-k9 	BT-3   60   20    240    0   1408   2037   1362    494   2.0141   -0.033
A-n60-k9 	BT-3   60   20    240    1   1408   2039   1370    577   2.3220   -0.027
A-n60-k9 	BT-3   60   10    120    0   1408   1359   1359    120   0.6455   -0.035
A-n60-k9 	BT-3   60   10    120    1   1408   1359   1359    120   0.6528   -0.035
A-n60-k9 	BT-3   60    6    120    0   1408   1359   1359    120   0.6657   -0.035
A-n60-k9 	BT-3   60    6    120    1   1408   1359   1359    120   0.6318   -0.035
A-n60-k9 	BT-3   60   20    240    0   1408   2037   1408    290   1.1955    0.000
A-n60-k9 	BT-3   60   20    240    1   1408   2039   1371    563   2.2779   -0.026
A-n60-k9 	BT-3   60   10    120    0   1408   1359   1359    120   0.6362   -0.035
A-n60-k9 	BT-3   60   10    120    1   1408   1359   1359    120   0.6421   -0.035
A-n60-k9 	BT-3   60    6    120    0   1408   1359   1359    120   0.6266   -0.035
A-n60-k9 	BT-3   60    6    120    1   1408   1359   1359    120   0.6344   -0.035
A-n60-k9 	BT-3   60   20    240    0   1408   2037   1400    405   1.6805   -0.006
A-n60-k9 	BT-3   60   20    240    1   1408   2039   1368    633   2.6025   -0.028
A-n60-k9 	BT-3   60   10    120    0   1408   1359   1359    120   0.6709   -0.035
A-n60-k9 	BT-3   60   10    120    1   1408   1359   1359    120   0.6394   -0.035
A-n60-k9 	BT-3   60    6    120    0   1408   1359   1359    120   0.6315   -0.035
A-n60-k9 	BT-3   60    6    120    1   1408   1359   1359    120   0.6343   -0.035
A-n60-k9 	BT-3   60   20    240    0   1408   2037   1396    855   3.5321   -0.009
A-n60-k9 	BT-3   60   20    240    1   1408   2039   1385    578   2.3880   -0.016
A-n60-k9 	BT-3   60   10    120    0   1408   1359   1359    120   0.6240   -0.035
A-n60-k9 	BT-3   60   10    120    1   1408   1359   1359    120   0.6427   -0.035
A-n60-k9 	BT-3   60    6    120    0   1408   1359   1359    120   0.6318   -0.035
A-n60-k9 	BT-3   60    6    120    1   1408   1359   1359    120   0.6408   -0.035
A-n60-k9 	BT-3   60   20    240    0   1408   2037   1368    522   2.1304   -0.028
A-n60-k9 	BT-3   60   20    240    1   1408   2039   1400    833   3.3759   -0.006
A-n60-k9 	BT-3   60   10    120    0   1408   1359   1359    120   0.6370   -0.035
A-n60-k9 	BT-3   60   10    120    1   1408   1359   1359    120   0.6363   -0.035
A-n60-k9 	BT-3   60    6    120    0   1408   1359   1359    120   0.6259   -0.035
A-n60-k9 	BT-3   60    6    120    1   1408   1359   1359    120   0.6327   -0.035
A-n60-k9 	BT-3   60   20    240    0   1408   2037   1408    289   1.1818    0.000
A-n60-k9 	BT-3   60   20    240    1   1408   2039   1391    758   3.0982   -0.012
A-n60-k9 	BT-3   60   10    120    0   1408   1359   1359    120   0.6255   -0.035
A-n60-k9 	BT-3   60   10    120    1   1408   1359   1359    120   0.6379   -0.035
A-n60-k9 	BT-3   60    6    120    0   1408   1359   1359    120   0.6279   -0.035
A-n60-k9 	BT-3   60    6    120    1   1408   1359   1359    120   0.6369   -0.035
A-n60-k9 	BT-3   60   20    240    0   1408   2037   1359    366   1.5690   -0.035
A-n60-k9 	BT-3   60   20    240    1   1408   2039   1402    454   1.8588   -0.004
A-n60-k9 	BT-3   60   10    120    0   1408   1359   1359    120   0.6284   -0.035
A-n60-k9 	BT-3   60   10    120    1   1408   1359   1359    120   0.6644   -0.035
A-n60-k9 	BT-3   60    6    120    0   1408   1359   1359    120   0.6319   -0.035
A-n60-k9 	BT-3   60    6    120    1   1408   1359   1359    120   0.6447   -0.035
A-n60-k9 	BT-3   60   20    240    0   1408   2037   1408    290   1.2055    0.000
A-n60-k9 	BT-3   60   20    240    1   1408   2039   1477    278   1.1583    0.049
A-n60-k9 	BT-3   60   10    120    0   1408   1359   1359    120   0.6203   -0.035
A-n60-k9 	BT-3   60   10    120    1   1408   1359   1359    120   0.6435   -0.035
A-n60-k9 	BT-3   60    6    120    0   1408   1359   1359    120   0.6668   -0.035
A-n60-k9 	BT-3   60    6    120    1   1408   1359   1359    120   0.6294   -0.035
A-n60-k9 	BT-3   60   20    240    0   1408   2037   1365    933   3.8075   -0.031
A-n60-k9 	BT-3   60   20    240    1   1408   2039   1387    525   2.1771   -0.015
A-n60-k9 	BT-3   60   10    120    0   1408   1359   1359    120   0.6289   -0.035
A-n60-k9 	BT-3   60   10    120    1   1408   1359   1359    120   0.6419   -0.035
A-n60-k9 	BT-3   60    6    120    0   1408   1359   1359    120   0.6294   -0.035
A-n60-k9 	BT-3   60    6    120    1   1408   1359   1359    120   0.6331   -0.035
A-n60-k9 	BT-3   60   20    240    0   1408   2037   1386    614   2.4830   -0.016
A-n60-k9 	BT-3   60   20    240    1   1408   2039   1477    278   1.1757    0.049
A-n60-k9 	BT-3   60   10    120    0   1408   1359   1359    120   0.6689   -0.035
A-n60-k9 	BT-3   60   10    120    1   1408   1359   1359    120   0.6437   -0.035
A-n60-k9 	BT-3   60    6    120    0   1408   1359   1359    120   0.6239   -0.035
A-n60-k9 	BT-3   60    6    120    1   1408   1359   1359    120   0.6341   -0.035
A-n60-k9 	BT-3   60   20    240    0   1408   2037   1396    346   1.4522   -0.009
A-n60-k9 	BT-3   60   20    240    1   1408   2039   1403    581   2.3981   -0.004
A-n60-k9 	BT-3   60   10    120    0   1408   1359   1359    120   0.6282   -0.035
A-n60-k9 	BT-3   60   10    120    1   1408   1359   1359    120   0.6418   -0.035
A-n60-k9 	BT-3   60    6    120    0   1408   1359   1359    120   0.6208   -0.035
A-n60-k9 	BT-3   60    6    120    1   1408   1359   1359    120   0.6389   -0.035
A-n60-k9 	BT-3   60   20    240    0   1408   2037   1391    408   1.7609   -0.012
A-n60-k9 	BT-3   60   20    240    1   1408   2039   1370    640   2.6283   -0.027
A-n60-k9 	BT-3   60   10    120    0   1408   1359   1359    120   0.6315   -0.035
A-n60-k9 	BT-3   60   10    120    1   1408   1359   1359    120   0.6375   -0.035
A-n60-k9 	BT-3   60    6    120    0   1408   1359   1359    120   0.6219   -0.035
A-n60-k9 	BT-3   60    6    120    1   1408   1359   1359    120   0.6370   -0.035
A-n60-k9 	BT-3   60   20    240    0   1408   2037   1359    548   2.2259   -0.035
A-n60-k9 	BT-3   60   20    240    1   1408   2039   1388    497   2.0446   -0.014
A-n60-k9 	BT-3   60   10    120    0   1408   1359   1359    120   0.6316   -0.035
A-n60-k9 	BT-3   60   10    120    1   1408   1359   1359    120   0.6441   -0.035
A-n60-k9 	BT-3   60    6    120    0   1408   1359   1359    120   0.6188   -0.035
A-n60-k9 	BT-3   60    6    120    1   1408   1359   1359    120   0.6365   -0.035
A-n60-k9 	BT-3   60   20    240    0   1408   2037   1380    306   1.2620   -0.020
A-n60-k9 	BT-3   60   20    240    1   1408   2039   1425    680   2.7619    0.012
A-n60-k9 	BT-3   60   10    120    0   1408   1359   1359    120   0.6227   -0.035
A-n60-k9 	BT-3   60   10    120    1   1408   1359   1359    120   0.6406   -0.035
A-n60-k9 	BT-3   60    6    120    0   1408   1359   1359    120   0.6182   -0.035
A-n60-k9 	BT-3   60    6    120    1   1408   1359   1359    120   0.6354   -0.035
A-n60-k9 	BT-3   60   20    240    0   1408   2037   1384    417   1.7196   -0.017
A-n60-k9 	BT-3   60   20    240    1   1408   2039   1395    734   2.9574   -0.009
A-n60-k9 	BT-3   60   10    120    0   1408   1359   1359    120   0.6293   -0.035
A-n60-k9 	BT-3   60   10    120    1   1408   1359   1359    120   0.6469   -0.035
A-n60-k9 	BT-3   60    6    120    0   1408   1359   1359    120   0.6288   -0.035
A-n60-k9 	BT-3   60    6    120    1   1408   1359   1359    120   0.6278   -0.035
A-n60-k9 	BT-3   60   20    240    0   1408   2037   1380    306   1.2466   -0.020
A-n60-k9 	BT-3   60   20    240    1   1408   2039   1477    278   1.1596    0.049
A-n60-k9 	BT-3   60   10    120    0   1408   1359   1359    120   0.6180   -0.035
A-n60-k9 	BT-3   60   10    120    1   1408   1359   1359    120   0.6347   -0.035
A-n60-k9 	BT-3   60    6    120    0   1408   1359   1359    120   0.6234   -0.035
A-n60-k9 	BT-3   60    6    120    1   1408   1359   1359    120   0.6315   -0.035
A-n60-k9 	BT-3   60   20    240    0   1408   2037   1383    377   1.5591   -0.018
A-n60-k9 	BT-3   60   20    240    1   1408   2039   1393    314   1.2938   -0.011
A-n60-k9 	BT-3   60   10    120    0   1408   1359   1359    120   0.6231   -0.035
A-n60-k9 	BT-3   60   10    120    1   1408   1359   1359    120   0.6419   -0.035
A-n60-k9 	BT-3   60    6    120    0   1408   1359   1359    120   0.6221   -0.035
A-n60-k9 	BT-3   60    6    120    1   1408   1359   1359    120   0.6438   -0.035
A-n60-k9 	BT-3   60   20    240    0   1408   2037   1366    427   1.7231   -0.030
A-n60-k9 	BT-3   60   20    240    1   1408   2039   1477    278   1.1708    0.049
A-n60-k9 	BT-3   60   10    120    0   1408   1359   1359    120   0.6321   -0.035
A-n60-k9 	BT-3   60   10    120    1   1408   1359   1359    120   0.6336   -0.035
A-n60-k9 	BT-3   60    6    120    0   1408   1359   1359    120   0.6255   -0.035
A-n60-k9 	BT-3   60    6    120    1   1408   1359   1359    120   0.6440   -0.035
A-n60-k9 	BT-3   60   20    240    0   1408   2037   1376    491   2.0003   -0.023
A-n60-k9 	BT-3   60   20    240    1   1408   2039   1411    483   1.9781    0.002
A-n60-k9 	BT-3   60   10    120    0   1408   1359   1359    120   0.6299   -0.035
A-n60-k9 	BT-3   60   10    120    1   1408   1359   1359    120   0.6339   -0.035
A-n60-k9 	BT-3   60    6    120    0   1408   1359   1359    120   0.6260   -0.035
A-n60-k9 	BT-3   60    6    120    1   1408   1359   1359    120   0.6556   -0.035
A-n60-k9 	BT-3   60   20    240    0   1408   2037   1408    290   1.2123    0.000
A-n60-k9 	BT-3   60   20    240    1   1408   2039   1477    278   1.1693    0.049
A-n60-k9 	BT-3   60   10    120    0   1408   1359   1359    120   0.6232   -0.035
A-n60-k9 	BT-3   60   10    120    1   1408   1359   1359    120   0.6371   -0.035
A-n60-k9 	BT-3   60    6    120    0   1408   1359   1359    120   0.6281   -0.035
A-n60-k9 	BT-3   60    6    120    1   1408   1359   1359    120   0.6424   -0.035
A-n60-k9 	BT-3   60   20    240    0   1408   2037   1400    431   1.7692   -0.006
A-n60-k9 	BT-3   60   20    240    1   1408   2039   1477    278   1.1592    0.049
A-n60-k9 	BT-3   60   10    120    0   1408   1359   1359    120   0.6361   -0.035
A-n60-k9 	BT-3   60   10    120    1   1408   1359   1359    120   0.6360   -0.035
A-n60-k9 	BT-3   60    6    120    0   1408   1359   1359    120   0.6229   -0.035
A-n60-k9 	BT-3   60    6    120    1   1408   1359   1359    120   0.6348   -0.035
A-n60-k9 	BT-3   60   20    240    0   1408   2037   1359    643   2.6049   -0.035
A-n60-k9 	BT-3   60   20    240    1   1408   2039   1368    490   2.0244   -0.028
A-n60-k9 	BT-3   60   10    120    0   1408   1359   1359    120   0.6150   -0.035
A-n60-k9 	BT-3   60   10    120    1   1408   1359   1359    120   0.6390   -0.035
A-n60-k9 	BT-3   60    6    120    0   1408   1359   1359    120   0.6747   -0.035
A-n60-k9 	BT-3   60    6    120    1   1408   1359   1359    120   0.6450   -0.035
A-n60-k9 	BT-3   60   20    240    0   1408   2037   1377    409   1.6765   -0.022
A-n60-k9 	BT-3   60   20    240    1   1408   2039   1477    278   1.1649    0.049
A-n60-k9 	BT-3   60   10    120    0   1408   1359   1359    120   0.6279   -0.035
A-n60-k9 	BT-3   60   10    120    1   1408   1359   1359    120   0.6494   -0.035
A-n60-k9 	BT-3   60    6    120    0   1408   1359   1359    120   0.6210   -0.035
A-n60-k9 	BT-3   60    6    120    1   1408   1359   1359    120   0.6328   -0.035
A-n60-k9 	BT-3   60   20    240    0   1408   2037   1383    498   1.9969   -0.018
A-n60-k9 	BT-3   60   20    240    1   1408   2039   1453    523   2.1798    0.032
A-n60-k9 	BT-3   60   10    120    0   1408   1359   1359    120   0.6265   -0.035
A-n60-k9 	BT-3   60   10    120    1   1408   1359   1359    120   0.6340   -0.035
A-n60-k9 	BT-3   60    6    120    0   1408   1359   1359    120   0.6215   -0.035
A-n60-k9 	BT-3   60    6    120    1   1408   1359   1359    120   0.6373   -0.035
A-n60-k9 	BT-3   60   20    240    0   1408   2037   1391    446   1.8329   -0.012
A-n60-k9 	BT-3   60   20    240    1   1408   2039   1382    533   2.2019   -0.018
A-n60-k9 	BT-3   60   10    120    0   1408   1359   1359    120   0.6304   -0.035
A-n60-k9 	BT-3   60   10    120    1   1408   1359   1359    120   0.6365   -0.035
A-n60-k9 	BT-3   60    6    120    0   1408   1359   1359    120   0.6189   -0.035
A-n60-k9 	BT-3   60    6    120    1   1408   1359   1359    120   0.6450   -0.035
A-n60-k9 	BT-3   60   20    240    0   1408   2037   1410    463   1.8802    0.001
A-n60-k9 	BT-3   60   20    240    1   1408   2039   1382    903   3.6986   -0.018
A-n60-k9 	BT-3   60   10    120    0   1408   1359   1359    120   0.6363   -0.035
A-n60-k9 	BT-3   60   10    120    1   1408   1359   1359    120   0.6440   -0.035
A-n60-k9 	BT-3   60    6    120    0   1408   1359   1359    120   0.6219   -0.035
A-n60-k9 	BT-3   60    6    120    1   1408   1359   1359    120   0.6410   -0.035
A-n60-k9 	BT-3   60   20    240    0   1408   2037   1430    291   1.2086    0.016
A-n60-k9 	BT-3   60   20    240    1   1408   2039   1408    536   2.2086    0.000
A-n60-k9 	BT-3   60   10    120    0   1408   1359   1359    120   0.6288   -0.035
A-n60-k9 	BT-3   60   10    120    1   1408   1359   1359    120   0.6407   -0.035
A-n60-k9 	BT-3   60    6    120    0   1408   1359   1359    120   0.6215   -0.035
A-n60-k9 	BT-3   60    6    120    1   1408   1359   1359    120   0.6441   -0.035
A-n60-k9 	BT-3   60   20    240    0   1408   2037   1403    402   1.6259   -0.004
A-n60-k9 	BT-3   60   20    240    1   1408   2039   1395    659   2.7023   -0.009
A-n60-k9 	BT-3   60   10    120    0   1408   1359   1359    120   0.6318   -0.035
A-n60-k9 	BT-3   60   10    120    1   1408   1359   1359    120   0.6492   -0.035
A-n60-k9 	BT-3   60    6    120    0   1408   1359   1359    120   0.6266   -0.035
A-n60-k9 	BT-3   60    6    120    1   1408   1359   1359    120   0.6484   -0.035
A-n60-k9 	BT-3   60   20    240    0   1408   2037   1390    408   1.6724   -0.013
A-n60-k9 	BT-3   60   20    240    1   1408   2039   1387    358   1.4497   -0.015
A-n60-k9 	BT-3   60   10    120    0   1408   1359   1359    120   0.6227   -0.035
A-n60-k9 	BT-3   60   10    120    1   1408   1359   1359    120   0.6337   -0.035
A-n60-k9 	BT-3   60    6    120    0   1408   1359   1359    120   0.6294   -0.035
A-n60-k9 	BT-3   60    6    120    1   1408   1359   1359    120   0.6402   -0.035
A-n60-k9 	BT-3   60   20    240    0   1408   2037   1371    552   2.2655   -0.026
A-n60-k9 	BT-3   60   20    240    1   1408   2039   1454    508   2.0619    0.033
A-n60-k9 	BT-3   60   10    120    0   1408   1359   1359    120   0.6255   -0.035
A-n60-k9 	BT-3   60   10    120    1   1408   1359   1359    120   0.6363   -0.035
A-n60-k9 	BT-3   60    6    120    0   1408   1359   1359    120   0.6257   -0.035
A-n60-k9 	BT-3   60    6    120    1   1408   1359   1359    120   0.6383   -0.035
A-n60-k9 	BT-3   60   20    240    0   1408   2037   1369    583   2.3678   -0.028
A-n60-k9 	BT-3   60   20    240    1   1408   2039   1392    339   1.4059   -0.011
A-n60-k9 	BT-3   60   10    120    0   1408   1359   1359    120   0.6284   -0.035
A-n60-k9 	BT-3   60   10    120    1   1408   1359   1359    120   0.6356   -0.035
A-n60-k9 	BT-3   60    6    120    0   1408   1359   1359    120   0.6223   -0.035
A-n60-k9 	BT-3   60    6    120    1   1408   1359   1359    120   0.6359   -0.035
A-n60-k9 	BT-3   60   20    240    0   1408   2037   1369    338   1.3670   -0.028
A-n60-k9 	BT-3   60   20    240    1   1408   2039   1395    567   2.3220   -0.009
A-n60-k9 	BT-3   60   10    120    0   1408   1359   1359    120   0.6298   -0.035
A-n60-k9 	BT-3   60   10    120    1   1408   1359   1359    120   0.6438   -0.035
A-n60-k9 	BT-3   60    6    120    0   1408   1359   1359    120   0.6261   -0.035
A-n60-k9 	BT-3   60    6    120    1   1408   1359   1359    120   0.6652   -0.035
A-n60-k9 	BT-3   60   20    240    0   1408   2037   1390    692   2.8467   -0.013
A-n60-k9 	BT-3   60   20    240    1   1408   2039   1413    694   2.7927    0.004
A-n60-k9 	BT-3   60   10    120    0   1408   1359   1359    120   0.6364   -0.035
A-n60-k9 	BT-3   60   10    120    1   1408   1359   1359    120   0.6317   -0.035
A-n60-k9 	BT-3   60    6    120    0   1408   1359   1359    120   0.6234   -0.035
A-n60-k9 	BT-3   60    6    120    1   1408   1359   1359    120   0.6409   -0.035
A-n60-k9 	BT-3   60   20    240    0   1408   2037   1414    295   1.2084    0.004
A-n60-k9 	BT-3   60   20    240    1   1408   2039   1408    474   1.9383    0.000
A-n60-k9 	BT-3   60   10    120    0   1408   1359   1359    120   0.6327   -0.035
A-n60-k9 	BT-3   60   10    120    1   1408   1359   1359    120   0.6432   -0.035
A-n60-k9 	BT-3   60    6    120    0   1408   1359   1359    120   0.6232   -0.035
A-n60-k9 	BT-3   60    6    120    1   1408   1359   1359    120   0.6362   -0.035
A-n60-k9 	BT-3   60   20    240    0   1408   2037   1360    404   1.6389   -0.034
A-n60-k9 	BT-3   60   20    240    1   1408   2039   1371    520   2.1180   -0.026
A-n60-k9 	BT-3   60   10    120    0   1408   1359   1359    120   0.6338   -0.035
A-n60-k9 	BT-3   60   10    120    1   1408   1359   1359    120   0.6339   -0.035
A-n60-k9 	BT-3   60    6    120    0   1408   1359   1359    120   0.6626   -0.035
A-n60-k9 	BT-3   60    6    120    1   1408   1359   1359    120   0.6496   -0.035
A-n60-k9 	BT-3   60   20    240    0   1408   2037   1405    371   1.5129   -0.002
A-n60-k9 	BT-3   60   20    240    1   1408   2039   1384    527   2.1357   -0.017
A-n60-k9 	BT-3   60   10    120    0   1408   1359   1359    120   0.6203   -0.035
A-n60-k9 	BT-3   60   10    120    1   1408   1359   1359    120   0.6400   -0.035
A-n60-k9 	BT-3   60    6    120    0   1408   1359   1359    120   0.6275   -0.035
A-n60-k9 	BT-3   60    6    120    1   1408   1359   1359    120   0.6313   -0.035
A-n60-k9 	BT-3   60   20    240    0   1408   2037   1370    374   1.5461   -0.027
A-n60-k9 	BT-3   60   20    240    1   1408   2039   1477    278   1.1783    0.049
A-n60-k9 	BT-3   60   10    120    0   1408   1359   1359    120   0.6229   -0.035
A-n60-k9 	BT-3   60   10    120    1   1408   1359   1359    120   0.6347   -0.035
A-n60-k9 	BT-3   60    6    120    0   1408   1359   1359    120   0.6189   -0.035
A-n60-k9 	BT-3   60    6    120    1   1408   1359   1359    120   0.6343   -0.035
A-n60-k9 	BT-3   60   20    240    0   1408   2037   1402    506   2.0730   -0.004
A-n60-k9 	BT-3   60   20    240    1   1408   2039   1477    278   1.1587    0.049
A-n60-k9 	BT-3   60   10    120    0   1408   1359   1359    120   0.6266   -0.035
A-n60-k9 	BT-3   60   10    120    1   1408   1359   1359    120   0.6353   -0.035
A-n60-k9 	BT-3   60    6    120    0   1408   1359   1359    120   0.6271   -0.035
A-n60-k9 	BT-3   60    6    120    1   1408   1359   1359    120   0.6354   -0.035
A-n60-k9 	BT-3   60   20    240    0   1408   2037   1408    290   1.2044    0.000
A-n60-k9 	BT-3   60   20    240    1   1408   2039   1477    278   1.1700    0.049
A-n60-k9 	BT-3   60   10    120    0   1408   1359   1359    120   0.6292   -0.035
A-n60-k9 	BT-3   60   10    120    1   1408   1359   1359    120   0.6443   -0.035
A-n60-k9 	BT-3   60    6    120    0   1408   1359   1359    120   0.6307   -0.035
A-n60-k9 	BT-3   60    6    120    1   1408   1359   1359    120   0.6316   -0.035
A-n60-k9 	BT-3   60   20    240    0   1408   2037   1371    612   2.5018   -0.026
A-n60-k9 	BT-3   60   20    240    1   1408   2039   1439    504   2.0617    0.022
A-n60-k9 	BT-3   60   10    120    0   1408   1359   1359    120   0.6284   -0.035
A-n60-k9 	BT-3   60   10    120    1   1408   1359   1359    120   0.6409   -0.035
A-n60-k9 	BT-3   60    6    120    0   1408   1359   1359    120   0.6231   -0.035
A-n60-k9 	BT-3   60    6    120    1   1408   1359   1359    120   0.6372   -0.035
A-n60-k9 	BT-3   60   20    240    0   1408   2037   1374    752   3.0927   -0.024
A-n60-k9 	BT-3   60   20    240    1   1408   2039   1477    278   1.1614    0.049
A-n60-k9 	BT-3   60   10    120    0   1408   1359   1359    120   0.6317   -0.035
A-n60-k9 	BT-3   60   10    120    1   1408   1359   1359    120   0.6271   -0.035
A-n60-k9 	BT-3   60    6    120    0   1408   1359   1359    120   0.6302   -0.035
A-n60-k9 	BT-3   60    6    120    1   1408   1359   1359    120   0.6457   -0.035
A-n60-k9 	BT-3   60   20    240    0   1408   2037   1377    325   1.3111   -0.022
A-n60-k9 	BT-3   60   20    240    1   1408   2039   1364    431   1.7364   -0.031
A-n60-k9 	BT-3   60   10    120    0   1408   1359   1359    120   0.6256   -0.035
A-n60-k9 	BT-3   60   10    120    1   1408   1359   1359    120   0.6465   -0.035
A-n60-k9 	BT-3   60    6    120    0   1408   1359   1359    120   0.6218   -0.035
A-n60-k9 	BT-3   60    6    120    1   1408   1359   1359    120   0.6367   -0.035
A-n60-k9 	BT-3   60   20    240    0   1408   2037   1361   1017   4.1583   -0.033
A-n60-k9 	BT-3   60   20    240    1   1408   2039   1459    571   2.3181    0.036
A-n60-k9 	BT-3   60   10    120    0   1408   1359   1359    120   0.6246   -0.035
A-n60-k9 	BT-3   60   10    120    1   1408   1359   1359    120   0.6409   -0.035
A-n60-k9 	BT-3   60    6    120    0   1408   1359   1359    120   0.6252   -0.035
A-n60-k9 	BT-3   60    6    120    1   1408   1359   1359    120   0.6345   -0.035
A-n60-k9 	BT-3   60   20    240    0   1408   2037   1417    299   1.2326    0.006
A-n60-k9 	BT-3   60   20    240    1   1408   2039   1381    439   1.8257   -0.019
A-n60-k9 	BT-3   60   10    120    0   1408   1359   1359    120   0.6281   -0.035
A-n60-k9 	BT-3   60   10    120    1   1408   1359   1359    120   0.6404   -0.035
A-n60-k9 	BT-3   60    6    120    0   1408   1359   1359    120   0.6276   -0.035
A-n60-k9 	BT-3   60    6    120    1   1408   1359   1359    120   0.6385   -0.035
A-n60-k9 	BT-3   60   20    240    0   1408   2037   1397    424   1.7150   -0.008
A-n60-k9 	BT-3   60   20    240    1   1408   2039   1384    634   2.6111   -0.017
A-n60-k9 	BT-3   60   10    120    0   1408   1359   1359    120   0.6232   -0.035
A-n60-k9 	BT-3   60   10    120    1   1408   1359   1359    120   0.6416   -0.035
A-n60-k9 	BT-3   60    6    120    0   1408   1359   1359    120   0.6272   -0.035
A-n60-k9 	BT-3   60    6    120    1   1408   1359   1359    120   0.6307   -0.035
A-n60-k9 	BT-3   60   20    240    0   1408   2037   1381    810   3.3123   -0.019
A-n60-k9 	BT-3   60   20    240    1   1408   2039   1377    645   2.6199   -0.022
A-n60-k9 	BT-3   60   10    120    0   1408   1359   1359    120   0.6300   -0.035
A-n60-k9 	BT-3   60   10    120    1   1408   1359   1359    120   0.6361   -0.035
A-n60-k9 	BT-3   60    6    120    0   1408   1359   1359    120   0.6294   -0.035
A-n60-k9 	BT-3   60    6    120    1   1408   1359   1359    120   0.6357   -0.035
A-n60-k9 	BT-3   60   20    240    0   1408   2037   1408    290   1.1889    0.000
A-n60-k9 	BT-3   60   20    240    1   1408   2039   1394    554   2.2653   -0.010
A-n60-k9 	BT-3   60   10    120    0   1408   1359   1359    120   0.6351   -0.035
A-n60-k9 	BT-3   60   10    120    1   1408   1359   1359    120   0.6435   -0.035
A-n60-k9 	BT-3   60    6    120    0   1408   1359   1359    120   0.6244   -0.035
A-n60-k9 	BT-3   60    6    120    1   1408   1359   1359    120   0.6456   -0.035
A-n60-k9 	BT-3   60   20    240    0   1408   2037   1379    384   1.5761   -0.021
A-n60-k9 	BT-3   60   20    240    1   1408   2039   1418    465   1.9032    0.007
A-n60-k9 	BT-3   60   10    120    0   1408   1359   1359    120   0.6287   -0.035
A-n60-k9 	BT-3   60   10    120    1   1408   1359   1359    120   0.6363   -0.035
A-n60-k9 	BT-3   60    6    120    0   1408   1359   1359    120   0.6201   -0.035
A-n60-k9 	BT-3   60    6    120    1   1408   1359   1359    120   0.6445   -0.035
A-n60-k9 	BT-3   60   20    240    0   1408   2037   1401    470   1.9548   -0.005
A-n60-k9 	BT-3   60   20    240    1   1408   2039   1367    555   2.2635   -0.029
A-n60-k9 	BT-3   60   10    120    0   1408   1359   1359    120   0.6301   -0.035
A-n60-k9 	BT-3   60   10    120    1   1408   1359   1359    120   0.6589   -0.035
A-n60-k9 	BT-3   60    6    120    0   1408   1359   1359    120   0.6223   -0.035
A-n60-k9 	BT-3   60    6    120    1   1408   1359   1359    120   0.6436   -0.035
A-n60-k9 	BT-3   60   20    240    0   1408   2037   1399    530   2.1571   -0.006
A-n60-k9 	BT-3   60   20    240    1   1408   2039   1392    601   2.4490   -0.011
A-n60-k9 	BT-3   60   10    120    0   1408   1359   1359    120   0.6226   -0.035
A-n60-k9 	BT-3   60   10    120    1   1408   1359   1359    120   0.6403   -0.035
A-n60-k9 	BT-3   60    6    120    0   1408   1359   1359    120   0.6242   -0.035
A-n60-k9 	BT-3   60    6    120    1   1408   1359   1359    120   0.6511   -0.035
A-n60-k9 	BT-3   60   20    240    0   1408   2037   1403    425   1.7349   -0.004
A-n60-k9 	BT-3   60   20    240    1   1408   2039   1362    456   1.8545   -0.033
A-n60-k9 	BT-3   60   10    120    0   1408   1359   1359    120   0.6290   -0.035
A-n60-k9 	BT-3   60   10    120    1   1408   1359   1359    120   0.6450   -0.035
A-n60-k9 	BT-3   60    6    120    0   1408   1359   1359    120   0.6245   -0.035
A-n60-k9 	BT-3   60    6    120    1   1408   1359   1359    120   0.6353   -0.035
A-n60-k9 	BT-3   60   20    240    0   1408   2037   1359    521   2.1109   -0.035
A-n60-k9 	BT-3   60   20    240    1   1408   2039   1373    565   2.3344   -0.025
A-n60-k9 	BT-3   60   10    120    0   1408   1359   1359    120   0.6277   -0.035
A-n60-k9 	BT-3   60   10    120    1   1408   1359   1359    120   0.6397   -0.035
A-n60-k9 	BT-3   60    6    120    0   1408   1359   1359    120   0.6181   -0.035
A-n60-k9 	BT-3   60    6    120    1   1408   1359   1359    120   0.6373   -0.035
A-n60-k9 	BT-3   60   20    240    0   1408   2037   1366    400   1.6208   -0.030
A-n60-k9 	BT-3   60   20    240    1   1408   2039   1363    855   3.4777   -0.032
A-n60-k9 	BT-3   60   10    120    0   1408   1359   1359    120   0.6223   -0.035
A-n60-k9 	BT-3   60   10    120    1   1408   1359   1359    120   0.6398   -0.035
A-n60-k9 	BT-3   60    6    120    0   1408   1359   1359    120   0.6205   -0.035
A-n60-k9 	BT-3   60    6    120    1   1408   1359   1359    120   0.6609   -0.035
A-n60-k9 	BT-3   60   20    240    0   1408   2037   1359    796   3.2578   -0.035
A-n60-k9 	BT-3   60   20    240    1   1408   2039   1364    532   2.1758   -0.031
A-n60-k9 	BT-3   60   10    120    0   1408   1359   1359    120   0.6462   -0.035
A-n60-k9 	BT-3   60   10    120    1   1408   1359   1359    120   0.6332   -0.035
A-n60-k9 	BT-3   60    6    120    0   1408   1359   1359    120   0.6349   -0.035
A-n60-k9 	BT-3   60    6    120    1   1408   1359   1359    120   0.6383   -0.035
A-n60-k9 	BT-3   60   20    240    0   1408   2037   1366    958   3.8923   -0.030
A-n60-k9 	BT-3   60   20    240    1   1408   2039   1378    669   2.6990   -0.021
A-n60-k9 	BT-3   60   10    120    0   1408   1359   1359    120   0.6244   -0.035
A-n60-k9 	BT-3   60   10    120    1   1408   1359   1359    120   0.6394   -0.035
A-n60-k9 	BT-3   60    6    120    0   1408   1359   1359    120   0.6275   -0.035
A-n60-k9 	BT-3   60    6    120    1   1408   1359   1359    120   0.6412   -0.035
A-n60-k9 	BT-3   60   20    240    0   1408   2037   1375    648   2.6095   -0.023
A-n60-k9 	BT-3   60   20    240    1   1408   2039   1365    418   1.7429   -0.031
A-n60-k9 	BT-3   60   10    120    0   1408   1359   1359    120   0.6286   -0.035
A-n60-k9 	BT-3   60   10    120    1   1408   1359   1359    120   0.6400   -0.035
A-n60-k9 	BT-3   60    6    120    0   1408   1359   1359    120   0.6223   -0.035
A-n60-k9 	BT-3   60    6    120    1   1408   1359   1359    120   0.6272   -0.035
A-n60-k9 	BT-3   60   20    240    0   1408   2037   1359    542   2.1788   -0.035
A-n60-k9 	BT-3   60   20    240    1   1408   2039   1477    278   1.1608    0.049
A-n60-k9 	BT-3   60   10    120    0   1408   1359   1359    120   0.6289   -0.035
A-n60-k9 	BT-3   60   10    120    1   1408   1359   1359    120   0.6428   -0.035
A-n60-k9 	BT-3   60    6    120    0   1408   1359   1359    120   0.6227   -0.035
A-n60-k9 	BT-3   60    6    120    1   1408   1359   1359    120   0.6373   -0.035
A-n60-k9 	BT-3   60   20    240    0   1408   2037   1366    436   1.8321   -0.030
A-n60-k9 	BT-3   60   20    240    1   1408   2039   1477    278   1.1788    0.049
A-n60-k9 	BT-3   60   10    120    0   1408   1359   1359    120   0.6237   -0.035
A-n60-k9 	BT-3   60   10    120    1   1408   1359   1359    120   0.6386   -0.035
A-n60-k9 	BT-3   60    6    120    0   1408   1359   1359    120   0.6205   -0.035
A-n60-k9 	BT-3   60    6    120    1   1408   1359   1359    120   0.6417   -0.035
A-n60-k9 	BT-3   60   20    240    0   1408   2037   1363    498   2.0016   -0.032
A-n60-k9 	BT-3   60   20    240    1   1408   2039   1391    412   1.6722   -0.012
A-n60-k9 	BT-3   60   10    120    0   1408   1359   1359    120   0.6344   -0.035
A-n60-k9 	BT-3   60   10    120    1   1408   1359   1359    120   0.6401   -0.035
A-n60-k9 	BT-3   60    6    120    0   1408   1359   1359    120   0.6234   -0.035
A-n60-k9 	BT-3   60    6    120    1   1408   1359   1359    120   0.6714   -0.035
A-n60-k9 	BT-3   60   20    240    0   1408   2037   1408    290   1.2068    0.000
A-n60-k9 	BT-3   60   20    240    1   1408   2039   1378    896   3.6107   -0.021
A-n60-k9 	BT-3   60   10    120    0   1408   1359   1359    120   0.6337   -0.035
A-n60-k9 	BT-3   60   10    120    1   1408   1359   1359    120   0.6392   -0.035
A-n60-k9 	BT-3   60    6    120    0   1408   1359   1359    120   0.6299   -0.035
A-n60-k9 	BT-3   60    6    120    1   1408   1359   1359    120   0.6420   -0.035
A-n60-k9 	BT-3   60   20    240    0   1408   2037   1391    304   1.2347   -0.012
A-n60-k9 	BT-3   60   20    240    1   1408   2039   1445    504   2.0627    0.026
A-n60-k9 	BT-3   60   10    120    0   1408   1359   1359    120   0.6396   -0.035
A-n60-k9 	BT-3   60   10    120    1   1408   1359   1359    120   0.6315   -0.035
A-n60-k9 	BT-3   60    6    120    0   1408   1359   1359    120   0.6227   -0.035
A-n60-k9 	BT-3   60    6    120    1   1408   1359   1359    120   0.6551   -0.035
A-n60-k9 	BT-3   60   20    240    0   1408   2037   1367    476   1.9461   -0.029
A-n60-k9 	BT-3   60   20    240    1   1408   2039   1383    355   1.4613   -0.018
A-n60-k9 	BT-3   60   10    120    0   1408   1359   1359    120   0.6204   -0.035
A-n60-k9 	BT-3   60   10    120    1   1408   1359   1359    120   0.6344   -0.035
A-n60-k9 	BT-3   60    6    120    0   1408   1359   1359    120   0.6251   -0.035
A-n60-k9 	BT-3   60    6    120    1   1408   1359   1359    120   0.6380   -0.035
A-n60-k9 	BT-3   60   20    240    0   1408   2037   1367    367   1.4879   -0.029
A-n60-k9 	BT-3   60   20    240    1   1408   2039   1380    343   1.4128   -0.020
A-n60-k9 	BT-3   60   10    120    0   1408   1359   1359    120   0.6478   -0.035
A-n60-k9 	BT-3   60   10    120    1   1408   1359   1359    120   0.6439   -0.035
A-n60-k9 	BT-3   60    6    120    0   1408   1359   1359    120   0.6254   -0.035
A-n60-k9 	BT-3   60    6    120    1   1408   1359   1359    120   0.6371   -0.035
A-n60-k9 	BT-3   60   20    240    0   1408   2037   1385    455   1.8617   -0.016
A-n60-k9 	BT-3   60   20    240    1   1408   2039   1367    473   1.8937   -0.029
A-n60-k9 	BT-3   60   10    120    0   1408   1359   1359    120   0.6220   -0.035
A-n60-k9 	BT-3   60   10    120    1   1408   1359   1359    120   0.6377   -0.035
A-n60-k9 	BT-3   60    6    120    0   1408   1359   1359    120   0.6274   -0.035
A-n60-k9 	BT-3   60    6    120    1   1408   1359   1359    120   0.6407   -0.035
A-n60-k9 	BT-3   60   20    240    0   1408   2037   1389    440   1.7884   -0.013
A-n60-k9 	BT-3   60   20    240    1   1408   2039   1373    576   2.3233   -0.025
A-n60-k9 	BT-3   60   10    120    0   1408   1359   1359    120   0.6294   -0.035
A-n60-k9 	BT-3   60   10    120    1   1408   1359   1359    120   0.6459   -0.035
A-n60-k9 	BT-3   60    6    120    0   1408   1359   1359    120   0.6246   -0.035
A-n60-k9 	BT-3   60    6    120    1   1408   1359   1359    120   0.6382   -0.035
A-n60-k9 	BT-3   60   20    240    0   1408   2037   1370    590   2.3839   -0.027
A-n60-k9 	BT-3   60   20    240    1   1408   2039   1477    278   1.1656    0.049
A-n60-k9 	BT-3   60   10    120    0   1408   1359   1359    120   0.6321   -0.035
A-n60-k9 	BT-3   60   10    120    1   1408   1359   1359    120   0.6822   -0.035
A-n60-k9 	BT-3   60    6    120    0   1408   1359   1359    120   0.6256   -0.035
A-n60-k9 	BT-3   60    6    120    1   1408   1359   1359    120   0.6381   -0.035
A-n60-k9 	BT-3   60   20    240    0   1408   2037   1383    396   1.6404   -0.018
A-n60-k9 	BT-3   60   20    240    1   1408   2039   1389    547   2.2437   -0.013
A-n60-k9 	BT-3   60   10    120    0   1408   1359   1359    120   0.6266   -0.035
A-n60-k9 	BT-3   60   10    120    1   1408   1359   1359    120   0.6434   -0.035
A-n60-k9 	BT-3   60    6    120    0   1408   1359   1359    120   0.6225   -0.035
A-n60-k9 	BT-3   60    6    120    1   1408   1359   1359    120   0.6389   -0.035
A-n60-k9 	BT-3   60   20    240    0   1408   2037   1390    427   1.7563   -0.013
A-n60-k9 	BT-3   60   20    240    1   1408   2039   1477    278   1.1741    0.049
A-n60-k9 	BT-3   60   10    120    0   1408   1359   1359    120   0.6317   -0.035
A-n60-k9 	BT-3   60   10    120    1   1408   1359   1359    120   0.6354   -0.035
A-n60-k9 	BT-3   60    6    120    0   1408   1359   1359    120   0.6183   -0.035
A-n60-k9 	BT-3   60    6    120    1   1408   1359   1359    120   0.6382   -0.035
A-n60-k9 	BT-3   60   20    240    0   1408   2037   1384    361   1.4911   -0.017
A-n60-k9 	BT-3   60   20    240    1   1408   2039   1363    602   2.4839   -0.032
A-n60-k9 	BT-3   60   10    120    0   1408   1359   1359    120   0.6284   -0.035
A-n60-k9 	BT-3   60   10    120    1   1408   1359   1359    120   0.6391   -0.035
A-n60-k9 	BT-3   60    6    120    0   1408   1359   1359    120   0.6231   -0.035
A-n60-k9 	BT-3   60    6    120    1   1408   1359   1359    120   0.6279   -0.035
A-n60-k9 	BT-3   60   20    240    0   1408   2037   1364    683   2.7481   -0.031
A-n60-k9 	BT-3   60   20    240    1   1408   2039   1369    342   1.4203   -0.028
A-n60-k9 	BT-3   60   10    120    0   1408   1359   1359    120   0.6226   -0.035
A-n60-k9 	BT-3   60   10    120    1   1408   1359   1359    120   0.6307   -0.035
A-n60-k9 	BT-3   60    6    120    0   1408   1359   1359    120   0.6265   -0.035
A-n60-k9 	BT-3   60    6    120    1   1408   1359   1359    120   0.6264   -0.035
A-n60-k9 	BT-3   60   20    240    0   1408   2037   1408    290   1.1893    0.000
A-n60-k9 	BT-3   60   20    240    1   1408   2039   1364    428   1.7646   -0.031
A-n60-k9 	BT-3   60   10    120    0   1408   1359   1359    120   0.6404   -0.035
A-n60-k9 	BT-3   60   10    120    1   1408   1359   1359    120   0.6328   -0.035
A-n60-k9 	BT-3   60    6    120    0   1408   1359   1359    120   0.6310   -0.035
A-n60-k9 	BT-3   60    6    120    1   1408   1359   1359    120   0.6529   -0.035
A-n60-k9 	BT-3   60   20    240    0   1408   2037   1408    290   1.1982    0.000
A-n60-k9 	BT-3   60   20    240    1   1408   2039   1419    821   3.3745    0.008
A-n60-k9 	BT-3   60   10    120    0   1408   1359   1359    120   0.7021   -0.035
A-n60-k9 	BT-3   60   10    120    1   1408   1359   1359    120   0.6543   -0.035
A-n60-k9 	BT-3   60    6    120    0   1408   1359   1359    120   0.6561   -0.035
A-n60-k9 	BT-3   60    6    120    1   1408   1359   1359    120   0.6568   -0.035
A-n60-k9 	BT-3   60   20    240    0   1408   2037   1362    451   1.8588   -0.033
A-n60-k9 	BT-3   60   20    240    1   1408   2039   1477    278   1.1712    0.049
A-n60-k9 	BT-3   60   10    120    0   1408   1359   1359    120   0.6246   -0.035
A-n60-k9 	BT-3   60   10    120    1   1408   1359   1359    120   0.6533   -0.035
A-n60-k9 	BT-3   60    6    120    0   1408   1359   1359    120   0.6228   -0.035
A-n60-k9 	BT-3   60    6    120    1   1408   1359   1359    120   0.6271   -0.035
A-n60-k9 	BT-3   60   20    240    0   1408   2037   1391    289   1.1820   -0.012
A-n60-k9 	BT-3   60   20    240    1   1408   2039   1370    372   1.5204   -0.027
A-n60-k9 	BT-3   60   10    120    0   1408   1359   1359    120   0.6430   -0.035
A-n60-k9 	BT-3   60   10    120    1   1408   1359   1359    120   0.6370   -0.035
A-n60-k9 	BT-3   60    6    120    0   1408   1359   1359    120   0.6265   -0.035
A-n60-k9 	BT-3   60    6    120    1   1408   1359   1359    120   0.6264   -0.035
A-n60-k9 	BT-3   60   20    240    0   1408   2037   1398    477   1.9435   -0.007
A-n60-k9 	BT-3   60   20    240    1   1408   2039   1400    455   1.8563   -0.006
A-n60-k9 	BT-3   60   10    120    0   1408   1359   1359    120   0.6395   -0.035
A-n60-k9 	BT-3   60   10    120    1   1408   1359   1359    120   0.6350   -0.035
A-n60-k9 	BT-3   60    6    120    0   1408   1359   1359    120   0.6245   -0.035
A-n60-k9 	BT-3   60    6    120    1   1408   1359   1359    120   0.6279   -0.035
A-n60-k9 	BT-3   60   20    240    0   1408   2037   1362    383   1.5502   -0.033
A-n60-k9 	BT-3   60   20    240    1   1408   2039   1375    818   3.3478   -0.023
A-n60-k9 	BT-3   60   10    120    0   1408   1359   1359    120   0.6262   -0.035
A-n60-k9 	BT-3   60   10    120    1   1408   1359   1359    120   0.6401   -0.035
A-n60-k9 	BT-3   60    6    120    0   1408   1359   1359    120   0.6627   -0.035
A-n60-k9 	BT-3   60    6    120    1   1408   1359   1359    120   0.6380   -0.035
A-n60-k9 	BT-3   60   20    240    0   1408   2037   1408    290   1.1920    0.000
A-n60-k9 	BT-3   60   20    240    1   1408   2039   1392    453   1.8557   -0.011
A-n60-k9 	BT-3   60   10    120    0   1408   1359   1359    120   0.6306   -0.035
A-n60-k9 	BT-3   60   10    120    1   1408   1359   1359    120   0.6369   -0.035
A-n60-k9 	BT-3   60    6    120    0   1408   1359   1359    120   0.6297   -0.035
A-n60-k9 	BT-3   60    6    120    1   1408   1359   1359    120   0.6264   -0.035
A-n60-k9 	BT-3   60   20    240    0   1408   2037   1392    655   2.6835   -0.011
A-n60-k9 	BT-3   60   20    240    1   1408   2039   1377    330   1.3754   -0.022
A-n60-k9 	BT-3   60   10    120    0   1408   1359   1359    120   0.6414   -0.035
A-n60-k9 	BT-3   60   10    120    1   1408   1359   1359    120   0.6368   -0.035
A-n60-k9 	BT-3   60    6    120    0   1408   1359   1359    120   0.6214   -0.035
A-n60-k9 	BT-3   60    6    120    1   1408   1359   1359    120   0.6327   -0.035
