A-n39-k6 	BT-1   39   13    156    0    831   1503    879    176   0.2217    0.058
A-n39-k6 	BT-1   39   13    156    1    831   1347    848    179   0.2323    0.020
A-n39-k6 	BT-1   39    6     78    0    831    918    844    116   0.1683    0.016
A-n39-k6 	BT-1   39    6     78    1    831    848    840    146   0.1827    0.011
A-n39-k6 	BT-1   39    3     78    0    831    893    840     79   0.1161    0.011
A-n39-k6 	BT-1   39    3     78    1    831    840    840     78   0.1134    0.011
A-n39-k6 	BT-2   39   13    156    0    831   1503    879    201   0.2594    0.058
A-n39-k6 	BT-2   39   13    156    1    831   1347    869    175   0.2296    0.046
A-n39-k6 	BT-2   39    6     78    0    831   1088    864     97   0.1562    0.040
A-n39-k6 	BT-2   39    6     78    1    831    869    849     89   0.1464    0.022
A-n39-k6 	BT-2   39    3     78    0    831    960    849     93   0.1544    0.022
A-n39-k6 	BT-2   39    3     78    1    831    849    849     78   0.1284    0.022
A-n39-k6 	BT-3   39   13    156    0    831   1503    868    305   0.3835    0.045
A-n39-k6 	BT-3   39   13    156    1    831   1347    865    363   0.4479    0.041
A-n39-k6 	BT-3   39    6     78    0    831    877    860    117   0.2120    0.035
A-n39-k6 	BT-3   39    6     78    1    831    865    865     78   0.1389    0.041
A-n39-k6 	BT-3   39    3     78    0    831    889    854     89   0.1328    0.028
A-n39-k6 	BT-3   39    3     78    1    831    860    854     93   0.1476    0.028
A-n39-k6 	BT-3   39   13    156    0    831   1503    835    350   0.3794    0.005
A-n39-k6 	BT-3   39   13    156    1    831   1347    868    544   0.6141    0.045
A-n39-k6 	BT-3   39    6     78    0    831    851    843     96   0.1405    0.014
A-n39-k6 	BT-3   39    6     78    1    831    835    835     78   0.1189    0.005
A-n39-k6 	BT-3   39    3     78    0    831    851    843     94   0.1398    0.014
A-n39-k6 	BT-3   39    3     78    1    831    835    835     78   0.1258    0.005
A-n39-k6 	BT-3   39   13    156    0    831   1503    871    207   0.2175    0.048
A-n39-k6 	BT-3   39   13    156    1    831   1347    841    346   0.4012    0.012
A-n39-k6 	BT-3   39    6     78    0    831    851    837     93   0.1378    0.007
A-n39-k6 	BT-3   39    6     78    1    831    835    835     78   0.1193    0.005
A-n39-k6 	BT-3   39    3     78    0    831    851    842    116   0.1637    0.013
A-n39-k6 	BT-3   39    3     78    1    831    835    835     78   0.1241    0.005
A-n39-k6 	BT-3   39   13    156    0    831   1503    870    202   0.2149    0.047
A-n39-k6 	BT-3   39   13    156    1    831   1347    919    185   0.2253    0.106
A-n39-k6 	BT-3   39    6     78    0    831    851    837     93   0.1332    0.007
A-n39-k6 	BT-3   39    6     78    1    831    835    835     78   0.1190    0.005
A-n39-k6 	BT-3   39    3     78    0    831    851    843     94   0.1472    0.014
A-n39-k6 	BT-3   39    3     78    1    831    835    835     78   0.1308    0.005
A-n39-k6 	BT-3   39   13    156    0    831   1503    844    613   0.6542    0.016
A-n39-k6 	BT-3   39   13    156    1    831   1347    848    336   0.3819    0.020
A-n39-k6 	BT-3   39    6     78    0    831    851    836    106   0.1469    0.006
A-n39-k6 	BT-3   39    6     78    1    831    835    835     78   0.1178    0.005
A-n39-k6 	BT-3   39    3     78    0    831    851    842    137   0.1881    0.013
A-n39-k6 	BT-3   39    3     78    1    831    835    835     78   0.1247    0.005
A-n39-k6 	BT-3   39   13    156    0    831   1503    836    345   0.3655    0.006
A-n39-k6 	BT-3   39   13    156    1    831   1347    876    312   0.3573    0.054
A-n39-k6 	BT-3   39    6     78    0    831    851    836     96   0.1382    0.006
A-n39-k6 	BT-3   39    6     78    1    831    835    835     78   0.1188    0.005
A-n39-k6 	BT-3   39    3     78    0    831    851    842    169   0.2521    0.013
A-n39-k6 	BT-3   39    3     78    1    831    835    835     78   0.1235    0.005
A-n39-k6 	BT-3   39   13    156    0    831   1503    837    463   0.4995    0.007
A-n39-k6 	BT-3   39   13    156    1    831   1347    869    368   0.4234    0.046
A-n39-k6 	BT-3   39    6     78    0    831    851    836    116   0.1627    0.006
A-n39-k6 	BT-3   39    6     78    1    831    835    835     78   0.1180    0.005
A-n39-k6 	BT-3   39    3     78    0    831    851    842    139   0.1903    0.013
A-n39-k6 	BT-3   39    3     78    1    831    835    835     78   0.1239    0.005
A-n39-k6 	BT-3   39   13    156    0    831   1503    855    439   0.4631    0.029
A-n39-k6 	BT-3   39   13    156    1    831   1347    836    681   0.7664    0.006
A-n39-k6 	BT-3   39    6     78    0    831    851    837     93   0.1363    0.007
A-n39-k6 	BT-3   39    6     78    1    831    835    835     78   0.1184    0.005
A-n39-k6 	BT-3   39    3     78    0    831    851    843     94   0.1436    0.014
A-n39-k6 	BT-3   39    3     78    1    831    835    835     78   0.1315    0.005
A-n39-k6 	BT-3   39   13    156    0    831   1503    876    201   0.2105    0.054
A-n39-k6 	BT-3   39   13    156    1    831   1347    835    309   0.3516    0.005
A-n39-k6 	BT-3   39    6     78    0    831    851    836    105   0.1473    0.006
A-n39-k6 	BT-3   39    6     78    1    831    835    835     78   0.1195    0.005
A-n39-k6 	BT-3   39    3     78    0    831    851    842    126   0.1787    0.013
A-n39-k6 	BT-3   39    3     78    1    831    835    835     78   0.1260    0.005
A-n39-k6 	BT-3   39   13    156    0    831   1503    834    405   0.4325    0.004
A-n39-k6 	BT-3   39   13    156    1    831   1347    834    358   0.4025    0.004
A-n39-k6 	BT-3   39    6     78    0    831    839    834    110   0.1533    0.004
A-n39-k6 	BT-3   39    6     78    1    831    834    834     78   0.1186    0.004
A-n39-k6 	BT-3   39    3     78    0    831    839    839     78   0.1233    0.010
A-n39-k6 	BT-3   39    3     78    1    831    834    834     78   0.1184    0.004
A-n39-k6 	BT-3   39   13    156    0    831   1503    857    291   0.3104    0.031
A-n39-k6 	BT-3   39   13    156    1    831   1347    836    409   0.4486    0.006
A-n39-k6 	BT-3   39    6     78    0    831    839    839     78   0.1226    0.010
A-n39-k6 	BT-3   39    6     78    1    831    834    834     78   0.1196    0.004
A-n39-k6 	BT-3   39    3     78    0    831    839    839     78   0.1217    0.010
A-n39-k6 	BT-3   39    3     78    1    831    834    833     97   0.1389    0.002
A-n39-k6 	BT-3   39   13    156    0    831   1503    836    283   0.2998    0.006
A-n39-k6 	BT-3   39   13    156    1    831   1347    851    242   0.2747    0.024
A-n39-k6 	BT-3   39    6     78    0    831    835    833    116   0.1640    0.002
A-n39-k6 	BT-3   39    6     78    1    831    833    833     78   0.1190    0.002
A-n39-k6 	BT-3   39    3     78    0    831    835    835     78   0.1273    0.005
A-n39-k6 	BT-3   39    3     78    1    831    833    833     78   0.1268    0.002
A-n39-k6 	BT-3   39   13    156    0    831   1503    876    202   0.2110    0.054
A-n39-k6 	BT-3   39   13    156    1    831   1347    850    242   0.2810    0.023
A-n39-k6 	BT-3   39    6     78    0    831    835    833    107   0.1520    0.002
A-n39-k6 	BT-3   39    6     78    1    831    833    833     78   0.1192    0.002
A-n39-k6 	BT-3   39    3     78    0    831    835    835     78   0.1202    0.005
A-n39-k6 	BT-3   39    3     78    1    831    833    833     78   0.1210    0.002
A-n39-k6 	BT-3   39   13    156    0    831   1503    865    313   0.3230    0.041
A-n39-k6 	BT-3   39   13    156    1    831   1347    919    185   0.2202    0.106
A-n39-k6 	BT-3   39    6     78    0    831    835    833     99   0.1523    0.002
A-n39-k6 	BT-3   39    6     78    1    831    833    833     78   0.1276    0.002
A-n39-k6 	BT-3   39    3     78    0    831    835    835     78   0.1254    0.005
A-n39-k6 	BT-3   39    3     78    1    831    833    833     78   0.1203    0.002
A-n39-k6 	BT-3   39   13    156    0    831   1503    869    309   0.3320    0.046
A-n39-k6 	BT-3   39   13    156    1    831   1347    853    407   0.4555    0.026
A-n39-k6 	BT-3   39    6     78    0    831    835    833    118   0.1761    0.002
A-n39-k6 	BT-3   39    6     78    1    831    833    833     78   0.1265    0.002
A-n39-k6 	BT-3   39    3     78    0    831    835    835     78   0.1221    0.005
A-n39-k6 	BT-3   39    3     78    1    831    833    833     78   0.1195    0.002
A-n39-k6 	BT-3   39   13    156    0    831   1503    834    477   0.5064    0.004
A-n39-k6 	BT-3   39   13    156    1    831   1347    838    299   0.3600    0.008
A-n39-k6 	BT-3   39    6     78    0    831    835    833    127   0.1758    0.002
A-n39-k6 	BT-3   39    6     78    1    831    833    833     78   0.1213    0.002
A-n39-k6 	BT-3   39    3     78    0    831    835    835     78   0.1205    0.005
A-n39-k6 	BT-3   39    3     78    1    831    833    833     78   0.1209    0.002
A-n39-k6 	BT-3   39   13    156    0    831   1503    849    263   0.2781    0.022
A-n39-k6 	BT-3   39   13    156    1    831   1347    841    224   0.2696    0.012
A-n39-k6 	BT-3   39    6     78    0    831    835    833    105   0.1540    0.002
A-n39-k6 	BT-3   39    6     78    1    831    833    833     78   0.1205    0.002
A-n39-k6 	BT-3   39    3     78    0    831    835    835     78   0.1292    0.005
A-n39-k6 	BT-3   39    3     78    1    831    833    833     78   0.1260    0.002
A-n39-k6 	BT-3   39   13    156    0    831   1503    852    303   0.3182    0.025
A-n39-k6 	BT-3   39   13    156    1    831   1347    841    248   0.2852    0.012
A-n39-k6 	BT-3   39    6     78    0    831    835    833     99   0.1468    0.002
A-n39-k6 	BT-3   39    6     78    1    831    833    833     78   0.1219    0.002
A-n39-k6 	BT-3   39    3     78    0    831    835    835     78   0.1231    0.005
A-n39-k6 	BT-3   39    3     78    1    831    833    833     78   0.1207    0.002
A-n39-k6 	BT-3   39   13    156    0    831   1503    861    239   0.2507    0.036
A-n39-k6 	BT-3   39   13    156    1    831   1347    841    272   0.3106    0.012
A-n39-k6 	BT-3   39    6     78    0    831    835    833     99   0.1467    0.002
A-n39-k6 	BT-3   39    6     78    1    831    833    833     78   0.1195    0.002
A-n39-k6 	BT-3   39    3     78    0    831    835    835     78   0.1222    0.005
A-n39-k6 	BT-3   39    3     78    1    831    833    833     78   0.1210    0.002
A-n39-k6 	BT-3   39   13    156    0    831   1503    871    207   0.2166    0.048
A-n39-k6 	BT-3   39   13    156    1    831   1347    833    396   0.4466    0.002
A-n39-k6 	BT-3   39    6     78    0    831    835    833    108   0.1547    0.002
A-n39-k6 	BT-3   39    6     78    1    831    833    833     78   0.1218    0.002
A-n39-k6 	BT-3   39    3     78    0    831    835    835     78   0.1269    0.005
A-n39-k6 	BT-3   39    3     78    1    831    833    833     78   0.1245    0.002
A-n39-k6 	BT-3   39   13    156    0    831   1503    853    305   0.3200    0.026
A-n39-k6 	BT-3   39   13    156    1    831   1347    855    332   0.3783    0.029
A-n39-k6 	BT-3   39    6     78    0    831    835    833    109   0.1605    0.002
A-n39-k6 	BT-3   39    6     78    1    831    833    833     78   0.1218    0.002
A-n39-k6 	BT-3   39    3     78    0    831    835    835     78   0.1225    0.005
A-n39-k6 	BT-3   39    3     78    1    831    833    833     78   0.1214    0.002
A-n39-k6 	BT-3   39   13    156    0    831   1503    850    617   0.6664    0.023
A-n39-k6 	BT-3   39   13    156    1    831   1347    842    436   0.4869    0.013
A-n39-k6 	BT-3   39    6     78    0    831    835    833    122   0.1727    0.002
A-n39-k6 	BT-3   39    6     78    1    831    833    833     78   0.1188    0.002
A-n39-k6 	BT-3   39    3     78    0    831    835    834    104   0.1539    0.004
A-n39-k6 	BT-3   39    3     78    1    831    833    833     78   0.1214    0.002
A-n39-k6 	BT-3   39   13    156    0    831   1503    866    443   0.4729    0.042
A-n39-k6 	BT-3   39   13    156    1    831   1347    854    250   0.2775    0.028
A-n39-k6 	BT-3   39    6     78    0    831    835    833    121   0.1699    0.002
A-n39-k6 	BT-3   39    6     78    1    831    833    833     78   0.1207    0.002
A-n39-k6 	BT-3   39    3     78    0    831    835    835     78   0.1280    0.005
A-n39-k6 	BT-3   39    3     78    1    831    833    833     78   0.1244    0.002
A-n39-k6 	BT-3   39   13    156    0    831   1503    851    341   0.3617    0.024
A-n39-k6 	BT-3   39   13    156    1    831   1347    838    498   0.5601    0.008
A-n39-k6 	BT-3   39    6     78    0    831    835    833    106   0.1554    0.002
A-n39-k6 	BT-3   39    6     78    1    831    833    833     78   0.1216    0.002
A-n39-k6 	BT-3   39    3     78    0    831    835    835     78   0.1247    0.005
A-n39-k6 	BT-3   39    3     78    1    831    833    833     78   0.1210    0.002
A-n39-k6 	BT-3   39   13    156    0    831   1503    868    268   0.2783    0.045
A-n39-k6 	BT-3   39   13    156    1    831   1347    839    442   0.5068    0.010
A-n39-k6 	BT-3   39    6     78    0    831    835    833    106   0.1507    0.002
A-n39-k6 	BT-3   39    6     78    1    831    833    833     78   0.1216    0.002
A-n39-k6 	BT-3   39    3     78    0    831    835    835     78   0.1212    0.005
A-n39-k6 	BT-3   39    3     78    1    831    833    833     78   0.1217    0.002
A-n39-k6 	BT-3   39   13    156    0    831   1503    849    293   0.3128    0.022
A-n39-k6 	BT-3   39   13    156    1    831   1347    858    268   0.3018    0.032
A-n39-k6 	BT-3   39    6     78    0    831    835    833    102   0.1486    0.002
A-n39-k6 	BT-3   39    6     78    1    831    833    833     78   0.1212    0.002
A-n39-k6 	BT-3   39    3     78    0    831    835    835     78   0.1270    0.005
A-n39-k6 	BT-3   39    3     78    1    831    833    833     78   0.1255    0.002
A-n39-k6 	BT-3   39   13    156    0    831   1503    834    457   0.4899    0.004
A-n39-k6 	BT-3   39   13    156    1    831   1347    848    392   0.4386    0.020
A-n39-k6 	BT-3   39    6     78    0    831    835    833     98   0.1432    0.002
A-n39-k6 	BT-3   39    6     78    1    831    833    833     78   0.1206    0.002
A-n39-k6 	BT-3   39    3     78    0    831    835    835     78   0.1248    0.005
A-n39-k6 	BT-3   39    3     78    1    831    833    833     78   0.1218    0.002
A-n39-k6 	BT-3   39   13    156    0    831   1503    841    324   0.3377    0.012
A-n39-k6 	BT-3   39   13    156    1    831   1347    842    595   0.6586    0.013
A-n39-k6 	BT-3   39    6     78    0    831    835    833    114   0.1690    0.002
A-n39-k6 	BT-3   39    6     78    1    831    833    833     78   0.1266    0.002
A-n39-k6 	BT-3   39    3     78    0    831    835    835     78   0.1214    0.005
A-n39-k6 	BT-3   39    3     78    1    831    833    833     78   0.1220    0.002
A-n39-k6 	BT-3   39   13    156    0    831   1503    876    202   0.2097    0.054
A-n39-k6 	BT-3   39   13    156    1    831   1347    891    240   0.2756    0.072
A-n39-k6 	BT-3   39    6     78    0    831    835    833    112   0.1642    0.002
A-n39-k6 	BT-3   39    6     78    1    831    833    833     78   0.1212    0.002
A-n39-k6 	BT-3   39    3     78    0    831    835    835     78   0.1203    0.005
A-n39-k6 	BT-3   39    3     78    1    831    833    833     78   0.1208    0.002
A-n39-k6 	BT-3   39   13    156    0    831   1503    871    207   0.2171    0.048
A-n39-k6 	BT-3   39   13    156    1    831   1347    841    222   0.2539    0.012
A-n39-k6 	BT-3   39    6     78    0    831    835    833    106   0.1503    0.002
A-n39-k6 	BT-3   39    6     78    1    831    833    833     78   0.1209    0.002
A-n39-k6 	BT-3   39    3     78    0    831    835    835     78   0.1264    0.005
A-n39-k6 	BT-3   39    3     78    1    831    833    833     78   0.1272    0.002
A-n39-k6 	BT-3   39   13    156    0    831   1503    868    251   0.2622    0.045
A-n39-k6 	BT-3   39   13    156    1    831   1347    834    247   0.2828    0.004
A-n39-k6 	BT-3   39    6     78    0    831    835    833    124   0.1688    0.002
A-n39-k6 	BT-3   39    6     78    1    831    833    833     78   0.1208    0.002
A-n39-k6 	BT-3   39    3     78    0    831    835    835     78   0.1223    0.005
A-n39-k6 	BT-3   39    3     78    1    831    833    833     78   0.1219    0.002
A-n39-k6 	BT-3   39   13    156    0    831   1503    836    337   0.3517    0.006
A-n39-k6 	BT-3   39   13    156    1    831   1347    838    418   0.4662    0.008
A-n39-k6 	BT-3   39    6     78    0    831    835    833    128   0.1973    0.002
A-n39-k6 	BT-3   39    6     78    1    831    833    833     78   0.1302    0.002
A-n39-k6 	BT-3   39    3     78    0    831    835    835     78   0.1222    0.005
A-n39-k6 	BT-3   39    3     78    1    831    833    833     78   0.1210    0.002
A-n39-k6 	BT-3   39   13    156    0    831   1503    876    202   0.2094    0.054
A-n39-k6 	BT-3   39   13    156    1    831   1347    838    284   0.3195    0.008
A-n39-k6 	BT-3   39    6     78    0    831    835    833    123   0.1827    0.002
A-n39-k6 	BT-3   39    6     78    1    831    833    833     78   0.1273    0.002
A-n39-k6 	BT-3   39    3     78    0    831    835    835     78   0.1222    0.005
A-n39-k6 	BT-3   39    3     78    1    831    833    833     78   0.1213    0.002
A-n39-k6 	BT-3   39   13    156    0    831   1503    841    296   0.3102    0.012
A-n39-k6 	BT-3   39   13    156    1    831   1347    851    225   0.2576    0.024
A-n39-k6 	BT-3   39    6     78    0    831    835    833    100   0.1489    0.002
A-n39-k6 	BT-3   39    6     78    1    831    833    833     78   0.1206    0.002
A-n39-k6 	BT-3   39    3     78    0    831    835    835     78   0.1215    0.005
A-n39-k6 	BT-3   39    3     78    1    831    833    833     78   0.1205    0.002
A-n39-k6 	BT-3   39   13    156    0    831   1503    836    521   0.5572    0.006
A-n39-k6 	BT-3   39   13    156    1    831   1347    853    433   0.4871    0.026
A-n39-k6 	BT-3   39    6     78    0    831    835    833     98   0.1432    0.002
A-n39-k6 	BT-3   39    6     78    1    831    833    833     78   0.1207    0.002
A-n39-k6 	BT-3   39    3     78    0    831    835    835     78   0.1277    0.005
A-n39-k6 	BT-3   39    3     78    1    831    833    833     78   0.1266    0.002
A-n39-k6 	BT-3   39   13    156    0    831   1503    876    202   0.2101    0.054
A-n39-k6 	BT-3   39   13    156    1    831   1347    841    724   0.8042    0.012
A-n39-k6 	BT-3   39    6     78    0    831    835    833     94   0.1398    0.002
A-n39-k6 	BT-3   39    6     78    1    831    833    833     78   0.1206    0.002
A-n39-k6 	BT-3   39    3     78    0    831    835    835     78   0.1235    0.005
A-n39-k6 	BT-3   39    3     78    1    831    833    833     78   0.1212    0.002
A-n39-k6 	BT-3   39   13    156    0    831   1503    849    477   0.5075    0.022
A-n39-k6 	BT-3   39   13    156    1    831   1347    841    254   0.2839    0.012
A-n39-k6 	BT-3   39    6     78    0    831    835    833     99   0.1466    0.002
A-n39-k6 	BT-3   39    6     78    1    831    833    833     78   0.1213    0.002
A-n39-k6 	BT-3   39    3     78    0    831    835    835     78   0.1230    0.005
A-n39-k6 	BT-3   39    3     78    1    831    833    833     78   0.1212    0.002
A-n39-k6 	BT-3   39   13    156    0    831   1503    867    301   0.3206    0.043
A-n39-k6 	BT-3   39   13    156    1    831   1347    853    449   0.4980    0.026
A-n39-k6 	BT-3   39    6     78    0    831    835    833    124   0.1672    0.002
A-n39-k6 	BT-3   39    6     78    1    831    833    833     78   0.1197    0.002
A-n39-k6 	BT-3   39    3     78    0    831    835    835     78   0.1270    0.005
A-n39-k6 	BT-3   39    3     78    1    831    833    833     78   0.1263    0.002
A-n39-k6 	BT-3   39   13    156    0    831   1503    841    264   0.2760    0.012
A-n39-k6 	BT-3   39   13    156    1    831   1347    855    375   0.4249    0.029
A-n39-k6 	BT-3   39    6     78    0    831    835    833    101   0.1454    0.002
A-n39-k6 	BT-3   39    6     78    1    831    833    833     78   0.1502    0.002
A-n39-k6 	BT-3   39    3     78    0    831    835    835     78   0.1255    0.005
A-n39-k6 	BT-3   39    3     78    1    831    833    833     78   0.1214    0.002
A-n39-k6 	BT-3   39   13    156    0    831   1503    838    388   0.4078    0.008
A-n39-k6 	BT-3   39   13    156    1    831   1347    842    523   0.5720    0.013
A-n39-k6 	BT-3   39    6     78    0    831    835    833     93   0.1445    0.002
A-n39-k6 	BT-3   39    6     78    1    831    833    833     78   0.1249    0.002
A-n39-k6 	BT-3   39    3     78    0    831    835    835     78   0.1203    0.005
A-n39-k6 	BT-3   39    3     78    1    831    833    833     78   0.1225    0.002
A-n39-k6 	BT-3   39   13    156    0    831   1503    851    249   0.2601    0.024
A-n39-k6 	BT-3   39   13    156    1    831   1347    846    364   0.4145    0.018
A-n39-k6 	BT-3   39    6     78    0    831    835    833    103   0.1549    0.002
A-n39-k6 	BT-3   39    6     78    1    831    833    833     78   0.1263    0.002
A-n39-k6 	BT-3   39    3     78    0    831    835    835     78   0.1225    0.005
A-n39-k6 	BT-3   39    3     78    1    831    833    833     78   0.1211    0.002
A-n39-k6 	BT-3   39   13    156    0    831   1503    876    203   0.2289    0.054
A-n39-k6 	BT-3   39   13    156    1    831   1347    842    438   0.4810    0.013
A-n39-k6 	BT-3   39    6     78    0    831    835    833    119   0.1746    0.002
A-n39-k6 	BT-3   39    6     78    1    831    833    833     78   0.1246    0.002
A-n39-k6 	BT-3   39    3     78    0    831    835    835     78   0.1221    0.005
A-n39-k6 	BT-3   39    3     78    1    831    833    833     78   0.1225    0.002
A-n39-k6 	BT-3   39   13    156    0    831   1503    871    207   0.2141    0.048
A-n39-k6 	BT-3   39   13    156    1    831   1347    833    541   0.5991    0.002
A-n39-k6 	BT-3   39    6     78    0    831    835    833     94   0.1479    0.002
A-n39-k6 	BT-3   39    6     78    1    831    833    833     78   0.1286    0.002
A-n39-k6 	BT-3   39    3     78    0    831    835    835     78   0.1206    0.005
A-n39-k6 	BT-3   39    3     78    1    831    833    833     78   0.1222    0.002
A-n39-k6 	BT-3   39   13    156    0    831   1503    841    320   0.3383    0.012
A-n39-k6 	BT-3   39   13    156    1    831   1347    846    304   0.3366    0.018
A-n39-k6 	BT-3   39    6     78    0    831    835    833    109   0.1565    0.002
A-n39-k6 	BT-3   39    6     78    1    831    833    833     78   0.1217    0.002
A-n39-k6 	BT-3   39    3     78    0    831    835    833     98   0.1413    0.002
A-n39-k6 	BT-3   39    3     78    1    831    833    833     78   0.1186    0.002
A-n39-k6 	BT-3   39   13    156    0    831   1503    876    202   0.2217    0.054
A-n39-k6 	BT-3   39   13    156    1    831   1347    841    263   0.3151    0.012
A-n39-k6 	BT-3   39    6     78    0    831    835    833    189   0.2395    0.002
A-n39-k6 	BT-3   39    6     78    1    831    833    833     78   0.1266    0.002
A-n39-k6 	BT-3   39    3     78    0    831    835    835     78   0.1219    0.005
A-n39-k6 	BT-3   39    3     78    1    831    833    833     78   0.1206    0.002
A-n39-k6 	BT-3   39   13    156    0    831   1503    838    386   0.4290    0.008
A-n39-k6 	BT-3   39   13    156    1    831   1347    842    292   0.3432    0.013
A-n39-k6 	BT-3   39    6     78    0    831    835    833    124   0.1679    0.002
A-n39-k6 	BT-3   39    6     78    1    831    833    833     78   0.1223    0.002
A-n39-k6 	BT-3   39    3     78    0    831    835    835     78   0.1233    0.005
A-n39-k6 	BT-3   39    3     78    1    831    833    833     78   0.1210    0.002
A-n39-k6 	BT-3   39   13    156    0    831   1503    876    202   0.2203    0.054
A-n39-k6 	BT-3   39   13    156    1    831   1347    843    480   0.5676    0.014
A-n39-k6 	BT-3   39    6     78    0    831    835    833    105   0.1529    0.002
A-n39-k6 	BT-3   39    6     78    1    831    833    833     78   0.1214    0.002
A-n39-k6 	BT-3   39    3     78    0    831    835    833    107   0.1580    0.002
A-n39-k6 	BT-3   39    3     78    1    831    833    833     78   0.1212    0.002
A-n39-k6 	BT-3   39   13    156    0    831   1503    876    202   0.2162    0.054
A-n39-k6 	BT-3   39   13    156    1    831   1347    873    292   0.3308    0.051
A-n39-k6 	BT-3   39    6     78    0    831    835    833    105   0.1524    0.002
A-n39-k6 	BT-3   39    6     78    1    831    833    833     78   0.1207    0.002
A-n39-k6 	BT-3   39    3     78    0    831    835    835     78   0.1268    0.005
A-n39-k6 	BT-3   39    3     78    1    831    833    833     78   0.1262    0.002
A-n39-k6 	BT-3   39   13    156    0    831   1503    876    202   0.2085    0.054
A-n39-k6 	BT-3   39   13    156    1    831   1347    850    392   0.4755    0.023
A-n39-k6 	BT-3   39    6     78    0    831    835    833    144   0.1918    0.002
A-n39-k6 	BT-3   39    6     78    1    831    833    833     78   0.1207    0.002
A-n39-k6 	BT-3   39    3     78    0    831    835    833    107   0.1580    0.002
A-n39-k6 	BT-3   39    3     78    1    831    833    833     78   0.1204    0.002
A-n39-k6 	BT-3   39   13    156    0    831   1503    876    202   0.2104    0.054
A-n39-k6 	BT-3   39   13    156    1    831   1347    849    246   0.2849    0.022
A-n39-k6 	BT-3   39    6     78    0    831    835    833    100   0.1492    0.002
A-n39-k6 	BT-3   39    6     78    1    831    833    833     78   0.1208    0.002
A-n39-k6 	BT-3   39    3     78    0    831    835    835     78   0.1207    0.005
A-n39-k6 	BT-3   39    3     78    1    831    833    833     78   0.1199    0.002
A-n39-k6 	BT-3   39   13    156    0    831   1503    876    202   0.2139    0.054
A-n39-k6 	BT-3   39   13    156    1    831   1347    840    382   0.4230    0.011
A-n39-k6 	BT-3   39    6     78    0    831    835    833    106   0.1516    0.002
A-n39-k6 	BT-3   39    6     78    1    831    833    833     78   0.1204    0.002
A-n39-k6 	BT-3   39    3     78    0    831    835    833    121   0.1794    0.002
A-n39-k6 	BT-3   39    3     78    1    831    833    833     78   0.1259    0.002
A-n39-k6 	BT-3   39   13    156    0    831   1503    856    259   0.2691    0.030
A-n39-k6 	BT-3   39   13    156    1    831   1347    855    364   0.4184    0.029
A-n39-k6 	BT-3   39    6     78    0    831    835    833    120   0.1666    0.002
A-n39-k6 	BT-3   39    6     78    1    831    833    833     78   0.1212    0.002
A-n39-k6 	BT-3   39    3     78    0    831    835    835     78   0.1235    0.005
A-n39-k6 	BT-3   39    3     78    1    831    833    833     78   0.1216    0.002
A-n39-k6 	BT-3   39   13    156    0    831   1503    837    355   0.3768    0.007
A-n39-k6 	BT-3   39   13    156    1    831   1347    839    381   0.4357    0.010
A-n39-k6 	BT-3   39    6     78    0    831    835    833    115   0.1706    0.002
A-n39-k6 	BT-3   39    6     78    1    831    833    833     78   0.1275    0.002
A-n39-k6 	BT-3   39    3     78    0    831    835    835     78   0.1239    0.005
A-n39-k6 	BT-3   39    3     78    1    831    833    833     78   0.1211    0.002
A-n39-k6 	BT-3   39   13    156    0    831   1503    849    290   0.2998    0.022
A-n39-k6 	BT-3   39   13    156    1    831   1347    850    514   0.5669    0.023
A-n39-k6 	BT-3   39    6     78    0    831    835    833     99   0.1447    0.002
A-n39-k6 	BT-3   39    6     78    1    831    833    833     78   0.1213    0.002
A-n39-k6 	BT-3   39    3     78    0    831    835    835     78   0.1279    0.005
A-n39-k6 	BT-3   39    3     78    1    831    833    833     78   0.1194    0.002
A-n39-k6 	BT-3   39   13    156    0    831   1503    835    537   0.5756    0.005
A-n39-k6 	BT-3   39   13    156    1    831   1347    893    334   0.3800    0.075
A-n39-k6 	BT-3   39    6     78    0    831    835    833    124   0.1726    0.002
A-n39-k6 	BT-3   39    6     78    1    831    833    833     78   0.1209    0.002
A-n39-k6 	BT-3   39    3     78    0    831    835    835     78   0.1277    0.005
A-n39-k6 	BT-3   39    3     78    1    831    833    833     78   0.1272    0.002
A-n39-k6 	BT-3   39   13    156    0    831   1503    864    324   0.3435    0.040
A-n39-k6 	BT-3   39   13    156    1    831   1347    834    246   0.2809    0.004
A-n39-k6 	BT-3   39    6     78    0    831    835    833     99   0.1470    0.002
A-n39-k6 	BT-3   39    6     78    1    831    833    833     78   0.1212    0.002
A-n39-k6 	BT-3   39    3     78    0    831    835    835     78   0.1234    0.005
A-n39-k6 	BT-3   39    3     78    1    831    833    833     78   0.1217    0.002
A-n39-k6 	BT-3   39   13    156    0    831   1503    862    316   0.3455    0.037
A-n39-k6 	BT-3   39   13    156    1    831   1347    841    253   0.3272    0.012
A-n39-k6 	BT-3   39    6     78    0    831    835    833    116   0.1893    0.002
A-n39-k6 	BT-3   39    6     78    1    831    833    833     78   0.1375    0.002
A-n39-k6 	BT-3   39    3     78    0    831    835    835     78   0.1223    0.005
A-n39-k6 	BT-3   39    3     78    1    831    833    833     78   0.1220    0.002
A-n39-k6 	BT-3   39   13    156    0    831   1503    876    202   0.2141    0.054
A-n39-k6 	BT-3   39   13    156    1    831   1347    872    337   0.3862    0.049
A-n39-k6 	BT-3   39    6     78    0    831    835    833     97   0.1432    0.002
A-n39-k6 	BT-3   39    6     78    1    831    833    833     78   0.1213    0.002
A-n39-k6 	BT-3   39    3     78    0    831    835    835     78   0.1280    0.005
A-n39-k6 	BT-3   39    3     78    1    831    833    833     78   0.1260    0.002
A-n39-k6 	BT-3   39   13    156    0    831   1503    840    565   0.5998    0.011
A-n39-k6 	BT-3   39   13    156    1    831   1347    847    224   0.2578    0.019
A-n39-k6 	BT-3   39    6     78    0    831    835    833    109   0.1573    0.002
A-n39-k6 	BT-3   39    6     78    1    831    833    833     78   0.1202    0.002
A-n39-k6 	BT-3   39    3     78    0    831    835    835     78   0.1214    0.005
A-n39-k6 	BT-3   39    3     78    1    831    833    833     78   0.1212    0.002
A-n39-k6 	BT-3   39   13    156    0    831   1503    854    320   0.3586    0.028
A-n39-k6 	BT-3   39   13    156    1    831   1347    835    578   0.6420    0.005
A-n39-k6 	BT-3   39    6     78    0    831    835    833    106   0.1552    0.002
A-n39-k6 	BT-3   39    6     78    1    831    833    833     78   0.1203    0.002
A-n39-k6 	BT-3   39    3     78    0    831    835    833    101   0.1455    0.002
A-n39-k6 	BT-3   39    3     78    1    831    833    833     78   0.1210    0.002
A-n39-k6 	BT-3   39   13    156    0    831   1503    854    430   0.4766    0.028
A-n39-k6 	BT-3   39   13    156    1    831   1347    856    279   0.3353    0.030
A-n39-k6 	BT-3   39    6     78    0    831    835    833    117   0.1617    0.002
A-n39-k6 	BT-3   39    6     78    1    831    833    833     78   0.1226    0.002
A-n39-k6 	BT-3   39    3     78    0    831    835    834    121   0.1676    0.004
A-n39-k6 	BT-3   39    3     78    1    831    833    833     78   0.1209    0.002
A-n39-k6 	BT-3   39   13    156    0    831   1503    868    308   0.3422    0.045
A-n39-k6 	BT-3   39   13    156    1    831   1347    841    227   0.2744    0.012
A-n39-k6 	BT-3   39    6     78    0    831    835    833    103   0.1482    0.002
A-n39-k6 	BT-3   39    6     78    1    831    833    833     78   0.1219    0.002
A-n39-k6 	BT-3   39    3     78    0    831    835    835     78   0.1227    0.005
A-n39-k6 	BT-3   39    3     78    1    831    833    833     78   0.1199    0.002
A-n39-k6 	BT-3   39   13    156    0    831   1503    835    472   0.5480    0.005
A-n39-k6 	BT-3   39   13    156    1    831   1347    861    339   0.4008    0.036
A-n39-k6 	BT-3   39    6     78    0    831    835    833    112   0.1586    0.002
A-n39-k6 	BT-3   39    6     78    1    831    833    833     78   0.1222    0.002
A-n39-k6 	BT-3   39    3     78    0    831    835    835     78   0.1203    0.005
A-n39-k6 	BT-3   39    3     78    1    831    833    833     78   0.1186    0.002
A-n39-k6 	BT-3   39   13    156    0    831   1503    841    316   0.3543    0.012
A-n39-k6 	BT-3   39   13    156    1    831   1347    857    416   0.4927    0.031
A-n39-k6 	BT-3   39    6     78    0    831    835    833    107   0.1564    0.002
A-n39-k6 	BT-3   39    6     78    1    831    833    833     78   0.1212    0.002
A-n39-k6 	BT-3   39    3     78    0    831    835    835     78   0.1220    0.005
A-n39-k6 	BT-3   39    3     78    1    831    833    833     78   0.1217    0.002
A-n39-k6 	BT-3   39   13    156    0    831   1503    871    207   0.2262    0.048
A-n39-k6 	BT-3   39   13    156    1    831   1347    841    427   0.5013    0.012
A-n39-k6 	BT-3   39    6     78    0    831    835    833    103   0.1499    0.002
A-n39-k6 	BT-3   39    6     78    1    831    833    833     78   0.1233    0.002
A-n39-k6 	BT-3   39    3     78    0    831    835    835     78   0.1221    0.005
A-n39-k6 	BT-3   39    3     78    1    831    833    833     78   0.1214    0.002
A-n39-k6 	BT-3   39   13    156    0    831   1503    854    342   0.3778    0.028
A-n39-k6 	BT-3   39   13    156    1    831   1347    838    284   0.3382    0.008
A-n39-k6 	BT-3   39    6     78    0    831    835    833    104   0.1479    0.002
A-n39-k6 	BT-3   39    6     78    1    831    833    833     78   0.1220    0.002
A-n39-k6 	BT-3   39    3     78    0    831    835    835     78   0.1211    0.005
A-n39-k6 	BT-3   39    3     78    1    831    833    833     78   0.1227    0.002
A-n39-k6 	BT-3   39   13    156    0    831   1503    835    525   0.5867    0.005
A-n39-k6 	BT-3   39   13    156    1    831   1347    847    452   0.5381    0.019
A-n39-k6 	BT-3   39    6     78    0    831    835    833    100   0.1449    0.002
A-n39-k6 	BT-3   39    6     78    1    831    833    833     78   0.1213    0.002
A-n39-k6 	BT-3   39    3     78    0    831    835    835     78   0.1230    0.005
A-n39-k6 	BT-3   39    3     78    1    831    833    833     78   0.1212    0.002
A-n39-k6 	BT-3   39   13    156    0    831   1503    868    326   0.3631    0.045
A-n39-k6 	BT-3   39   13    156    1    831   1347    847    252   0.3019    0.019
A-n39-k6 	BT-3   39    6     78    0    831    835    833    101   0.1477    0.002
A-n39-k6 	BT-3   39    6     78    1    831    833    833     78   0.1209    0.002
A-n39-k6 	BT-3   39    3     78    0    831    835    835     78   0.1208    0.005
A-n39-k6 	BT-3   39    3     78    1    831    833    833     78   0.1209    0.002
A-n39-k6 	BT-3   39   13    156    0    831   1503    868    313   0.3432    0.045
A-n39-k6 	BT-3   39   13    156    1    831   1347    849    349   0.4095    0.022
A-n39-k6 	BT-3   39    6     78    0    831    835    833    109   0.1542    0.002
A-n39-k6 	BT-3   39    6     78    1    831    833    833     78   0.1223    0.002
A-n39-k6 	BT-3   39    3     78    0    831    835    835     78   0.1206    0.005
A-n39-k6 	BT-3   39    3     78    1    831    833    833     78   0.1208    0.002
A-n39-k6 	BT-3   39   13    156    0    831   1503    876    202   0.2208    0.054
A-n39-k6 	BT-3   39   13    156    1    831   1347    841    498   0.5850    0.012
A-n39-k6 	BT-3   39    6     78    0    831    835    833     99   0.1463    0.002
A-n39-k6 	BT-3   39    6     78    1    831    833    833     78   0.1200    0.002
A-n39-k6 	BT-3   39    3     78    0    831    835    835     78   0.1214    0.005
A-n39-k6 	BT-3   39    3     78    1    831    833    833     78   0.1212    0.002
A-n39-k6 	BT-3   39   13    156    0    831   1503    876    202   0.2207    0.054
A-n39-k6 	BT-3   39   13    156    1    831   1347    833    431   0.5076    0.002
A-n39-k6 	BT-3   39    6     78    0    831    835    833    111   0.1593    0.002
A-n39-k6 	BT-3   39    6     78    1    831    833    833     78   0.1224    0.002
A-n39-k6 	BT-3   39    3     78    0    831    835    835     78   0.1209    0.005
A-n39-k6 	BT-3   39    3     78    1    831    833    833     78   0.1207    0.002
A-n39-k6 	BT-3   39   13    156    0    831   1503    857    231   0.2533    0.031
A-n39-k6 	BT-3   39   13    156    1    831   1347    844    411   0.4739    0.016
A-n39-k6 	BT-3   39    6     78    0    831    835    833    106   0.1489    0.002
A-n39-k6 	BT-3   39    6     78    1    831    833    833     78   0.1227    0.002
A-n39-k6 	BT-3   39    3     78    0    831    835    835     78   0.1204    0.005
A-n39-k6 	BT-3   39    3     78    1    831    833    833     78   0.1188    0.002
A-n39-k6 	BT-3   39   13    156    0    831   1503    868    198   0.2295    0.045
A-n39-k6 	BT-3   39   13    156    1    831   1347    833    282   0.3283    0.002
A-n39-k6 	BT-3   39    6     78    0    831    835    833     99   0.1463    0.002
A-n39-k6 	BT-3   39    6     78    1    831    833    833     78   0.1225    0.002
A-n39-k6 	BT-3   39    3     78    0    831    835    835     78   0.1220    0.005
A-n39-k6 	BT-3   39    3     78    1    831    833    833     78   0.1221    0.002
A-n39-k6 	BT-3   39   13    156    0    831   1503    851    333   0.3658    0.024
A-n39-k6 	BT-3   39   13    156    1    831   1347    845    381   0.4493    0.017
A-n39-k6 	BT-3   39    6     78    0    831    835    833    102   0.1466    0.002
A-n39-k6 	BT-3   39    6     78    1    831    833    833     78   0.1362    0.002
A-n39-k6 	BT-3   39    3     78    0    831    835    835     78   0.1302    0.005
A-n39-k6 	BT-3   39    3     78    1    831    833    833     78   0.1209    0.002
A-n39-k6 	BT-3   39   13    156    0    831   1503    841    349   0.3892    0.012
A-n39-k6 	BT-3   39   13    156    1    831   1347    851    242   0.2882    0.024
A-n39-k6 	BT-3   39    6     78    0    831    835    833    115   0.1665    0.002
A-n39-k6 	BT-3   39    6     78    1    831    833    833     78   0.1228    0.002
A-n39-k6 	BT-3   39    3     78    0    831    835    835     78   0.1238    0.005
A-n39-k6 	BT-3   39    3     78    1    831    833    833     78   0.1202    0.002
A-n39-k6 	BT-3   39   13    156    0    831   1503    841    283   0.3124    0.012
A-n39-k6 	BT-3   39   13    156    1    831   1347    838    432   0.5067    0.008
A-n39-k6 	BT-3   39    6     78    0    831    835    833    110   0.1506    0.002
A-n39-k6 	BT-3   39    6     78    1    831    833    833     78   0.1218    0.002
A-n39-k6 	BT-3   39    3     78    0    831    835    835     78   0.1215    0.005
A-n39-k6 	BT-3   39    3     78    1    831    833    833     78   0.1221    0.002
A-n39-k6 	BT-3   39   13    156    0    831   1503    876    202   0.2215    0.054
A-n39-k6 	BT-3   39   13    156    1    831   1347    841    263   0.3145    0.012
A-n39-k6 	BT-3   39    6     78    0    831    835    833    104   0.1502    0.002
A-n39-k6 	BT-3   39    6     78    1    831    833    833     78   0.1213    0.002
A-n39-k6 	BT-3   39    3     78    0    831    835    835     78   0.1215    0.005
A-n39-k6 	BT-3   39    3     78    1    831    833    833     78   0.1204    0.002
A-n39-k6 	BT-3   39   13    156    0    831   1503    867    263   0.2896    0.043
A-n39-k6 	BT-3   39   13    156    1    831   1347    833    352   0.4163    0.002
A-n39-k6 	BT-3   39    6     78    0    831    835    833     99   0.1478    0.002
A-n39-k6 	BT-3   39    6     78    1    831    833    833     78   0.1214    0.002
A-n39-k6 	BT-3   39    3     78    0    831    835    835     78   0.1214    0.005
A-n39-k6 	BT-3   39    3     78    1    831    833    833     78   0.1219    0.002
A-n39-k6 	BT-3   39   13    156    0    831   1503    869    305   0.3395    0.046
A-n39-k6 	BT-3   39   13    156    1    831   1347    841    221   0.2699    0.012
A-n39-k6 	BT-3   39    6     78    0    831    835    833     99   0.1477    0.002
A-n39-k6 	BT-3   39    6     78    1    831    833    833     78   0.1218    0.002
A-n39-k6 	BT-3   39    3     78    0    831    835    835     78   0.1213    0.005
A-n39-k6 	BT-3   39    3     78    1    831    833    833     78   0.1219    0.002
A-n39-k6 	BT-3   39   13    156    0    831   1503    872    286   0.3195    0.049
A-n39-k6 	BT-3   39   13    156    1    831   1347    841    235   0.2784    0.012
A-n39-k6 	BT-3   39    6     78    0    831    835    833     99   0.1438    0.002
A-n39-k6 	BT-3   39    6     78    1    831    833    833     78   0.1213    0.002
A-n39-k6 	BT-3   39    3     78    0    831    835    835     78   0.1205    0.005
A-n39-k6 	BT-3   39    3     78    1    831    833    833     78   0.1220    0.002
A-n39-k6 	BT-3   39   13    156    0    831   1503    836    352   0.3956    0.006
A-n39-k6 	BT-3   39   13    156    1    831   1347    843    321   0.3903    0.014
A-n39-k6 	BT-3   39    6     78    0    831    835    833    105   0.1507    0.002
A-n39-k6 	BT-3   39    6     78    1    831    833    833     78   0.1223    0.002
A-n39-k6 	BT-3   39    3     78    0    831    835    835     78   0.1253    0.005
A-n39-k6 	BT-3   39    3     78    1    831    833    833     78   0.1205    0.002
A-n39-k6 	BT-3   39   13    156    0    831   1503    841    265   0.2917    0.012
A-n39-k6 	BT-3   39   13    156    1    831   1347    836    396   0.4684    0.006
A-n39-k6 	BT-3   39    6     78    0    831    835    833    108   0.1513    0.002
A-n39-k6 	BT-3   39    6     78    1    831    833    833     78   0.1218    0.002
A-n39-k6 	BT-3   39    3     78    0    831    835    835     78   0.1231    0.005
A-n39-k6 	BT-3   39    3     78    1    831    833    833     78   0.1208    0.002
A-n39-k6 	BT-3   39   13    156    0    831   1503    868    270   0.2968    0.045
A-n39-k6 	BT-3   39   13    156    1    831   1347    840    476   0.5519    0.011
A-n39-k6 	BT-3   39    6     78    0    831    835    833    103   0.1495    0.002
A-n39-k6 	BT-3   39    6     78    1    831    833    833     78   0.1223    0.002
A-n39-k6 	BT-3   39    3     78    0    831    835    835     78   0.1203    0.005
A-n39-k6 	BT-3   39    3     78    1    831    833    833     78   0.1215    0.002
A-n39-k6 	BT-3   39   13    156    0    831   1503    876    202   0.2212    0.054
A-n39-k6 	BT-3   39   13    156    1    831   1347    838    516   0.5970    0.008
A-n39-k6 	BT-3   39    6     78    0    831    835    833    106   0.1509    0.002
A-n39-k6 	BT-3   39    6     78    1    831    833    833     78   0.1221    0.002
A-n39-k6 	BT-3   39    3     78    0    831    835    835     78   0.1242    0.005
A-n39-k6 	BT-3   39    3     78    1    831    833    833     78   0.1220    0.002
A-n39-k6 	BT-3   39   13    156    0    831   1503    848    342   0.3759    0.020
A-n39-k6 	BT-3   39   13    156    1    831   1347    838    647   0.7645    0.008
A-n39-k6 	BT-3   39    6     78    0    831    835    833    106   0.1526    0.002
A-n39-k6 	BT-3   39    6     78    1    831    833    833     78   0.1225    0.002
A-n39-k6 	BT-3   39    3     78    0    831    835    835     78   0.1201    0.005
A-n39-k6 	BT-3   39    3     78    1    831    833    833     78   0.1209    0.002
A-n39-k6 	BT-3   39   13    156    0    831   1503    853    250   0.2729    0.026
A-n39-k6 	BT-3   39   13    156    1    831   1347    839    414   0.4842    0.010
A-n39-k6 	BT-3   39    6     78    0    831    835    833    102   0.1488    0.002
A-n39-k6 	BT-3   39    6     78    1    831    833    833     78   0.1211    0.002
A-n39-k6 	BT-3   39    3     78    0    831    835    835     78   0.1208    0.005
A-n39-k6 	BT-3   39    3     78    1    831    833    833     78   0.1206    0.002
A-n39-k6 	BT-3   39   13    156    0    831   1503    836    423   0.4695    0.006
A-n39-k6 	BT-3   39   13    156    1    831   1347    839    440   0.5115    0.010
A-n39-k6 	BT-3   39    6     78    0    831    835    833     96   0.1393    0.002
A-n39-k6 	BT-3   39    6     78    1    831    833    833     78   0.1210    0.002
A-n39-k6 	BT-3   39    3     78    0    831    835    835     78   0.1226    0.005
A-n39-k6 	BT-3   39    3     78    1    831    833    833     78   0.1274    0.002
A-n39-k6 	BT-3   39   13    156    0    831   1503    859    303   0.3353    0.034
A-n39-k6 	BT-3   39   13    156    1    831   1347    854    278   0.3330    0.028
A-n39-k6 	BT-3   39    6     78    0    831    835    833    177   0.2266    0.002
A-n39-k6 	BT-3   39    6     78    1    831    833    833     78   0.1226    0.002
A-n39-k6 	BT-3   39    3     78    0    831    835    835     78   0.1220    0.005
A-n39-k6 	BT-3   39    3     78    1    831    833    833     78   0.1213    0.002
A-n39-k6 	BT-3   39   13    156    0    831   1503    861    233   0.2585    0.036
A-n39-k6 	BT-3   39   13    156    1    831   1347    847    232   0.2734    0.019
A-n39-k6 	BT-3   39    6     78    0    831    835    833     98   0.1451    0.002
A-n39-k6 	BT-3   39    6     78    1    831    833    833     78   0.1227    0.002
A-n39-k6 	BT-3   39    3     78    0    831    835    835     78   0.1252    0.005
A-n39-k6 	BT-3   39    3     78    1    831    833    833     78   0.1211    0.002
A-n39-k6 	BT-3   39   13    156    0    831   1503    849    281   0.3092    0.022
A-n39-k6 	BT-3   39   13    156    1    831   1347    844    536   0.6350    0.016
A-n39-k6 	BT-3   39    6     78    0    831    835    833    116   0.1637    0.002
A-n39-k6 	BT-3   39    6     78    1    831    833    833     78   0.1224    0.002
A-n39-k6 	BT-3   39    3     78    0    831    835    835     78   0.1214    0.005
A-n39-k6 	BT-3   39    3     78    1    831    833    833     78   0.1214    0.002
A-n39-k6 	BT-3   39   13    156    0    831   1503    876    202   0.2232    0.054
A-n39-k6 	BT-3   39   13    156    1    831   1347    856    242   0.2875    0.030
A-n39-k6 	BT-3   39    6     78    0    831    835    833    104   0.1490    0.002
A-n39-k6 	BT-3   39    6     78    1    831    833    833     78   0.1220    0.002
A-n39-k6 	BT-3   39    3     78    0    831    835    835     78   0.1215    0.005
A-n39-k6 	BT-3   39    3     78    1    831    833    833     78   0.1213    0.002
A-n39-k6 	BT-3   39   13    156    0    831   1503    876    202   0.2232    0.054
A-n39-k6 	BT-3   39   13    156    1    831   1347    845    483   0.5738    0.017
A-n39-k6 	BT-3   39    6     78    0    831    835    833    104   0.1596    0.002
A-n39-k6 	BT-3   39    6     78    1    831    833    833     78   0.1220    0.002
A-n39-k6 	BT-3   39    3     78    0    831    835    835     78   0.1199    0.005
A-n39-k6 	BT-3   39    3     78    1    831    833    833     78   0.1209    0.002
A-n39-k6 	BT-3   39   13    156    0    831   1503    871    207   0.2254    0.048
A-n39-k6 	BT-3   39   13    156    1    831   1347    851    338   0.3968    0.024
A-n39-k6 	BT-3   39    6     78    0    831    835    833    105   0.1513    0.002
A-n39-k6 	BT-3   39    6     78    1    831    833    833     78   0.1219    0.002
A-n39-k6 	BT-3   39    3     78    0    831    835    835     78   0.1238    0.005
A-n39-k6 	BT-3   39    3     78    1    831    833    833     78   0.1217    0.002
A-n39-k6 	BT-3   39   13    156    0    831   1503    843    328   0.3617    0.014
A-n39-k6 	BT-3   39   13    156    1    831   1347    847    418   0.4944    0.019
A-n39-k6 	BT-3   39    6     78    0    831    835    833     99   0.1442    0.002
A-n39-k6 	BT-3   39    6     78    1    831    833    833     78   0.1252    0.002
A-n39-k6 	BT-3   39    3     78    0    831    835    835     78   0.1219    0.005
A-n39-k6 	BT-3   39    3     78    1    831    833    833     78   0.1184    0.002
A-n39-k6 	BT-3   39   13    156    0    831   1503    841    392   0.4356    0.012
A-n39-k6 	BT-3   39   13    156    1    831   1347    833    364   0.4245    0.002
A-n39-k6 	BT-3   39    6     78    0    831    835    833    106   0.1528    0.002
A-n39-k6 	BT-3   39    6     78    1    831    833    833     78   0.1205    0.002
A-n39-k6 	BT-3   39    3     78    0    831    835    835     78   0.1228    0.005
A-n39-k6 	BT-3   39    3     78    1    831    833    833     78   0.1210    0.002
A-n39-k6 	BT-3   39   13    156    0    831   1503    861    301   0.3299    0.036
A-n39-k6 	BT-3   39   13    156    1    831   1347    841    298   0.3504    0.012
A-n39-k6 	BT-3   39    6     78    0    831    835    833    109   0.1551    0.002
A-n39-k6 	BT-3   39    6     78    1    831    833    833     78   0.1230    0.002
A-n39-k6 	BT-3   39    3     78    0    831    835    833    137   0.1838    0.002
A-n39-k6 	BT-3   39    3     78    1    831    833    833     78   0.1206    0.002
A-n39-k6 	BT-3   39   13    156    0    831   1503    845    482   0.5232    0.017
A-n39-k6 	BT-3   39   13    156    1    831   1347    840    342   0.3861    0.011
A-n39-k6 	BT-3   39    6     78    0    831    835    833    102   0.1494    0.002
A-n39-k6 	BT-3   39    6     78    1    831    833    833     78   0.1207    0.002
A-n39-k6 	BT-3   39    3     78    0    831    835    833     98   0.1497    0.002
A-n39-k6 	BT-3   39    3     78    1    831    833    833     78   0.1255    0.002
A-n39-k6 	BT-3   39   13    156    0    831   1503    871    207   0.2170    0.048
A-n39-k6 	BT-3   39   13    156    1    831   1347    850    242   0.2757    0.023
A-n39-k6 	BT-3   39    6     78    0    831    835    833    102   0.1480    0.002
A-n39-k6 	BT-3   39    6     78    1    831    833    833     78   0.1255    0.002
A-n39-k6 	BT-3   39    3     78    0    831    835    835     78   0.1297    0.005
A-n39-k6 	BT-3   39    3     78    1    831    833    833     78   0.1213    0.002
A-n39-k6 	BT-3   39   13    156    0    831   1503    846    266   0.2809    0.018
A-n39-k6 	BT-3   39   13    156    1    831   1347    841    317   0.3547    0.012
A-n39-k6 	BT-3   39    6     78    0    831    835    833    110   0.1581    0.002
A-n39-k6 	BT-3   39    6     78    1    831    833    833     78   0.1223    0.002
A-n39-k6 	BT-3   39    3     78    0    831    835    835     78   0.1214    0.005
A-n39-k6 	BT-3   39    3     78    1    831    833    833     78   0.1210    0.002
A-n39-k6 	BT-3   39   13    156    0    831   1503    857    204   0.2140    0.031
A-n39-k6 	BT-3   39   13    156    1    831   1347    869    255   0.2899    0.046
A-n39-k6 	BT-3   39    6     78    0    831    835    833    112   0.1590    0.002
A-n39-k6 	BT-3   39    6     78    1    831    833    833     78   0.1221    0.002
A-n39-k6 	BT-3   39    3     78    0    831    835    833     98   0.1513    0.002
A-n39-k6 	BT-3   39    3     78    1    831    833    833     78   0.1265    0.002
