A-n37-k5 	BT-1   37   12    148    0    669   1279    691    310   0.3317    0.033
A-n37-k5 	BT-1   37   12    148    1    669   1190    709    295   0.2965    0.060
A-n37-k5 	BT-1   37    6     74    0    669    986    670     91   0.0940    0.001
A-n37-k5 	BT-1   37    6     74    1    669    691    671     98   0.0969    0.003
A-n37-k5 	BT-1   37    3     74    0    669    947    670     75   0.0771    0.001
A-n37-k5 	BT-1   37    3     74    1    669    670    670     74   0.0739    0.001
A-n37-k5 	BT-2   37   12    148    0    669   1279    724    196   0.1841    0.082
A-n37-k5 	BT-2   37   12    148    1    669   1190    704    364   0.3386    0.052
A-n37-k5 	BT-2   37    6     74    0    669    950    680    121   0.1284    0.016
A-n37-k5 	BT-2   37    6     74    1    669    704    680    113   0.1245    0.016
A-n37-k5 	BT-2   37    3     74    0    669    896    700     88   0.0914    0.046
A-n37-k5 	BT-2   37    3     74    1    669    680    680     74   0.0756    0.016
A-n37-k5 	BT-3   37   12    148    0    669   1279    715    178   0.1603    0.069
A-n37-k5 	BT-3   37   12    148    1    669   1190    678    581   0.5322    0.013
A-n37-k5 	BT-3   37    6     74    0    669    925    698    163   0.1563    0.043
A-n37-k5 	BT-3   37    6     74    1    669    678    678     74   0.0819    0.013
A-n37-k5 	BT-3   37    3     74    0    669    925    702     97   0.0968    0.049
A-n37-k5 	BT-3   37    3     74    1    669    678    678     74   0.0823    0.013
A-n37-k5 	BT-3   37   12    148    0    669   1279    673    444   0.4039    0.006
A-n37-k5 	BT-3   37   12    148    1    669   1190    695    423   0.3737    0.039
A-n37-k5 	BT-3   37    6     74    0    669    785    673    112   0.1289    0.006
A-n37-k5 	BT-3   37    6     74    1    669    673    671    105   0.1211    0.003
A-n37-k5 	BT-3   37    3     74    0    669    746    671     88   0.0926    0.003
A-n37-k5 	BT-3   37    3     74    1    669    671    671     74   0.0853    0.003
A-n37-k5 	BT-3   37   12    148    0    669   1279    670    192   0.1736    0.001
A-n37-k5 	BT-3   37   12    148    1    669   1190    670    502   0.4521    0.001
A-n37-k5 	BT-3   37    6     74    0    669    798    669     86   0.0974    0.000
A-n37-k5 	BT-3   37    6     74    1    669    670    670     74   0.1020    0.001
A-n37-k5 	BT-3   37    3     74    0    669    771    669    146   0.1901    0.000
A-n37-k5 	BT-3   37    3     74    1    669    669    669     74   0.1103    0.000
A-n37-k5 	BT-3   37   12    148    0    669   1279    693    277   0.3263    0.036
A-n37-k5 	BT-3   37   12    148    1    669   1190    716    209   0.2001    0.070
A-n37-k5 	BT-3   37    6     74    0    669    771    669    110   0.1213    0.000
A-n37-k5 	BT-3   37    6     74    1    669    669    669     74   0.0962    0.000
A-n37-k5 	BT-3   37    3     74    0    669    771    670    110   0.1244    0.001
A-n37-k5 	BT-3   37    3     74    1    669    669    669     74   0.1303    0.000
A-n37-k5 	BT-3   37   12    148    0    669   1279    703    178   0.2863    0.051
A-n37-k5 	BT-3   37   12    148    1    669   1190    692    294   0.3774    0.034
A-n37-k5 	BT-3   37    6     74    0    669    771    673    128   0.1787    0.006
A-n37-k5 	BT-3   37    6     74    1    669    669    669     74   0.1078    0.000
A-n37-k5 	BT-3   37    3     74    0    669    771    669    129   0.1447    0.000
A-n37-k5 	BT-3   37    3     74    1    669    669    669     74   0.0976    0.000
A-n37-k5 	BT-3   37   12    148    0    669   1279    703    178   0.1731    0.051
A-n37-k5 	BT-3   37   12    148    1    669   1190    705    196   0.1749    0.054
A-n37-k5 	BT-3   37    6     74    0    669    771    669    142   0.1478    0.000
A-n37-k5 	BT-3   37    6     74    1    669    669    669     74   0.0888    0.000
A-n37-k5 	BT-3   37    3     74    0    669    771    669    117   0.1258    0.000
A-n37-k5 	BT-3   37    3     74    1    669    669    669     74   0.0910    0.000
A-n37-k5 	BT-3   37   12    148    0    669   1279    670    381   0.3542    0.001
A-n37-k5 	BT-3   37   12    148    1    669   1190    696    352   0.3981    0.040
A-n37-k5 	BT-3   37    6     74    0    669    771    669    138   0.1679    0.000
A-n37-k5 	BT-3   37    6     74    1    669    669    669     74   0.1055    0.000
A-n37-k5 	BT-3   37    3     74    0    669    771    669    130   0.1571    0.000
A-n37-k5 	BT-3   37    3     74    1    669    669    669     74   0.0971    0.000
A-n37-k5 	BT-3   37   12    148    0    669   1279    673    295   0.3400    0.006
A-n37-k5 	BT-3   37   12    148    1    669   1190    685    281   0.2502    0.024
A-n37-k5 	BT-3   37    6     74    0    669    771    670    137   0.1655    0.001
A-n37-k5 	BT-3   37    6     74    1    669    669    669     74   0.1050    0.000
A-n37-k5 	BT-3   37    3     74    0    669    771    669    105   0.1347    0.000
A-n37-k5 	BT-3   37    3     74    1    669    669    669     74   0.1124    0.000
A-n37-k5 	BT-3   37   12    148    0    669   1279    703    178   0.2284    0.051
A-n37-k5 	BT-3   37   12    148    1    669   1190    701    265   0.2767    0.048
A-n37-k5 	BT-3   37    6     74    0    669    771    673    113   0.1602    0.006
A-n37-k5 	BT-3   37    6     74    1    669    669    669     74   0.1149    0.000
A-n37-k5 	BT-3   37    3     74    0    669    771    670    104   0.1259    0.001
A-n37-k5 	BT-3   37    3     74    1    669    669    669     74   0.0867    0.000
A-n37-k5 	BT-3   37   12    148    0    669   1279    669    275   0.2521    0.000
A-n37-k5 	BT-3   37   12    148    1    669   1190    699    355   0.3148    0.045
A-n37-k5 	BT-3   37    6     74    0    669    771    669    143   0.1389    0.000
A-n37-k5 	BT-3   37    6     74    1    669    669    669     74   0.0842    0.000
A-n37-k5 	BT-3   37    3     74    0    669    771    670    105   0.1055    0.001
A-n37-k5 	BT-3   37    3     74    1    669    669    669     74   0.0827    0.000
A-n37-k5 	BT-3   37   12    148    0    669   1279    670    301   0.2687    0.001
A-n37-k5 	BT-3   37   12    148    1    669   1190    682    565   0.5037    0.019
A-n37-k5 	BT-3   37    6     74    0    669    771    673    104   0.1064    0.006
A-n37-k5 	BT-3   37    6     74    1    669    669    669     74   0.0829    0.000
A-n37-k5 	BT-3   37    3     74    0    669    771    669    127   0.1253    0.000
A-n37-k5 	BT-3   37    3     74    1    669    669    669     74   0.0849    0.000
A-n37-k5 	BT-3   37   12    148    0    669   1279    670    194   0.1852    0.001
A-n37-k5 	BT-3   37   12    148    1    669   1190    706    187   0.1714    0.055
A-n37-k5 	BT-3   37    6     74    0    669    771    670    121   0.1306    0.001
A-n37-k5 	BT-3   37    6     74    1    669    669    669     74   0.0907    0.000
A-n37-k5 	BT-3   37    3     74    0    669    771    670     98   0.1005    0.001
A-n37-k5 	BT-3   37    3     74    1    669    669    669     74   0.0840    0.000
A-n37-k5 	BT-3   37   12    148    0    669   1279    670    313   0.2950    0.001
A-n37-k5 	BT-3   37   12    148    1    669   1190    683    242   0.2121    0.021
A-n37-k5 	BT-3   37    6     74    0    669    771    670    123   0.1250    0.001
A-n37-k5 	BT-3   37    6     74    1    669    669    669     74   0.0831    0.000
A-n37-k5 	BT-3   37    3     74    0    669    771    670    104   0.1053    0.001
A-n37-k5 	BT-3   37    3     74    1    669    669    669     74   0.0823    0.000
A-n37-k5 	BT-3   37   12    148    0    669   1279    670    379   0.3453    0.001
A-n37-k5 	BT-3   37   12    148    1    669   1190    670    452   0.4090    0.001
A-n37-k5 	BT-3   37    6     74    0    669    771    669    126   0.1243    0.000
A-n37-k5 	BT-3   37    6     74    1    669    669    669     74   0.0846    0.000
A-n37-k5 	BT-3   37    3     74    0    669    771    670    103   0.1147    0.001
A-n37-k5 	BT-3   37    3     74    1    669    669    669     74   0.0893    0.000
A-n37-k5 	BT-3   37   12    148    0    669   1279    672    227   0.2024    0.004
A-n37-k5 	BT-3   37   12    148    1    669   1190    679    316   0.2822    0.015
A-n37-k5 	BT-3   37    6     74    0    669    771    669    128   0.1311    0.000
A-n37-k5 	BT-3   37    6     74    1    669    669    669     74   0.0840    0.000
A-n37-k5 	BT-3   37    3     74    0    669    771    670    111   0.1130    0.001
A-n37-k5 	BT-3   37    3     74    1    669    669    669     74   0.0827    0.000
A-n37-k5 	BT-3   37   12    148    0    669   1279    670    212   0.1907    0.001
A-n37-k5 	BT-3   37   12    148    1    669   1190    670    392   0.3391    0.001
A-n37-k5 	BT-3   37    6     74    0    669    771    670     94   0.1061    0.001
A-n37-k5 	BT-3   37    6     74    1    669    669    669     74   0.0902    0.000
A-n37-k5 	BT-3   37    3     74    0    669    771    669    118   0.1154    0.000
A-n37-k5 	BT-3   37    3     74    1    669    669    669     74   0.0834    0.000
A-n37-k5 	BT-3   37   12    148    0    669   1279    670    279   0.2461    0.001
A-n37-k5 	BT-3   37   12    148    1    669   1190    683    216   0.1863    0.021
A-n37-k5 	BT-3   37    6     74    0    669    771    669    145   0.1431    0.000
A-n37-k5 	BT-3   37    6     74    1    669    669    669     74   0.0842    0.000
A-n37-k5 	BT-3   37    3     74    0    669    771    670     98   0.1015    0.001
A-n37-k5 	BT-3   37    3     74    1    669    669    669     74   0.0832    0.000
A-n37-k5 	BT-3   37   12    148    0    669   1279    669    242   0.2187    0.000
A-n37-k5 	BT-3   37   12    148    1    669   1190    699    225   0.1941    0.045
A-n37-k5 	BT-3   37    6     74    0    669    771    669    197   0.1904    0.000
A-n37-k5 	BT-3   37    6     74    1    669    669    669     74   0.0830    0.000
A-n37-k5 	BT-3   37    3     74    0    669    771    669    103   0.1140    0.000
A-n37-k5 	BT-3   37    3     74    1    669    669    669     74   0.0958    0.000
A-n37-k5 	BT-3   37   12    148    0    669   1279    703    178   0.1585    0.051
A-n37-k5 	BT-3   37   12    148    1    669   1190    670    446   0.3988    0.001
A-n37-k5 	BT-3   37    6     74    0    669    771    669    157   0.1512    0.000
A-n37-k5 	BT-3   37    6     74    1    669    669    669     74   0.0826    0.000
A-n37-k5 	BT-3   37    3     74    0    669    771    670     96   0.0989    0.001
A-n37-k5 	BT-3   37    3     74    1    669    669    669     74   0.0826    0.000
A-n37-k5 	BT-3   37   12    148    0    669   1279    703    178   0.1794    0.051
A-n37-k5 	BT-3   37   12    148    1    669   1190    692    541   0.4859    0.034
A-n37-k5 	BT-3   37    6     74    0    669    771    672    118   0.1205    0.004
A-n37-k5 	BT-3   37    6     74    1    669    669    669     74   0.0840    0.000
A-n37-k5 	BT-3   37    3     74    0    669    771    670    107   0.1081    0.001
A-n37-k5 	BT-3   37    3     74    1    669    669    669     74   0.0834    0.000
A-n37-k5 	BT-3   37   12    148    0    669   1279    696    267   0.2713    0.040
A-n37-k5 	BT-3   37   12    148    1    669   1190    669    291   0.2533    0.000
A-n37-k5 	BT-3   37    6     74    0    669    771    670    136   0.1333    0.001
A-n37-k5 	BT-3   37    6     74    1    669    669    669     74   0.0826    0.000
A-n37-k5 	BT-3   37    3     74    0    669    771    670    104   0.1059    0.001
A-n37-k5 	BT-3   37    3     74    1    669    669    669     74   0.0825    0.000
A-n37-k5 	BT-3   37   12    148    0    669   1279    670    295   0.2664    0.001
A-n37-k5 	BT-3   37   12    148    1    669   1190    670    275   0.2408    0.001
A-n37-k5 	BT-3   37    6     74    0    669    771    670    125   0.1325    0.001
A-n37-k5 	BT-3   37    6     74    1    669    669    669     74   0.0906    0.000
A-n37-k5 	BT-3   37    3     74    0    669    771    670    103   0.1031    0.001
A-n37-k5 	BT-3   37    3     74    1    669    669    669     74   0.0842    0.000
A-n37-k5 	BT-3   37   12    148    0    669   1279    669    262   0.2343    0.000
A-n37-k5 	BT-3   37   12    148    1    669   1190    670    526   0.4653    0.001
A-n37-k5 	BT-3   37    6     74    0    669    771    670    134   0.1331    0.001
A-n37-k5 	BT-3   37    6     74    1    669    669    669     74   0.0829    0.000
A-n37-k5 	BT-3   37    3     74    0    669    771    669    129   0.1264    0.000
A-n37-k5 	BT-3   37    3     74    1    669    669    669     74   0.0828    0.000
A-n37-k5 	BT-3   37   12    148    0    669   1279    686    300   0.2990    0.025
A-n37-k5 	BT-3   37   12    148    1    669   1190    670    378   0.3677    0.001
A-n37-k5 	BT-3   37    6     74    0    669    771    669    152   0.1460    0.000
A-n37-k5 	BT-3   37    6     74    1    669    669    669     74   0.0852    0.000
A-n37-k5 	BT-3   37    3     74    0    669    771    670     98   0.1003    0.001
A-n37-k5 	BT-3   37    3     74    1    669    669    669     74   0.0827    0.000
A-n37-k5 	BT-3   37   12    148    0    669   1279    681    282   0.2794    0.018
A-n37-k5 	BT-3   37   12    148    1    669   1190    699    278   0.2651    0.045
A-n37-k5 	BT-3   37    6     74    0    669    771    673    108   0.1097    0.006
A-n37-k5 	BT-3   37    6     74    1    669    669    669     74   0.0837    0.000
A-n37-k5 	BT-3   37    3     74    0    669    771    669    158   0.1569    0.000
A-n37-k5 	BT-3   37    3     74    1    669    669    669     74   0.0843    0.000
A-n37-k5 	BT-3   37   12    148    0    669   1279    673    265   0.2438    0.006
A-n37-k5 	BT-3   37   12    148    1    669   1190    697    479   0.4340    0.042
A-n37-k5 	BT-3   37    6     74    0    669    771    669    174   0.1724    0.000
A-n37-k5 	BT-3   37    6     74    1    669    669    669     74   0.0827    0.000
A-n37-k5 	BT-3   37    3     74    0    669    771    669    166   0.1747    0.000
A-n37-k5 	BT-3   37    3     74    1    669    669    669     74   0.0893    0.000
A-n37-k5 	BT-3   37   12    148    0    669   1279    670    216   0.1928    0.001
A-n37-k5 	BT-3   37   12    148    1    669   1190    696    332   0.2953    0.040
A-n37-k5 	BT-3   37    6     74    0    669    771    669    187   0.1826    0.000
A-n37-k5 	BT-3   37    6     74    1    669    669    669     74   0.0854    0.000
A-n37-k5 	BT-3   37    3     74    0    669    771    669     97   0.0998    0.000
A-n37-k5 	BT-3   37    3     74    1    669    669    669     74   0.0844    0.000
A-n37-k5 	BT-3   37   12    148    0    669   1279    673    256   0.2293    0.006
A-n37-k5 	BT-3   37   12    148    1    669   1190    697    286   0.2457    0.042
A-n37-k5 	BT-3   37    6     74    0    669    771    670    140   0.1546    0.001
A-n37-k5 	BT-3   37    6     74    1    669    669    669     74   0.0897    0.000
A-n37-k5 	BT-3   37    3     74    0    669    771    669    135   0.1301    0.000
A-n37-k5 	BT-3   37    3     74    1    669    669    669     74   0.0839    0.000
A-n37-k5 	BT-3   37   12    148    0    669   1279    669    275   0.2478    0.000
A-n37-k5 	BT-3   37   12    148    1    669   1190    713    186   0.1662    0.066
A-n37-k5 	BT-3   37    6     74    0    669    771    673    104   0.1104    0.006
A-n37-k5 	BT-3   37    6     74    1    669    669    669     74   0.0828    0.000
A-n37-k5 	BT-3   37    3     74    0    669    771    669    114   0.1184    0.000
A-n37-k5 	BT-3   37    3     74    1    669    669    669     74   0.0836    0.000
A-n37-k5 	BT-3   37   12    148    0    669   1279    669    298   0.2841    0.000
A-n37-k5 	BT-3   37   12    148    1    669   1190    697    368   0.3582    0.042
A-n37-k5 	BT-3   37    6     74    0    669    771    669    129   0.1284    0.000
A-n37-k5 	BT-3   37    6     74    1    669    669    669     74   0.0858    0.000
A-n37-k5 	BT-3   37    3     74    0    669    771    670    104   0.1061    0.001
A-n37-k5 	BT-3   37    3     74    1    669    669    669     74   0.0831    0.000
A-n37-k5 	BT-3   37   12    148    0    669   1279    670    249   0.2405    0.001
A-n37-k5 	BT-3   37   12    148    1    669   1190    697    203   0.1919    0.042
A-n37-k5 	BT-3   37    6     74    0    669    771    669    144   0.1426    0.000
A-n37-k5 	BT-3   37    6     74    1    669    669    669     74   0.0862    0.000
A-n37-k5 	BT-3   37    3     74    0    669    771    669    125   0.1282    0.000
A-n37-k5 	BT-3   37    3     74    1    669    669    669     74   0.0887    0.000
A-n37-k5 	BT-3   37   12    148    0    669   1279    678    297   0.2667    0.013
A-n37-k5 	BT-3   37   12    148    1    669   1190    704    308   0.2662    0.052
A-n37-k5 	BT-3   37    6     74    0    669    771    669    127   0.1279    0.000
A-n37-k5 	BT-3   37    6     74    1    669    669    669     74   0.0830    0.000
A-n37-k5 	BT-3   37    3     74    0    669    771    670     96   0.1054    0.001
A-n37-k5 	BT-3   37    3     74    1    669    669    669     74   0.0896    0.000
A-n37-k5 	BT-3   37   12    148    0    669   1279    670    186   0.1654    0.001
A-n37-k5 	BT-3   37   12    148    1    669   1190    706    187   0.1674    0.055
A-n37-k5 	BT-3   37    6     74    0    669    771    673    104   0.1088    0.006
A-n37-k5 	BT-3   37    6     74    1    669    669    669     74   0.0833    0.000
A-n37-k5 	BT-3   37    3     74    0    669    771    670     98   0.1090    0.001
A-n37-k5 	BT-3   37    3     74    1    669    669    669     74   0.0894    0.000
A-n37-k5 	BT-3   37   12    148    0    669   1279    685    306   0.2693    0.024
A-n37-k5 	BT-3   37   12    148    1    669   1190    715    249   0.2462    0.069
A-n37-k5 	BT-3   37    6     74    0    669    771    669    136   0.1339    0.000
A-n37-k5 	BT-3   37    6     74    1    669    669    669     74   0.0833    0.000
A-n37-k5 	BT-3   37    3     74    0    669    771    669    146   0.1453    0.000
A-n37-k5 	BT-3   37    3     74    1    669    669    669     74   0.0842    0.000
A-n37-k5 	BT-3   37   12    148    0    669   1279    673    193   0.1702    0.006
A-n37-k5 	BT-3   37   12    148    1    669   1190    694    323   0.2855    0.037
A-n37-k5 	BT-3   37    6     74    0    669    771    670    116   0.1246    0.001
A-n37-k5 	BT-3   37    6     74    1    669    669    669     74   0.0899    0.000
A-n37-k5 	BT-3   37    3     74    0    669    771    669    151   0.1468    0.000
A-n37-k5 	BT-3   37    3     74    1    669    669    669     74   0.0836    0.000
A-n37-k5 	BT-3   37   12    148    0    669   1279    670    186   0.1663    0.001
A-n37-k5 	BT-3   37   12    148    1    669   1190    697    208   0.1800    0.042
A-n37-k5 	BT-3   37    6     74    0    669    771    671    145   0.1443    0.003
A-n37-k5 	BT-3   37    6     74    1    669    669    669     74   0.0853    0.000
A-n37-k5 	BT-3   37    3     74    0    669    771    670    104   0.1051    0.001
A-n37-k5 	BT-3   37    3     74    1    669    669    669     74   0.0831    0.000
A-n37-k5 	BT-3   37   12    148    0    669   1279    670    186   0.1704    0.001
A-n37-k5 	BT-3   37   12    148    1    669   1190    670    378   0.3326    0.001
A-n37-k5 	BT-3   37    6     74    0    669    771    669    142   0.1424    0.000
A-n37-k5 	BT-3   37    6     74    1    669    669    669     74   0.0834    0.000
A-n37-k5 	BT-3   37    3     74    0    669    771    670    103   0.1121    0.001
A-n37-k5 	BT-3   37    3     74    1    669    669    669     74   0.0896    0.000
A-n37-k5 	BT-3   37   12    148    0    669   1279    703    178   0.1581    0.051
A-n37-k5 	BT-3   37   12    148    1    669   1190    669    430   0.3799    0.000
A-n37-k5 	BT-3   37    6     74    0    669    771    669    119   0.1210    0.000
A-n37-k5 	BT-3   37    6     74    1    669    669    669     74   0.0837    0.000
A-n37-k5 	BT-3   37    3     74    0    669    771    669    153   0.1527    0.000
A-n37-k5 	BT-3   37    3     74    1    669    669    669     74   0.0834    0.000
A-n37-k5 	BT-3   37   12    148    0    669   1279    703    178   0.1642    0.051
A-n37-k5 	BT-3   37   12    148    1    669   1190    691    258   0.2245    0.033
A-n37-k5 	BT-3   37    6     74    0    669    771    669     99   0.1039    0.000
A-n37-k5 	BT-3   37    6     74    1    669    669    669     74   0.0839    0.000
A-n37-k5 	BT-3   37    3     74    0    669    771    670    105   0.1037    0.001
A-n37-k5 	BT-3   37    3     74    1    669    669    669     74   0.0834    0.000
A-n37-k5 	BT-3   37   12    148    0    669   1279    670    236   0.2093    0.001
A-n37-k5 	BT-3   37   12    148    1    669   1190    697    213   0.1937    0.042
A-n37-k5 	BT-3   37    6     74    0    669    771    672    136   0.1359    0.004
A-n37-k5 	BT-3   37    6     74    1    669    669    669     74   0.0830    0.000
A-n37-k5 	BT-3   37    3     74    0    669    771    670    102   0.1039    0.001
A-n37-k5 	BT-3   37    3     74    1    669    669    669     74   0.0833    0.000
A-n37-k5 	BT-3   37   12    148    0    669   1279    669    306   0.2741    0.000
A-n37-k5 	BT-3   37   12    148    1    669   1190    685    419   0.3737    0.024
A-n37-k5 	BT-3   37    6     74    0    669    771    669    127   0.1370    0.000
A-n37-k5 	BT-3   37    6     74    1    669    669    669     74   0.0905    0.000
A-n37-k5 	BT-3   37    3     74    0    669    771    669    123   0.1202    0.000
A-n37-k5 	BT-3   37    3     74    1    669    669    669     74   0.0843    0.000
A-n37-k5 	BT-3   37   12    148    0    669   1279    669    352   0.3137    0.000
A-n37-k5 	BT-3   37   12    148    1    669   1190    695    267   0.2300    0.039
A-n37-k5 	BT-3   37    6     74    0    669    771    673    107   0.1132    0.006
A-n37-k5 	BT-3   37    6     74    1    669    669    669     74   0.0844    0.000
A-n37-k5 	BT-3   37    3     74    0    669    771    669    109   0.1081    0.000
A-n37-k5 	BT-3   37    3     74    1    669    669    669     74   0.0829    0.000
A-n37-k5 	BT-3   37   12    148    0    669   1279    670    431   0.4173    0.001
A-n37-k5 	BT-3   37   12    148    1    669   1190    682    250   0.2371    0.019
A-n37-k5 	BT-3   37    6     74    0    669    771    669    152   0.1504    0.000
A-n37-k5 	BT-3   37    6     74    1    669    669    669     74   0.0854    0.000
A-n37-k5 	BT-3   37    3     74    0    669    771    670    103   0.1061    0.001
A-n37-k5 	BT-3   37    3     74    1    669    669    669     74   0.0832    0.000
A-n37-k5 	BT-3   37   12    148    0    669   1279    703    178   0.1783    0.051
A-n37-k5 	BT-3   37   12    148    1    669   1190    692    500   0.5042    0.034
A-n37-k5 	BT-3   37    6     74    0    669    771    671    112   0.1180    0.003
A-n37-k5 	BT-3   37    6     74    1    669    669    669     74   0.0857    0.000
A-n37-k5 	BT-3   37    3     74    0    669    771    670     98   0.1014    0.001
A-n37-k5 	BT-3   37    3     74    1    669    669    669     74   0.0855    0.000
A-n37-k5 	BT-3   37   12    148    0    669   1279    670    214   0.2384    0.001
A-n37-k5 	BT-3   37   12    148    1    669   1190    683    272   0.2839    0.021
A-n37-k5 	BT-3   37    6     74    0    669    771    673    125   0.1267    0.006
A-n37-k5 	BT-3   37    6     74    1    669    669    669     74   0.0850    0.000
A-n37-k5 	BT-3   37    3     74    0    669    771    670     98   0.1047    0.001
A-n37-k5 	BT-3   37    3     74    1    669    669    669     74   0.0836    0.000
A-n37-k5 	BT-3   37   12    148    0    669   1279    673    283   0.2709    0.006
A-n37-k5 	BT-3   37   12    148    1    669   1190    669    238   0.2326    0.000
A-n37-k5 	BT-3   37    6     74    0    669    771    669    139   0.1359    0.000
A-n37-k5 	BT-3   37    6     74    1    669    669    669     74   0.0839    0.000
A-n37-k5 	BT-3   37    3     74    0    669    771    670    103   0.1048    0.001
A-n37-k5 	BT-3   37    3     74    1    669    669    669     74   0.0840    0.000
A-n37-k5 	BT-3   37   12    148    0    669   1279    669    341   0.3304    0.000
A-n37-k5 	BT-3   37   12    148    1    669   1190    706    187   0.1770    0.055
A-n37-k5 	BT-3   37    6     74    0    669    771    669    175   0.1666    0.000
A-n37-k5 	BT-3   37    6     74    1    669    669    669     74   0.0858    0.000
A-n37-k5 	BT-3   37    3     74    0    669    771    669    108   0.1104    0.000
A-n37-k5 	BT-3   37    3     74    1    669    669    669     74   0.0830    0.000
A-n37-k5 	BT-3   37   12    148    0    669   1279    715    178   0.1695    0.069
A-n37-k5 	BT-3   37   12    148    1    669   1190    705    198   0.1721    0.054
A-n37-k5 	BT-3   37    6     74    0    669    771    670    137   0.1338    0.001
A-n37-k5 	BT-3   37    6     74    1    669    669    669     74   0.0842    0.000
A-n37-k5 	BT-3   37    3     74    0    669    771    670    103   0.1050    0.001
A-n37-k5 	BT-3   37    3     74    1    669    669    669     74   0.0829    0.000
A-n37-k5 	BT-3   37   12    148    0    669   1279    670    186   0.1699    0.001
A-n37-k5 	BT-3   37   12    148    1    669   1190    705    318   0.2906    0.054
A-n37-k5 	BT-3   37    6     74    0    669    771    669    134   0.1443    0.000
A-n37-k5 	BT-3   37    6     74    1    669    669    669     74   0.0897    0.000
A-n37-k5 	BT-3   37    3     74    0    669    771    669    110   0.1118    0.000
A-n37-k5 	BT-3   37    3     74    1    669    669    669     74   0.0838    0.000
A-n37-k5 	BT-3   37   12    148    0    669   1279    669    203   0.1845    0.000
A-n37-k5 	BT-3   37   12    148    1    669   1190    706    187   0.1631    0.055
A-n37-k5 	BT-3   37    6     74    0    669    771    669    113   0.1199    0.000
A-n37-k5 	BT-3   37    6     74    1    669    669    669     74   0.0823    0.000
A-n37-k5 	BT-3   37    3     74    0    669    771    669    142   0.1412    0.000
A-n37-k5 	BT-3   37    3     74    1    669    669    669     74   0.0828    0.000
A-n37-k5 	BT-3   37   12    148    0    669   1279    682    185   0.1791    0.019
A-n37-k5 	BT-3   37   12    148    1    669   1190    704    229   0.2191    0.052
A-n37-k5 	BT-3   37    6     74    0    669    771    669    151   0.1496    0.000
A-n37-k5 	BT-3   37    6     74    1    669    669    669     74   0.0859    0.000
A-n37-k5 	BT-3   37    3     74    0    669    771    670    104   0.1062    0.001
A-n37-k5 	BT-3   37    3     74    1    669    669    669     74   0.0831    0.000
A-n37-k5 	BT-3   37   12    148    0    669   1279    670    188   0.1870    0.001
A-n37-k5 	BT-3   37   12    148    1    669   1190    712    241   0.2270    0.064
A-n37-k5 	BT-3   37    6     74    0    669    771    671    115   0.1212    0.003
A-n37-k5 	BT-3   37    6     74    1    669    669    669     74   0.0847    0.000
A-n37-k5 	BT-3   37    3     74    0    669    771    670     99   0.1005    0.001
A-n37-k5 	BT-3   37    3     74    1    669    669    669     74   0.0832    0.000
A-n37-k5 	BT-3   37   12    148    0    669   1279    703    178   0.1734    0.051
A-n37-k5 	BT-3   37   12    148    1    669   1190    673    321   0.3070    0.006
A-n37-k5 	BT-3   37    6     74    0    669    771    669    229   0.2196    0.000
A-n37-k5 	BT-3   37    6     74    1    669    669    669     74   0.0844    0.000
A-n37-k5 	BT-3   37    3     74    0    669    771    670    103   0.1032    0.001
A-n37-k5 	BT-3   37    3     74    1    669    669    669     74   0.0846    0.000
A-n37-k5 	BT-3   37   12    148    0    669   1279    673    205   0.2143    0.006
A-n37-k5 	BT-3   37   12    148    1    669   1190    701    207   0.1947    0.048
A-n37-k5 	BT-3   37    6     74    0    669    771    669    156   0.1525    0.000
A-n37-k5 	BT-3   37    6     74    1    669    669    669     74   0.0847    0.000
A-n37-k5 	BT-3   37    3     74    0    669    771    670    100   0.1014    0.001
A-n37-k5 	BT-3   37    3     74    1    669    669    669     74   0.0831    0.000
A-n37-k5 	BT-3   37   12    148    0    669   1279    670    187   0.1792    0.001
A-n37-k5 	BT-3   37   12    148    1    669   1190    697    350   0.3335    0.042
A-n37-k5 	BT-3   37    6     74    0    669    771    669    118   0.1352    0.000
A-n37-k5 	BT-3   37    6     74    1    669    669    669     74   0.0854    0.000
A-n37-k5 	BT-3   37    3     74    0    669    771    669    118   0.1156    0.000
A-n37-k5 	BT-3   37    3     74    1    669    669    669     74   0.0826    0.000
A-n37-k5 	BT-3   37   12    148    0    669   1279    703    178   0.1592    0.051
A-n37-k5 	BT-3   37   12    148    1    669   1190    673    701   0.6575    0.006
A-n37-k5 	BT-3   37    6     74    0    669    771    671     99   0.1070    0.003
A-n37-k5 	BT-3   37    6     74    1    669    669    669     74   0.0839    0.000
A-n37-k5 	BT-3   37    3     74    0    669    771    670    103   0.1045    0.001
A-n37-k5 	BT-3   37    3     74    1    669    669    669     74   0.0825    0.000
A-n37-k5 	BT-3   37   12    148    0    669   1279    670    199   0.1741    0.001
A-n37-k5 	BT-3   37   12    148    1    669   1190    701    280   0.2406    0.048
A-n37-k5 	BT-3   37    6     74    0    669    771    670    147   0.1597    0.001
A-n37-k5 	BT-3   37    6     74    1    669    669    669     74   0.0922    0.000
A-n37-k5 	BT-3   37    3     74    0    669    771    670    103   0.1041    0.001
A-n37-k5 	BT-3   37    3     74    1    669    669    669     74   0.0849    0.000
A-n37-k5 	BT-3   37   12    148    0    669   1279    670    186   0.1669    0.001
A-n37-k5 	BT-3   37   12    148    1    669   1190    680    217   0.1844    0.016
A-n37-k5 	BT-3   37    6     74    0    669    771    670    113   0.1151    0.001
A-n37-k5 	BT-3   37    6     74    1    669    669    669     74   0.0830    0.000
A-n37-k5 	BT-3   37    3     74    0    669    771    670    105   0.1056    0.001
A-n37-k5 	BT-3   37    3     74    1    669    669    669     74   0.0827    0.000
A-n37-k5 	BT-3   37   12    148    0    669   1279    669    442   0.4020    0.000
A-n37-k5 	BT-3   37   12    148    1    669   1190    691    394   0.3443    0.033
A-n37-k5 	BT-3   37    6     74    0    669    771    670    114   0.1214    0.001
A-n37-k5 	BT-3   37    6     74    1    669    669    669     74   0.0852    0.000
A-n37-k5 	BT-3   37    3     74    0    669    771    670    104   0.1062    0.001
A-n37-k5 	BT-3   37    3     74    1    669    669    669     74   0.0827    0.000
A-n37-k5 	BT-3   37   12    148    0    669   1279    669    240   0.2137    0.000
A-n37-k5 	BT-3   37   12    148    1    669   1190    675    366   0.3251    0.009
A-n37-k5 	BT-3   37    6     74    0    669    771    673    108   0.1223    0.006
A-n37-k5 	BT-3   37    6     74    1    669    669    669     74   0.0922    0.000
A-n37-k5 	BT-3   37    3     74    0    669    771    669    148   0.1466    0.000
A-n37-k5 	BT-3   37    3     74    1    669    669    669     74   0.0856    0.000
A-n37-k5 	BT-3   37   12    148    0    669   1279    695    248   0.2304    0.039
A-n37-k5 	BT-3   37   12    148    1    669   1190    700    273   0.2492    0.046
A-n37-k5 	BT-3   37    6     74    0    669    771    669    136   0.1438    0.000
A-n37-k5 	BT-3   37    6     74    1    669    669    669     74   0.0905    0.000
A-n37-k5 	BT-3   37    3     74    0    669    771    670    103   0.1084    0.001
A-n37-k5 	BT-3   37    3     74    1    669    669    669     74   0.0848    0.000
A-n37-k5 	BT-3   37   12    148    0    669   1279    670    208   0.1949    0.001
A-n37-k5 	BT-3   37   12    148    1    669   1190    705    198   0.1717    0.054
A-n37-k5 	BT-3   37    6     74    0    669    771    669    146   0.1457    0.000
A-n37-k5 	BT-3   37    6     74    1    669    669    669     74   0.0849    0.000
A-n37-k5 	BT-3   37    3     74    0    669    771    669    132   0.1391    0.000
A-n37-k5 	BT-3   37    3     74    1    669    669    669     74   0.0888    0.000
A-n37-k5 	BT-3   37   12    148    0    669   1279    670    434   0.3995    0.001
A-n37-k5 	BT-3   37   12    148    1    669   1190    703    487   0.5069    0.051
A-n37-k5 	BT-3   37    6     74    0    669    771    669    116   0.1179    0.000
A-n37-k5 	BT-3   37    6     74    1    669    669    669     74   0.0838    0.000
A-n37-k5 	BT-3   37    3     74    0    669    771    670    106   0.1119    0.001
A-n37-k5 	BT-3   37    3     74    1    669    669    669     74   0.0828    0.000
A-n37-k5 	BT-3   37   12    148    0    669   1279    670    456   0.4112    0.001
A-n37-k5 	BT-3   37   12    148    1    669   1190    692    355   0.3113    0.034
A-n37-k5 	BT-3   37    6     74    0    669    771    670    116   0.1279    0.001
A-n37-k5 	BT-3   37    6     74    1    669    669    669     74   0.0903    0.000
A-n37-k5 	BT-3   37    3     74    0    669    771    669    108   0.1125    0.000
A-n37-k5 	BT-3   37    3     74    1    669    669    669     74   0.0841    0.000
A-n37-k5 	BT-3   37   12    148    0    669   1279    669    751   0.6781    0.000
A-n37-k5 	BT-3   37   12    148    1    669   1190    696    228   0.2013    0.040
A-n37-k5 	BT-3   37    6     74    0    669    771    669    120   0.1254    0.000
A-n37-k5 	BT-3   37    6     74    1    669    669    669     74   0.1202    0.000
A-n37-k5 	BT-3   37    3     74    0    669    771    670    102   0.1310    0.001
A-n37-k5 	BT-3   37    3     74    1    669    669    669     74   0.0838    0.000
A-n37-k5 	BT-3   37   12    148    0    669   1279    670    403   0.3883    0.001
A-n37-k5 	BT-3   37   12    148    1    669   1190    700    240   0.2142    0.046
A-n37-k5 	BT-3   37    6     74    0    669    771    669    137   0.1342    0.000
A-n37-k5 	BT-3   37    6     74    1    669    669    669     74   0.0845    0.000
A-n37-k5 	BT-3   37    3     74    0    669    771    669    149   0.1609    0.000
A-n37-k5 	BT-3   37    3     74    1    669    669    669     74   0.0889    0.000
A-n37-k5 	BT-3   37   12    148    0    669   1279    670    506   0.4525    0.001
A-n37-k5 	BT-3   37   12    148    1    669   1190    708    291   0.2634    0.058
A-n37-k5 	BT-3   37    6     74    0    669    771    669    119   0.1191    0.000
A-n37-k5 	BT-3   37    6     74    1    669    669    669     74   0.0837    0.000
A-n37-k5 	BT-3   37    3     74    0    669    771    669    158   0.1553    0.000
A-n37-k5 	BT-3   37    3     74    1    669    669    669     74   0.0829    0.000
A-n37-k5 	BT-3   37   12    148    0    669   1279    677    352   0.3132    0.012
A-n37-k5 	BT-3   37   12    148    1    669   1190    680    276   0.2391    0.016
A-n37-k5 	BT-3   37    6     74    0    669    771    673    106   0.1158    0.006
A-n37-k5 	BT-3   37    6     74    1    669    669    669     74   0.0902    0.000
A-n37-k5 	BT-3   37    3     74    0    669    771    670    103   0.1039    0.001
A-n37-k5 	BT-3   37    3     74    1    669    669    669     74   0.0839    0.000
A-n37-k5 	BT-3   37   12    148    0    669   1279    690    325   0.2857    0.031
A-n37-k5 	BT-3   37   12    148    1    669   1190    688    225   0.1921    0.028
A-n37-k5 	BT-3   37    6     74    0    669    771    669    147   0.1621    0.000
A-n37-k5 	BT-3   37    6     74    1    669    669    669     74   0.0909    0.000
A-n37-k5 	BT-3   37    3     74    0    669    771    670     98   0.1035    0.001
A-n37-k5 	BT-3   37    3     74    1    669    669    669     74   0.0835    0.000
A-n37-k5 	BT-3   37   12    148    0    669   1279    670    186   0.1666    0.001
A-n37-k5 	BT-3   37   12    148    1    669   1190    699    223   0.1928    0.045
A-n37-k5 	BT-3   37    6     74    0    669    771    670    155   0.1502    0.001
A-n37-k5 	BT-3   37    6     74    1    669    669    669     74   0.0849    0.000
A-n37-k5 	BT-3   37    3     74    0    669    771    670    109   0.1096    0.001
A-n37-k5 	BT-3   37    3     74    1    669    669    669     74   0.0832    0.000
A-n37-k5 	BT-3   37   12    148    0    669   1279    703    178   0.1603    0.051
A-n37-k5 	BT-3   37   12    148    1    669   1190    701    195   0.1823    0.048
A-n37-k5 	BT-3   37    6     74    0    669    771    669    135   0.1324    0.000
A-n37-k5 	BT-3   37    6     74    1    669    669    669     74   0.0823    0.000
A-n37-k5 	BT-3   37    3     74    0    669    771    670    157   0.1647    0.001
A-n37-k5 	BT-3   37    3     74    1    669    669    669     74   0.0892    0.000
A-n37-k5 	BT-3   37   12    148    0    669   1279    670    194   0.1743    0.001
A-n37-k5 	BT-3   37   12    148    1    669   1190    680    419   0.3714    0.016
A-n37-k5 	BT-3   37    6     74    0    669    771    673    120   0.1194    0.006
A-n37-k5 	BT-3   37    6     74    1    669    669    669     74   0.0847    0.000
A-n37-k5 	BT-3   37    3     74    0    669    771    670    103   0.1129    0.001
A-n37-k5 	BT-3   37    3     74    1    669    669    669     74   0.0890    0.000
A-n37-k5 	BT-3   37   12    148    0    669   1279    703    178   0.1580    0.051
A-n37-k5 	BT-3   37   12    148    1    669   1190    673    224   0.1961    0.006
A-n37-k5 	BT-3   37    6     74    0    669    771    669    148   0.1455    0.000
A-n37-k5 	BT-3   37    6     74    1    669    669    669     74   0.0827    0.000
A-n37-k5 	BT-3   37    3     74    0    669    771    670    111   0.1129    0.001
A-n37-k5 	BT-3   37    3     74    1    669    669    669     74   0.0829    0.000
A-n37-k5 	BT-3   37   12    148    0    669   1279    670    186   0.1647    0.001
A-n37-k5 	BT-3   37   12    148    1    669   1190    706    187   0.1618    0.055
A-n37-k5 	BT-3   37    6     74    0    669    771    670    146   0.1584    0.001
A-n37-k5 	BT-3   37    6     74    1    669    669    669     74   0.0901    0.000
A-n37-k5 	BT-3   37    3     74    0    669    771    670    104   0.1046    0.001
A-n37-k5 	BT-3   37    3     74    1    669    669    669     74   0.0833    0.000
A-n37-k5 	BT-3   37   12    148    0    669   1279    703    178   0.1632    0.051
A-n37-k5 	BT-3   37   12    148    1    669   1190    695    387   0.3385    0.039
A-n37-k5 	BT-3   37    6     74    0    669    771    671    145   0.1536    0.003
A-n37-k5 	BT-3   37    6     74    1    669    669    669     74   0.0900    0.000
A-n37-k5 	BT-3   37    3     74    0    669    771    670     99   0.1001    0.001
A-n37-k5 	BT-3   37    3     74    1    669    669    669     74   0.0837    0.000
A-n37-k5 	BT-3   37   12    148    0    669   1279    703    178   0.1564    0.051
A-n37-k5 	BT-3   37   12    148    1    669   1190    707    280   0.2475    0.057
A-n37-k5 	BT-3   37    6     74    0    669    771    669     96   0.1010    0.000
A-n37-k5 	BT-3   37    6     74    1    669    669    669     74   0.0826    0.000
A-n37-k5 	BT-3   37    3     74    0    669    771    669    115   0.1134    0.000
A-n37-k5 	BT-3   37    3     74    1    669    669    669     74   0.0832    0.000
A-n37-k5 	BT-3   37   12    148    0    669   1279    669    510   0.5032    0.000
A-n37-k5 	BT-3   37   12    148    1    669   1190    698    251   0.2360    0.043
A-n37-k5 	BT-3   37    6     74    0    669    771    670    126   0.1261    0.001
A-n37-k5 	BT-3   37    6     74    1    669    669    669     74   0.0848    0.000
A-n37-k5 	BT-3   37    3     74    0    669    771    670     98   0.1003    0.001
A-n37-k5 	BT-3   37    3     74    1    669    669    669     74   0.0832    0.000
A-n37-k5 	BT-3   37   12    148    0    669   1279    669    381   0.3642    0.000
A-n37-k5 	BT-3   37   12    148    1    669   1190    690    282   0.2648    0.031
A-n37-k5 	BT-3   37    6     74    0    669    771    671    111   0.1116    0.003
A-n37-k5 	BT-3   37    6     74    1    669    669    669     74   0.0840    0.000
A-n37-k5 	BT-3   37    3     74    0    669    771    669    121   0.1201    0.000
A-n37-k5 	BT-3   37    3     74    1    669    669    669     74   0.0831    0.000
A-n37-k5 	BT-3   37   12    148    0    669   1279    670    292   0.2630    0.001
A-n37-k5 	BT-3   37   12    148    1    669   1190    697    286   0.2581    0.042
A-n37-k5 	BT-3   37    6     74    0    669    771    670    109   0.1107    0.001
A-n37-k5 	BT-3   37    6     74    1    669    669    669     74   0.0829    0.000
A-n37-k5 	BT-3   37    3     74    0    669    771    670     99   0.1018    0.001
A-n37-k5 	BT-3   37    3     74    1    669    669    669     74   0.0829    0.000
A-n37-k5 	BT-3   37   12    148    0    669   1279    703    178   0.1591    0.051
A-n37-k5 	BT-3   37   12    148    1    669   1190    717    270   0.2421    0.072
A-n37-k5 	BT-3   37    6     74    0    669    771    669    180   0.1861    0.000
A-n37-k5 	BT-3   37    6     74    1    669    669    669     74   0.0901    0.000
A-n37-k5 	BT-3   37    3     74    0    669    771    670    101   0.1031    0.001
A-n37-k5 	BT-3   37    3     74    1    669    669    669     74   0.0841    0.000
A-n37-k5 	BT-3   37   12    148    0    669   1279    669    436   0.3991    0.000
A-n37-k5 	BT-3   37   12    148    1    669   1190    695    367   0.3227    0.039
A-n37-k5 	BT-3   37    6     74    0    669    771    673    108   0.1123    0.006
A-n37-k5 	BT-3   37    6     74    1    669    669    669     74   0.0823    0.000
A-n37-k5 	BT-3   37    3     74    0    669    771    670    102   0.1033    0.001
A-n37-k5 	BT-3   37    3     74    1    669    669    669     74   0.0829    0.000
A-n37-k5 	BT-3   37   12    148    0    669   1279    669    403   0.3746    0.000
A-n37-k5 	BT-3   37   12    148    1    669   1190    678    506   0.4414    0.013
A-n37-k5 	BT-3   37    6     74    0    669    771    669    124   0.1223    0.000
A-n37-k5 	BT-3   37    6     74    1    669    669    669     74   0.0861    0.000
A-n37-k5 	BT-3   37    3     74    0    669    771    670    105   0.1154    0.001
A-n37-k5 	BT-3   37    3     74    1    669    669    669     74   0.0889    0.000
A-n37-k5 	BT-3   37   12    148    0    669   1279    703    178   0.1583    0.051
A-n37-k5 	BT-3   37   12    148    1    669   1190    706    271   0.2407    0.055
A-n37-k5 	BT-3   37    6     74    0    669    771    669    118   0.1233    0.000
A-n37-k5 	BT-3   37    6     74    1    669    669    669     74   0.0920    0.000
A-n37-k5 	BT-3   37    3     74    0    669    771    670    103   0.1062    0.001
A-n37-k5 	BT-3   37    3     74    1    669    669    669     74   0.0832    0.000
A-n37-k5 	BT-3   37   12    148    0    669   1279    670    194   0.1761    0.001
A-n37-k5 	BT-3   37   12    148    1    669   1190    695    304   0.2645    0.039
A-n37-k5 	BT-3   37    6     74    0    669    771    672    144   0.1541    0.004
A-n37-k5 	BT-3   37    6     74    1    669    669    669     74   0.0905    0.000
A-n37-k5 	BT-3   37    3     74    0    669    771    669    119   0.1190    0.000
A-n37-k5 	BT-3   37    3     74    1    669    669    669     74   0.0855    0.000
A-n37-k5 	BT-3   37   12    148    0    669   1279    669    317   0.2833    0.000
A-n37-k5 	BT-3   37   12    148    1    669   1190    691    242   0.2103    0.033
A-n37-k5 	BT-3   37    6     74    0    669    771    673    124   0.1279    0.006
A-n37-k5 	BT-3   37    6     74    1    669    669    669     74   0.0833    0.000
A-n37-k5 	BT-3   37    3     74    0    669    771    669    124   0.1207    0.000
A-n37-k5 	BT-3   37    3     74    1    669    669    669     74   0.0827    0.000
A-n37-k5 	BT-3   37   12    148    0    669   1279    679    207   0.2067    0.015
A-n37-k5 	BT-3   37   12    148    1    669   1190    673    357   0.3434    0.006
A-n37-k5 	BT-3   37    6     74    0    669    771    673    121   0.1202    0.006
A-n37-k5 	BT-3   37    6     74    1    669    669    669     74   0.0835    0.000
A-n37-k5 	BT-3   37    3     74    0    669    771    669    130   0.1279    0.000
A-n37-k5 	BT-3   37    3     74    1    669    669    669     74   0.0837    0.000
A-n37-k5 	BT-3   37   12    148    0    669   1279    670    358   0.3257    0.001
A-n37-k5 	BT-3   37   12    148    1    669   1190    684    218   0.1907    0.022
A-n37-k5 	BT-3   37    6     74    0    669    771    670    123   0.1259    0.001
A-n37-k5 	BT-3   37    6     74    1    669    669    669     74   0.0842    0.000
A-n37-k5 	BT-3   37    3     74    0    669    771    670    104   0.1060    0.001
A-n37-k5 	BT-3   37    3     74    1    669    669    669     74   0.0829    0.000
A-n37-k5 	BT-3   37   12    148    0    669   1279    670    290   0.2558    0.001
A-n37-k5 	BT-3   37   12    148    1    669   1190    669    371   0.3302    0.000
A-n37-k5 	BT-3   37    6     74    0    669    771    670    116   0.1166    0.001
A-n37-k5 	BT-3   37    6     74    1    669    669    669     74   0.0830    0.000
A-n37-k5 	BT-3   37    3     74    0    669    771    670     98   0.1010    0.001
A-n37-k5 	BT-3   37    3     74    1    669    669    669     74   0.0839    0.000
A-n37-k5 	BT-3   37   12    148    0    669   1279    693    228   0.2030    0.036
A-n37-k5 	BT-3   37   12    148    1    669   1190    694    378   0.3361    0.037
A-n37-k5 	BT-3   37    6     74    0    669    771    670    115   0.1216    0.001
A-n37-k5 	BT-3   37    6     74    1    669    669    669     74   0.0833    0.000
A-n37-k5 	BT-3   37    3     74    0    669    771    669    126   0.1248    0.000
A-n37-k5 	BT-3   37    3     74    1    669    669    669     74   0.0825    0.000
A-n37-k5 	BT-3   37   12    148    0    669   1279    705    268   0.2441    0.054
A-n37-k5 	BT-3   37   12    148    1    669   1190    707    314   0.2897    0.057
A-n37-k5 	BT-3   37    6     74    0    669    771    669    162   0.1715    0.000
A-n37-k5 	BT-3   37    6     74    1    669    669    669     74   0.0903    0.000
A-n37-k5 	BT-3   37    3     74    0    669    771    669    124   0.1246    0.000
A-n37-k5 	BT-3   37    3     74    1    669    669    669     74   0.0834    0.000
A-n37-k5 	BT-3   37   12    148    0    669   1279    670    378   0.3364    0.001
A-n37-k5 	BT-3   37   12    148    1    669   1190    705    190   0.1679    0.054
A-n37-k5 	BT-3   37    6     74    0    669    771    670    118   0.1190    0.001
A-n37-k5 	BT-3   37    6     74    1    669    669    669     74   0.0831    0.000
A-n37-k5 	BT-3   37    3     74    0    669    771    670     98   0.1010    0.001
A-n37-k5 	BT-3   37    3     74    1    669    669    669     74   0.0830    0.000
A-n37-k5 	BT-3   37   12    148    0    669   1279    682    185   0.1631    0.019
A-n37-k5 	BT-3   37   12    148    1    669   1190    706    187   0.1656    0.055
A-n37-k5 	BT-3   37    6     74    0    669    771    669    116   0.1191    0.000
A-n37-k5 	BT-3   37    6     74    1    669    669    669     74   0.0847    0.000
A-n37-k5 	BT-3   37    3     74    0    669    771    670     99   0.1095    0.001
A-n37-k5 	BT-3   37    3     74    1    669    669    669     74   0.0998    0.000
A-n37-k5 	BT-3   37   12    148    0    669   1279    685    456   0.4242    0.024
A-n37-k5 	BT-3   37   12    148    1    669   1190    692    451   0.4055    0.034
A-n37-k5 	BT-3   37    6     74    0    669    771    669    139   0.1378    0.000
A-n37-k5 	BT-3   37    6     74    1    669    669    669     74   0.0839    0.000
A-n37-k5 	BT-3   37    3     74    0    669    771    669    135   0.1359    0.000
A-n37-k5 	BT-3   37    3     74    1    669    669    669     74   0.0833    0.000
A-n37-k5 	BT-3   37   12    148    0    669   1279    669    312   0.2810    0.000
A-n37-k5 	BT-3   37   12    148    1    669   1190    670    328   0.2878    0.001
A-n37-k5 	BT-3   37    6     74    0    669    771    673     97   0.1096    0.006
A-n37-k5 	BT-3   37    6     74    1    669    669    669     74   0.0894    0.000
A-n37-k5 	BT-3   37    3     74    0    669    771    670    112   0.1187    0.001
A-n37-k5 	BT-3   37    3     74    1    669    669    669     74   0.0843    0.000
A-n37-k5 	BT-3   37   12    148    0    669   1279    703    178   0.1639    0.051
A-n37-k5 	BT-3   37   12    148    1    669   1190    689    269   0.2322    0.030
A-n37-k5 	BT-3   37    6     74    0    669    771    670    139   0.1474    0.001
A-n37-k5 	BT-3   37    6     74    1    669    669    669     74   0.0890    0.000
A-n37-k5 	BT-3   37    3     74    0    669    771    669    123   0.1239    0.000
A-n37-k5 	BT-3   37    3     74    1    669    669    669     74   0.0844    0.000
A-n37-k5 	BT-3   37   12    148    0    669   1279    670    377   0.3369    0.001
A-n37-k5 	BT-3   37   12    148    1    669   1190    694    222   0.1904    0.037
A-n37-k5 	BT-3   37    6     74    0    669    771    670    124   0.1239    0.001
A-n37-k5 	BT-3   37    6     74    1    669    669    669     74   0.0827    0.000
A-n37-k5 	BT-3   37    3     74    0    669    771    669    132   0.1302    0.000
A-n37-k5 	BT-3   37    3     74    1    669    669    669     74   0.0828    0.000
A-n37-k5 	BT-3   37   12    148    0    669   1279    669    387   0.3730    0.000
A-n37-k5 	BT-3   37   12    148    1    669   1190    683    492   0.4750    0.021
A-n37-k5 	BT-3   37    6     74    0    669    771    670    115   0.1146    0.001
A-n37-k5 	BT-3   37    6     74    1    669    669    669     74   0.0844    0.000
A-n37-k5 	BT-3   37    3     74    0    669    771    669    124   0.1219    0.000
A-n37-k5 	BT-3   37    3     74    1    669    669    669     74   0.0834    0.000
A-n37-k5 	BT-3   37   12    148    0    669   1279    678    628   0.5835    0.013
A-n37-k5 	BT-3   37   12    148    1    669   1190    670    352   0.3117    0.001
A-n37-k5 	BT-3   37    6     74    0    669    771    669    136   0.1348    0.000
A-n37-k5 	BT-3   37    6     74    1    669    669    669     74   0.0866    0.000
A-n37-k5 	BT-3   37    3     74    0    669    771    670    108   0.1252    0.001
A-n37-k5 	BT-3   37    3     74    1    669    669    669     74   0.0927    0.000
A-n37-k5 	BT-3   37   12    148    0    669   1279    716    283   0.2542    0.070
A-n37-k5 	BT-3   37   12    148    1    669   1190    691    378   0.3425    0.033
A-n37-k5 	BT-3   37    6     74    0    669    771    669    163   0.1585    0.000
A-n37-k5 	BT-3   37    6     74    1    669    669    669     74   0.0837    0.000
A-n37-k5 	BT-3   37    3     74    0    669    771    670    103   0.1051    0.001
A-n37-k5 	BT-3   37    3     74    1    669    669    669     74   0.0834    0.000
A-n37-k5 	BT-3   37   12    148    0    669   1279    703    178   0.1588    0.051
A-n37-k5 	BT-3   37   12    148    1    669   1190    684    312   0.2683    0.022
A-n37-k5 	BT-3   37    6     74    0    669    771    673    106   0.1114    0.006
A-n37-k5 	BT-3   37    6     74    1    669    669    669     74   0.0831    0.000
A-n37-k5 	BT-3   37    3     74    0    669    771    669    147   0.1426    0.000
A-n37-k5 	BT-3   37    3     74    1    669    669    669     74   0.0833    0.000
