P-n23-k8 	BT-1   23    7     92    0    554    626    537    100   0.0523   -0.031
P-n23-k8 	BT-1   23    7     92    1    554    632    538     97   0.0514   -0.029
P-n23-k8 	BT-1   23    3     46    0    554    589    537     47   0.1285   -0.031
P-n23-k8 	BT-1   23    3     46    1    554    537    537     46   0.1278   -0.031
P-n23-k8 	BT-1   23    5     46    0    554    589    537     47   0.3848   -0.031
P-n23-k8 	BT-1   23    5     46    1    554    537    537     46   0.3842   -0.031
P-n23-k8 	BT-2   23    7     92    0    554    626    538     99   0.0516   -0.029
P-n23-k8 	BT-2   23    7     92    1    554    632    538     96   0.0520   -0.029
P-n23-k8 	BT-2   23    3     46    0    554    551    538     47   0.1278   -0.029
P-n23-k8 	BT-2   23    3     46    1    554    538    538     46   0.1273   -0.029
P-n23-k8 	BT-2   23    5     46    0    554    551    538     47   0.3829   -0.029
P-n23-k8 	BT-2   23    5     46    1    554    538    538     46   0.3824   -0.029
P-n23-k8 	BT-3   23    7     92    0    554    626    538     84   0.0415   -0.029
P-n23-k8 	BT-3   23    7     92    1    554    632    534     87   0.0407   -0.036
P-n23-k8 	BT-3   23    3     46    0    554    549    529     39   0.1015   -0.045
P-n23-k8 	BT-3   23    3     46    1    554    534    534     33   0.0992   -0.036
P-n23-k8 	BT-3   23    5     46    0    554    538    529     31   0.2982   -0.045
P-n23-k8 	BT-3   23    5     46    1    554    529    529     35   0.3002   -0.045
P-n23-k8 	BT-3   23    7     92    0    554    626    538     87   0.0432   -0.029
P-n23-k8 	BT-3   23    7     92    1    554    632    534     89   0.0413   -0.036
P-n23-k8 	BT-3   23    3     46    0    554    538    529     32   0.9819   -0.045
P-n23-k8 	BT-3   23    3     46    1    554    529    529     33   0.9823   -0.045
P-n23-k8 	BT-3   23    5     46    0    554    538    529     32   2.9456   -0.045
P-n23-k8 	BT-3   23    5     46    1    554    529    529     33   2.9460   -0.045
P-n23-k8 	BT-3   23    7     92    0    554    626    538     84   0.0414   -0.029
P-n23-k8 	BT-3   23    7     92    1    554    632    534     87   0.0402   -0.036
P-n23-k8 	BT-3   23    3     46    0    554    538    529     32   8.9192   -0.045
P-n23-k8 	BT-3   23    3     46    1    554    529    529     33   8.9194   -0.045
P-n23-k8 	BT-3   23    5     46    0    554    538    529     34  26.7584   -0.045
P-n23-k8 	BT-3   23    5     46    1    554    529    529     33  26.7578   -0.045
P-n23-k8 	BT-3   23    7     92    0    554    626    538     88   0.0447   -0.029
P-n23-k8 	BT-3   23    7     92    1    554    632    534     88   0.0424   -0.036
P-n23-k8 	BT-3   23    3     46    0    554    538    529     35  80.3623   -0.045
P-n23-k8 	BT-3   23    3     46    1    554    529    529     33  80.3612   -0.045
P-n23-k8 	BT-3   23    5     46    0    554    538    529     31 241.0840   -0.045
P-n23-k8 	BT-3   23    5     46    1    554    529    529     31 241.0838   -0.045
P-n23-k8 	BT-3   23    7     92    0    554    626    538     85   0.0420   -0.029
P-n23-k8 	BT-3   23    7     92    1    554    632    534     90   0.0421   -0.036
P-n23-k8 	BT-3   23    3     46    0    554    538    529     35 723.3377   -0.045
P-n23-k8 	BT-3   23    3     46    1    554    529    529     34 723.3370   -0.045
P-n23-k8 	BT-3   23    5     46    0    554    538    529     31 -2124.9568   -0.045
P-n23-k8 	BT-3   23    5     46    1    554    529    529     33 -2124.9556   -0.045
P-n23-k8 	BT-3   23    7     92    0    554    626    538     81   0.0399   -0.029
P-n23-k8 	BT-3   23    7     92    1    554    632    534     95   0.0442   -0.036
P-n23-k8 	BT-3   23    3     46    0    554    538    529     31 -2079.8176   -0.045
P-n23-k8 	BT-3   23    3     46    1    554    529    529     30 -2079.8181   -0.045
P-n23-k8 	BT-3   23    5     46    0    554    538    529     33 -1944.4852   -0.045
P-n23-k8 	BT-3   23    5     46    1    554    529    529     34 -1944.4849   -0.045
P-n23-k8 	BT-3   23    7     92    0    554    626    538     87   0.0453   -0.029
P-n23-k8 	BT-3   23    7     92    1    554    632    534     85   0.0412   -0.036
P-n23-k8 	BT-3   23    3     46    0    554    538    529     34 -1538.4010   -0.045
P-n23-k8 	BT-3   23    3     46    1    554    529    529     33 -1538.4015   -0.045
P-n23-k8 	BT-3   23    5     46    0    554    538    529     33 -320.2365   -0.045
P-n23-k8 	BT-3   23    5     46    1    554    529    529     36 -320.2350   -0.045
P-n23-k8 	BT-3   23    7     92    0    554    626    538     86   0.0425   -0.029
P-n23-k8 	BT-3   23    7     92    1    554    632    534     90   0.0418   -0.036
P-n23-k8 	BT-3   23    3     46    0    554    538    529     35 -960.6230   -0.045
P-n23-k8 	BT-3   23    3     46    1    554    529    529     34 -960.6235   -0.045
P-n23-k8 	BT-3   23    5     46    0    554    538    529     34 1413.0972   -0.045
P-n23-k8 	BT-3   23    5     46    1    554    529    529     35 1413.0977   -0.045
P-n23-k8 	BT-3   23    7     92    0    554    626    529     99   0.0462   -0.045
P-n23-k8 	BT-3   23    7     92    1    554    632    529    200   0.1004   -0.045
P-n23-k8 	BT-3   23    3     46    0    554    538    529     32 -55.5295   -0.045
P-n23-k8 	BT-3   23    3     46    1    554    529    529     31 -55.5301   -0.045
P-n23-k8 	BT-3   23    5     46    0    554    538    529     32 -166.5892   -0.045
P-n23-k8 	BT-3   23    5     46    1    554    529    529     34 -166.5881   -0.045
P-n23-k8 	BT-3   23    7     92    0    554    626    538     87   0.0430   -0.029
P-n23-k8 	BT-3   23    7     92    1    554    632    551     86   0.0397   -0.005
P-n23-k8 	BT-3   23    3     46    0    554    538    529     34 -499.6829   -0.045
P-n23-k8 	BT-3   23    3     46    1    554    529    529     30 -499.6846   -0.045
P-n23-k8 	BT-3   23    5     46    0    554    538    529     33 -1499.0508   -0.045
P-n23-k8 	BT-3   23    5     46    1    554    529    529     29 -1499.0527   -0.045
P-n23-k8 	BT-3   23    7     92    0    554    626    538     86   0.0442   -0.029
P-n23-k8 	BT-3   23    7     92    1    554    632    534     90   0.0436   -0.036
P-n23-k8 	BT-3   23    3     46    0    554    538    529     36 -202.0977   -0.045
P-n23-k8 	BT-3   23    3     46    1    554    529    529     31 -202.1000   -0.045
P-n23-k8 	BT-3   23    5     46    0    554    538    529     32 -606.2974   -0.045
P-n23-k8 	BT-3   23    5     46    1    554    529    529     30 -606.2984   -0.045
P-n23-k8 	BT-3   23    7     92    0    554    626    538     90   0.0449   -0.029
P-n23-k8 	BT-3   23    7     92    1    554    632    534     86   0.0398   -0.036
P-n23-k8 	BT-3   23    3     46    0    554    538    529     31 -1818.8090   -0.045
P-n23-k8 	BT-3   23    3     46    1    554    529    529     33 -1818.8081   -0.045
P-n23-k8 	BT-3   23    5     46    0    554    538    529     33 -1161.4575   -0.045
P-n23-k8 	BT-3   23    5     46    1    554    529    529     36 -1161.4564   -0.045
P-n23-k8 	BT-3   23    7     92    0    554    626    538     85   0.0419   -0.029
P-n23-k8 	BT-3   23    7     92    1    554    632    534     92   0.0429   -0.036
P-n23-k8 	BT-3   23    3     46    0    554    538    529     31 810.6795   -0.045
P-n23-k8 	BT-3   23    3     46    1    554    529    529     33 810.6804   -0.045
P-n23-k8 	BT-3   23    5     46    0    554    538    529     35 -1862.9257   -0.045
P-n23-k8 	BT-3   23    5     46    1    554    529    529     31 -1862.9279   -0.045
P-n23-k8 	BT-3   23    7     92    0    554    626    538     88   0.0436   -0.029
P-n23-k8 	BT-3   23    7     92    1    554    632    534     90   0.0418   -0.036
P-n23-k8 	BT-3   23    3     46    0    554    538    529     33 -1293.7268   -0.045
P-n23-k8 	BT-3   23    3     46    1    554    529    529     36 -1293.7255   -0.045
P-n23-k8 	BT-3   23    5     46    0    554    538    529     34 413.7877   -0.045
P-n23-k8 	BT-3   23    5     46    1    554    529    529     33 413.7871   -0.045
P-n23-k8 	BT-3   23    7     92    0    554    626    538     82   0.0416   -0.029
P-n23-k8 	BT-3   23    7     92    1    554    632    534     88   0.0422   -0.036
P-n23-k8 	BT-3   23    3     46    0    554    538    529     35 1241.4470   -0.045
P-n23-k8 	BT-3   23    3     46    1    554    529    529     31 1241.4448   -0.045
P-n23-k8 	BT-3   23    5     46    0    554    538    529     31 -570.6304   -0.045
P-n23-k8 	BT-3   23    5     46    1    554    529    529     33 -570.6296   -0.045
P-n23-k8 	BT-3   23    7     92    0    554    626    538     82   0.0404   -0.029
P-n23-k8 	BT-3   23    7     92    1    554    632    534     90   0.0417   -0.036
P-n23-k8 	BT-3   23    3     46    0    554    538    529     34 -1711.8068   -0.045
P-n23-k8 	BT-3   23    3     46    1    554    529    529     34 -1711.8069   -0.045
P-n23-k8 	BT-3   23    5     46    0    554    538    529     34 -840.4532   -0.045
P-n23-k8 	BT-3   23    5     46    1    554    529    529     32 -840.4543   -0.045
P-n23-k8 	BT-3   23    7     92    0    554    626    538     81   0.0404   -0.029
P-n23-k8 	BT-3   23    7     92    1    554    632    534     85   0.0395   -0.036
P-n23-k8 	BT-3   23    3     46    0    554    538    529     33 1773.6859   -0.045
P-n23-k8 	BT-3   23    3     46    1    554    529    529     32 1773.6853   -0.045
P-n23-k8 	BT-3   23    5     46    0    554    538    529     33 1026.0897   -0.045
P-n23-k8 	BT-3   23    5     46    1    554    529    529     33 1026.0897   -0.045
P-n23-k8 	BT-3   23    7     92    0    554    626    538     83   0.0423   -0.029
P-n23-k8 	BT-3   23    7     92    1    554    632    534     79   0.0361   -0.036
P-n23-k8 	BT-3   23    3     46    0    554    538    529     35 -1216.6182   -0.045
P-n23-k8 	BT-3   23    3     46    1    554    529    529     29 -1216.6212   -0.045
P-n23-k8 	BT-3   23    5     46    0    554    538    529     34 645.1088   -0.045
P-n23-k8 	BT-3   23    5     46    1    554    529    529     34 645.1086   -0.045
P-n23-k8 	BT-3   23    7     92    0    554    626    538     82   0.0406   -0.029
P-n23-k8 	BT-3   23    7     92    1    554    632    534     86   0.0406   -0.036
P-n23-k8 	BT-3   23    3     46    0    554    538    529     37 1935.4089   -0.045
P-n23-k8 	BT-3   23    3     46    1    554    529    529     29 1935.4049   -0.045
P-n23-k8 	BT-3   23    5     46    0    554    538    529     31 1511.2531   -0.045
P-n23-k8 	BT-3   23    5     46    1    554    529    529     29 1511.2526   -0.045
P-n23-k8 	BT-3   23    7     92    0    554    626    538     86   0.0425   -0.029
P-n23-k8 	BT-3   23    7     92    1    554    632    534     93   0.0434   -0.036
P-n23-k8 	BT-3   23    3     46    0    554    538    529     36 238.8792   -0.045
P-n23-k8 	BT-3   23    3     46    1    554    529    529     31 238.8767   -0.045
P-n23-k8 	BT-3   23    5     46    0    554    538    529     35 716.6346   -0.045
P-n23-k8 	BT-3   23    5     46    1    554    529    529     31 716.6327   -0.045
P-n23-k8 	BT-3   23    7     92    0    554    626    538     89   0.0444   -0.029
P-n23-k8 	BT-3   23    7     92    1    554    632    534     89   0.0417   -0.036
P-n23-k8 	BT-3   23    3     46    0    554    538    529     33 -2144.9802   -0.045
P-n23-k8 	BT-3   23    3     46    1    554    529    529     32 -2144.9810   -0.045
P-n23-k8 	BT-3   23    5     46    0    554    538    529     35 -2139.9731   -0.045
P-n23-k8 	BT-3   23    5     46    1    554    529    529     28 -2139.9766   -0.045
P-n23-k8 	BT-3   23    7     92    0    554    626    538     80   0.0395   -0.029
P-n23-k8 	BT-3   23    7     92    1    554    632    534     90   0.0416   -0.036
P-n23-k8 	BT-3   23    3     46    0    554    538    529     34 -2124.8750   -0.045
P-n23-k8 	BT-3   23    3     46    1    554    529    529     31 -2124.8765   -0.045
P-n23-k8 	BT-3   23    5     46    0    554    538    529     34 -2079.6594   -0.045
P-n23-k8 	BT-3   23    5     46    1    554    529    529     37 -2079.6580   -0.045
P-n23-k8 	BT-3   23    7     92    0    554    626    538     79   0.0393   -0.029
P-n23-k8 	BT-3   23    7     92    1    554    632    534     84   0.0389   -0.036
P-n23-k8 	BT-3   23    3     46    0    554    538    529     30 -1943.9331   -0.045
P-n23-k8 	BT-3   23    3     46    1    554    529    529     32 -1943.9324   -0.045
P-n23-k8 	BT-3   23    5     46    0    554    538    529     31 -1536.8307   -0.045
P-n23-k8 	BT-3   23    5     46    1    554    529    529     35 -1536.8286   -0.045
P-n23-k8 	BT-3   23    7     92    0    554    626    538     84   0.0423   -0.029
P-n23-k8 	BT-3   23    7     92    1    554    632    534     88   0.0410   -0.036
P-n23-k8 	BT-3   23    3     46    0    554    538    529     33 -315.4387   -0.045
P-n23-k8 	BT-3   23    3     46    1    554    529    529     34 -315.4382   -0.045
P-n23-k8 	BT-3   23    5     46    0    554    538    529     32 -946.3157   -0.045
P-n23-k8 	BT-3   23    5     46    1    554    529    529     29 -946.3174   -0.045
P-n23-k8 	BT-3   23    7     92    0    554    626    529    172   0.0849   -0.045
P-n23-k8 	BT-3   23    7     92    1    554    632    534     87   0.0403   -0.036
P-n23-k8 	BT-3   23    3     46    0    554    538    529     31 1456.1432   -0.045
P-n23-k8 	BT-3   23    3     46    1    554    529    529     30 1456.1423   -0.045
P-n23-k8 	BT-3   23    5     46    0    554    538    529     36  73.4636   -0.045
P-n23-k8 	BT-3   23    5     46    1    554    529    529     31  73.4613   -0.045
P-n23-k8 	BT-3   23    7     92    0    554    626    537     85   0.0417   -0.031
P-n23-k8 	BT-3   23    7     92    1    554    632    534     91   0.0427   -0.036
P-n23-k8 	BT-3   23    3     46    0    554    538    529     30 220.4701   -0.045
P-n23-k8 	BT-3   23    3     46    1    554    529    529     31 220.4706   -0.045
P-n23-k8 	BT-3   23    5     46    0    554    538    529     36 661.4142   -0.045
P-n23-k8 	BT-3   23    5     46    1    554    529    529     36 661.4139   -0.045
P-n23-k8 	BT-3   23    7     92    0    554    626    538     78   0.0383   -0.029
P-n23-k8 	BT-3   23    7     92    1    554    632    534     87   0.0428   -0.036
P-n23-k8 	BT-3   23    3     46    0    554    538    529     35 1984.3226   -0.045
P-n23-k8 	BT-3   23    3     46    1    554    529    529     36 1984.3228   -0.045
P-n23-k8 	BT-3   23    5     46    0    554    538    529     33 1658.0002   -0.045
P-n23-k8 	BT-3   23    5     46    1    554    529    529     32 1657.9994   -0.045
P-n23-k8 	BT-3   23    7     92    0    554    626    538     80   0.0396   -0.029
P-n23-k8 	BT-3   23    7     92    1    554    632    534     92   0.0430   -0.036
P-n23-k8 	BT-3   23    3     46    0    554    538    529     35 679.1155   -0.045
P-n23-k8 	BT-3   23    3     46    1    554    529    529     35 679.1158   -0.045
P-n23-k8 	BT-3   23    5     46    0    554    538    529     36 2037.3474   -0.045
P-n23-k8 	BT-3   23    5     46    1    554    529    529     33 2037.3456   -0.045
P-n23-k8 	BT-3   23    7     92    0    554    626    538     88   0.0452   -0.029
P-n23-k8 	BT-3   23    7     92    1    554    632    534     79   0.0375   -0.036
P-n23-k8 	BT-3   23    3     46    0    554    538    529     32 1817.1536   -0.045
P-n23-k8 	BT-3   23    3     46    1    554    529    529     32 1817.1534   -0.045
P-n23-k8 	BT-3   23    5     46    0    554    538    529     35 1156.4950   -0.045
P-n23-k8 	BT-3   23    5     46    1    554    529    529     32 1156.4932   -0.045
P-n23-k8 	BT-3   23    7     92    0    554    626    538     84   0.0415   -0.029
P-n23-k8 	BT-3   23    7     92    1    554    632    534     88   0.0408   -0.036
P-n23-k8 	BT-3   23    3     46    0    554    538    529     33 -825.4028   -0.045
P-n23-k8 	BT-3   23    3     46    1    554    529    529     33 -825.4028   -0.045
P-n23-k8 	BT-3   23    5     46    0    554    538    529     33 1818.7589   -0.045
P-n23-k8 	BT-3   23    5     46    1    554    529    529     32 1818.7583   -0.045
P-n23-k8 	BT-3   23    7     92    0    554    626    552     81   0.0406   -0.004
P-n23-k8 	BT-3   23    7     92    1    554    632    534     89   0.0425   -0.036
P-n23-k8 	BT-3   23    3     46    0    554    538    529     33 1161.3918   -0.045
P-n23-k8 	BT-3   23    3     46    1    554    529    529     31 1161.3907   -0.045
P-n23-k8 	BT-3   23    5     46    0    554    538    529     30 -810.7943   -0.045
P-n23-k8 	BT-3   23    5     46    1    554    529    529     34 -810.7924   -0.045
P-n23-k8 	BT-3   23    7     92    0    554    626    538     83   0.0410   -0.029
P-n23-k8 	BT-3   23    7     92    1    554    632    534     90   0.0409   -0.036
P-n23-k8 	BT-3   23    3     46    0    554    538    529     33 1862.6703   -0.045
P-n23-k8 	BT-3   23    3     46    1    554    529    529     35 1862.6716   -0.045
P-n23-k8 	BT-3   23    5     46    0    554    538    529     32 1293.0438   -0.045
P-n23-k8 	BT-3   23    5     46    1    554    529    529     33 1293.0443   -0.045
P-n23-k8 	BT-3   23    7     92    0    554    626    538     86   0.0429   -0.029
P-n23-k8 	BT-3   23    7     92    1    554    632    534     93   0.0435   -0.036
P-n23-k8 	BT-3   23    3     46    0    554    538    529     34 -415.7480   -0.045
P-n23-k8 	BT-3   23    3     46    1    554    529    529     34 -415.7480   -0.045
P-n23-k8 	BT-3   23    5     46    0    554    538    529     32 -1247.2450   -0.045
P-n23-k8 	BT-3   23    5     46    1    554    529    529     38 -1247.2423   -0.045
P-n23-k8 	BT-3   23    7     92    0    554    626    538     85   0.0421   -0.029
P-n23-k8 	BT-3   23    7     92    1    554    632    534     91   0.0423   -0.036
P-n23-k8 	BT-3   23    3     46    0    554    538    529     35 553.3215   -0.045
P-n23-k8 	BT-3   23    3     46    1    554    529    529     34 553.3206   -0.045
P-n23-k8 	BT-3   23    5     46    0    554    538    529     32 1659.9613   -0.045
P-n23-k8 	BT-3   23    5     46    1    554    529    529     32 1659.9614   -0.045
P-n23-k8 	BT-3   23    7     92    0    554    626    538     87   0.0435   -0.029
P-n23-k8 	BT-3   23    7     92    1    554    632    534     80   0.0371   -0.036
P-n23-k8 	BT-3   23    3     46    0    554    538    529     33 684.9979   -0.045
P-n23-k8 	BT-3   23    3     46    1    554    529    529     32 684.9973   -0.045
P-n23-k8 	BT-3   23    5     46    0    554    538    529     35 2054.9939   -0.045
P-n23-k8 	BT-3   23    5     46    1    554    529    529     33 2054.9934   -0.045
P-n23-k8 	BT-3   23    7     92    0    554    626    538     84   0.0416   -0.029
P-n23-k8 	BT-3   23    7     92    1    554    632    534     88   0.0408   -0.036
P-n23-k8 	BT-3   23    3     46    0    554    538    529     35 1870.0964   -0.045
P-n23-k8 	BT-3   23    3     46    1    554    529    529     31 1870.0942   -0.045
P-n23-k8 	BT-3   23    5     46    0    554    538    529     33 1315.3187   -0.045
P-n23-k8 	BT-3   23    5     46    1    554    529    529     35 1315.3197   -0.045
P-n23-k8 	BT-3   23    7     92    0    554    626    537     86   0.0481   -0.031
P-n23-k8 	BT-3   23    7     92    1    554    632    534     92   0.0487   -0.036
P-n23-k8 	BT-3   23    3     46    0    554    538    529     36 -348.9120   -0.045
P-n23-k8 	BT-3   23    3     46    1    554    529    529     34 -348.9132   -0.045
P-n23-k8 	BT-3   23    5     46    0    554    538    529     34 -1046.7375   -0.045
P-n23-k8 	BT-3   23    5     46    1    554    529    529     34 -1046.7377   -0.045
P-n23-k8 	BT-3   23    7     92    0    554    626    538     89   0.0441   -0.029
P-n23-k8 	BT-3   23    7     92    1    554    632    534     92   0.0427   -0.036
P-n23-k8 	BT-3   23    3     46    0    554    538    529     32 1154.8397   -0.045
P-n23-k8 	BT-3   23    3     46    1    554    529    529     33 1154.8401   -0.045
P-n23-k8 	BT-3   23    5     46    0    554    538    529     32 -830.4477   -0.045
P-n23-k8 	BT-3   23    5     46    1    554    529    529     34 -830.4469   -0.045
P-n23-k8 	BT-3   23    7     92    0    554    626    534    145   0.0735   -0.036
P-n23-k8 	BT-3   23    7     92    1    554    632    534     83   0.0385   -0.036
P-n23-k8 	BT-3   23    3     46    0    554    538    529     31 1803.7366   -0.045
P-n23-k8 	BT-3   23    3     46    1    554    529    529     37 1803.7394   -0.045
P-n23-k8 	BT-3   23    5     46    0    554    538    529     36 1116.2480   -0.045
P-n23-k8 	BT-3   23    5     46    1    554    529    529     31 1116.2455   -0.045
P-n23-k8 	BT-3   23    7     92    0    554    626    534    149   0.0742   -0.036
P-n23-k8 	BT-3   23    7     92    1    554    632    534     90   0.0418   -0.036
P-n23-k8 	BT-3   23    3     46    0    554    538    529     30 -946.1130   -0.045
P-n23-k8 	BT-3   23    3     46    1    554    529    529     37 -946.1096   -0.045
P-n23-k8 	BT-3   23    5     46    0    554    538    529     33 1456.6335   -0.045
P-n23-k8 	BT-3   23    5     46    1    554    529    529     33 1456.6331   -0.045
P-n23-k8 	BT-3   23    7     92    0    554    626    538     82   0.0404   -0.029
P-n23-k8 	BT-3   23    7     92    1    554    632    534     83   0.0383   -0.036
P-n23-k8 	BT-3   23    3     46    0    554    538    529     33  75.0115   -0.045
P-n23-k8 	BT-3   23    3     46    1    554    529    529     32  75.0106   -0.045
P-n23-k8 	BT-3   23    5     46    0    554    538    529     32 225.0327   -0.045
P-n23-k8 	BT-3   23    5     46    1    554    529    529     30 225.0317   -0.045
P-n23-k8 	BT-3   23    7     92    0    554    626    538     83   0.0417   -0.029
P-n23-k8 	BT-3   23    7     92    1    554    632    534     86   0.0400   -0.036
P-n23-k8 	BT-3   23    3     46    0    554    538    529     36 675.1809   -0.045
P-n23-k8 	BT-3   23    3     46    1    554    529    529     32 675.1788   -0.045
P-n23-k8 	BT-3   23    5     46    0    554    538    529     34 2025.5400   -0.045
P-n23-k8 	BT-3   23    5     46    1    554    529    529     34 2025.5398   -0.045
P-n23-k8 	BT-3   23    7     92    0    554    626    538     86   0.0425   -0.029
P-n23-k8 	BT-3   23    7     92    1    554    632    534     87   0.0405   -0.036
P-n23-k8 	BT-3   23    3     46    0    554    538    529     33 1781.7351   -0.045
P-n23-k8 	BT-3   23    3     46    1    554    529    529     33 1781.7346   -0.045
P-n23-k8 	BT-3   23    5     46    0    554    538    529     35 1050.2382   -0.045
P-n23-k8 	BT-3   23    5     46    1    554    529    529     33 1050.2371   -0.045
P-n23-k8 	BT-3   23    7     92    0    554    626    534     98   0.0482   -0.036
P-n23-k8 	BT-3   23    7     92    1    554    632    534     91   0.0424   -0.036
P-n23-k8 	BT-3   23    3     46    0    554    538    529     32 -1144.1643   -0.045
P-n23-k8 	BT-3   23    3     46    1    554    529    529     33 -1144.1638   -0.045
P-n23-k8 	BT-3   23    5     46    0    554    538    529     34 862.4754   -0.045
P-n23-k8 	BT-3   23    5     46    1    554    529    529     35 862.4756   -0.045
P-n23-k8 	BT-3   23    7     92    0    554    626    538     83   0.0409   -0.029
P-n23-k8 	BT-3   23    7     92    1    554    632    534     86   0.0398   -0.036
P-n23-k8 	BT-3   23    3     46    0    554    538    529     37 -1707.4586   -0.045
P-n23-k8 	BT-3   23    3     46    1    554    529    529     34 -1707.4603   -0.045
P-n23-k8 	BT-3   23    5     46    0    554    538    529     34 -827.4117   -0.045
P-n23-k8 	BT-3   23    5     46    1    554    529    529     32 -827.4128   -0.045
P-n23-k8 	BT-3   23    7     92    0    554    626    538     84   0.0415   -0.029
P-n23-k8 	BT-3   23    7     92    1    554    632    534     88   0.0421   -0.036
P-n23-k8 	BT-3   23    3     46    0    554    538    529     30 1812.8126   -0.045
P-n23-k8 	BT-3   23    3     46    1    554    529    529     29 1812.8119   -0.045
P-n23-k8 	BT-3   23    5     46    0    554    538    529     30 1143.4695   -0.045
P-n23-k8 	BT-3   23    5     46    1    554    529    529     33 1143.4717   -0.045
P-n23-k8 	BT-3   23    7     92    0    554    626    538     83   0.0425   -0.029
P-n23-k8 	BT-3   23    7     92    1    554    632    534     87   0.0414   -0.036
P-n23-k8 	BT-3   23    3     46    0    554    538    529     33 -864.4713   -0.045
P-n23-k8 	BT-3   23    3     46    1    554    529    529     27 -864.4745   -0.045
P-n23-k8 	BT-3   23    5     46    0    554    538    529     33 1701.5502   -0.045
P-n23-k8 	BT-3   23    5     46    1    554    529    529     31 1701.5491   -0.045
P-n23-k8 	BT-3   23    7     92    0    554    626    538     87   0.0431   -0.029
P-n23-k8 	BT-3   23    7     92    1    554    632    529    145   0.0692   -0.045
P-n23-k8 	BT-3   23    3     46    0    554    538    529     34 809.7947   -0.045
P-n23-k8 	BT-3   23    3     46    1    554    529    529     33 809.7945   -0.045
P-n23-k8 	BT-3   23    5     46    0    554    538    529     34 -1865.5831   -0.045
P-n23-k8 	BT-3   23    5     46    1    554    529    529     33 -1865.5839   -0.045
P-n23-k8 	BT-3   23    7     92    0    554    626    538     86   0.0428   -0.029
P-n23-k8 	BT-3   23    7     92    1    554    632    534     87   0.0409   -0.036
P-n23-k8 	BT-3   23    3     46    0    554    538    529     33 -1301.6998   -0.045
P-n23-k8 	BT-3   23    3     46    1    554    529    529     33 -1301.7000   -0.045
P-n23-k8 	BT-3   23    5     46    0    554    538    529     34 389.8689   -0.045
P-n23-k8 	BT-3   23    5     46    1    554    529    529     30 389.8667   -0.045
P-n23-k8 	BT-3   23    7     92    0    554    626    538     82   0.0405   -0.029
P-n23-k8 	BT-3   23    7     92    1    554    632    534     86   0.0396   -0.036
P-n23-k8 	BT-3   23    3     46    0    554    538    529     33 1169.6837   -0.045
P-n23-k8 	BT-3   23    3     46    1    554    529    529     33 1169.6836   -0.045
P-n23-k8 	BT-3   23    5     46    0    554    538    529     35 -785.9156   -0.045
P-n23-k8 	BT-3   23    5     46    1    554    529    529     34 -785.9161   -0.045
P-n23-k8 	BT-3   23    7     92    0    554    626    538     87   0.0432   -0.029
P-n23-k8 	BT-3   23    7     92    1    554    632    534     87   0.0407   -0.036
P-n23-k8 	BT-3   23    3     46    0    554    538    529     32 1937.3025   -0.045
P-n23-k8 	BT-3   23    3     46    1    554    529    529     32 1937.3022   -0.045
P-n23-k8 	BT-3   23    5     46    0    554    538    529     35 1516.9414   -0.045
P-n23-k8 	BT-3   23    5     46    1    554    529    529     38 1516.9429   -0.045
P-n23-k8 	BT-3   23    7     92    0    554    626    538     83   0.0409   -0.029
P-n23-k8 	BT-3   23    7     92    1    554    632    534     96   0.0467   -0.036
P-n23-k8 	BT-3   23    3     46    0    554    538    529     30 255.9435   -0.045
P-n23-k8 	BT-3   23    3     46    1    554    529    529     32 255.9444   -0.045
P-n23-k8 	BT-3   23    5     46    0    554    538    529     36 767.8343   -0.045
P-n23-k8 	BT-3   23    5     46    1    554    529    529     33 767.8328   -0.045
P-n23-k8 	BT-3   23    7     92    0    554    626    538     88   0.0436   -0.029
P-n23-k8 	BT-3   23    7     92    1    554    632    534     88   0.0414   -0.036
P-n23-k8 	BT-3   23    3     46    0    554    538    529     33 -1991.3821   -0.045
P-n23-k8 	BT-3   23    3     46    1    554    529    529     32 -1991.3829   -0.045
P-n23-k8 	BT-3   23    5     46    0    554    538    529     32 -1679.1805   -0.045
P-n23-k8 	BT-3   23    5     46    1    554    529    529     33 -1679.1803   -0.045
P-n23-k8 	BT-3   23    7     92    0    554    626    538     83   0.0418   -0.029
P-n23-k8 	BT-3   23    7     92    1    554    632    534     88   0.0411   -0.036
P-n23-k8 	BT-3   23    3     46    0    554    538    529     35 -742.4897   -0.045
P-n23-k8 	BT-3   23    3     46    1    554    529    529     33 -742.4908   -0.045
P-n23-k8 	BT-3   23    5     46    0    554    538    529     35 2067.4976   -0.045
P-n23-k8 	BT-3   23    5     46    1    554    529    529     34 2067.4968   -0.045
P-n23-k8 	BT-3   23    7     92    0    554    626    538     85   0.0426   -0.029
P-n23-k8 	BT-3   23    7     92    1    554    632    534     90   0.0420   -0.036
P-n23-k8 	BT-3   23    3     46    0    554    538    529     34 1907.6083   -0.045
P-n23-k8 	BT-3   23    3     46    1    554    529    529     30 1907.6062   -0.045
P-n23-k8 	BT-3   23    5     46    0    554    538    529     33 1427.8553   -0.045
P-n23-k8 	BT-3   23    5     46    1    554    529    529     31 1427.8545   -0.045
P-n23-k8 	BT-3   23    7     92    0    554    626    538     82   0.0404   -0.029
P-n23-k8 	BT-3   23    7     92    1    554    632    534     91   0.0424   -0.036
P-n23-k8 	BT-3   23    3     46    0    554    538    529     35 -11.3186   -0.045
P-n23-k8 	BT-3   23    3     46    1    554    529    529     29 -11.3215   -0.045
P-n23-k8 	BT-3   23    5     46    0    554    538    529     36 -33.9579   -0.045
P-n23-k8 	BT-3   23    5     46    1    554    529    529     33 -33.9598   -0.045
P-n23-k8 	BT-3   23    7     92    0    554    626    538     88   0.0453   -0.029
P-n23-k8 	BT-3   23    7     92    1    554    632    534     87   0.0418   -0.036
P-n23-k8 	BT-3   23    3     46    0    554    538    529     33 -101.7904   -0.045
P-n23-k8 	BT-3   23    3     46    1    554    529    529     33 -101.7905   -0.045
P-n23-k8 	BT-3   23    5     46    0    554    538    529     36 -305.3698   -0.045
P-n23-k8 	BT-3   23    5     46    1    554    529    529     31 -305.3722   -0.045
P-n23-k8 	BT-3   23    7     92    0    554    626    538     83   0.0409   -0.029
P-n23-k8 	BT-3   23    7     92    1    554    632    534     85   0.0392   -0.036
P-n23-k8 	BT-3   23    3     46    0    554    538    529     32 -916.0336   -0.045
P-n23-k8 	BT-3   23    3     46    1    554    529    529     33 -916.0331   -0.045
P-n23-k8 	BT-3   23    5     46    0    554    538    529     34 1546.8680   -0.045
P-n23-k8 	BT-3   23    5     46    1    554    529    529     28 1546.8650   -0.045
P-n23-k8 	BT-3   23    7     92    0    554    626    537     86   0.0419   -0.031
P-n23-k8 	BT-3   23    7     92    1    554    632    534     86   0.0398   -0.036
P-n23-k8 	BT-3   23    3     46    0    554    538    529     32 345.7151   -0.045
P-n23-k8 	BT-3   23    3     46    1    554    529    529     35 345.7160   -0.045
P-n23-k8 	BT-3   23    5     46    0    554    538    529     30 1037.1447   -0.045
P-n23-k8 	BT-3   23    5     46    1    554    529    529     32 1037.1455   -0.045
P-n23-k8 	BT-3   23    7     92    0    554    626    534     95   0.0459   -0.036
P-n23-k8 	BT-3   23    7     92    1    554    632    534     88   0.0408   -0.036
P-n23-k8 	BT-3   23    3     46    0    554    538    529     31 -1183.4453   -0.045
P-n23-k8 	BT-3   23    3     46    1    554    529    529     33 -1183.4441   -0.045
P-n23-k8 	BT-3   23    5     46    0    554    538    529     32 744.6332   -0.045
P-n23-k8 	BT-3   23    5     46    1    554    529    529     33 744.6334   -0.045
P-n23-k8 	BT-3   23    7     92    0    554    626    538     78   0.0399   -0.029
P-n23-k8 	BT-3   23    7     92    1    554    632    534     85   0.0409   -0.036
P-n23-k8 	BT-3   23    3     46    0    554    538    529     33 -2060.9863   -0.045
P-n23-k8 	BT-3   23    3     46    1    554    529    529     34 -2060.9858   -0.045
P-n23-k8 	BT-3   23    5     46    0    554    538    529     32 -1887.9918   -0.045
P-n23-k8 	BT-3   23    5     46    1    554    529    529     35 -1887.9905   -0.045
P-n23-k8 	BT-3   23    7     92    0    554    626    538     86   0.0425   -0.029
P-n23-k8 	BT-3   23    7     92    1    554    632    534     88   0.0407   -0.036
P-n23-k8 	BT-3   23    3     46    0    554    538    529     33 -1368.9230   -0.045
P-n23-k8 	BT-3   23    3     46    1    554    529    529     32 -1368.9236   -0.045
P-n23-k8 	BT-3   23    5     46    0    554    538    529     35 188.1985   -0.045
P-n23-k8 	BT-3   23    5     46    1    554    529    529     36 188.1988   -0.045
P-n23-k8 	BT-3   23    7     92    0    554    626    538     85   0.0430   -0.029
P-n23-k8 	BT-3   23    7     92    1    554    632    534     89   0.0425   -0.036
P-n23-k8 	BT-3   23    3     46    0    554    538    529     37 564.6823   -0.045
P-n23-k8 	BT-3   23    3     46    1    554    529    529     34 564.6806   -0.045
P-n23-k8 	BT-3   23    5     46    0    554    538    529     33 1694.0432   -0.045
P-n23-k8 	BT-3   23    5     46    1    554    529    529     31 1694.0421   -0.045
P-n23-k8 	BT-3   23    7     92    0    554    626    538     86   0.0424   -0.029
P-n23-k8 	BT-3   23    7     92    1    554    632    534     83   0.0381   -0.036
P-n23-k8 	BT-3   23    3     46    0    554    538    529     35 787.2435   -0.045
P-n23-k8 	BT-3   23    3     46    1    554    529    529     34 787.2429   -0.045
P-n23-k8 	BT-3   23    5     46    0    554    538    529     34 -1933.2388   -0.045
P-n23-k8 	BT-3   23    5     46    1    554    529    529     34 -1933.2385   -0.045
P-n23-k8 	BT-3   23    7     92    0    554    626    538     87   0.0433   -0.029
P-n23-k8 	BT-3   23    7     92    1    554    632    534     91   0.0422   -0.036
P-n23-k8 	BT-3   23    3     46    0    554    538    529     36 -1504.6622   -0.045
P-n23-k8 	BT-3   23    3     46    1    554    529    529     33 -1504.6638   -0.045
P-n23-k8 	BT-3   23    5     46    0    554    538    529     32 -219.0229   -0.045
P-n23-k8 	BT-3   23    5     46    1    554    529    529     31 -219.0235   -0.045
P-n23-k8 	BT-3   23    7     92    0    554    626    538     83   0.0410   -0.029
P-n23-k8 	BT-3   23    7     92    1    554    632    534     86   0.0397   -0.036
P-n23-k8 	BT-3   23    3     46    0    554    538    529     28 -656.9901   -0.045
P-n23-k8 	BT-3   23    3     46    1    554    529    529     36 -656.9863   -0.045
P-n23-k8 	BT-3   23    5     46    0    554    538    529     36 -1970.9631   -0.045
P-n23-k8 	BT-3   23    5     46    1    554    529    529     33 -1970.9646   -0.045
P-n23-k8 	BT-3   23    7     92    0    554    626    529    105   0.0526   -0.045
P-n23-k8 	BT-3   23    7     92    1    554    632    534     89   0.0415   -0.036
P-n23-k8 	BT-3   23    3     46    0    554    538    529     32 -1617.8311   -0.045
P-n23-k8 	BT-3   23    3     46    1    554    529    529     32 -1617.8314   -0.045
P-n23-k8 	BT-3   23    5     46    0    554    538    529     38 -558.5236   -0.045
P-n23-k8 	BT-3   23    5     46    1    554    529    529     32 -558.5267   -0.045
P-n23-k8 	BT-3   23    7     92    0    554    626    538     85   0.0422   -0.029
P-n23-k8 	BT-3   23    7     92    1    554    632    534     87   0.0404   -0.036
P-n23-k8 	BT-3   23    3     46    0    554    538    529     35 -1675.4928   -0.045
P-n23-k8 	BT-3   23    3     46    1    554    529    529     35 -1675.4929   -0.045
P-n23-k8 	BT-3   23    5     46    0    554    538    529     30 -731.5135   -0.045
P-n23-k8 	BT-3   23    5     46    1    554    529    529     33 -731.5121   -0.045
P-n23-k8 	BT-3   23    7     92    0    554    626    538     81   0.0402   -0.029
P-n23-k8 	BT-3   23    7     92    1    554    632    534     87   0.0420   -0.036
P-n23-k8 	BT-3   23    3     46    0    554    538    529     35 2100.5127   -0.045
P-n23-k8 	BT-3   23    3     46    1    554    529    529     28 2100.5090   -0.045
P-n23-k8 	BT-3   23    5     46    0    554    538    529     33 2006.5670   -0.045
P-n23-k8 	BT-3   23    5     46    1    554    529    529     35 2006.5679   -0.045
P-n23-k8 	BT-3   23    7     92    0    554    626    538     78   0.0383   -0.029
P-n23-k8 	BT-3   23    7     92    1    554    632    534     86   0.0397   -0.036
P-n23-k8 	BT-3   23    3     46    0    554    538    529     33 1724.8119   -0.045
P-n23-k8 	BT-3   23    3     46    1    554    529    529     29 1724.8098   -0.045
P-n23-k8 	BT-3   23    5     46    0    554    538    529     37 879.4682   -0.045
P-n23-k8 	BT-3   23    5     46    1    554    529    529     33 879.4663   -0.045
P-n23-k8 	BT-3   23    7     92    0    554    626    538     88   0.0444   -0.029
P-n23-k8 	BT-3   23    7     92    1    554    632    534     90   0.0435   -0.036
P-n23-k8 	BT-3   23    3     46    0    554    538    529     29 -1656.4795   -0.045
P-n23-k8 	BT-3   23    3     46    1    554    529    529     34 -1656.4756   -0.045
P-n23-k8 	BT-3   23    5     46    0    554    538    529     29 -674.4681   -0.045
P-n23-k8 	BT-3   23    5     46    1    554    529    529     29 -674.4682   -0.045
P-n23-k8 	BT-3   23    7     92    0    554    626    538     86   0.0426   -0.029
P-n23-k8 	BT-3   23    7     92    1    554    632    534     88   0.0409   -0.036
P-n23-k8 	BT-3   23    3     46    0    554    538    529     36 -2023.3179   -0.045
P-n23-k8 	BT-3   23    3     46    1    554    529    529     36 -2023.3180   -0.045
P-n23-k8 	BT-3   23    5     46    0    554    538    529     37 -1774.9858   -0.045
P-n23-k8 	BT-3   23    5     46    1    554    529    529     34 -1774.9874   -0.045
P-n23-k8 	BT-3   23    7     92    0    554    626    538     77   0.0383   -0.029
P-n23-k8 	BT-3   23    7     92    1    554    632    534     90   0.0417   -0.036
P-n23-k8 	BT-3   23    3     46    0    554    538    529     32 -1029.9139   -0.045
P-n23-k8 	BT-3   23    3     46    1    554    529    529     27 -1029.9166   -0.045
P-n23-k8 	BT-3   23    5     46    0    554    538    529     35 1205.2240   -0.045
P-n23-k8 	BT-3   23    5     46    1    554    529    529     32 1205.2225   -0.045
P-n23-k8 	BT-3   23    7     92    0    554    626    538     82   0.0412   -0.029
P-n23-k8 	BT-3   23    7     92    1    554    632    534     84   0.0385   -0.036
P-n23-k8 	BT-3   23    3     46    0    554    538    529     34 -679.2175   -0.045
P-n23-k8 	BT-3   23    3     46    1    554    529    529     36 -679.2167   -0.045
P-n23-k8 	BT-3   23    5     46    0    554    538    529     33 -2037.6517   -0.045
P-n23-k8 	BT-3   23    5     46    1    554    529    529     32 -2037.6526   -0.045
P-n23-k8 	BT-3   23    7     92    0    554    626    538     84   0.0416   -0.029
P-n23-k8 	BT-3   23    7     92    1    554    632    534     89   0.0414   -0.036
P-n23-k8 	BT-3   23    3     46    0    554    538    529     35 -1817.9050   -0.045
P-n23-k8 	BT-3   23    3     46    1    554    529    529     30 -1817.9077   -0.045
P-n23-k8 	BT-3   23    5     46    0    554    538    529     33 -1158.7512   -0.045
P-n23-k8 	BT-3   23    5     46    1    554    529    529     32 -1158.7517   -0.045
P-n23-k8 	BT-3   23    7     92    0    554    626    538     81   0.0402   -0.029
P-n23-k8 	BT-3   23    7     92    1    554    632    534     89   0.0413   -0.036
P-n23-k8 	BT-3   23    3     46    0    554    538    529     35 818.7953   -0.045
P-n23-k8 	BT-3   23    3     46    1    554    529    529     37 818.7964   -0.045
P-n23-k8 	BT-3   23    5     46    0    554    538    529     31 -1838.5823   -0.045
P-n23-k8 	BT-3   23    5     46    1    554    529    529     35 -1838.5807   -0.045
P-n23-k8 	BT-3   23    7     92    0    554    626    538     81   0.0415   -0.029
P-n23-k8 	BT-3   23    7     92    1    554    632    534     90   0.0436   -0.036
P-n23-k8 	BT-3   23    3     46    0    554    538    529     31 -1220.6929   -0.045
P-n23-k8 	BT-3   23    3     46    1    554    529    529     38 -1220.6896   -0.045
P-n23-k8 	BT-3   23    5     46    0    554    538    529     32 632.8926   -0.045
P-n23-k8 	BT-3   23    5     46    1    554    529    529     34 632.8933   -0.045
P-n23-k8 	BT-3   23    7     92    0    554    626    538     83   0.0410   -0.029
P-n23-k8 	BT-3   23    7     92    1    554    632    534     91   0.0424   -0.036
P-n23-k8 	BT-3   23    3     46    0    554    538    529     35 1898.7632   -0.045
P-n23-k8 	BT-3   23    3     46    1    554    529    529     34 1898.7626   -0.045
P-n23-k8 	BT-3   23    5     46    0    554    538    529     34 1401.3210   -0.045
P-n23-k8 	BT-3   23    5     46    1    554    529    529     32 1401.3201   -0.045
P-n23-k8 	BT-3   23    7     92    0    554    626    538     86   0.0438   -0.029
P-n23-k8 	BT-3   23    7     92    1    554    632    534     99   0.0499   -0.036
P-n23-k8 	BT-3   23    3     46    0    554    538    529     33 -90.9120   -0.045
P-n23-k8 	BT-3   23    3     46    1    554    529    529     34 -90.9116   -0.045
P-n23-k8 	BT-3   23    5     46    0    554    538    529     30 -272.7370   -0.045
P-n23-k8 	BT-3   23    5     46    1    554    529    529     30 -272.7372   -0.045
P-n23-k8 	BT-3   23    7     92    0    554    626    538     82   0.0401   -0.029
P-n23-k8 	BT-3   23    7     92    1    554    632    534     95   0.0443   -0.036
P-n23-k8 	BT-3   23    3     46    0    554    538    529     33 -818.1247   -0.045
P-n23-k8 	BT-3   23    3     46    1    554    529    529     33 -818.1247   -0.045
P-n23-k8 	BT-3   23    5     46    0    554    538    529     31 1840.5916   -0.045
P-n23-k8 	BT-3   23    5     46    1    554    529    529     32 1840.5920   -0.045
P-n23-k8 	BT-3   23    7     92    0    554    626    538     81   0.0403   -0.029
P-n23-k8 	BT-3   23    7     92    1    554    632    534     88   0.0406   -0.036
P-n23-k8 	BT-3   23    3     46    0    554    538    529     34 1226.8903   -0.045
P-n23-k8 	BT-3   23    3     46    1    554    529    529     32 1226.8892   -0.045
P-n23-k8 	BT-3   23    5     46    0    554    538    529     33 -614.2980   -0.045
P-n23-k8 	BT-3   23    5     46    1    554    529    529     31 -614.2988   -0.045
P-n23-k8 	BT-3   23    7     92    0    554    626    537     90   0.0442   -0.031
P-n23-k8 	BT-3   23    7     92    1    554    632    529    105   0.0480   -0.045
P-n23-k8 	BT-3   23    3     46    0    554    538    529     35 -1842.8011   -0.045
P-n23-k8 	BT-3   23    3     46    1    554    529    529     33 -1842.8024   -0.045
P-n23-k8 	BT-3   23    5     46    0    554    538    529     31 -1233.4398   -0.045
P-n23-k8 	BT-3   23    5     46    1    554    529    529     31 -1233.4401   -0.045
P-n23-k8 	BT-3   23    7     92    0    554    626    538     89   0.0441   -0.029
P-n23-k8 	BT-3   23    7     92    1    554    632    534     91   0.0425   -0.036
P-n23-k8 	BT-3   23    3     46    0    554    538    529     34 594.7357   -0.045
P-n23-k8 	BT-3   23    3     46    1    554    529    529     35 594.7363   -0.045
P-n23-k8 	BT-3   23    5     46    0    554    538    529     36 1784.2089   -0.045
P-n23-k8 	BT-3   23    5     46    1    554    529    529     33 1784.2073   -0.045
P-n23-k8 	BT-3   23    7     92    0    554    626    538     88   0.0436   -0.029
P-n23-k8 	BT-3   23    7     92    1    554    632    534     86   0.0399   -0.036
P-n23-k8 	BT-3   23    3     46    0    554    538    529     35 1057.7406   -0.045
P-n23-k8 	BT-3   23    3     46    1    554    529    529     30 1057.7399   -0.045
P-n23-k8 	BT-3   23    5     46    0    554    538    529     34 -1121.7466   -0.045
P-n23-k8 	BT-3   23    5     46    1    554    529    529     31 -1121.7483   -0.045
P-n23-k8 	BT-3   23    7     92    0    554    626    538     82   0.0408   -0.029
P-n23-k8 	BT-3   23    7     92    1    554    632    534     90   0.0430   -0.036
P-n23-k8 	BT-3   23    3     46    0    554    538    529     37 929.8110   -0.045
P-n23-k8 	BT-3   23    3     46    1    554    529    529     32 929.8085   -0.045
P-n23-k8 	BT-3   23    5     46    0    554    538    529     33 -1505.5381   -0.045
P-n23-k8 	BT-3   23    5     46    1    554    529    529     30 -1505.5397   -0.045
P-n23-k8 	BT-3   23    7     92    0    554    626    538     78   0.0385   -0.029
P-n23-k8 	BT-3   23    7     92    1    554    632    534     87   0.0404   -0.036
P-n23-k8 	BT-3   23    3     46    0    554    538    529     34 -221.5699   -0.045
P-n23-k8 	BT-3   23    3     46    1    554    529    529     34 -221.5700   -0.045
P-n23-k8 	BT-3   23    5     46    0    554    538    529     35 -664.7093   -0.045
P-n23-k8 	BT-3   23    5     46    1    554    529    529     30 -664.7117   -0.045
P-n23-k8 	BT-3   23    7     92    0    554    626    538     82   0.0413   -0.029
P-n23-k8 	BT-3   23    7     92    1    554    632    551     88   0.0410   -0.005
P-n23-k8 	BT-3   23    3     46    0    554    538    529     31 -1994.0499   -0.045
P-n23-k8 	BT-3   23    3     46    1    554    529    529     30 -1994.0504   -0.045
P-n23-k8 	BT-3   23    5     46    0    554    538    529     36 -1687.1799   -0.045
P-n23-k8 	BT-3   23    5     46    1    554    529    529     32 -1687.1819   -0.045
P-n23-k8 	BT-3   23    7     92    0    554    626    537     86   0.0418   -0.031
P-n23-k8 	BT-3   23    7     92    1    554    632    534     83   0.0382   -0.036
P-n23-k8 	BT-3   23    3     46    0    554    538    529     32 -766.4967   -0.045
P-n23-k8 	BT-3   23    3     46    1    554    529    529     35 -766.4954   -0.045
P-n23-k8 	BT-3   23    5     46    0    554    538    529     35 1995.4799   -0.045
P-n23-k8 	BT-3   23    5     46    1    554    529    529     33 1995.4788   -0.045
P-n23-k8 	BT-3   23    7     92    0    554    626    535    119   0.0611   -0.034
P-n23-k8 	BT-3   23    7     92    1    554    632    534     87   0.0403   -0.036
P-n23-k8 	BT-3   23    3     46    0    554    538    529     33 1691.5720   -0.045
P-n23-k8 	BT-3   23    3     46    1    554    529    529     32 1691.5713   -0.045
P-n23-k8 	BT-3   23    5     46    0    554    538    529     33 779.7477   -0.045
P-n23-k8 	BT-3   23    5     46    1    554    529    529     33 779.7477   -0.045
P-n23-k8 	BT-3   23    7     92    0    554    626    538     83   0.0418   -0.029
P-n23-k8 	BT-3   23    7     92    1    554    632    534     85   0.0396   -0.036
P-n23-k8 	BT-3   23    3     46    0    554    538    529     33 -1955.6429   -0.045
P-n23-k8 	BT-3   23    3     46    1    554    529    529     31 -1955.6439   -0.045
P-n23-k8 	BT-3   23    5     46    0    554    538    529     33 -1571.9620   -0.045
P-n23-k8 	BT-3   23    5     46    1    554    529    529     33 -1571.9625   -0.045
P-n23-k8 	BT-3   23    7     92    0    554    626    529    124   0.0586   -0.045
P-n23-k8 	BT-3   23    7     92    1    554    632    534     81   0.0410   -0.036
P-n23-k8 	BT-3   23    3     46    0    554    538    529     31 -420.8207   -0.045
P-n23-k8 	BT-3   23    3     46    1    554    529    529     35 -420.8188   -0.045
P-n23-k8 	BT-3   23    5     46    0    554    538    529     33 -1262.4595   -0.045
P-n23-k8 	BT-3   23    5     46    1    554    529    529     33 -1262.4595   -0.045
P-n23-k8 	BT-3   23    7     92    0    554    626    535    105   0.0533   -0.034
P-n23-k8 	BT-3   23    7     92    1    554    632    534     89   0.0417   -0.036
P-n23-k8 	BT-3   23    3     46    0    554    538    529     34 507.6844   -0.045
P-n23-k8 	BT-3   23    3     46    1    554    529    529     32 507.6833   -0.045
P-n23-k8 	BT-3   23    5     46    0    554    538    529     32 1523.0513   -0.045
P-n23-k8 	BT-3   23    5     46    1    554    529    529     33 1523.0515   -0.045
P-n23-k8 	BT-3   23    7     92    0    554    626    538     90   0.0461   -0.029
P-n23-k8 	BT-3   23    7     92    1    554    632    534     88   0.0421   -0.036
P-n23-k8 	BT-3   23    3     46    0    554    538    529     34 274.2754   -0.045
P-n23-k8 	BT-3   23    3     46    1    554    529    529     31 274.2739   -0.045
P-n23-k8 	BT-3   23    5     46    0    554    538    529     33 822.8243   -0.045
P-n23-k8 	BT-3   23    5     46    1    554    529    529     32 822.8241   -0.045
P-n23-k8 	BT-3   23    7     92    0    554    626    538     87   0.0431   -0.029
P-n23-k8 	BT-3   23    7     92    1    554    632    534     87   0.0402   -0.036
P-n23-k8 	BT-3   23    3     46    0    554    538    529     35 -1826.4103   -0.045
P-n23-k8 	BT-3   23    3     46    1    554    529    529     33 -1826.4109   -0.045
P-n23-k8 	BT-3   23    5     46    0    554    538    529     35 -1184.2640   -0.045
P-n23-k8 	BT-3   23    5     46    1    554    529    529     31 -1184.2661   -0.045
P-n23-k8 	BT-3   23    7     92    0    554    626    537     79   0.0477   -0.031
P-n23-k8 	BT-3   23    7     92    1    554    632    534     90   0.0461   -0.036
P-n23-k8 	BT-3   23    3     46    0    554    538    529     31 742.2648   -0.045
P-n23-k8 	BT-3   23    3     46    1    554    529    529     35 742.2667   -0.045
P-n23-k8 	BT-3   23    5     46    0    554    538    529     33 -2068.1702   -0.045
P-n23-k8 	BT-3   23    5     46    1    554    529    529     35 -2068.1692   -0.045
P-n23-k8 	BT-3   23    7     92    0    554    626    538     89   0.0443   -0.029
P-n23-k8 	BT-3   23    7     92    1    554    632    534     90   0.0419   -0.036
P-n23-k8 	BT-3   23    3     46    0    554    538    529     31 -1909.4564   -0.045
P-n23-k8 	BT-3   23    3     46    1    554    529    529     35 -1909.4546   -0.045
P-n23-k8 	BT-3   23    5     46    0    554    538    529     36 -1433.3982   -0.045
P-n23-k8 	BT-3   23    5     46    1    554    529    529     32 -1433.3997   -0.045
P-n23-k8 	BT-3   23    7     92    0    554    626    538     87   0.0430   -0.029
P-n23-k8 	BT-3   23    7     92    1    554    632    534     95   0.0446   -0.036
P-n23-k8 	BT-3   23    3     46    0    554    538    529     31  -5.1438   -0.045
P-n23-k8 	BT-3   23    3     46    1    554    529    529     37  -5.1409   -0.045
P-n23-k8 	BT-3   23    5     46    0    554    538    529     34 -15.4269   -0.045
P-n23-k8 	BT-3   23    5     46    1    554    529    529     30 -15.4290   -0.045
P-n23-k8 	BT-3   23    7     92    0    554    626    538     86   0.0437   -0.029
P-n23-k8 	BT-3   23    7     92    1    554    632    534     88   0.0408   -0.036
P-n23-k8 	BT-3   23    3     46    0    554    538    529     34 -46.1976   -0.045
P-n23-k8 	BT-3   23    3     46    1    554    529    529     32 -46.1988   -0.045
P-n23-k8 	BT-3   23    5     46    0    554    538    529     34 -138.5948   -0.045
P-n23-k8 	BT-3   23    5     46    1    554    529    529     34 -138.5949   -0.045
P-n23-k8 	BT-3   23    7     92    0    554    626    538     85   0.0421   -0.029
P-n23-k8 	BT-3   23    7     92    1    554    632    534     88   0.0413   -0.036
P-n23-k8 	BT-3   23    3     46    0    554    538    529     32 -415.7017   -0.045
P-n23-k8 	BT-3   23    3     46    1    554    529    529     31 -415.7026   -0.045
P-n23-k8 	BT-3   23    5     46    0    554    538    529     31 -1247.1068   -0.045
P-n23-k8 	BT-3   23    5     46    1    554    529    529     29 -1247.1080   -0.045
P-n23-k8 	BT-3   23    7     92    0    554    626    538     82   0.0406   -0.029
P-n23-k8 	BT-3   23    7     92    1    554    632    534     89   0.0413   -0.036
P-n23-k8 	BT-3   23    3     46    0    554    538    529     34 553.7289   -0.045
P-n23-k8 	BT-3   23    3     46    1    554    529    529     37 553.7302   -0.045
P-n23-k8 	BT-3   23    5     46    0    554    538    529     34 1661.1877   -0.045
P-n23-k8 	BT-3   23    5     46    1    554    529    529     32 1661.1868   -0.045
