B-n39-k5 	BT-1   39   13    156    0    549    962    554    176   0.2179    0.009
B-n39-k5 	BT-1   39   13    156    1    549    737    560    172   0.2102    0.020
B-n39-k5 	BT-1   39    7     78    0    549    576    553     81   0.1114    0.007
B-n39-k5 	BT-1   39    7     78    1    549    554    554     78   0.0972    0.009
B-n39-k5 	BT-1   39    3     39    0    549    554    553     40   0.0565    0.007
B-n39-k5 	BT-1   39    3     39    1    549    553    553     39   0.0530    0.007
B-n39-k5 	BT-2   39   13    156    0    549    962    562    234   0.2810    0.024
B-n39-k5 	BT-2   39   13    156    1    549    737    551    374   0.3968    0.004
B-n39-k5 	BT-2   39    7     78    0    549    777    561    118   0.1417    0.022
B-n39-k5 	BT-2   39    7     78    1    549    551    550     84   0.0999    0.002
B-n39-k5 	BT-2   39    3     39    0    549    809    550     66   0.0834    0.002
B-n39-k5 	BT-2   39    3     39    1    549    550    550     39   0.0525    0.002
B-n39-k5 	BT-3   39   13    156    0    549    962    596    234   0.3787    0.086
B-n39-k5 	BT-3   39   13    156    1    549    737    572    294   0.4575    0.042
B-n39-k5 	BT-3   39    7     78    0    549    748    572     88   0.1821    0.042
B-n39-k5 	BT-3   39    7     78    1    549    572    572     78   0.1782    0.042
B-n39-k5 	BT-3   39    3     39    0    549    748    574     50   0.1005    0.046
B-n39-k5 	BT-3   39    3     39    1    549    572    572     39   0.0964    0.042
B-n39-k5 	BT-3   39   13    156    0    549    962    561    244   0.3916    0.022
B-n39-k5 	BT-3   39   13    156    1    549    737    556    419   0.5838    0.013
B-n39-k5 	BT-3   39    7     78    0    549    952    554     97   0.1904    0.009
B-n39-k5 	BT-3   39    7     78    1    549    556    556     78   0.1796    0.013
B-n39-k5 	BT-3   39    3     39    0    549    909    559     62   0.1093    0.018
B-n39-k5 	BT-3   39    3     39    1    549    554    554     39   0.0957    0.009
B-n39-k5 	BT-3   39   13    156    0    549    962    560    306   0.4672    0.020
B-n39-k5 	BT-3   39   13    156    1    549    737    550    215   0.3587    0.002
B-n39-k5 	BT-3   39    7     78    0    549    756    550     95   0.1894    0.002
B-n39-k5 	BT-3   39    7     78    1    549    550    550     78   0.1782    0.002
B-n39-k5 	BT-3   39    3     39    0    549    756    561     48   0.1011    0.022
B-n39-k5 	BT-3   39    3     39    1    549    550    550     39   0.0948    0.002
B-n39-k5 	BT-3   39   13    156    0    549    962    562    215   0.3605    0.024
B-n39-k5 	BT-3   39   13    156    1    549    737    564    250   0.4092    0.027
B-n39-k5 	BT-3   39    7     78    0    549    756    561     87   0.1837    0.022
B-n39-k5 	BT-3   39    7     78    1    549    550    550     78   0.1760    0.002
B-n39-k5 	BT-3   39    3     39    0    549    756    561     48   0.1011    0.022
B-n39-k5 	BT-3   39    3     39    1    549    550    550     39   0.0928    0.002
B-n39-k5 	BT-3   39   13    156    0    549    962    555    284   0.4334    0.011
B-n39-k5 	BT-3   39   13    156    1    549    737    558    224   0.3852    0.016
B-n39-k5 	BT-3   39    7     78    0    549    756    561     87   0.1815    0.022
B-n39-k5 	BT-3   39    7     78    1    549    550    550     78   0.1761    0.002
B-n39-k5 	BT-3   39    3     39    0    549    756    569    111   0.1614    0.036
B-n39-k5 	BT-3   39    3     39    1    549    550    550     39   0.0936    0.002
B-n39-k5 	BT-3   39   13    156    0    549    962    561    184   0.3436    0.022
B-n39-k5 	BT-3   39   13    156    1    549    737    597    177   0.3368    0.087
B-n39-k5 	BT-3   39    7     78    0    549    756    561     90   0.1886    0.022
B-n39-k5 	BT-3   39    7     78    1    549    550    550     78   0.1777    0.002
B-n39-k5 	BT-3   39    3     39    0    549    756    551     60   0.1068    0.004
B-n39-k5 	BT-3   39    3     39    1    549    550    550     39   0.0945    0.002
B-n39-k5 	BT-3   39   13    156    0    549    962    569    200   0.3426    0.036
B-n39-k5 	BT-3   39   13    156    1    549    737    597    177   0.3363    0.087
B-n39-k5 	BT-3   39    7     78    0    549    756    560    105   0.2014    0.020
B-n39-k5 	BT-3   39    7     78    1    549    550    550     78   0.1771    0.002
B-n39-k5 	BT-3   39    3     39    0    549    756    561     55   0.1080    0.022
B-n39-k5 	BT-3   39    3     39    1    549    550    550     39   0.0936    0.002
B-n39-k5 	BT-3   39   13    156    0    549    962    561    303   0.4492    0.022
B-n39-k5 	BT-3   39   13    156    1    549    737    565    236   0.3857    0.029
B-n39-k5 	BT-3   39    7     78    0    549    756    561     87   0.1899    0.022
B-n39-k5 	BT-3   39    7     78    1    549    550    550     78   0.2010    0.002
B-n39-k5 	BT-3   39    3     39    0    549    756    550     93   0.1436    0.002
B-n39-k5 	BT-3   39    3     39    1    549    550    550     39   0.0928    0.002
B-n39-k5 	BT-3   39   13    156    0    549    962    550    216   0.3489    0.002
B-n39-k5 	BT-3   39   13    156    1    549    737    561    242   0.4073    0.022
B-n39-k5 	BT-3   39    7     78    0    549    756    561     87   0.1852    0.022
B-n39-k5 	BT-3   39    7     78    1    549    550    550     78   0.1779    0.002
B-n39-k5 	BT-3   39    3     39    0    549    756    560     61   0.1122    0.020
B-n39-k5 	BT-3   39    3     39    1    549    550    550     39   0.0926    0.002
B-n39-k5 	BT-3   39   13    156    0    549    962    564    198   0.3500    0.027
B-n39-k5 	BT-3   39   13    156    1    549    737    554    210   0.3585    0.009
B-n39-k5 	BT-3   39    7     78    0    549    756    561     87   0.1888    0.022
B-n39-k5 	BT-3   39    7     78    1    549    550    550     78   0.1752    0.002
B-n39-k5 	BT-3   39    3     39    0    549    756    561     48   0.1005    0.022
B-n39-k5 	BT-3   39    3     39    1    549    550    550     39   0.0944    0.002
B-n39-k5 	BT-3   39   13    156    0    549    962    563    222   0.3714    0.026
B-n39-k5 	BT-3   39   13    156    1    549    737    560    382   0.5488    0.020
B-n39-k5 	BT-3   39    7     78    0    549    756    567    101   0.1949    0.033
B-n39-k5 	BT-3   39    7     78    1    549    550    550     78   0.1772    0.002
B-n39-k5 	BT-3   39    3     39    0    549    756    555     63   0.1088    0.011
B-n39-k5 	BT-3   39    3     39    1    549    550    550     39   0.0940    0.002
B-n39-k5 	BT-3   39   13    156    0    549    962    565    198   0.3472    0.029
B-n39-k5 	BT-3   39   13    156    1    549    737    561    222   0.3861    0.022
B-n39-k5 	BT-3   39    7     78    0    549    756    561     87   0.1829    0.022
B-n39-k5 	BT-3   39    7     78    1    549    550    550     78   0.1740    0.002
B-n39-k5 	BT-3   39    3     39    0    549    756    561     48   0.1011    0.022
B-n39-k5 	BT-3   39    3     39    1    549    550    550     39   0.0933    0.002
B-n39-k5 	BT-3   39   13    156    0    549    962    562    328   0.4786    0.024
B-n39-k5 	BT-3   39   13    156    1    549    737    562    401   0.5638    0.024
B-n39-k5 	BT-3   39    7     78    0    549    756    561     87   0.1828    0.022
B-n39-k5 	BT-3   39    7     78    1    549    550    550     78   0.1771    0.002
B-n39-k5 	BT-3   39    3     39    0    549    756    567     55   0.1013    0.033
B-n39-k5 	BT-3   39    3     39    1    549    550    550     39   0.0941    0.002
B-n39-k5 	BT-3   39   13    156    0    549    962    550    234   0.3719    0.002
B-n39-k5 	BT-3   39   13    156    1    549    737    560    324   0.4818    0.020
B-n39-k5 	BT-3   39    7     78    0    549    756    550     88   0.1944    0.002
B-n39-k5 	BT-3   39    7     78    1    549    550    550     78   0.1746    0.002
B-n39-k5 	BT-3   39    3     39    0    549    756    561     90   0.1549    0.022
B-n39-k5 	BT-3   39    3     39    1    549    550    550     39   0.0929    0.002
B-n39-k5 	BT-3   39   13    156    0    549    962    564    202   0.3482    0.027
B-n39-k5 	BT-3   39   13    156    1    549    737    555    373   0.5446    0.011
B-n39-k5 	BT-3   39    7     78    0    549    756    561     87   0.1841    0.022
B-n39-k5 	BT-3   39    7     78    1    549    550    550     78   0.1753    0.002
B-n39-k5 	BT-3   39    3     39    0    549    756    562     51   0.1011    0.024
B-n39-k5 	BT-3   39    3     39    1    549    550    550     39   0.0940    0.002
B-n39-k5 	BT-3   39   13    156    0    549    962    565    194   0.3540    0.029
B-n39-k5 	BT-3   39   13    156    1    549    737    597    177   0.3392    0.087
B-n39-k5 	BT-3   39    7     78    0    549    756    561     87   0.1867    0.022
B-n39-k5 	BT-3   39    7     78    1    549    550    550     78   0.1786    0.002
B-n39-k5 	BT-3   39    3     39    0    549    756    566    102   0.1524    0.031
B-n39-k5 	BT-3   39    3     39    1    549    550    550     39   0.0936    0.002
B-n39-k5 	BT-3   39   13    156    0    549    962    562    221   0.3561    0.024
B-n39-k5 	BT-3   39   13    156    1    549    737    566    278   0.4403    0.031
B-n39-k5 	BT-3   39    7     78    0    549    756    561     87   0.1839    0.022
B-n39-k5 	BT-3   39    7     78    1    549    550    550     78   0.1744    0.002
B-n39-k5 	BT-3   39    3     39    0    549    756    561     48   0.1006    0.022
B-n39-k5 	BT-3   39    3     39    1    549    550    550     39   0.0940    0.002
B-n39-k5 	BT-3   39   13    156    0    549    962    566    222   0.3676    0.031
B-n39-k5 	BT-3   39   13    156    1    549    737    566    256   0.4132    0.031
B-n39-k5 	BT-3   39    7     78    0    549    756    561     87   0.1823    0.022
B-n39-k5 	BT-3   39    7     78    1    549    550    550     78   0.1769    0.002
B-n39-k5 	BT-3   39    3     39    0    549    756    561     48   0.1022    0.022
B-n39-k5 	BT-3   39    3     39    1    549    550    550     39   0.0933    0.002
B-n39-k5 	BT-3   39   13    156    0    549    962    550    231   0.3740    0.002
B-n39-k5 	BT-3   39   13    156    1    549    737    562    276   0.4248    0.024
B-n39-k5 	BT-3   39    7     78    0    549    756    552    107   0.1911    0.005
B-n39-k5 	BT-3   39    7     78    1    549    550    550     78   0.1757    0.002
B-n39-k5 	BT-3   39    3     39    0    549    756    561     48   0.0996    0.022
B-n39-k5 	BT-3   39    3     39    1    549    550    550     39   0.0933    0.002
B-n39-k5 	BT-3   39   13    156    0    549    962    567    210   0.3507    0.033
B-n39-k5 	BT-3   39   13    156    1    549    737    563    291   0.4537    0.026
B-n39-k5 	BT-3   39    7     78    0    549    756    551     88   0.1856    0.004
B-n39-k5 	BT-3   39    7     78    1    549    550    550     78   0.1794    0.002
B-n39-k5 	BT-3   39    3     39    0    549    756    561     65   0.1170    0.022
B-n39-k5 	BT-3   39    3     39    1    549    550    550     39   0.0939    0.002
B-n39-k5 	BT-3   39   13    156    0    549    962    553    205   0.3541    0.007
B-n39-k5 	BT-3   39   13    156    1    549    737    563    212   0.3640    0.026
B-n39-k5 	BT-3   39    7     78    0    549    756    561     87   0.1876    0.022
B-n39-k5 	BT-3   39    7     78    1    549    550    550     78   0.1757    0.002
B-n39-k5 	BT-3   39    3     39    0    549    756    561     48   0.0996    0.022
B-n39-k5 	BT-3   39    3     39    1    549    550    550     39   0.0925    0.002
B-n39-k5 	BT-3   39   13    156    0    549    962    561    299   0.4435    0.022
B-n39-k5 	BT-3   39   13    156    1    549    737    554    207   0.3767    0.009
B-n39-k5 	BT-3   39    7     78    0    549    756    561     87   0.1869    0.022
B-n39-k5 	BT-3   39    7     78    1    549    550    550     78   0.1762    0.002
B-n39-k5 	BT-3   39    3     39    0    549    756    561     48   0.1010    0.022
B-n39-k5 	BT-3   39    3     39    1    549    550    550     39   0.0928    0.002
B-n39-k5 	BT-3   39   13    156    0    549    962    562    253   0.3912    0.024
B-n39-k5 	BT-3   39   13    156    1    549    737    561    217   0.3758    0.022
B-n39-k5 	BT-3   39    7     78    0    549    756    561     87   0.1832    0.022
B-n39-k5 	BT-3   39    7     78    1    549    550    550     78   0.1787    0.002
B-n39-k5 	BT-3   39    3     39    0    549    756    597     59   0.1142    0.087
B-n39-k5 	BT-3   39    3     39    1    549    550    550     39   0.0941    0.002
B-n39-k5 	BT-3   39   13    156    0    549    962    565    348   0.4852    0.029
B-n39-k5 	BT-3   39   13    156    1    549    737    552    605   0.8002    0.005
B-n39-k5 	BT-3   39    7     78    0    549    756    561     87   0.1827    0.022
B-n39-k5 	BT-3   39    7     78    1    549    550    550     78   0.1766    0.002
B-n39-k5 	BT-3   39    3     39    0    549    756    561     48   0.0988    0.022
B-n39-k5 	BT-3   39    3     39    1    549    550    550     39   0.0940    0.002
B-n39-k5 	BT-3   39   13    156    0    549    962    562    210   0.3470    0.024
B-n39-k5 	BT-3   39   13    156    1    549    737    555    336   0.4906    0.011
B-n39-k5 	BT-3   39    7     78    0    549    756    561     87   0.1851    0.022
B-n39-k5 	BT-3   39    7     78    1    549    550    550     78   0.1760    0.002
B-n39-k5 	BT-3   39    3     39    0    549    756    561     48   0.1014    0.022
B-n39-k5 	BT-3   39    3     39    1    549    550    550     39   0.0945    0.002
B-n39-k5 	BT-3   39   13    156    0    549    962    559    274   0.4259    0.018
B-n39-k5 	BT-3   39   13    156    1    549    737    561    223   0.3779    0.022
B-n39-k5 	BT-3   39    7     78    0    549    756    561     87   0.1852    0.022
B-n39-k5 	BT-3   39    7     78    1    549    550    550     78   0.1754    0.002
B-n39-k5 	BT-3   39    3     39    0    549    756    561     48   0.1019    0.022
B-n39-k5 	BT-3   39    3     39    1    549    550    550     39   0.0927    0.002
B-n39-k5 	BT-3   39   13    156    0    549    962    554    279   0.4290    0.009
B-n39-k5 	BT-3   39   13    156    1    549    737    597    177   0.3423    0.087
B-n39-k5 	BT-3   39    7     78    0    549    756    562     87   0.1806    0.024
B-n39-k5 	BT-3   39    7     78    1    549    550    550     78   0.1752    0.002
B-n39-k5 	BT-3   39    3     39    0    549    756    553     50   0.1033    0.007
B-n39-k5 	BT-3   39    3     39    1    549    550    550     39   0.0933    0.002
B-n39-k5 	BT-3   39   13    156    0    549    962    562    179   0.3399    0.024
B-n39-k5 	BT-3   39   13    156    1    549    737    562    267   0.4221    0.024
B-n39-k5 	BT-3   39    7     78    0    549    756    561    157   0.2597    0.022
B-n39-k5 	BT-3   39    7     78    1    549    550    550     78   0.1757    0.002
B-n39-k5 	BT-3   39    3     39    0    549    756    550     58   0.1111    0.002
B-n39-k5 	BT-3   39    3     39    1    549    550    550     39   0.0951    0.002
B-n39-k5 	BT-3   39   13    156    0    549    962    568    244   0.4088    0.035
B-n39-k5 	BT-3   39   13    156    1    549    737    551    326   0.4925    0.004
B-n39-k5 	BT-3   39    7     78    0    549    756    561     87   0.1871    0.022
B-n39-k5 	BT-3   39    7     78    1    549    550    550     78   0.1770    0.002
B-n39-k5 	BT-3   39    3     39    0    549    756    561     48   0.0990    0.022
B-n39-k5 	BT-3   39    3     39    1    549    550    550     39   0.0935    0.002
B-n39-k5 	BT-3   39   13    156    0    549    962    561    308   0.4467    0.022
B-n39-k5 	BT-3   39   13    156    1    549    737    556    263   0.4216    0.013
B-n39-k5 	BT-3   39    7     78    0    549    756    561     87   0.1866    0.022
B-n39-k5 	BT-3   39    7     78    1    549    550    550     78   0.1757    0.002
B-n39-k5 	BT-3   39    3     39    0    549    756    560     60   0.1111    0.020
B-n39-k5 	BT-3   39    3     39    1    549    550    550     39   0.0933    0.002
B-n39-k5 	BT-3   39   13    156    0    549    962    562    242   0.3886    0.024
B-n39-k5 	BT-3   39   13    156    1    549    737    564    351   0.5053    0.027
B-n39-k5 	BT-3   39    7     78    0    549    756    550     95   0.1908    0.002
B-n39-k5 	BT-3   39    7     78    1    549    550    550     78   0.1749    0.002
B-n39-k5 	BT-3   39    3     39    0    549    756    561     48   0.1003    0.022
B-n39-k5 	BT-3   39    3     39    1    549    550    550     39   0.0930    0.002
B-n39-k5 	BT-3   39   13    156    0    549    962    561    236   0.3781    0.022
B-n39-k5 	BT-3   39   13    156    1    549    737    551    342   0.5024    0.004
B-n39-k5 	BT-3   39    7     78    0    549    756    550    141   0.2329    0.002
B-n39-k5 	BT-3   39    7     78    1    549    550    550     78   0.1777    0.002
B-n39-k5 	BT-3   39    3     39    0    549    756    561     48   0.0999    0.022
B-n39-k5 	BT-3   39    3     39    1    549    550    550     39   0.0936    0.002
B-n39-k5 	BT-3   39   13    156    0    549    962    553    387   0.5471    0.007
B-n39-k5 	BT-3   39   13    156    1    549    737    550    248   0.4053    0.002
B-n39-k5 	BT-3   39    7     78    0    549    756    561     87   0.1849    0.022
B-n39-k5 	BT-3   39    7     78    1    549    550    550     78   0.1743    0.002
B-n39-k5 	BT-3   39    3     39    0    549    756    550     52   0.1055    0.002
B-n39-k5 	BT-3   39    3     39    1    549    550    550     39   0.0946    0.002
B-n39-k5 	BT-3   39   13    156    0    549    962    562    323   0.4720    0.024
B-n39-k5 	BT-3   39   13    156    1    549    737    554    347   0.5082    0.009
B-n39-k5 	BT-3   39    7     78    0    549    756    551     95   0.1872    0.004
B-n39-k5 	BT-3   39    7     78    1    549    550    550     78   0.1762    0.002
B-n39-k5 	BT-3   39    3     39    0    549    756    561     48   0.1008    0.022
B-n39-k5 	BT-3   39    3     39    1    549    550    550     39   0.0930    0.002
B-n39-k5 	BT-3   39   13    156    0    549    962    561    175   0.3346    0.022
B-n39-k5 	BT-3   39   13    156    1    549    737    597    177   0.3729    0.087
B-n39-k5 	BT-3   39    7     78    0    549    756    561     87   0.1876    0.022
B-n39-k5 	BT-3   39    7     78    1    549    550    550     78   0.1754    0.002
B-n39-k5 	BT-3   39    3     39    0    549    756    561     57   0.1057    0.022
B-n39-k5 	BT-3   39    3     39    1    549    550    550     39   0.0927    0.002
B-n39-k5 	BT-3   39   13    156    0    549    962    562    177   0.3349    0.024
B-n39-k5 	BT-3   39   13    156    1    549    737    563    209   0.3619    0.026
B-n39-k5 	BT-3   39    7     78    0    549    756    561     87   0.1859    0.022
B-n39-k5 	BT-3   39    7     78    1    549    550    550     78   0.1747    0.002
B-n39-k5 	BT-3   39    3     39    0    549    756    561     56   0.1067    0.022
B-n39-k5 	BT-3   39    3     39    1    549    550    550     39   0.0928    0.002
B-n39-k5 	BT-3   39   13    156    0    549    962    561    326   0.5102    0.022
B-n39-k5 	BT-3   39   13    156    1    549    737    557    345   0.5112    0.015
B-n39-k5 	BT-3   39    7     78    0    549    756    561     87   0.1866    0.022
B-n39-k5 	BT-3   39    7     78    1    549    550    550     78   0.1759    0.002
B-n39-k5 	BT-3   39    3     39    0    549    756    551     51   0.1044    0.004
B-n39-k5 	BT-3   39    3     39    1    549    550    550     39   0.0927    0.002
B-n39-k5 	BT-3   39   13    156    0    549    962    562    363   0.5258    0.024
B-n39-k5 	BT-3   39   13    156    1    549    737    561    234   0.3969    0.022
B-n39-k5 	BT-3   39    7     78    0    549    756    561     87   0.1828    0.022
B-n39-k5 	BT-3   39    7     78    1    549    550    550     78   0.1759    0.002
B-n39-k5 	BT-3   39    3     39    0    549    756    562     48   0.0984    0.024
B-n39-k5 	BT-3   39    3     39    1    549    550    550     39   0.0931    0.002
B-n39-k5 	BT-3   39   13    156    0    549    962    562    194   0.3420    0.024
B-n39-k5 	BT-3   39   13    156    1    549    737    561    257   0.4097    0.022
B-n39-k5 	BT-3   39    7     78    0    549    756    561     87   0.1841    0.022
B-n39-k5 	BT-3   39    7     78    1    549    550    550     78   0.1747    0.002
B-n39-k5 	BT-3   39    3     39    0    549    756    561     48   0.1007    0.022
B-n39-k5 	BT-3   39    3     39    1    549    550    550     39   0.0955    0.002
B-n39-k5 	BT-3   39   13    156    0    549    962    563    222   0.3726    0.026
B-n39-k5 	BT-3   39   13    156    1    549    737    556    322   0.4775    0.013
B-n39-k5 	BT-3   39    7     78    0    549    756    561     87   0.1871    0.022
B-n39-k5 	BT-3   39    7     78    1    549    550    550     78   0.1751    0.002
B-n39-k5 	BT-3   39    3     39    0    549    756    561     48   0.1011    0.022
B-n39-k5 	BT-3   39    3     39    1    549    550    550     39   0.0926    0.002
B-n39-k5 	BT-3   39   13    156    0    549    962    564    204   0.3460    0.027
B-n39-k5 	BT-3   39   13    156    1    549    737    562    208   0.3632    0.024
B-n39-k5 	BT-3   39    7     78    0    549    756    561     87   0.1837    0.022
B-n39-k5 	BT-3   39    7     78    1    549    550    550     78   0.1756    0.002
B-n39-k5 	BT-3   39    3     39    0    549    756    561     48   0.1002    0.022
B-n39-k5 	BT-3   39    3     39    1    549    550    550     39   0.0937    0.002
B-n39-k5 	BT-3   39   13    156    0    549    962    561    220   0.3576    0.022
B-n39-k5 	BT-3   39   13    156    1    549    737    560    227   0.3921    0.020
B-n39-k5 	BT-3   39    7     78    0    549    756    561     87   0.1855    0.022
B-n39-k5 	BT-3   39    7     78    1    549    550    550     78   0.1754    0.002
B-n39-k5 	BT-3   39    3     39    0    549    756    562     48   0.0984    0.024
B-n39-k5 	BT-3   39    3     39    1    549    550    550     39   0.0925    0.002
B-n39-k5 	BT-3   39   13    156    0    549    962    565    200   0.3407    0.029
B-n39-k5 	BT-3   39   13    156    1    549    737    597    177   0.3374    0.087
B-n39-k5 	BT-3   39    7     78    0    549    756    561     87   0.1892    0.022
B-n39-k5 	BT-3   39    7     78    1    549    550    550     78   0.1757    0.002
B-n39-k5 	BT-3   39    3     39    0    549    756    550     66   0.1143    0.002
B-n39-k5 	BT-3   39    3     39    1    549    550    550     39   0.0938    0.002
B-n39-k5 	BT-3   39   13    156    0    549    962    555    197   0.3391    0.011
B-n39-k5 	BT-3   39   13    156    1    549    737    564    358   0.5338    0.027
B-n39-k5 	BT-3   39    7     78    0    549    756    561     87   0.1861    0.022
B-n39-k5 	BT-3   39    7     78    1    549    550    550     78   0.2036    0.002
B-n39-k5 	BT-3   39    3     39    0    549    756    561     48   0.1003    0.022
B-n39-k5 	BT-3   39    3     39    1    549    550    550     39   0.0936    0.002
B-n39-k5 	BT-3   39   13    156    0    549    962    563    268   0.4093    0.026
B-n39-k5 	BT-3   39   13    156    1    549    737    550    238   0.4173    0.002
B-n39-k5 	BT-3   39    7     78    0    549    756    562     88   0.1831    0.024
B-n39-k5 	BT-3   39    7     78    1    549    550    550     78   0.1750    0.002
B-n39-k5 	BT-3   39    3     39    0    549    756    561     79   0.1220    0.022
B-n39-k5 	BT-3   39    3     39    1    549    550    550     39   0.0940    0.002
B-n39-k5 	BT-3   39   13    156    0    549    962    561    285   0.4339    0.022
B-n39-k5 	BT-3   39   13    156    1    549    737    563    288   0.4458    0.026
B-n39-k5 	BT-3   39    7     78    0    549    756    561     87   0.1874    0.022
B-n39-k5 	BT-3   39    7     78    1    549    550    549     95   0.1947    0.000
B-n39-k5 	BT-3   39    3     39    0    549    815    550     49   0.0994    0.002
B-n39-k5 	BT-3   39    3     39    1    549    549    549     39   0.0953    0.000
B-n39-k5 	BT-3   39   13    156    0    549    962    557    207   0.3448    0.015
B-n39-k5 	BT-3   39   13    156    1    549    737    597    177   0.3393    0.087
B-n39-k5 	BT-3   39    7     78    0    549    815    551     86   0.1848    0.004
B-n39-k5 	BT-3   39    7     78    1    549    549    549     78   0.1927    0.000
B-n39-k5 	BT-3   39    3     39    0    549    815    553     44   0.0954    0.007
B-n39-k5 	BT-3   39    3     39    1    549    549    549     39   0.0953    0.000
B-n39-k5 	BT-3   39   13    156    0    549    962    562    214   0.3508    0.024
B-n39-k5 	BT-3   39   13    156    1    549    737    562    280   0.4444    0.024
B-n39-k5 	BT-3   39    7     78    0    549    815    551     86   0.1886    0.004
B-n39-k5 	BT-3   39    7     78    1    549    549    549     78   0.1759    0.000
B-n39-k5 	BT-3   39    3     39    0    549    815    550     49   0.0980    0.002
B-n39-k5 	BT-3   39    3     39    1    549    549    549     39   0.0958    0.000
B-n39-k5 	BT-3   39   13    156    0    549    962    563    233   0.3842    0.026
B-n39-k5 	BT-3   39   13    156    1    549    737    588    207   0.3759    0.071
B-n39-k5 	BT-3   39    7     78    0    549    815    551     86   0.1818    0.004
B-n39-k5 	BT-3   39    7     78    1    549    549    549     78   0.1798    0.000
B-n39-k5 	BT-3   39    3     39    0    549    815    551     48   0.0986    0.004
B-n39-k5 	BT-3   39    3     39    1    549    549    549     39   0.0952    0.000
B-n39-k5 	BT-3   39   13    156    0    549    962    561    228   0.3658    0.022
B-n39-k5 	BT-3   39   13    156    1    549    737    563    485   0.7174    0.026
B-n39-k5 	BT-3   39    7     78    0    549    815    551     86   0.1859    0.004
B-n39-k5 	BT-3   39    7     78    1    549    549    549     78   0.1797    0.000
B-n39-k5 	BT-3   39    3     39    0    549    815    553     44   0.0965    0.007
B-n39-k5 	BT-3   39    3     39    1    549    549    549     39   0.0955    0.000
B-n39-k5 	BT-3   39   13    156    0    549    962    568    227   0.3690    0.035
B-n39-k5 	BT-3   39   13    156    1    549    737    561    263   0.4233    0.022
B-n39-k5 	BT-3   39    7     78    0    549    815    551     86   0.1805    0.004
B-n39-k5 	BT-3   39    7     78    1    549    549    549     78   0.1785    0.000
B-n39-k5 	BT-3   39    3     39    0    549    815    553     44   0.0967    0.007
B-n39-k5 	BT-3   39    3     39    1    549    549    549     39   0.0955    0.000
B-n39-k5 	BT-3   39   13    156    0    549    962    560    197   0.3407    0.020
B-n39-k5 	BT-3   39   13    156    1    549    737    597    177   0.3393    0.087
B-n39-k5 	BT-3   39    7     78    0    549    815    551     86   0.1829    0.004
B-n39-k5 	BT-3   39    7     78    1    549    549    549     78   0.1796    0.000
B-n39-k5 	BT-3   39    3     39    0    549    815    549     53   0.1011    0.000
B-n39-k5 	BT-3   39    3     39    1    549    549    549     39   0.0955    0.000
B-n39-k5 	BT-3   39   13    156    0    549    962    555    197   0.3425    0.011
B-n39-k5 	BT-3   39   13    156    1    549    737    550    250   0.4101    0.002
B-n39-k5 	BT-3   39    7     78    0    549    815    551     86   0.1805    0.004
B-n39-k5 	BT-3   39    7     78    1    549    549    549     78   0.1807    0.000
B-n39-k5 	BT-3   39    3     39    0    549    815    551     47   0.0990    0.004
B-n39-k5 	BT-3   39    3     39    1    549    549    549     39   0.1000    0.000
B-n39-k5 	BT-3   39   13    156    0    549    962    565    220   0.3587    0.029
B-n39-k5 	BT-3   39   13    156    1    549    737    563    231   0.3907    0.026
B-n39-k5 	BT-3   39    7     78    0    549    815    551     86   0.1830    0.004
B-n39-k5 	BT-3   39    7     78    1    549    549    549     78   0.1770    0.000
B-n39-k5 	BT-3   39    3     39    0    549    815    550     84   0.1438    0.002
B-n39-k5 	BT-3   39    3     39    1    549    549    549     39   0.0954    0.000
B-n39-k5 	BT-3   39   13    156    0    549    962    566    256   0.3973    0.031
B-n39-k5 	BT-3   39   13    156    1    549    737    566    231   0.3891    0.031
B-n39-k5 	BT-3   39    7     78    0    549    815    551     86   0.1843    0.004
B-n39-k5 	BT-3   39    7     78    1    549    549    549     78   0.1787    0.000
B-n39-k5 	BT-3   39    3     39    0    549    815    559     43   0.0976    0.018
B-n39-k5 	BT-3   39    3     39    1    549    549    549     39   0.0956    0.000
B-n39-k5 	BT-3   39   13    156    0    549    962    561    253   0.4038    0.022
B-n39-k5 	BT-3   39   13    156    1    549    737    597    177   0.3347    0.087
B-n39-k5 	BT-3   39    7     78    0    549    815    551     86   0.1829    0.004
B-n39-k5 	BT-3   39    7     78    1    549    549    549     78   0.1799    0.000
B-n39-k5 	BT-3   39    3     39    0    549    815    551     47   0.0984    0.004
B-n39-k5 	BT-3   39    3     39    1    549    549    549     39   0.0967    0.000
B-n39-k5 	BT-3   39   13    156    0    549    962    564    224   0.3810    0.027
B-n39-k5 	BT-3   39   13    156    1    549    737    554    312   0.4739    0.009
B-n39-k5 	BT-3   39    7     78    0    549    815    551     86   0.1815    0.004
B-n39-k5 	BT-3   39    7     78    1    549    549    549     78   0.1777    0.000
B-n39-k5 	BT-3   39    3     39    0    549    815    551     49   0.0968    0.004
B-n39-k5 	BT-3   39    3     39    1    549    549    549     39   0.0953    0.000
B-n39-k5 	BT-3   39   13    156    0    549    962    561    178   0.3273    0.022
B-n39-k5 	BT-3   39   13    156    1    549    737    560    400   0.5978    0.020
B-n39-k5 	BT-3   39    7     78    0    549    815    550     97   0.1969    0.002
B-n39-k5 	BT-3   39    7     78    1    549    549    549     78   0.1760    0.000
B-n39-k5 	BT-3   39    3     39    0    549    815    553     44   0.0959    0.007
B-n39-k5 	BT-3   39    3     39    1    549    549    549     39   0.0955    0.000
B-n39-k5 	BT-3   39   13    156    0    549    962    562    238   0.3795    0.024
B-n39-k5 	BT-3   39   13    156    1    549    737    597    177   0.3384    0.087
B-n39-k5 	BT-3   39    7     78    0    549    815    551     86   0.1838    0.004
B-n39-k5 	BT-3   39    7     78    1    549    549    549     78   0.1785    0.000
B-n39-k5 	BT-3   39    3     39    0    549    815    553     44   0.0955    0.007
B-n39-k5 	BT-3   39    3     39    1    549    549    549     39   0.0956    0.000
B-n39-k5 	BT-3   39   13    156    0    549    962    562    314   0.4499    0.024
B-n39-k5 	BT-3   39   13    156    1    549    737    554    217   0.3644    0.009
B-n39-k5 	BT-3   39    7     78    0    549    815    551     86   0.1841    0.004
B-n39-k5 	BT-3   39    7     78    1    549    549    549     78   0.1824    0.000
B-n39-k5 	BT-3   39    3     39    0    549    815    551     47   0.0996    0.004
B-n39-k5 	BT-3   39    3     39    1    549    549    549     39   0.0959    0.000
B-n39-k5 	BT-3   39   13    156    0    549    962    593    188   0.3338    0.080
B-n39-k5 	BT-3   39   13    156    1    549    737    597    177   0.3366    0.087
B-n39-k5 	BT-3   39    7     78    0    549    815    551     86   0.1840    0.004
B-n39-k5 	BT-3   39    7     78    1    549    549    549     78   0.1847    0.000
B-n39-k5 	BT-3   39    3     39    0    549    815    550     50   0.1015    0.002
B-n39-k5 	BT-3   39    3     39    1    549    549    549     39   0.0954    0.000
B-n39-k5 	BT-3   39   13    156    0    549    962    563    210   0.3462    0.026
B-n39-k5 	BT-3   39   13    156    1    549    737    557    224   0.3779    0.015
B-n39-k5 	BT-3   39    7     78    0    549    815    551     86   0.1827    0.004
B-n39-k5 	BT-3   39    7     78    1    549    549    549     78   0.1759    0.000
B-n39-k5 	BT-3   39    3     39    0    549    815    553     44   0.0954    0.007
B-n39-k5 	BT-3   39    3     39    1    549    549    549     39   0.0953    0.000
B-n39-k5 	BT-3   39   13    156    0    549    962    562    281   0.4351    0.024
B-n39-k5 	BT-3   39   13    156    1    549    737    550    232   0.3883    0.002
B-n39-k5 	BT-3   39    7     78    0    549    815    553     83   0.1780    0.007
B-n39-k5 	BT-3   39    7     78    1    549    549    549     78   0.1802    0.000
B-n39-k5 	BT-3   39    3     39    0    549    815    550     52   0.1035    0.002
B-n39-k5 	BT-3   39    3     39    1    549    549    549     39   0.0952    0.000
B-n39-k5 	BT-3   39   13    156    0    549    962    556    338   0.4800    0.013
B-n39-k5 	BT-3   39   13    156    1    549    737    556    237   0.4005    0.013
B-n39-k5 	BT-3   39    7     78    0    549    815    550     95   0.1873    0.002
B-n39-k5 	BT-3   39    7     78    1    549    549    549     78   0.1806    0.000
B-n39-k5 	BT-3   39    3     39    0    549    815    551     47   0.0989    0.004
B-n39-k5 	BT-3   39    3     39    1    549    549    549     39   0.0956    0.000
B-n39-k5 	BT-3   39   13    156    0    549    962    561    239   0.3755    0.022
B-n39-k5 	BT-3   39   13    156    1    549    737    550    437   0.6124    0.002
B-n39-k5 	BT-3   39    7     78    0    549    815    551     86   0.1831    0.004
B-n39-k5 	BT-3   39    7     78    1    549    549    549     78   0.1772    0.000
B-n39-k5 	BT-3   39    3     39    0    549    815    550     57   0.1086    0.002
B-n39-k5 	BT-3   39    3     39    1    549    549    549     39   0.0958    0.000
B-n39-k5 	BT-3   39   13    156    0    549    962    562    213   0.3687    0.024
B-n39-k5 	BT-3   39   13    156    1    549    737    569    289   0.4493    0.036
B-n39-k5 	BT-3   39    7     78    0    549    815    551     86   0.1834    0.004
B-n39-k5 	BT-3   39    7     78    1    549    549    549     78   0.1799    0.000
B-n39-k5 	BT-3   39    3     39    0    549    815    550     52   0.1033    0.002
B-n39-k5 	BT-3   39    3     39    1    549    549    549     39   0.0955    0.000
B-n39-k5 	BT-3   39   13    156    0    549    962    567    244   0.4118    0.033
B-n39-k5 	BT-3   39   13    156    1    549    737    556    393   0.5589    0.013
B-n39-k5 	BT-3   39    7     78    0    549    815    551     86   0.1816    0.004
B-n39-k5 	BT-3   39    7     78    1    549    549    549     78   0.1804    0.000
B-n39-k5 	BT-3   39    3     39    0    549    815    552     60   0.1132    0.005
B-n39-k5 	BT-3   39    3     39    1    549    549    549     39   0.0956    0.000
B-n39-k5 	BT-3   39   13    156    0    549    962    564    242   0.3818    0.027
B-n39-k5 	BT-3   39   13    156    1    549    737    562    213   0.3664    0.024
B-n39-k5 	BT-3   39    7     78    0    549    815    553     89   0.1898    0.007
B-n39-k5 	BT-3   39    7     78    1    549    549    549     78   0.1805    0.000
B-n39-k5 	BT-3   39    3     39    0    549    815    551     47   0.0991    0.004
B-n39-k5 	BT-3   39    3     39    1    549    549    549     39   0.0952    0.000
B-n39-k5 	BT-3   39   13    156    0    549    962    562    194   0.3453    0.024
B-n39-k5 	BT-3   39   13    156    1    549    737    565    246   0.4125    0.029
B-n39-k5 	BT-3   39    7     78    0    549    815    551     86   0.1838    0.004
B-n39-k5 	BT-3   39    7     78    1    549    549    549     78   0.1777    0.000
B-n39-k5 	BT-3   39    3     39    0    549    815    550     52   0.1023    0.002
B-n39-k5 	BT-3   39    3     39    1    549    549    549     39   0.0966    0.000
B-n39-k5 	BT-3   39   13    156    0    549    962    565    211   0.3563    0.029
B-n39-k5 	BT-3   39   13    156    1    549    737    564    222   0.3707    0.027
B-n39-k5 	BT-3   39    7     78    0    549    815    553     83   0.1778    0.007
B-n39-k5 	BT-3   39    7     78    1    549    549    549     78   0.1835    0.000
B-n39-k5 	BT-3   39    3     39    0    549    815    551     47   0.1007    0.004
B-n39-k5 	BT-3   39    3     39    1    549    549    549     39   0.0952    0.000
B-n39-k5 	BT-3   39   13    156    0    549    962    564    194   0.3448    0.027
B-n39-k5 	BT-3   39   13    156    1    549    737    597    177   0.3375    0.087
B-n39-k5 	BT-3   39    7     78    0    549    815    551     86   0.1850    0.004
B-n39-k5 	BT-3   39    7     78    1    549    549    549     78   0.1802    0.000
B-n39-k5 	BT-3   39    3     39    0    549    815    553     44   0.0945    0.007
B-n39-k5 	BT-3   39    3     39    1    549    549    549     39   0.0953    0.000
B-n39-k5 	BT-3   39   13    156    0    549    962    561    360   0.5133    0.022
B-n39-k5 	BT-3   39   13    156    1    549    737    561    239   0.3991    0.022
B-n39-k5 	BT-3   39    7     78    0    549    815    551     86   0.1833    0.004
B-n39-k5 	BT-3   39    7     78    1    549    549    549     78   0.1797    0.000
B-n39-k5 	BT-3   39    3     39    0    549    815    552     48   0.0966    0.005
B-n39-k5 	BT-3   39    3     39    1    549    549    549     39   0.0961    0.000
B-n39-k5 	BT-3   39   13    156    0    549    962    562    310   0.4649    0.024
B-n39-k5 	BT-3   39   13    156    1    549    737    590    169   0.3316    0.075
B-n39-k5 	BT-3   39    7     78    0    549    815    550    101   0.1957    0.002
B-n39-k5 	BT-3   39    7     78    1    549    549    549     78   0.1791    0.000
B-n39-k5 	BT-3   39    3     39    0    549    815    553     44   0.0960    0.007
B-n39-k5 	BT-3   39    3     39    1    549    549    549     39   0.0956    0.000
B-n39-k5 	BT-3   39   13    156    0    549    962    560    238   0.3770    0.020
B-n39-k5 	BT-3   39   13    156    1    549    737    583    191   0.3467    0.062
B-n39-k5 	BT-3   39    7     78    0    549    815    550     89   0.1843    0.002
B-n39-k5 	BT-3   39    7     78    1    549    549    549     78   0.1808    0.000
B-n39-k5 	BT-3   39    3     39    0    549    815    550     49   0.0981    0.002
B-n39-k5 	BT-3   39    3     39    1    549    549    549     39   0.0954    0.000
B-n39-k5 	BT-3   39   13    156    0    549    962    560    358   0.5075    0.020
B-n39-k5 	BT-3   39   13    156    1    549    737    560    337   0.5312    0.020
B-n39-k5 	BT-3   39    7     78    0    549    815    550    101   0.1983    0.002
B-n39-k5 	BT-3   39    7     78    1    549    549    549     78   0.1810    0.000
B-n39-k5 	BT-3   39    3     39    0    549    815    553     44   0.0968    0.007
B-n39-k5 	BT-3   39    3     39    1    549    549    549     39   0.0956    0.000
B-n39-k5 	BT-3   39   13    156    0    549    962    562    235   0.3846    0.024
B-n39-k5 	BT-3   39   13    156    1    549    737    597    177   0.3376    0.087
B-n39-k5 	BT-3   39    7     78    0    549    815    551     86   0.1845    0.004
B-n39-k5 	BT-3   39    7     78    1    549    549    549     78   0.1797    0.000
B-n39-k5 	BT-3   39    3     39    0    549    815    550     52   0.1041    0.002
B-n39-k5 	BT-3   39    3     39    1    549    549    549     39   0.0962    0.000
B-n39-k5 	BT-3   39   13    156    0    549    962    561    175   0.3330    0.022
B-n39-k5 	BT-3   39   13    156    1    549    737    553    210   0.3638    0.007
B-n39-k5 	BT-3   39    7     78    0    549    815    553     83   0.1768    0.007
B-n39-k5 	BT-3   39    7     78    1    549    549    549     78   0.1791    0.000
B-n39-k5 	BT-3   39    3     39    0    549    815    553     80   0.1477    0.007
B-n39-k5 	BT-3   39    3     39    1    549    549    549     39   0.0954    0.000
B-n39-k5 	BT-3   39   13    156    0    549    962    564    233   0.3774    0.027
B-n39-k5 	BT-3   39   13    156    1    549    737    556    213   0.3667    0.013
B-n39-k5 	BT-3   39    7     78    0    549    815    551     86   0.1854    0.004
B-n39-k5 	BT-3   39    7     78    1    549    549    549     78   0.1774    0.000
B-n39-k5 	BT-3   39    3     39    0    549    815    553     44   0.0956    0.007
B-n39-k5 	BT-3   39    3     39    1    549    549    549     39   0.0951    0.000
B-n39-k5 	BT-3   39   13    156    0    549    962    563    203   0.3447    0.026
B-n39-k5 	BT-3   39   13    156    1    549    737    551    222   0.3870    0.004
B-n39-k5 	BT-3   39    7     78    0    549    815    551     86   0.1830    0.004
B-n39-k5 	BT-3   39    7     78    1    549    549    549     78   0.1766    0.000
B-n39-k5 	BT-3   39    3     39    0    549    815    550     52   0.1032    0.002
B-n39-k5 	BT-3   39    3     39    1    549    549    549     39   0.0956    0.000
B-n39-k5 	BT-3   39   13    156    0    549    962    553    217   0.3702    0.007
B-n39-k5 	BT-3   39   13    156    1    549    737    556    376   0.5339    0.013
B-n39-k5 	BT-3   39    7     78    0    549    815    551     96   0.1922    0.004
B-n39-k5 	BT-3   39    7     78    1    549    549    549     78   0.1796    0.000
B-n39-k5 	BT-3   39    3     39    0    549    815    553     44   0.0951    0.007
B-n39-k5 	BT-3   39    3     39    1    549    549    549     39   0.0954    0.000
B-n39-k5 	BT-3   39   13    156    0    549    962    562    198   0.3410    0.024
B-n39-k5 	BT-3   39   13    156    1    549    737    560    305   0.4636    0.020
B-n39-k5 	BT-3   39    7     78    0    549    815    550    104   0.2034    0.002
B-n39-k5 	BT-3   39    7     78    1    549    549    549     78   0.1794    0.000
B-n39-k5 	BT-3   39    3     39    0    549    815    553     50   0.1026    0.007
B-n39-k5 	BT-3   39    3     39    1    549    549    549     39   0.0952    0.000
B-n39-k5 	BT-3   39   13    156    0    549    962    562    233   0.3791    0.024
B-n39-k5 	BT-3   39   13    156    1    549    737    563    270   0.4282    0.026
B-n39-k5 	BT-3   39    7     78    0    549    815    551     86   0.1829    0.004
B-n39-k5 	BT-3   39    7     78    1    549    549    549     78   0.1790    0.000
B-n39-k5 	BT-3   39    3     39    0    549    815    550     54   0.1047    0.002
B-n39-k5 	BT-3   39    3     39    1    549    549    549     39   0.0962    0.000
B-n39-k5 	BT-3   39   13    156    0    549    962    564    195   0.3474    0.027
B-n39-k5 	BT-3   39   13    156    1    549    737    556    317   0.4859    0.013
B-n39-k5 	BT-3   39    7     78    0    549    815    553     83   0.1777    0.007
B-n39-k5 	BT-3   39    7     78    1    549    549    549     78   0.1762    0.000
B-n39-k5 	BT-3   39    3     39    0    549    815    553     44   0.0961    0.007
B-n39-k5 	BT-3   39    3     39    1    549    549    549     39   0.0992    0.000
B-n39-k5 	BT-3   39   13    156    0    549    962    558    241   0.3825    0.016
B-n39-k5 	BT-3   39   13    156    1    549    737    550    241   0.3948    0.002
B-n39-k5 	BT-3   39    7     78    0    549    815    551     86   0.1837    0.004
B-n39-k5 	BT-3   39    7     78    1    549    549    549     78   0.1809    0.000
B-n39-k5 	BT-3   39    3     39    0    549    815    551     47   0.0985    0.004
B-n39-k5 	BT-3   39    3     39    1    549    549    549     39   0.0953    0.000
B-n39-k5 	BT-3   39   13    156    0    549    962    562    382   0.5426    0.024
B-n39-k5 	BT-3   39   13    156    1    549    737    561    209   0.3759    0.022
B-n39-k5 	BT-3   39    7     78    0    549    815    551     86   0.1830    0.004
B-n39-k5 	BT-3   39    7     78    1    549    549    549     78   0.1784    0.000
B-n39-k5 	BT-3   39    3     39    0    549    815    561     49   0.1037    0.022
B-n39-k5 	BT-3   39    3     39    1    549    549    549     39   0.0956    0.000
B-n39-k5 	BT-3   39   13    156    0    549    962    559    292   0.4383    0.018
B-n39-k5 	BT-3   39   13    156    1    549    737    561    265   0.4237    0.022
B-n39-k5 	BT-3   39    7     78    0    549    815    553     83   0.1786    0.007
B-n39-k5 	BT-3   39    7     78    1    549    549    549     78   0.1785    0.000
B-n39-k5 	BT-3   39    3     39    0    549    815    561     48   0.1081    0.022
B-n39-k5 	BT-3   39    3     39    1    549    549    549     39   0.0957    0.000
B-n39-k5 	BT-3   39   13    156    0    549    962    561    228   0.3717    0.022
B-n39-k5 	BT-3   39   13    156    1    549    737    561    215   0.3684    0.022
B-n39-k5 	BT-3   39    7     78    0    549    815    551     86   0.1829    0.004
B-n39-k5 	BT-3   39    7     78    1    549    549    549     78   0.1796    0.000
B-n39-k5 	BT-3   39    3     39    0    549    815    550     61   0.1094    0.002
B-n39-k5 	BT-3   39    3     39    1    549    549    549     39   0.0958    0.000
B-n39-k5 	BT-3   39   13    156    0    549    962    568    220   0.3631    0.035
B-n39-k5 	BT-3   39   13    156    1    549    737    597    177   0.3360    0.087
B-n39-k5 	BT-3   39    7     78    0    549    815    550     88   0.1802    0.002
B-n39-k5 	BT-3   39    7     78    1    549    549    549     78   0.1797    0.000
B-n39-k5 	BT-3   39    3     39    0    549    815    550     50   0.0992    0.002
B-n39-k5 	BT-3   39    3     39    1    549    549    549     39   0.0953    0.000
B-n39-k5 	BT-3   39   13    156    0    549    962    563    227   0.3649    0.026
B-n39-k5 	BT-3   39   13    156    1    549    737    550    316   0.4711    0.002
B-n39-k5 	BT-3   39    7     78    0    549    815    550    128   0.2313    0.002
B-n39-k5 	BT-3   39    7     78    1    549    549    549     78   0.1807    0.000
B-n39-k5 	BT-3   39    3     39    0    549    815    550     52   0.1031    0.002
B-n39-k5 	BT-3   39    3     39    1    549    549    549     39   0.0954    0.000
B-n39-k5 	BT-3   39   13    156    0    549    962    564    209   0.3819    0.027
B-n39-k5 	BT-3   39   13    156    1    549    737    562    261   0.4226    0.024
B-n39-k5 	BT-3   39    7     78    0    549    815    551     86   0.1838    0.004
B-n39-k5 	BT-3   39    7     78    1    549    549    549     78   0.1814    0.000
B-n39-k5 	BT-3   39    3     39    0    549    815    550     52   0.1037    0.002
B-n39-k5 	BT-3   39    3     39    1    549    549    549     39   0.0954    0.000
B-n39-k5 	BT-3   39   13    156    0    549    962    564    252   0.3944    0.027
B-n39-k5 	BT-3   39   13    156    1    549    737    560    247   0.3984    0.020
B-n39-k5 	BT-3   39    7     78    0    549    815    551     86   0.1836    0.004
B-n39-k5 	BT-3   39    7     78    1    549    549    549     78   0.1791    0.000
B-n39-k5 	BT-3   39    3     39    0    549    815    553     44   0.0955    0.007
B-n39-k5 	BT-3   39    3     39    1    549    549    549     39   0.0952    0.000
B-n39-k5 	BT-3   39   13    156    0    549    962    564    246   0.3901    0.027
B-n39-k5 	BT-3   39   13    156    1    549    737    561    235   0.4017    0.022
B-n39-k5 	BT-3   39    7     78    0    549    815    551     86   0.1830    0.004
B-n39-k5 	BT-3   39    7     78    1    549    549    549     78   0.1782    0.000
B-n39-k5 	BT-3   39    3     39    0    549    815    550     50   0.0985    0.002
B-n39-k5 	BT-3   39    3     39    1    549    549    549     39   0.0957    0.000
B-n39-k5 	BT-3   39   13    156    0    549    962    551    453   0.5994    0.004
B-n39-k5 	BT-3   39   13    156    1    549    737    597    177   0.3374    0.087
B-n39-k5 	BT-3   39    7     78    0    549    815    550     89   0.1822    0.002
B-n39-k5 	BT-3   39    7     78    1    549    549    549     78   0.1808    0.000
B-n39-k5 	BT-3   39    3     39    0    549    815    559     43   0.0975    0.018
B-n39-k5 	BT-3   39    3     39    1    549    549    549     39   0.0954    0.000
B-n39-k5 	BT-3   39   13    156    0    549    962    560    386   0.5297    0.020
B-n39-k5 	BT-3   39   13    156    1    549    737    597    177   0.3395    0.087
B-n39-k5 	BT-3   39    7     78    0    549    815    551     87   0.1818    0.004
B-n39-k5 	BT-3   39    7     78    1    549    549    549     78   0.1796    0.000
B-n39-k5 	BT-3   39    3     39    0    549    815    552    110   0.1768    0.005
B-n39-k5 	BT-3   39    3     39    1    549    549    549     39   0.0956    0.000
B-n39-k5 	BT-3   39   13    156    0    549    962    550    237   0.3903    0.002
B-n39-k5 	BT-3   39   13    156    1    549    737    555    278   0.4362    0.011
B-n39-k5 	BT-3   39    7     78    0    549    815    551     86   0.1842    0.004
B-n39-k5 	BT-3   39    7     78    1    549    549    549     78   0.1764    0.000
B-n39-k5 	BT-3   39    3     39    0    549    815    551     47   0.0987    0.004
B-n39-k5 	BT-3   39    3     39    1    549    549    549     39   0.0961    0.000
B-n39-k5 	BT-3   39   13    156    0    549    962    563    210   0.3569    0.026
B-n39-k5 	BT-3   39   13    156    1    549    737    560    221   0.3833    0.020
B-n39-k5 	BT-3   39    7     78    0    549    815    550    155   0.2543    0.002
B-n39-k5 	BT-3   39    7     78    1    549    549    549     78   0.1815    0.000
B-n39-k5 	BT-3   39    3     39    0    549    815    551     47   0.0991    0.004
B-n39-k5 	BT-3   39    3     39    1    549    549    549     39   0.0954    0.000
B-n39-k5 	BT-3   39   13    156    0    549    962    555    197   0.3436    0.011
B-n39-k5 	BT-3   39   13    156    1    549    737    561    269   0.4455    0.022
B-n39-k5 	BT-3   39    7     78    0    549    815    551     86   0.1851    0.004
B-n39-k5 	BT-3   39    7     78    1    549    549    549     78   0.1817    0.000
B-n39-k5 	BT-3   39    3     39    0    549    815    551     47   0.0986    0.004
B-n39-k5 	BT-3   39    3     39    1    549    549    549     39   0.0954    0.000
B-n39-k5 	BT-3   39   13    156    0    549    962    562    229   0.3721    0.024
B-n39-k5 	BT-3   39   13    156    1    549    737    551    222   0.4024    0.004
B-n39-k5 	BT-3   39    7     78    0    549    815    553     89   0.1852    0.007
B-n39-k5 	BT-3   39    7     78    1    549    549    549     78   0.1798    0.000
B-n39-k5 	BT-3   39    3     39    0    549    815    551     47   0.0986    0.004
B-n39-k5 	BT-3   39    3     39    1    549    549    549     39   0.0955    0.000
B-n39-k5 	BT-3   39   13    156    0    549    962    562    223   0.3729    0.024
B-n39-k5 	BT-3   39   13    156    1    549    737    567    232   0.3949    0.033
B-n39-k5 	BT-3   39    7     78    0    549    815    551     86   0.1839    0.004
B-n39-k5 	BT-3   39    7     78    1    549    549    549     78   0.1801    0.000
B-n39-k5 	BT-3   39    3     39    0    549    815    550     52   0.1030    0.002
B-n39-k5 	BT-3   39    3     39    1    549    549    549     39   0.0958    0.000
B-n39-k5 	BT-3   39   13    156    0    549    962    554    363   0.5060    0.009
B-n39-k5 	BT-3   39   13    156    1    549    737    561    226   0.3892    0.022
B-n39-k5 	BT-3   39    7     78    0    549    815    553     83   0.1787    0.007
B-n39-k5 	BT-3   39    7     78    1    549    549    549     78   0.1791    0.000
B-n39-k5 	BT-3   39    3     39    0    549    815    553     44   0.0953    0.007
B-n39-k5 	BT-3   39    3     39    1    549    549    549     39   0.0955    0.000
