P-n55-k7 	BT-1   55   18    220    0    524    837    588    241   1.2813    0.122
P-n55-k7 	BT-1   55   18    220    1    524    715    579    240   1.2751    0.105
P-n55-k7 	BT-1   55    9    110    0    524    736    579    111   3.1756    0.105
P-n55-k7 	BT-1   55    9    110    1    524    579    579    110   3.1716    0.105
P-n55-k7 	BT-1   55   30    110    0    524    736    579    111   9.4989    0.105
P-n55-k7 	BT-1   55   30    110    1    524    579    579    110   9.4895    0.105
P-n55-k7 	BT-2   55   18    220    0    524    837    592    376   1.8652    0.130
P-n55-k7 	BT-2   55   18    220    1    524    715    598    233   1.2596    0.141
P-n55-k7 	BT-2   55    9    110    0    524    832    577    240   4.3450    0.101
P-n55-k7 	BT-2   55    9    110    1    524    592    592    110   3.6777    0.130
P-n55-k7 	BT-2   55   30    110    0    524    808    611    121  11.7690    0.166
P-n55-k7 	BT-2   55   30    110    1    524    577    577    110  11.6883    0.101
P-n55-k7 	BT-3   55   18    220    0    524    837    580    301   1.3968    0.107
P-n55-k7 	BT-3   55   18    220    1    524    715    584    203   1.0276    0.115
P-n55-k7 	BT-3   55    9    110    0    524    828    598    190   3.3221    0.141
P-n55-k7 	BT-3   55    9    110    1    524    580    574     92   2.8689    0.095
P-n55-k7 	BT-3   55   30    110    0    524    845    585    100   9.0561    0.116
P-n55-k7 	BT-3   55   30    110    1    524    574    574     74   8.9826    0.095
P-n55-k7 	BT-3   55   18    220    0    524    837    589    213   1.0223    0.124
P-n55-k7 	BT-3   55   18    220    1    524    715    589    201   0.9995    0.124
P-n55-k7 	BT-3   55    9    110    0    524    845    585    113  29.1970    0.116
P-n55-k7 	BT-3   55    9    110    1    524    574    574     70  29.0116    0.095
P-n55-k7 	BT-3   55   30    110    0    524    845    585     97  87.3275    0.116
P-n55-k7 	BT-3   55   30    110    1    524    574    574     78  87.2606    0.095
P-n55-k7 	BT-3   55   18    220    0    524    837    589    211   0.9590    0.124
P-n55-k7 	BT-3   55   18    220    1    524    715    589    199   1.0008    0.124
P-n55-k7 	BT-3   55    9    110    0    524    845    598    139 264.0654    0.141
P-n55-k7 	BT-3   55    9    110    1    524    574    574     74 263.7879    0.095
P-n55-k7 	BT-3   55   30    110    0    524    845    585     97 791.7233    0.116
P-n55-k7 	BT-3   55   30    110    1    524    574    574     76 791.6647    0.095
P-n55-k7 	BT-3   55   18    220    0    524    837    589    207   0.9219    0.124
P-n55-k7 	BT-3   55   18    220    1    524    715    589    199   1.0366    0.124
P-n55-k7 	BT-3   55    9    110    0    524    845    580    107 -1917.8745    0.107
P-n55-k7 	BT-3   55    9    110    1    524    574    574     75 -1917.9703    0.095
P-n55-k7 	BT-3   55   30    110    0    524    845    585    101 -1458.7596    0.116
P-n55-k7 	BT-3   55   30    110    1    524    574    574     75 -1458.8475    0.095
P-n55-k7 	BT-3   55   18    220    0    524    837    589    204   0.9626    0.124
P-n55-k7 	BT-3   55   18    220    1    524    715    589    202   1.0593    0.124
P-n55-k7 	BT-3   55    9    110    0    524    845    591    112 -79.3223    0.128
P-n55-k7 	BT-3   55    9    110    1    524    574    574     73 -79.4767    0.095
P-n55-k7 	BT-3   55   30    110    0    524    845    585     94 -238.2289    0.116
P-n55-k7 	BT-3   55   30    110    1    524    574    574     74 -238.2616    0.095
P-n55-k7 	BT-3   55   18    220    0    524    837    589    203   0.9809    0.124
P-n55-k7 	BT-3   55   18    220    1    524    715    595    181   0.9050    0.135
P-n55-k7 	BT-3   55    9    110    0    524    845    575    134 -712.6289    0.097
P-n55-k7 	BT-3   55    9    110    1    524    574    574     73 -712.8779    0.095
P-n55-k7 	BT-3   55   30    110    0    524    845    585     98 -2138.3135    0.116
P-n55-k7 	BT-3   55   30    110    1    524    574    574     83 -2138.3352    0.095
P-n55-k7 	BT-3   55   18    220    0    524    837    589    215   1.0338    0.124
P-n55-k7 	BT-3   55   18    220    1    524    715    589    199   1.0036    0.124
P-n55-k7 	BT-3   55    9    110    0    524    845    573    170 -2117.5710    0.094
P-n55-k7 	BT-3   55    9    110    1    524    574    574     78 -2117.9973    0.095
P-n55-k7 	BT-3   55   30    110    0    524    784    589     98 -2058.5520    0.124
P-n55-k7 	BT-3   55   30    110    1    524    573    573     79 -2058.5938    0.094
P-n55-k7 	BT-3   55   18    220    0    524    837    589    209   0.9594    0.124
P-n55-k7 	BT-3   55   18    220    1    524    715    589    196   1.0243    0.124
P-n55-k7 	BT-3   55    9    110    0    524    784    586    153 -1878.4210    0.118
P-n55-k7 	BT-3   55    9    110    1    524    573    573     73 -1878.8230    0.094
P-n55-k7 	BT-3   55   30    110    0    524    784    589     96 -1341.0265    0.124
P-n55-k7 	BT-3   55   30    110    1    524    573    573     73 -1341.0956    0.094
P-n55-k7 	BT-3   55   18    220    0    524    837    589    212   0.9593    0.124
P-n55-k7 	BT-3   55   18    220    1    524    715    589    201   1.0582    0.124
P-n55-k7 	BT-3   55    9    110    0    524    784    579    133 274.0133    0.105
P-n55-k7 	BT-3   55    9    110    1    524    573    573     78 273.7876    0.094
P-n55-k7 	BT-3   55   30    110    0    524    784    589     98 821.6461    0.124
P-n55-k7 	BT-3   55   30    110    1    524    573    573     81 821.6051    0.094
P-n55-k7 	BT-3   55   18    220    0    524    837    589    207   0.9594    0.124
P-n55-k7 	BT-3   55   18    220    1    524    715    590    189   0.9850    0.126
P-n55-k7 	BT-3   55    9    110    0    524    784    591    100 -1828.1028    0.128
P-n55-k7 	BT-3   55    9    110    1    524    573    573     74 -1828.1901    0.094
P-n55-k7 	BT-3   55   30    110    0    524    784    589    100 -1189.4520    0.124
P-n55-k7 	BT-3   55   30    110    1    524    573    573     84 -1189.4773    0.094
P-n55-k7 	BT-3   55   18    220    0    524    837    589    208   0.9457    0.124
P-n55-k7 	BT-3   55   18    220    1    524    715    589    199   1.0277    0.124
P-n55-k7 	BT-3   55    9    110    0    524    784    586    106 728.6183    0.118
P-n55-k7 	BT-3   55    9    110    1    524    573    573     77 728.5001    0.094
P-n55-k7 	BT-3   55   30    110    0    524    784    589    104 -2109.2615    0.124
P-n55-k7 	BT-3   55   30    110    1    524    573    573     79 -2109.3354    0.094
P-n55-k7 	BT-3   55   18    220    0    524    837    577    378   1.8990    0.101
P-n55-k7 	BT-3   55   18    220    1    524    715    589    208   1.0679    0.124
P-n55-k7 	BT-3   55    9    110    0    524    784    576    178 -2029.5105    0.099
P-n55-k7 	BT-3   55    9    110    1    524    573    573     78 -2029.9957    0.094
P-n55-k7 	BT-3   55   30    110    0    524    784    589    101 -1794.4805    0.124
P-n55-k7 	BT-3   55   30    110    1    524    573    573     75 -1794.5564    0.094
P-n55-k7 	BT-3   55   18    220    0    524    837    589    211   0.9932    0.124
P-n55-k7 	BT-3   55   18    220    1    524    715    589    200   1.0348    0.124
P-n55-k7 	BT-3   55    9    110    0    524    784    573    143 -1086.2750    0.094
P-n55-k7 	BT-3   55    9    110    1    524    573    573     73 -1086.6125    0.094
P-n55-k7 	BT-3   55   30    110    0    524    784    589     97 1035.5308    0.124
P-n55-k7 	BT-3   55   30    110    1    524    573    573     82 1035.5150    0.094
P-n55-k7 	BT-3   55   18    220    0    524    837    589    210   0.9834    0.124
P-n55-k7 	BT-3   55   18    220    1    524    715    589    192   0.9681    0.124
P-n55-k7 	BT-3   55    9    110    0    524    784    579    118 -1186.3040    0.105
P-n55-k7 	BT-3   55    9    110    1    524    573    573     74 -1186.4980    0.094
P-n55-k7 	BT-3   55   30    110    0    524    784    589    103 735.7694    0.124
P-n55-k7 	BT-3   55   30    110    1    524    573    573     74 735.6713    0.094
P-n55-k7 	BT-3   55   18    220    0    524    837    589    205   0.9662    0.124
P-n55-k7 	BT-3   55   18    220    1    524    715    583    204   1.0650    0.113
P-n55-k7 	BT-3   55    9    110    0    524    784    577    125 -2085.6052    0.101
P-n55-k7 	BT-3   55    9    110    1    524    573    573     75 -2085.7925    0.094
P-n55-k7 	BT-3   55   30    110    0    524    784    589    101 -1962.1659    0.124
P-n55-k7 	BT-3   55   30    110    1    524    573    573     79 -1962.2229    0.094
P-n55-k7 	BT-3   55   18    220    0    524    837    589    211   1.0089    0.124
P-n55-k7 	BT-3   55   18    220    1    524    715    589    199   1.0167    0.124
P-n55-k7 	BT-3   55    9    110    0    524    784    586    104 -1589.5530    0.118
P-n55-k7 	BT-3   55    9    110    1    524    573    573     76 -1589.6393    0.094
P-n55-k7 	BT-3   55   30    110    0    524    784    589     96 -473.8246    0.124
P-n55-k7 	BT-3   55   30    110    1    524    573    573     79 -473.8492    0.094
P-n55-k7 	BT-3   55   18    220    0    524    837    578    212   0.9576    0.103
P-n55-k7 	BT-3   55   18    220    1    524    715    589    193   1.0012    0.124
P-n55-k7 	BT-3   55    9    110    0    524    784    577    114 -1419.4500    0.101
P-n55-k7 	BT-3   55    9    110    1    524    573    573     76 -1419.5818    0.094
P-n55-k7 	BT-3   55   30    110    0    524    784    589    101  36.4295    0.124
P-n55-k7 	BT-3   55   30    110    1    524    573    573     79  36.3652    0.094
P-n55-k7 	BT-3   55   18    220    0    524    837    589    200   0.9639    0.124
P-n55-k7 	BT-3   55   18    220    1    524    715    589    194   1.0006    0.124
P-n55-k7 	BT-3   55    9    110    0    524    784    577    158 111.5114    0.101
P-n55-k7 	BT-3   55    9    110    1    524    573    573     77 111.1138    0.094
P-n55-k7 	BT-3   55   30    110    0    524    784    613     91 333.7869    0.170
P-n55-k7 	BT-3   55   30    110    1    524    573    573     78 333.7468    0.094
P-n55-k7 	BT-3   55   18    220    0    524    837    589    212   0.9796    0.124
P-n55-k7 	BT-3   55   18    220    1    524    715    589    201   1.0451    0.124
P-n55-k7 	BT-3   55    9    110    0    524    784    576    122 1003.4916    0.099
P-n55-k7 	BT-3   55    9    110    1    524    573    573     84 1003.3325    0.094
P-n55-k7 	BT-3   55   30    110    0    524    784    595     89 -1284.8219    0.135
P-n55-k7 	BT-3   55   30    110    1    524    573    573     79 -1284.8042    0.094
P-n55-k7 	BT-3   55   18    220    0    524    837    589    204   0.9296    0.124
P-n55-k7 	BT-3   55   18    220    1    524    715    589    207   1.0683    0.124
P-n55-k7 	BT-3   55    9    110    0    524    784    576    143 442.7764    0.099
P-n55-k7 	BT-3   55    9    110    1    524    573    573     71 442.4680    0.094
P-n55-k7 	BT-3   55   30    110    0    524    784    592    102 1327.8308    0.130
P-n55-k7 	BT-3   55   30    110    1    524    573    573     81 1327.7686    0.094
P-n55-k7 	BT-3   55   18    220    0    524    837    594    323   1.5841    0.134
P-n55-k7 	BT-3   55   18    220    1    524    715    589    203   1.0382    0.124
P-n55-k7 	BT-3   55    9    110    0    524    784    578    171 -308.5355    0.103
P-n55-k7 	BT-3   55    9    110    1    524    573    573     72 -309.0305    0.094
P-n55-k7 	BT-3   55   30    110    0    524    784    589    104 -926.4858    0.124
P-n55-k7 	BT-3   55   30    110    1    524    573    573     75 -926.5745    0.094
P-n55-k7 	BT-3   55   18    220    0    524    837    589    202   0.9652    0.124
P-n55-k7 	BT-3   55   18    220    1    524    715    589    193   0.9568    0.124
P-n55-k7 	BT-3   55    9    110    0    524    784    586    123 1517.4602    0.118
P-n55-k7 	BT-3   55    9    110    1    524    573    573     74 1517.2393    0.094
P-n55-k7 	BT-3   55   30    110    0    524    784    589    102 257.0562    0.124
P-n55-k7 	BT-3   55   30    110    1    524    573    573     81 257.0078    0.094
P-n55-k7 	BT-3   55   18    220    0    524    837    589    207   0.9447    0.124
P-n55-k7 	BT-3   55   18    220    1    524    715    589    191   0.9637    0.124
P-n55-k7 	BT-3   55    9    110    0    524    784    579    147 773.2691    0.105
P-n55-k7 	BT-3   55    9    110    1    524    573    573     76 772.9568    0.094
P-n55-k7 	BT-3   55   30    110    0    524    784    589     92 -1975.7563    0.124
P-n55-k7 	BT-3   55   30    110    1    524    573    573     75 -1975.7896    0.094
P-n55-k7 	BT-3   55   18    220    0    524    837    589    203   0.9385    0.124
P-n55-k7 	BT-3   55   18    220    1    524    715    589    193   0.9761    0.124
P-n55-k7 	BT-3   55    9    110    0    524    784    578    208 -1629.8616    0.103
P-n55-k7 	BT-3   55    9    110    1    524    573    573     77 -1630.4454    0.094
P-n55-k7 	BT-3   55   30    110    0    524    784    589    103 -595.7020    0.124
P-n55-k7 	BT-3   55   30    110    1    524    573    573     77 -595.7782    0.094
P-n55-k7 	BT-3   55   18    220    0    524    837    589    211   1.0069    0.124
P-n55-k7 	BT-3   55   18    220    1    524    715    589    195   1.0218    0.124
P-n55-k7 	BT-3   55    9    110    0    524    784    591     96 -1785.1936    0.128
P-n55-k7 	BT-3   55    9    110    1    524    573    573     72 -1785.2631    0.094
P-n55-k7 	BT-3   55   30    110    0    524    784    589     97 -1060.6541    0.124
P-n55-k7 	BT-3   55   30    110    1    524    573    573     78 -1060.7178    0.094
P-n55-k7 	BT-3   55   18    220    0    524    837    570    322   1.5649    0.088
P-n55-k7 	BT-3   55   18    220    1    524    715    589    201   1.0072    0.124
P-n55-k7 	BT-3   55    9    110    0    524    607    571     80 1115.4846    0.090
P-n55-k7 	BT-3   55    9    110    1    524    570    570     80 1115.4902    0.088
P-n55-k7 	BT-3   55   30    110    0    524    607    571     77 -948.5082    0.090
P-n55-k7 	BT-3   55   30    110    1    524    570    570     76 -948.5389    0.088
P-n55-k7 	BT-3   55   18    220    0    524    837    589    212   1.0478    0.124
P-n55-k7 	BT-3   55   18    220    1    524    715    590    191   0.9707    0.126
P-n55-k7 	BT-3   55    9    110    0    524    607    571     76 1451.4303    0.090
P-n55-k7 	BT-3   55    9    110    1    524    570    570     85 1451.4564    0.088
P-n55-k7 	BT-3   55   30    110    0    524    607    571     77  59.3396    0.090
P-n55-k7 	BT-3   55   30    110    1    524    570    570     74  59.3064    0.088
P-n55-k7 	BT-3   55   18    220    0    524    837    589    216   1.0138    0.124
P-n55-k7 	BT-3   55   18    220    1    524    715    589    198   1.0374    0.124
P-n55-k7 	BT-3   55    9    110    0    524    607    571     80 180.0656    0.090
P-n55-k7 	BT-3   55    9    110    1    524    570    570     76 180.0239    0.088
P-n55-k7 	BT-3   55   30    110    0    524    607    571     79 540.1227    0.090
P-n55-k7 	BT-3   55   30    110    1    524    570    570     79 540.1065    0.088
P-n55-k7 	BT-3   55   18    220    0    524    837    589    204   0.9487    0.124
P-n55-k7 	BT-3   55   18    220    1    524    715    589    201   1.0200    0.124
P-n55-k7 	BT-3   55    9    110    0    524    607    571     87 1622.4027    0.090
P-n55-k7 	BT-3   55    9    110    1    524    570    570     77 1622.3018    0.088
P-n55-k7 	BT-3   55   30    110    0    524    607    571     81 572.0698    0.090
P-n55-k7 	BT-3   55   30    110    1    524    570    570     81 572.0618    0.088
P-n55-k7 	BT-3   55   18    220    0    524    837    589    205   0.9420    0.124
P-n55-k7 	BT-3   55   18    220    1    524    715    589    201   1.0431    0.124
P-n55-k7 	BT-3   55    9    110    0    524    607    571     79 1718.2028    0.090
P-n55-k7 	BT-3   55    9    110    1    524    570    570     77 1718.1565    0.088
P-n55-k7 	BT-3   55   30    110    0    524    607    571     79 859.5723    0.090
P-n55-k7 	BT-3   55   30    110    1    524    570    570     80 859.5646    0.088
P-n55-k7 	BT-3   55   18    220    0    524    837    589    207   0.9684    0.124
P-n55-k7 	BT-3   55   18    220    1    524    715    589    194   0.9575    0.124
P-n55-k7 	BT-3   55    9    110    0    524    607    571     79 -1714.3002    0.090
P-n55-k7 	BT-3   55    9    110    1    524    570    570     76 -1714.3433    0.088
P-n55-k7 	BT-3   55   30    110    0    524    607    571     78 -848.0175    0.090
P-n55-k7 	BT-3   55   30    110    1    524    570    570     80 -848.0087    0.088
P-n55-k7 	BT-3   55   18    220    0    524    837    589    205   0.9337    0.124
P-n55-k7 	BT-3   55   18    220    1    524    715    589    196   0.9635    0.124
P-n55-k7 	BT-3   55    9    110    0    524    607    571     79 1752.8367    0.090
P-n55-k7 	BT-3   55    9    110    1    524    570    570     80 1752.8253    0.088
P-n55-k7 	BT-3   55   30    110    0    524    607    571     79 963.5370    0.090
P-n55-k7 	BT-3   55   30    110    1    524    570    570     80 963.5144    0.088
P-n55-k7 	BT-3   55   18    220    0    524    837    589    215   0.9909    0.124
P-n55-k7 	BT-3   55   18    220    1    524    715    595    195   1.0252    0.135
P-n55-k7 	BT-3   55    9    110    0    524    607    570    129 -1402.0837    0.088
P-n55-k7 	BT-3   55    9    110    1    524    570    570     79 -1402.3767    0.088
P-n55-k7 	BT-3   55   30    110    0    524    607    571     74  88.1106    0.090
P-n55-k7 	BT-3   55   30    110    1    524    570    570     78  88.1314    0.088
P-n55-k7 	BT-3   55   18    220    0    524    837    585    217   0.9838    0.116
P-n55-k7 	BT-3   55   18    220    1    524    715    589    199   1.0181    0.124
P-n55-k7 	BT-3   55    9    110    0    524    607    571     79 266.3770    0.090
P-n55-k7 	BT-3   55    9    110    1    524    570    570     72 266.3446    0.088
P-n55-k7 	BT-3   55   30    110    0    524    607    571     85 799.1505    0.090
P-n55-k7 	BT-3   55   30    110    1    524    570    570     74 799.1037    0.088
P-n55-k7 	BT-3   55   18    220    0    524    837    589    211   0.9558    0.124
P-n55-k7 	BT-3   55   18    220    1    524    715    589    197   1.0271    0.124
P-n55-k7 	BT-3   55    9    110    0    524    607    571     76 -1895.6324    0.090
P-n55-k7 	BT-3   55    9    110    1    524    570    570     77 -1895.6539    0.088
P-n55-k7 	BT-3   55   30    110    0    524    607    571     77 -1391.9536    0.090
P-n55-k7 	BT-3   55   30    110    1    524    570    570     78 -1391.9783    0.088
P-n55-k7 	BT-3   55   18    220    0    524    837    589    209   0.9825    0.124
P-n55-k7 	BT-3   55   18    220    1    524    715    589    200   1.0205    0.124
P-n55-k7 	BT-3   55    9    110    0    524    607    571     82 121.1044    0.090
P-n55-k7 	BT-3   55    9    110    1    524    570    570     75 121.0435    0.088
P-n55-k7 	BT-3   55   30    110    0    524    607    571     77 363.2244    0.090
P-n55-k7 	BT-3   55   30    110    1    524    570    570     70 363.1904    0.088
P-n55-k7 	BT-3   55   18    220    0    524    837    589    206   0.9293    0.124
P-n55-k7 	BT-3   55   18    220    1    524    715    589    199   1.0004    0.124
P-n55-k7 	BT-3   55    9    110    0    524    607    570     93 1091.6686    0.088
P-n55-k7 	BT-3   55    9    110    1    524    570    570     75 1091.5441    0.088
P-n55-k7 	BT-3   55   30    110    0    524    607    571     76 -1020.1658    0.090
P-n55-k7 	BT-3   55   30    110    1    524    570    570     80 -1020.1528    0.088
P-n55-k7 	BT-3   55   18    220    0    524    837    589    205   0.9498    0.124
P-n55-k7 	BT-3   55   18    220    1    524    715    595    184   0.9215    0.135
P-n55-k7 	BT-3   55    9    110    0    524    607    571     81 1236.3737    0.090
P-n55-k7 	BT-3   55    9    110    1    524    570    570     79 1236.3584    0.088
P-n55-k7 	BT-3   55   30    110    0    524    607    571     81 -585.8544    0.090
P-n55-k7 	BT-3   55   30    110    1    524    570    570     77 -585.9035    0.088
P-n55-k7 	BT-3   55   18    220    0    524    837    589    201   0.9651    0.124
P-n55-k7 	BT-3   55   18    220    1    524    715    589    203   1.0602    0.124
P-n55-k7 	BT-3   55    9    110    0    524    607    570    126 -1755.3793    0.088
P-n55-k7 	BT-3   55    9    110    1    524    570    570     74 -1755.6562    0.088
P-n55-k7 	BT-3   55   30    110    0    524    607    571     75 -971.7148    0.090
P-n55-k7 	BT-3   55   30    110    1    524    570    570     78 -971.7100    0.088
P-n55-k7 	BT-3   55   18    220    0    524    837    589    211   0.9866    0.124
P-n55-k7 	BT-3   55   18    220    1    524    715    595    191   0.9673    0.135
P-n55-k7 	BT-3   55    9    110    0    524    607    571     77 1381.8221    0.090
P-n55-k7 	BT-3   55    9    110    1    524    570    570     77 1381.7910    0.088
P-n55-k7 	BT-3   55   30    110    0    524    607    571     79 -149.5325    0.090
P-n55-k7 	BT-3   55   30    110    1    524    570    570     74 -149.5874    0.088
P-n55-k7 	BT-3   55   18    220    0    524    837    589    204   0.9573    0.124
P-n55-k7 	BT-3   55   18    220    1    524    715    589    197   0.9852    0.124
P-n55-k7 	BT-3   55    9    110    0    524    607    571     77 -446.6964    0.090
P-n55-k7 	BT-3   55    9    110    1    524    570    570     77 -446.7438    0.088
P-n55-k7 	BT-3   55   30    110    0    524    607    571     80 -1340.1321    0.090
P-n55-k7 	BT-3   55   30    110    1    524    570    570     77 -1340.1592    0.088
P-n55-k7 	BT-3   55   18    220    0    524    837    589    205   0.9565    0.124
P-n55-k7 	BT-3   55   18    220    1    524    715    590    192   0.9951    0.126
P-n55-k7 	BT-3   55    9    110    0    524    607    571     79 276.4734    0.090
P-n55-k7 	BT-3   55    9    110    1    524    570    570     77 276.4283    0.088
P-n55-k7 	BT-3   55   30    110    0    524    607    571     75 829.3507    0.090
P-n55-k7 	BT-3   55   30    110    1    524    570    570     76 829.3528    0.088
P-n55-k7 	BT-3   55   18    220    0    524    837    595    303   1.4573    0.135
P-n55-k7 	BT-3   55   18    220    1    524    715    580    201   1.0079    0.107
P-n55-k7 	BT-3   55    9    110    0    524    607    571     79 -1804.4211    0.090
P-n55-k7 	BT-3   55    9    110    1    524    570    570     77 -1804.4338    0.088
P-n55-k7 	BT-3   55   30    110    0    524    607    571     80 -1118.3151    0.090
P-n55-k7 	BT-3   55   30    110    1    524    570    570     76 -1118.3452    0.088
P-n55-k7 	BT-3   55   18    220    0    524    837    589    208   0.9418    0.124
P-n55-k7 	BT-3   55   18    220    1    524    715    589    197   0.9821    0.124
P-n55-k7 	BT-3   55    9    110    0    524    607    571     77 941.9344    0.090
P-n55-k7 	BT-3   55    9    110    1    524    570    570     79 941.9036    0.088
P-n55-k7 	BT-3   55   30    110    0    524    607    571     78 -1469.2136    0.090
P-n55-k7 	BT-3   55   30    110    1    524    570    570     78 -1469.2412    0.088
P-n55-k7 	BT-3   55   18    220    0    524    837    589    210   1.0056    0.124
P-n55-k7 	BT-3   55   18    220    1    524    715    589    206   1.0711    0.124
P-n55-k7 	BT-3   55    9    110    0    524    607    571     77 -110.6274    0.090
P-n55-k7 	BT-3   55    9    110    1    524    570    570     76 -110.6510    0.088
P-n55-k7 	BT-3   55   30    110    0    524    607    571     76 -331.9149    0.090
P-n55-k7 	BT-3   55   30    110    1    524    570    570     86 -331.8994    0.088
P-n55-k7 	BT-3   55   18    220    0    524    837    589    204   0.9690    0.124
P-n55-k7 	BT-3   55   18    220    1    524    715    589    194   1.0069    0.124
P-n55-k7 	BT-3   55    9    110    0    524    607    571     79 -993.7108    0.090
P-n55-k7 	BT-3   55    9    110    1    524    570    570     80 -993.7467    0.088
P-n55-k7 	BT-3   55   30    110    0    524    607    571     79 1313.7688    0.090
P-n55-k7 	BT-3   55   30    110    1    524    570    570     77 1313.7565    0.088
P-n55-k7 	BT-3   55   18    220    0    524    837    589    198   0.9355    0.124
P-n55-k7 	BT-3   55   18    220    1    524    715    595    195   0.9783    0.135
P-n55-k7 	BT-3   55    9    110    0    524    607    571     71 -351.8093    0.090
P-n55-k7 	BT-3   55    9    110    1    524    570    570     81 -351.7448    0.088
P-n55-k7 	BT-3   55   30    110    0    524    607    571     75 -1055.3411    0.090
P-n55-k7 	BT-3   55   30    110    1    524    570    570     78 -1055.3385    0.088
P-n55-k7 	BT-3   55   18    220    0    524    837    589    207   0.9431    0.124
P-n55-k7 	BT-3   55   18    220    1    524    715    598    214   1.0059    0.141
P-n55-k7 	BT-3   55    9    110    0    524    607    574     76 1130.9071    0.095
P-n55-k7 	BT-3   55    9    110    1    524    570    570     80 1130.9235    0.088
P-n55-k7 	BT-3   55   30    110    0    524    607    571     76 -902.2126    0.090
P-n55-k7 	BT-3   55   30    110    1    524    570    570     75 -902.2509    0.088
P-n55-k7 	BT-3   55   18    220    0    524    837    603    260   1.2576    0.151
P-n55-k7 	BT-3   55   18    220    1    524    715    589    194   0.9648    0.124
P-n55-k7 	BT-3   55    9    110    0    524    607    571     74 1590.4895    0.090
P-n55-k7 	BT-3   55    9    110    1    524    570    570     79 1590.4850    0.088
P-n55-k7 	BT-3   55   30    110    0    524    607    571     78 476.5050    0.090
P-n55-k7 	BT-3   55   30    110    1    524    570    570     81 476.5052    0.088
P-n55-k7 	BT-3   55   18    220    0    524    837    589    211   1.0302    0.124
P-n55-k7 	BT-3   55   18    220    1    524    715    589    189   0.9566    0.124
P-n55-k7 	BT-3   55    9    110    0    524    607    570     95 1431.5999    0.088
P-n55-k7 	BT-3   55    9    110    1    524    570    570     76 1431.5009    0.088
P-n55-k7 	BT-3   55   30    110    0    524    607    571     79  -0.3291    0.090
P-n55-k7 	BT-3   55   30    110    1    524    570    570     79  -0.3559    0.088
P-n55-k7 	BT-3   55   18    220    0    524    837    589    207   0.9411    0.124
P-n55-k7 	BT-3   55   18    220    1    524    715    589    203   1.0155    0.124
P-n55-k7 	BT-3   55    9    110    0    524    607    571     79   0.9314    0.090
P-n55-k7 	BT-3   55    9    110    1    524    570    570     77   0.9164    0.088
P-n55-k7 	BT-3   55   30    110    0    524    607    571     76   2.7566    0.090
P-n55-k7 	BT-3   55   30    110    1    524    570    570     75   2.7378    0.088
P-n55-k7 	BT-3   55   18    220    0    524    837    589    209   0.9956    0.124
P-n55-k7 	BT-3   55   18    220    1    524    715    589    196   0.9850    0.124
P-n55-k7 	BT-3   55    9    110    0    524    607    571     81  10.2588    0.090
P-n55-k7 	BT-3   55    9    110    1    524    570    570     75  10.2061    0.088
P-n55-k7 	BT-3   55   30    110    0    524    607    571     79  30.6944    0.090
P-n55-k7 	BT-3   55   30    110    1    524    570    570     76  30.6672    0.088
P-n55-k7 	BT-3   55   18    220    0    524    837    568    307   1.4784    0.084
P-n55-k7 	BT-3   55   18    220    1    524    715    589    200   1.0503    0.124
P-n55-k7 	BT-3   55    9    110    0    524    678    568    136  94.8858    0.084
P-n55-k7 	BT-3   55    9    110    1    524    568    568     78  94.5606    0.084
P-n55-k7 	BT-3   55   30    110    0    524    678    577     87 284.0508    0.101
P-n55-k7 	BT-3   55   30    110    1    524    568    568     82 284.0267    0.084
P-n55-k7 	BT-3   55   18    220    0    524    837    589    207   0.9690    0.124
P-n55-k7 	BT-3   55   18    220    1    524    715    589    202   1.0382    0.124
P-n55-k7 	BT-3   55    9    110    0    524    678    577     86 854.1113    0.101
P-n55-k7 	BT-3   55    9    110    1    524    568    568     82 854.1110    0.084
P-n55-k7 	BT-3   55   30    110    0    524    678    577     88 -1732.6073    0.101
P-n55-k7 	BT-3   55   30    110    1    524    568    568     79 -1732.6543    0.084
P-n55-k7 	BT-3   55   18    220    0    524    837    589    206   0.9164    0.124
P-n55-k7 	BT-3   55   18    220    1    524    715    589    201   1.0241    0.124
P-n55-k7 	BT-3   55    9    110    0    524    678    570    133 -900.7638    0.088
P-n55-k7 	BT-3   55    9    110    1    524    568    568     81 -900.9948    0.084
P-n55-k7 	BT-3   55   30    110    0    524    678    577     93 1592.2693    0.101
P-n55-k7 	BT-3   55   30    110    1    524    568    568     75 1592.1810    0.084
P-n55-k7 	BT-3   55   18    220    0    524    837    589    212   0.9941    0.124
P-n55-k7 	BT-3   55   18    220    1    524    715    595    190   0.9989    0.135
P-n55-k7 	BT-3   55    9    110    0    524    678    577     87 483.7109    0.101
P-n55-k7 	BT-3   55    9    110    1    524    568    568     76 483.6648    0.084
P-n55-k7 	BT-3   55   30    110    0    524    678    577     87 1451.0875    0.101
P-n55-k7 	BT-3   55   30    110    1    524    568    568     81 1451.0780    0.084
P-n55-k7 	BT-3   55   18    220    0    524    837    584    204   0.9130    0.115
P-n55-k7 	BT-3   55   18    220    1    524    715    589    193   0.9944    0.124
P-n55-k7 	BT-3   55    9    110    0    524    678    577     80  60.1503    0.101
P-n55-k7 	BT-3   55    9    110    1    524    568    568     77  60.1586    0.084
P-n55-k7 	BT-3   55   30    110    0    524    678    577     84 180.4774    0.101
P-n55-k7 	BT-3   55   30    110    1    524    568    568     75 180.4508    0.084
P-n55-k7 	BT-3   55   18    220    0    524    837    589    207   0.9367    0.124
P-n55-k7 	BT-3   55   18    220    1    524    715    590    187   0.9610    0.126
P-n55-k7 	BT-3   55    9    110    0    524    678    577     82 543.2933    0.101
P-n55-k7 	BT-3   55    9    110    1    524    568    568     76 543.2821    0.084
P-n55-k7 	BT-3   55   30    110    0    524    678    577     86 1629.8860    0.101
P-n55-k7 	BT-3   55   30    110    1    524    568    568     75 1629.8630    0.084
P-n55-k7 	BT-3   55   18    220    0    524    837    573    272   1.2404    0.094
P-n55-k7 	BT-3   55   18    220    1    524    715    589    195   0.9917    0.124
P-n55-k7 	BT-3   55    9    110    0    524    678    577     85 596.8907    0.101
P-n55-k7 	BT-3   55    9    110    1    524    568    568     78 596.8804    0.084
P-n55-k7 	BT-3   55   30    110    0    524    678    577     82 1790.6681    0.101
P-n55-k7 	BT-3   55   30    110    1    524    568    568     76 1790.6438    0.084
P-n55-k7 	BT-3   55   18    220    0    524    837    589    214   0.9804    0.124
P-n55-k7 	BT-3   55   18    220    1    524    715    589    189   0.9434    0.124
P-n55-k7 	BT-3   55    9    110    0    524    678    577     86 1078.9684    0.101
P-n55-k7 	BT-3   55    9    110    1    524    568    568     78 1078.9249    0.084
P-n55-k7 	BT-3   55   30    110    0    524    678    577     96 -1058.0831    0.101
P-n55-k7 	BT-3   55   30    110    1    524    568    568     77 -1058.1588    0.084
P-n55-k7 	BT-3   55   18    220    0    524    837    589    199   0.9041    0.124
P-n55-k7 	BT-3   55   18    220    1    524    715    589    199   1.0030    0.124
P-n55-k7 	BT-3   55    9    110    0    524    678    577     81 1122.4943    0.101
P-n55-k7 	BT-3   55    9    110    1    524    568    568     75 1122.4648    0.084
P-n55-k7 	BT-3   55   30    110    0    524    678    577     84 -927.5134    0.101
P-n55-k7 	BT-3   55   30    110    1    524    568    568     79 -927.5210    0.084
P-n55-k7 	BT-3   55   18    220    0    524    837    589    202   0.9311    0.124
P-n55-k7 	BT-3   55   18    220    1    524    715    589    196   0.9724    0.124
P-n55-k7 	BT-3   55    9    110    0    524    678    574    140 1514.5970    0.095
P-n55-k7 	BT-3   55    9    110    1    524    568    568     78 1514.3129    0.084
P-n55-k7 	BT-3   55   30    110    0    524    678    577     89 248.2937    0.101
P-n55-k7 	BT-3   55   30    110    1    524    568    568     84 248.2785    0.084
P-n55-k7 	BT-3   55   18    220    0    524    837    573    311   1.4517    0.094
P-n55-k7 	BT-3   55   18    220    1    524    715    589    197   1.0225    0.124
P-n55-k7 	BT-3   55    9    110    0    524    678    577     91 747.3439    0.101
P-n55-k7 	BT-3   55    9    110    1    524    568    568     79 747.2992    0.084
P-n55-k7 	BT-3   55   30    110    0    524    678    577     90 -2052.9790    0.101
P-n55-k7 	BT-3   55   30    110    1    524    568    568     75 -2053.0410    0.084
P-n55-k7 	BT-3   55   18    220    0    524    837    589    216   1.0237    0.124
P-n55-k7 	BT-3   55   18    220    1    524    715    589    197   1.0010    0.124
P-n55-k7 	BT-3   55    9    110    0    524    678    577     84 -1861.9988    0.101
P-n55-k7 	BT-3   55    9    110    1    524    568    568     80 -1862.0477    0.084
P-n55-k7 	BT-3   55   30    110    0    524    678    577     89 -1291.0934    0.101
P-n55-k7 	BT-3   55   30    110    1    524    568    568     72 -1291.1582    0.084
P-n55-k7 	BT-3   55   18    220    0    524    837    589    212   0.9949    0.124
P-n55-k7 	BT-3   55   18    220    1    524    715    589    192   0.9857    0.124
P-n55-k7 	BT-3   55    9    110    0    524    678    568    143 423.9116    0.084
P-n55-k7 	BT-3   55    9    110    1    524    568    568     70 423.5300    0.084
P-n55-k7 	BT-3   55   30    110    0    524    678    577     85 1271.0195    0.101
P-n55-k7 	BT-3   55   30    110    1    524    568    568     85 1271.0452    0.084
P-n55-k7 	BT-3   55   18    220    0    524    837    592    209   0.9725    0.130
P-n55-k7 	BT-3   55   18    220    1    524    715    589    202   1.0090    0.124
P-n55-k7 	BT-3   55    9    110    0    524    678    577     83 -479.8636    0.101
P-n55-k7 	BT-3   55    9    110    1    524    568    568     75 -479.9319    0.084
P-n55-k7 	BT-3   55   30    110    0    524    678    576     95 -1439.6302    0.099
P-n55-k7 	BT-3   55   30    110    1    524    568    568     76 -1439.7131    0.084
P-n55-k7 	BT-3   55   18    220    0    524    837    589    217   1.0314    0.124
P-n55-k7 	BT-3   55   18    220    1    524    715    603    194   0.9575    0.151
P-n55-k7 	BT-3   55    9    110    0    524    678    577     89 -22.0614    0.101
P-n55-k7 	BT-3   55    9    110    1    524    568    568     79 -22.0867    0.084
P-n55-k7 	BT-3   55   30    110    0    524    678    577     90 -66.1984    0.101
P-n55-k7 	BT-3   55   30    110    1    524    568    568     78 -66.2380    0.084
P-n55-k7 	BT-3   55   18    220    0    524    837    589    211   0.9664    0.124
P-n55-k7 	BT-3   55   18    220    1    524    715    589    202   1.0781    0.124
P-n55-k7 	BT-3   55    9    110    0    524    678    569    115 -196.4562    0.086
P-n55-k7 	BT-3   55    9    110    1    524    568    568     77 -196.6459    0.084
P-n55-k7 	BT-3   55   30    110    0    524    678    577     89 -589.6910    0.101
P-n55-k7 	BT-3   55   30    110    1    524    568    568     79 -589.7366    0.084
P-n55-k7 	BT-3   55   18    220    0    524    837    589    211   0.9818    0.124
P-n55-k7 	BT-3   55   18    220    1    524    715    589    200   1.0340    0.124
P-n55-k7 	BT-3   55    9    110    0    524    678    577     91 -1767.1028    0.101
P-n55-k7 	BT-3   55    9    110    1    524    568    568     77 -1767.1553    0.084
P-n55-k7 	BT-3   55   30    110    0    524    678    577     87 -1006.4227    0.101
P-n55-k7 	BT-3   55   30    110    1    524    568    568     72 -1006.4778    0.084
P-n55-k7 	BT-3   55   18    220    0    524    837    589    208   0.9636    0.124
P-n55-k7 	BT-3   55   18    220    1    524    715    589    206   1.0459    0.124
P-n55-k7 	BT-3   55    9    110    0    524    678    577     88 1277.6941    0.101
P-n55-k7 	BT-3   55    9    110    1    524    568    568     71 1277.5969    0.084
P-n55-k7 	BT-3   55   30    110    0    524    678    577     86 -462.0144    0.101
P-n55-k7 	BT-3   55   30    110    1    524    568    568     77 -462.0445    0.084
P-n55-k7 	BT-3   55   18    220    0    524    837    589    204   0.9295    0.124
P-n55-k7 	BT-3   55   18    220    1    524    715    589    193   0.9970    0.124
P-n55-k7 	BT-3   55    9    110    0    524    678    577     91 -1384.1101    0.101
P-n55-k7 	BT-3   55    9    110    1    524    568    568     75 -1384.1932    0.084
P-n55-k7 	BT-3   55   30    110    0    524    678    577     85 142.5029    0.101
P-n55-k7 	BT-3   55   30    110    1    524    568    568     75 142.4766    0.084
P-n55-k7 	BT-3   55   18    220    0    524    837    589    210   0.9798    0.124
P-n55-k7 	BT-3   55   18    220    1    524    715    589    201   1.0341    0.124
P-n55-k7 	BT-3   55    9    110    0    524    678    576    141 429.8294    0.099
P-n55-k7 	BT-3   55    9    110    1    524    568    568     76 429.4707    0.084
P-n55-k7 	BT-3   55   30    110    0    524    678    577     90 1288.8214    0.101
P-n55-k7 	BT-3   55   30    110    1    524    568    568     74 1288.7628    0.084
P-n55-k7 	BT-3   55   18    220    0    524    837    589    207   0.9517    0.124
P-n55-k7 	BT-3   55   18    220    1    524    715    595    187   0.9231    0.135
P-n55-k7 	BT-3   55    9    110    0    524    678    577     84 -426.6992    0.101
P-n55-k7 	BT-3   55    9    110    1    524    568    568     78 -426.7299    0.084
P-n55-k7 	BT-3   55   30    110    0    524    678    577     92 -1280.1060    0.101
P-n55-k7 	BT-3   55   30    110    1    524    568    568     79 -1280.1416    0.084
P-n55-k7 	BT-3   55   18    220    0    524    837    589    204   0.9462    0.124
P-n55-k7 	BT-3   55   18    220    1    524    715    589    196   1.0152    0.124
P-n55-k7 	BT-3   55    9    110    0    524    678    569     88 456.5641    0.086
P-n55-k7 	BT-3   55    9    110    1    524    568    568     77 456.5207    0.084
P-n55-k7 	BT-3   55   30    110    0    524    678    577     84 1369.6112    0.101
P-n55-k7 	BT-3   55   30    110    1    524    568    568     79 1369.6160    0.084
P-n55-k7 	BT-3   55   18    220    0    524    837    579    359   1.7307    0.105
P-n55-k7 	BT-3   55   18    220    1    524    715    589    194   1.0178    0.124
P-n55-k7 	BT-3   55    9    110    0    524    678    577     89 -183.3180    0.101
P-n55-k7 	BT-3   55    9    110    1    524    568    568     79 -183.3744    0.084
P-n55-k7 	BT-3   55   30    110    0    524    678    577     82 -550.0705    0.101
P-n55-k7 	BT-3   55   30    110    1    524    568    568     71 -550.1046    0.084
P-n55-k7 	BT-3   55   18    220    0    524    837    589    210   0.9907    0.124
P-n55-k7 	BT-3   55   18    220    1    524    715    589    197   1.0112    0.124
P-n55-k7 	BT-3   55    9    110    0    524    678    577     86 -1648.2233    0.101
P-n55-k7 	BT-3   55    9    110    1    524    568    568     79 -1648.2423    0.084
P-n55-k7 	BT-3   55   30    110    0    524    678    577     82 -649.7374    0.101
P-n55-k7 	BT-3   55   30    110    1    524    568    568     77 -649.7465    0.084
P-n55-k7 	BT-3   55   18    220    0    524    837    589    207   0.9885    0.124
P-n55-k7 	BT-3   55   18    220    1    524    715    589    201   1.0090    0.124
P-n55-k7 	BT-3   55    9    110    0    524    678    570    138 -1946.9663    0.088
P-n55-k7 	BT-3   55    9    110    1    524    568    568     73 -1947.2567    0.084
P-n55-k7 	BT-3   55   30    110    0    524    678    577     86 -1546.4666    0.101
P-n55-k7 	BT-3   55   30    110    1    524    568    568     72 -1546.5031    0.084
P-n55-k7 	BT-3   55   18    220    0    524    837    589    207   0.9521    0.124
P-n55-k7 	BT-3   55   18    220    1    524    715    586    197   0.9991    0.118
P-n55-k7 	BT-3   55    9    110    0    524    678    577     85 -342.5210    0.101
P-n55-k7 	BT-3   55    9    110    1    524    568    568     81 -342.5266    0.084
P-n55-k7 	BT-3   55   30    110    0    524    678    577     90 -1027.5413    0.101
P-n55-k7 	BT-3   55   30    110    1    524    568    568     74 -1027.6074    0.084
P-n55-k7 	BT-3   55   18    220    0    524    837    589    206   0.9732    0.124
P-n55-k7 	BT-3   55   18    220    1    524    715    589    205   1.0236    0.124
P-n55-k7 	BT-3   55    9    110    0    524    678    577     86 1214.2742    0.101
P-n55-k7 	BT-3   55    9    110    1    524    568    568     79 1214.2338    0.084
P-n55-k7 	BT-3   55   30    110    0    524    678    577     91 -652.1827    0.101
P-n55-k7 	BT-3   55   30    110    1    524    568    568     81 -652.2176    0.084
P-n55-k7 	BT-3   55   18    220    0    524    837    589    208   0.9674    0.124
P-n55-k7 	BT-3   55   18    220    1    524    715    589    200   1.0256    0.124
P-n55-k7 	BT-3   55    9    110    0    524    678    577     83 -1954.6301    0.101
P-n55-k7 	BT-3   55    9    110    1    524    568    568     76 -1954.6484    0.084
P-n55-k7 	BT-3   55   30    110    0    524    678    577     91 -1568.9038    0.101
P-n55-k7 	BT-3   55   30    110    1    524    568    568     78 -1568.9353    0.084
P-n55-k7 	BT-3   55   18    220    0    524    837    589    211   1.0381    0.124
P-n55-k7 	BT-3   55   18    220    1    524    715    580    202   1.1205    0.107
P-n55-k7 	BT-3   55    9    110    0    524    678    570    138 -409.3736    0.088
P-n55-k7 	BT-3   55    9    110    1    524    568    568     81 -409.6125    0.084
P-n55-k7 	BT-3   55   30    110    0    524    678    580     81 -1228.6550    0.107
P-n55-k7 	BT-3   55   30    110    1    524    568    568     76 -1228.6567    0.084
P-n55-k7 	BT-3   55   18    220    0    524    837    589    208   0.9839    0.124
P-n55-k7 	BT-3   55   18    220    1    524    715    589    200   1.0284    0.124
P-n55-k7 	BT-3   55    9    110    0    524    678    577     89 611.0825    0.101
P-n55-k7 	BT-3   55    9    110    1    524    568    568     76 611.0070    0.084
P-n55-k7 	BT-3   55   30    110    0    524    678    577     90 1833.1547    0.101
P-n55-k7 	BT-3   55   30    110    1    524    568    568     75 1833.0927    0.084
P-n55-k7 	BT-3   55   18    220    0    524    837    589    205   0.9460    0.124
P-n55-k7 	BT-3   55   18    220    1    524    715    595    187   0.9348    0.135
P-n55-k7 	BT-3   55    9    110    0    524    678    568    138 1206.5521    0.084
P-n55-k7 	BT-3   55    9    110    1    524    568    568     74 1206.2515    0.084
P-n55-k7 	BT-3   55   30    110    0    524    678    577     83 -675.8849    0.101
P-n55-k7 	BT-3   55   30    110    1    524    568    568     74 -675.9155    0.084
P-n55-k7 	BT-3   55   18    220    0    524    837    589    204   0.9621    0.124
P-n55-k7 	BT-3   55   18    220    1    524    715    589    187   0.9608    0.124
P-n55-k7 	BT-3   55    9    110    0    524    678    577     76 -2025.7820    0.101
P-n55-k7 	BT-3   55    9    110    1    524    568    568     74 -2025.7927    0.084
P-n55-k7 	BT-3   55   30    110    0    524    678    577     88 -1782.3423    0.101
P-n55-k7 	BT-3   55   30    110    1    524    568    568     73 -1782.4043    0.084
P-n55-k7 	BT-3   55   18    220    0    524    837    589    212   1.0067    0.124
P-n55-k7 	BT-3   55   18    220    1    524    715    590    192   0.9460    0.126
P-n55-k7 	BT-3   55    9    110    0    524    678    577     86 -1050.1573    0.101
P-n55-k7 	BT-3   55    9    110    1    524    568    568     71 -1050.2411    0.084
P-n55-k7 	BT-3   55   30    110    0    524    678    577     90 1144.4150    0.101
P-n55-k7 	BT-3   55   30    110    1    524    568    568     77 1144.3553    0.084
P-n55-k7 	BT-3   55   18    220    0    524    837    589    204   0.9902    0.124
P-n55-k7 	BT-3   55   18    220    1    524    715    589    196   1.0012    0.124
P-n55-k7 	BT-3   55    9    110    0    524    678    577     84 -859.8338    0.101
P-n55-k7 	BT-3   55    9    110    1    524    568    568     78 -859.8373    0.084
P-n55-k7 	BT-3   55   30    110    0    524    678    577     87 1715.4867    0.101
P-n55-k7 	BT-3   55   30    110    1    524    568    568     81 1715.4648    0.084
P-n55-k7 	BT-3   55   18    220    0    524    837    589    214   0.9927    0.124
P-n55-k7 	BT-3   55   18    220    1    524    715    590    198   1.0387    0.126
P-n55-k7 	BT-3   55    9    110    0    524    678    577     87 853.5388    0.101
P-n55-k7 	BT-3   55    9    110    1    524    568    568     80 853.4777    0.084
P-n55-k7 	BT-3   55   30    110    0    524    678    577     90 -1734.4447    0.101
P-n55-k7 	BT-3   55   30    110    1    524    568    568     79 -1734.4720    0.084
P-n55-k7 	BT-3   55   18    220    0    524    837    571    277   1.2718    0.090
P-n55-k7 	BT-3   55   18    220    1    524    715    589    198   1.0107    0.124
P-n55-k7 	BT-3   55    9    110    0    524    678    577     86 -906.0970    0.101
P-n55-k7 	BT-3   55    9    110    1    524    568    568     72 -906.1754    0.084
P-n55-k7 	BT-3   55   30    110    0    524    678    577     89 1576.5852    0.101
P-n55-k7 	BT-3   55   30    110    1    524    568    568     79 1576.5665    0.084
P-n55-k7 	BT-3   55   18    220    0    524    837    589    208   0.9352    0.124
P-n55-k7 	BT-3   55   18    220    1    524    715    589    194   0.9863    0.124
P-n55-k7 	BT-3   55    9    110    0    524    678    568     97 436.7111    0.084
P-n55-k7 	BT-3   55    9    110    1    524    568    568     80 436.6616    0.084
P-n55-k7 	BT-3   55   30    110    0    524    678    577     88 1310.0508    0.101
P-n55-k7 	BT-3   55   30    110    1    524    568    568     76 1310.0208    0.084
P-n55-k7 	BT-3   55   18    220    0    524    837    589    216   1.0013    0.124
P-n55-k7 	BT-3   55   18    220    1    524    715    589    201   1.0275    0.124
P-n55-k7 	BT-3   55    9    110    0    524    678    577     82 -362.8345    0.101
P-n55-k7 	BT-3   55    9    110    1    524    568    568     80 -362.8330    0.084
P-n55-k7 	BT-3   55   30    110    0    524    678    577     88 -1088.4724    0.101
P-n55-k7 	BT-3   55   30    110    1    524    568    568     73 -1088.5308    0.084
P-n55-k7 	BT-3   55   18    220    0    524    837    589    197   0.8995    0.124
P-n55-k7 	BT-3   55   18    220    1    524    715    589    196   1.0141    0.124
P-n55-k7 	BT-3   55    9    110    0    524    678    577     85 1031.3900    0.101
P-n55-k7 	BT-3   55    9    110    1    524    568    568     80 1031.3754    0.084
P-n55-k7 	BT-3   55   30    110    0    524    678    577     90 -1200.7893    0.101
P-n55-k7 	BT-3   55   30    110    1    524    568    568     84 -1200.7966    0.084
P-n55-k7 	BT-3   55   18    220    0    524    837    589    196   0.8965    0.124
P-n55-k7 	BT-3   55   18    220    1    524    715    589    193   0.9736    0.124
P-n55-k7 	BT-3   55    9    110    0    524    678    577     90 694.4650    0.101
P-n55-k7 	BT-3   55    9    110    1    524    568    568     81 694.4326    0.084
P-n55-k7 	BT-3   55   30    110    0    524    678    577     86 2083.3423    0.101
P-n55-k7 	BT-3   55   30    110    1    524    568    568     71 2083.2793    0.084
P-n55-k7 	BT-3   55   18    220    0    524    837    589    204   0.9327    0.124
P-n55-k7 	BT-3   55   18    220    1    524    715    589    197   1.0091    0.124
P-n55-k7 	BT-3   55    9    110    0    524    678    577     89 1956.9606    0.101
P-n55-k7 	BT-3   55    9    110    1    524    568    568     73 1956.8926    0.084
P-n55-k7 	BT-3   55   30    110    0    524    678    577     90 1575.8358    0.101
P-n55-k7 	BT-3   55   30    110    1    524    568    568     76 1575.7902    0.084
P-n55-k7 	BT-3   55   18    220    0    524    837    589    206   0.9490    0.124
P-n55-k7 	BT-3   55   18    220    1    524    715    589    206   1.0131    0.124
P-n55-k7 	BT-3   55    9    110    0    524    678    573    135 434.6797    0.094
P-n55-k7 	BT-3   55    9    110    1    524    568    568     77 434.4093    0.084
P-n55-k7 	BT-3   55   30    110    0    524    678    577     84 1303.5240    0.101
P-n55-k7 	BT-3   55   30    110    1    524    568    568     76 1303.5281    0.084
P-n55-k7 	BT-3   55   18    220    0    524    837    589    212   0.9977    0.124
P-n55-k7 	BT-3   55   18    220    1    524    715    589    200   1.0524    0.124
P-n55-k7 	BT-3   55    9    110    0    524    678    577     90 -382.3051    0.101
P-n55-k7 	BT-3   55    9    110    1    524    568    568     83 -382.3279    0.084
P-n55-k7 	BT-3   55   30    110    0    524    678    577     77 -1147.0051    0.101
P-n55-k7 	BT-3   55   30    110    1    524    568    568     76 -1146.9958    0.084
P-n55-k7 	BT-3   55   18    220    0    524    837    589    211   0.9719    0.124
P-n55-k7 	BT-3   55   18    220    1    524    715    585    191   0.9767    0.116
P-n55-k7 	BT-3   55    9    110    0    524    678    574    134 856.1808    0.095
P-n55-k7 	BT-3   55    9    110    1    524    568    568     70 855.8810    0.084
P-n55-k7 	BT-3   55   30    110    0    524    678    577     81 -1726.9915    0.101
P-n55-k7 	BT-3   55   30    110    1    524    568    568     77 -1726.9752    0.084
P-n55-k7 	BT-3   55   18    220    0    524    837    589    209   1.0105    0.124
P-n55-k7 	BT-3   55   18    220    1    524    715    589    195   1.0064    0.124
P-n55-k7 	BT-3   55    9    110    0    524    678    568     90 -883.9303    0.084
P-n55-k7 	BT-3   55    9    110    1    524    568    568     74 -883.9812    0.084
P-n55-k7 	BT-3   55   30    110    0    524    678    577     88 1643.1278    0.101
P-n55-k7 	BT-3   55   30    110    1    524    568    568     71 1643.0558    0.084
P-n55-k7 	BT-3   55   18    220    0    524    837    577    307   1.4843    0.101
P-n55-k7 	BT-3   55   18    220    1    524    715    589    201   1.0477    0.124
P-n55-k7 	BT-3   55    9    110    0    524    678    577     86 636.8837    0.101
P-n55-k7 	BT-3   55    9    110    1    524    568    568     76 636.8314    0.084
P-n55-k7 	BT-3   55   30    110    0    524    678    577     90 1910.6104    0.101
P-n55-k7 	BT-3   55   30    110    1    524    568    568     81 1910.5802    0.084
P-n55-k7 	BT-3   55   18    220    0    524    837    589    215   1.0270    0.124
P-n55-k7 	BT-3   55   18    220    1    524    715    586    196   0.9774    0.118
P-n55-k7 	BT-3   55    9    110    0    524    678    574    139 1439.0869    0.095
P-n55-k7 	BT-3   55    9    110    1    524    568    568     81 1438.7977    0.084
P-n55-k7 	BT-3   55   30    110    0    524    678    577     90  21.7588    0.101
P-n55-k7 	BT-3   55   30    110    1    524    568    568     81  21.7104    0.084
P-n55-k7 	BT-3   55   18    220    0    524    837    589    212   0.9575    0.124
P-n55-k7 	BT-3   55   18    220    1    524    715    589    200   1.0455    0.124
P-n55-k7 	BT-3   55    9    110    0    524    678    569     89  67.2672    0.086
P-n55-k7 	BT-3   55    9    110    1    524    568    568     81  67.1958    0.084
P-n55-k7 	BT-3   55   30    110    0    524    678    577     84 201.6406    0.101
P-n55-k7 	BT-3   55   30    110    1    524    568    568     77 201.6303    0.084
