P-n50-k8 	BT-1   50   16    200    0    649    913    650    397   1.6837    0.002
P-n50-k8 	BT-1   50   16    200    1    649    785    650    328   1.4360    0.002
P-n50-k8 	BT-1   50    8    100    0    649    650    644    124   3.6170   -0.008
P-n50-k8 	BT-1   50    8    100    1    649    650    644    109   3.5672   -0.008
P-n50-k8 	BT-1   50   25    100    0    649    827    644    101  10.7061   -0.008
P-n50-k8 	BT-1   50   25    100    1    649    644    644    100  10.7019   -0.008
P-n50-k8 	BT-2   50   16    200    0    649    913    637    252   1.0952   -0.018
P-n50-k8 	BT-2   50   16    200    1    649    785    649    214   0.9285    0.000
P-n50-k8 	BT-2   50    8    100    0    649    745    637    161   2.7329   -0.018
P-n50-k8 	BT-2   50    8    100    1    649    637    637    100   2.4482   -0.018
P-n50-k8 	BT-2   50   25    100    0    649    745    647    108   7.6773   -0.003
P-n50-k8 	BT-2   50   25    100    1    649    637    637    100   7.6396   -0.018
P-n50-k8 	BT-3   50   16    200    0    649    913    650    283   1.1995    0.002
P-n50-k8 	BT-3   50   16    200    1    649    785    654    175   0.7398    0.008
P-n50-k8 	BT-3   50    8    100    0    649    650    650     71   2.2373    0.002
P-n50-k8 	BT-3   50    8    100    1    649    650    649     83   2.3022    0.000
P-n50-k8 	BT-3   50   25    100    0    649    649    649     66   6.7740    0.000
P-n50-k8 	BT-3   50   25    100    1    649    649    649     72   6.7939    0.000
P-n50-k8 	BT-3   50   16    200    0    649    913    644    285   1.1954   -0.008
P-n50-k8 	BT-3   50   16    200    1    649    785    648    189   0.7837   -0.002
P-n50-k8 	BT-3   50    8    100    0    649    770    630     92  22.4025   -0.029
P-n50-k8 	BT-3   50    8    100    1    649    644    631    166  22.7445   -0.028
P-n50-k8 	BT-3   50   25    100    0    649    715    630     75  67.4803   -0.029
P-n50-k8 	BT-3   50   25    100    1    649    630    630     67  67.4674   -0.029
P-n50-k8 	BT-3   50   16    200    0    649    913    646    280   1.1653   -0.005
P-n50-k8 	BT-3   50   16    200    1    649    785    649    184   0.7717    0.000
P-n50-k8 	BT-3   50    8    100    0    649    715    630     69 204.3432   -0.029
P-n50-k8 	BT-3   50    8    100    1    649    630    630     70 204.3621   -0.029
P-n50-k8 	BT-3   50   25    100    0    649    715    630     68 613.0443   -0.029
P-n50-k8 	BT-3   50   25    100    1    649    630    630     73 613.0602   -0.029
P-n50-k8 	BT-3   50   16    200    0    649    913    639    307   1.2827   -0.015
P-n50-k8 	BT-3   50   16    200    1    649    785    649    180   0.7638    0.000
P-n50-k8 	BT-3   50    8    100    0    649    715    630     73 1841.2211   -0.029
P-n50-k8 	BT-3   50    8    100    1    649    630    630     71 1841.2212   -0.029
P-n50-k8 	BT-3   50   25    100    0    649    715    630     68 1228.6854   -0.029
P-n50-k8 	BT-3   50   25    100    1    649    630    630     62 1228.6570   -0.029
P-n50-k8 	BT-3   50   16    200    0    649    913    634    235   0.9692   -0.023
P-n50-k8 	BT-3   50   16    200    1    649    785    648    194   0.8120   -0.002
P-n50-k8 	BT-3   50    8    100    0    649    715    630     78 -607.0939   -0.029
P-n50-k8 	BT-3   50    8    100    1    649    630    630     69 -607.1599   -0.029
P-n50-k8 	BT-3   50   25    100    0    649    715    630     71 -1821.4108   -0.029
P-n50-k8 	BT-3   50   25    100    1    649    630    630     67 -1821.4298   -0.029
P-n50-k8 	BT-3   50   16    200    0    649    913    651    312   1.2236    0.003
P-n50-k8 	BT-3   50   16    200    1    649    785    648    199   0.8247   -0.002
P-n50-k8 	BT-3   50    8    100    0    649    715    630     68 -1167.2523   -0.029
P-n50-k8 	BT-3   50    8    100    1    649    630    630     70 -1167.2312   -0.029
P-n50-k8 	BT-3   50   25    100    0    649    715    630     72 793.2540   -0.029
P-n50-k8 	BT-3   50   25    100    1    649    630    630     70 793.2443   -0.029
P-n50-k8 	BT-3   50   16    200    0    649    913    645    393   1.9120   -0.006
P-n50-k8 	BT-3   50   16    200    1    649    785    649    184   0.7783    0.000
P-n50-k8 	BT-3   50    8    100    0    649    715    630     72 -1912.5275   -0.029
P-n50-k8 	BT-3   50    8    100    1    649    630    630     69 -1912.5291   -0.029
P-n50-k8 	BT-3   50   25    100    0    649    715    630     76 -1442.5924   -0.029
P-n50-k8 	BT-3   50   25    100    1    649    630    630     72 -1442.6193   -0.029
P-n50-k8 	BT-3   50   16    200    0    649    913    634    211   0.8732   -0.023
P-n50-k8 	BT-3   50   16    200    1    649    785    649    187   0.7948    0.000
P-n50-k8 	BT-3   50    8    100    0    649    715    630     70 -31.2042   -0.029
P-n50-k8 	BT-3   50    8    100    1    649    630    630     74 -31.1837   -0.029
P-n50-k8 	BT-3   50   25    100    0    649    715    630     69 -93.5939   -0.029
P-n50-k8 	BT-3   50   25    100    1    649    630    630     71 -93.5836   -0.029
P-n50-k8 	BT-3   50   16    200    0    649    913    653    191   0.7773    0.006
P-n50-k8 	BT-3   50   16    200    1    649    785    648    196   0.8439   -0.002
P-n50-k8 	BT-3   50    8    100    0    649    715    630     69 -279.1515   -0.029
P-n50-k8 	BT-3   50    8    100    1    649    630    630     72 -279.1367   -0.029
P-n50-k8 	BT-3   50   25    100    0    649    715    630     74 -837.4057   -0.029
P-n50-k8 	BT-3   50   25    100    1    649    630    630     64 -837.4520   -0.029
P-n50-k8 	BT-3   50   16    200    0    649    913    653    192   0.7736    0.006
P-n50-k8 	BT-3   50   16    200    1    649    785    637    241   1.0146   -0.018
P-n50-k8 	BT-3   50    8    100    0    649    715    630     73 1784.4720   -0.029
P-n50-k8 	BT-3   50    8    100    1    649    630    630     70 1784.4761   -0.029
P-n50-k8 	BT-3   50   25    100    0    649    715    630     69 1058.4382   -0.029
P-n50-k8 	BT-3   50   25    100    1    649    630    630     70 1058.4507   -0.029
P-n50-k8 	BT-3   50   16    200    0    649    913    647    327   1.3643   -0.003
P-n50-k8 	BT-3   50   16    200    1    649    785    649    182   0.7822    0.000
P-n50-k8 	BT-3   50    8    100    0    649    715    630     68 -1117.4946   -0.029
P-n50-k8 	BT-3   50    8    100    1    649    630    630     71 -1117.4747   -0.029
P-n50-k8 	BT-3   50   25    100    0    649    715    630     66 942.5003   -0.029
P-n50-k8 	BT-3   50   25    100    1    649    630    630     73 942.5247   -0.029
P-n50-k8 	BT-3   50   16    200    0    649    913    657    208   0.8419    0.012
P-n50-k8 	BT-3   50   16    200    1    649    785    649    183   0.7312    0.000
P-n50-k8 	BT-3   50    8    100    0    649    715    630     68 -1465.8663   -0.029
P-n50-k8 	BT-3   50    8    100    1    649    630    630     69 -1465.8617   -0.029
P-n50-k8 	BT-3   50   25    100    0    649    715    630     71 -102.6050   -0.029
P-n50-k8 	BT-3   50   25    100    1    649    630    630     67 -102.6307   -0.029
P-n50-k8 	BT-3   50   16    200    0    649    913    644    235   0.9640   -0.008
P-n50-k8 	BT-3   50   16    200    1    649    785    648    198   0.8271   -0.002
P-n50-k8 	BT-3   50    8    100    0    649    715    630     70 -306.0642   -0.029
P-n50-k8 	BT-3   50    8    100    1    649    630    630     68 -306.0657   -0.029
P-n50-k8 	BT-3   50   25    100    0    649    715    630     74 -918.1735   -0.029
P-n50-k8 	BT-3   50   25    100    1    649    630    630     74 -918.1711   -0.029
P-n50-k8 	BT-3   50   16    200    0    649    913    651    264   1.0755    0.003
P-n50-k8 	BT-3   50   16    200    1    649    785    639    304   1.2455   -0.015
P-n50-k8 	BT-3   50    8    100    0    649    715    630     69 1542.7477   -0.029
P-n50-k8 	BT-3   50    8    100    1    649    630    630     70 1542.7473   -0.029
P-n50-k8 	BT-3   50   25    100    0    649    715    630     74 333.2977   -0.029
P-n50-k8 	BT-3   50   25    100    1    649    630    630     70 333.2798   -0.029
P-n50-k8 	BT-3   50   16    200    0    649    913    652    185   0.7578    0.005
P-n50-k8 	BT-3   50   16    200    1    649    785    648    206   0.8609   -0.002
P-n50-k8 	BT-3   50    8    100    0    649    715    630     71 1001.4832   -0.029
P-n50-k8 	BT-3   50    8    100    1    649    630    630     69 1001.4697   -0.029
P-n50-k8 	BT-3   50   25    100    0    649    715    630     73 -1290.5273   -0.029
P-n50-k8 	BT-3   50   25    100    1    649    630    630     69 -1290.5459   -0.029
P-n50-k8 	BT-3   50   16    200    0    649    913    646    276   1.0868   -0.005
P-n50-k8 	BT-3   50   16    200    1    649    785    648    280   1.1798   -0.002
P-n50-k8 	BT-3   50    8    100    0    649    715    630     73 425.6325   -0.029
P-n50-k8 	BT-3   50    8    100    1    649    630    630     65 425.6104   -0.029
P-n50-k8 	BT-3   50   25    100    0    649    715    630     74 1276.8821   -0.029
P-n50-k8 	BT-3   50   25    100    1    649    630    630     74 1276.8804   -0.029
P-n50-k8 	BT-3   50   16    200    0    649    913    654    196   0.7888    0.008
P-n50-k8 	BT-3   50   16    200    1    649    785    646    176   0.7262   -0.005
P-n50-k8 	BT-3   50    8    100    0    649    715    630     67 -462.8426   -0.029
P-n50-k8 	BT-3   50    8    100    1    649    630    630     65 -462.8370   -0.029
P-n50-k8 	BT-3   50   25    100    0    649    715    630     72 -1388.4976   -0.029
P-n50-k8 	BT-3   50   25    100    1    649    630    630     69 -1388.5094   -0.029
P-n50-k8 	BT-3   50   16    200    0    649    913    653    189   0.7733    0.006
P-n50-k8 	BT-3   50   16    200    1    649    785    636    402   1.7206   -0.020
P-n50-k8 	BT-3   50    8    100    0    649    715    630     72 131.9640   -0.029
P-n50-k8 	BT-3   50    8    100    1    649    630    630     68 131.9500   -0.029
P-n50-k8 	BT-3   50   25    100    0    649    715    630     70 395.8609   -0.029
P-n50-k8 	BT-3   50   25    100    1    649    630    630     74 395.8881   -0.029
P-n50-k8 	BT-3   50   16    200    0    649    913    660    179   0.7336    0.017
P-n50-k8 	BT-3   50   16    200    1    649    785    649    182   0.7836    0.000
P-n50-k8 	BT-3   50    8    100    0    649    715    630     71 1189.1570   -0.029
P-n50-k8 	BT-3   50    8    100    1    649    630    630     72 1189.1372   -0.029
P-n50-k8 	BT-3   50   25    100    0    649    715    630     73 -727.5322   -0.029
P-n50-k8 	BT-3   50   25    100    1    649    630    630     67 -727.5450   -0.029
P-n50-k8 	BT-3   50   16    200    0    649    913    644    274   1.1220   -0.008
P-n50-k8 	BT-3   50   16    200    1    649    785    649    182   0.7834    0.000
P-n50-k8 	BT-3   50    8    100    0    649    715    630     69 2114.2422   -0.029
P-n50-k8 	BT-3   50    8    100    1    649    630    630     67 2114.2485   -0.029
P-n50-k8 	BT-3   50   25    100    0    649    715    638     79 2047.8009   -0.017
P-n50-k8 	BT-3   50   25    100    1    649    630    630     72 2047.7954   -0.029
P-n50-k8 	BT-3   50   16    200    0    649    913    653    186   0.7692    0.006
P-n50-k8 	BT-3   50   16    200    1    649    785    649    179   0.7501    0.000
P-n50-k8 	BT-3   50    8    100    0    649    715    630     72 1849.9359   -0.029
P-n50-k8 	BT-3   50    8    100    1    649    630    630     68 1849.9253   -0.029
P-n50-k8 	BT-3   50   25    100    0    649    715    630     71 1254.8188   -0.029
P-n50-k8 	BT-3   50   25    100    1    649    630    630     73 1254.8284   -0.029
P-n50-k8 	BT-3   50   16    200    0    649    913    653    241   1.0134    0.006
P-n50-k8 	BT-3   50   16    200    1    649    785    649    177   0.7361    0.000
P-n50-k8 	BT-3   50    8    100    0    649    715    630     74 -528.7421   -0.029
P-n50-k8 	BT-3   50    8    100    1    649    630    630     73 -528.7397   -0.029
P-n50-k8 	BT-3   50   25    100    0    649    715    630     69 -1586.2434   -0.029
P-n50-k8 	BT-3   50   25    100    1    649    630    630     76 -1586.2155   -0.029
P-n50-k8 	BT-3   50   16    200    0    649    913    653    188   0.7791    0.006
P-n50-k8 	BT-3   50   16    200    1    649    785    641    236   0.9936   -0.012
P-n50-k8 	BT-3   50    8    100    0    649    715    630     71 -461.9517   -0.029
P-n50-k8 	BT-3   50    8    100    1    649    630    630     66 -461.9574   -0.029
P-n50-k8 	BT-3   50   25    100    0    649    715    630     68 -1385.8586   -0.029
P-n50-k8 	BT-3   50   25    100    1    649    630    630     67 -1385.8711   -0.029
P-n50-k8 	BT-3   50   16    200    0    649    913    653    190   0.7565    0.006
P-n50-k8 	BT-3   50   16    200    1    649    785    649    178   0.7327    0.000
P-n50-k8 	BT-3   50    8    100    0    649    715    630     73 138.9142   -0.029
P-n50-k8 	BT-3   50    8    100    1    649    630    630     70 138.8636   -0.029
P-n50-k8 	BT-3   50   25    100    0    649    715    630     69 416.6653   -0.029
P-n50-k8 	BT-3   50   25    100    1    649    630    630     77 416.6686   -0.029
P-n50-k8 	BT-3   50   16    200    0    649    913    653    196   0.8066    0.006
P-n50-k8 	BT-3   50   16    200    1    649    785    645    301   1.2681   -0.006
P-n50-k8 	BT-3   50    8    100    0    649    715    630     67 1252.0638   -0.029
P-n50-k8 	BT-3   50    8    100    1    649    630    630     68 1252.0494   -0.029
P-n50-k8 	BT-3   50   25    100    0    649    715    630     68 -538.7974   -0.029
P-n50-k8 	BT-3   50   25    100    1    649    630    630     68 -538.8002   -0.029
P-n50-k8 	BT-3   50   16    200    0    649    913    634    295   1.1853   -0.023
P-n50-k8 	BT-3   50   16    200    1    649    785    643    404   1.7233   -0.009
P-n50-k8 	BT-3   50    8    100    0    649    715    630     71 -1613.4835   -0.029
P-n50-k8 	BT-3   50    8    100    1    649    630    630     71 -1613.4785   -0.029
P-n50-k8 	BT-3   50   25    100    0    649    715    630     64 -545.5131   -0.029
P-n50-k8 	BT-3   50   25    100    1    649    630    630     69 -545.4955   -0.029
P-n50-k8 	BT-3   50   16    200    0    649    913    634    215   0.9074   -0.023
P-n50-k8 	BT-3   50   16    200    1    649    785    648    194   0.7955   -0.002
P-n50-k8 	BT-3   50    8    100    0    649    715    630     68 -1634.8069   -0.029
P-n50-k8 	BT-3   50    8    100    1    649    630    630     66 -1634.8097   -0.029
P-n50-k8 	BT-3   50   25    100    0    649    715    630     75 -609.3947   -0.029
P-n50-k8 	BT-3   50   25    100    1    649    630    630     75 -609.4308   -0.029
P-n50-k8 	BT-3   50   16    200    0    649    913    653    191   0.7863    0.006
P-n50-k8 	BT-3   50   16    200    1    649    785    641    309   1.2689   -0.012
P-n50-k8 	BT-3   50    8    100    0    649    715    630     78 -1826.1664   -0.029
P-n50-k8 	BT-3   50    8    100    1    649    630    630     67 -1826.2169   -0.029
P-n50-k8 	BT-3   50   25    100    0    649    715    630     75 -1183.6106   -0.029
P-n50-k8 	BT-3   50   25    100    1    649    630    630     73 -1183.6254   -0.029
P-n50-k8 	BT-3   50   16    200    0    649    913    655    185   0.7602    0.009
P-n50-k8 	BT-3   50   16    200    1    649    785    654    173   0.6974    0.008
P-n50-k8 	BT-3   50    8    100    0    649    715    630     67 745.5497   -0.029
P-n50-k8 	BT-3   50    8    100    1    649    630    630     69 745.5660   -0.029
P-n50-k8 	BT-3   50   25    100    0    649    715    630     74 -2058.2764   -0.029
P-n50-k8 	BT-3   50   25    100    1    649    630    630     74 -2058.2673   -0.029
P-n50-k8 	BT-3   50   16    200    0    649    913    653    197   0.8035    0.006
P-n50-k8 	BT-3   50   16    200    1    649    785    648    201   0.8369   -0.002
P-n50-k8 	BT-3   50    8    100    0    649    715    630     71 -1878.2269   -0.029
P-n50-k8 	BT-3   50    8    100    1    649    630    630     70 -1878.2191   -0.029
P-n50-k8 	BT-3   50   25    100    0    649    715    630     67 -1339.7146   -0.029
P-n50-k8 	BT-3   50   25    100    1    649    630    630     71 -1339.7078   -0.029
P-n50-k8 	BT-3   50   16    200    0    649    913    653    194   0.7972    0.006
P-n50-k8 	BT-3   50   16    200    1    649    785    640    226   0.9458   -0.014
P-n50-k8 	BT-3   50    8    100    0    649    715    630     75 277.6154   -0.029
P-n50-k8 	BT-3   50    8    100    1    649    630    630     69 277.5844   -0.029
P-n50-k8 	BT-3   50   25    100    0    649    715    630     62 832.7460   -0.029
P-n50-k8 	BT-3   50   25    100    1    649    630    630     69 832.7834   -0.029
P-n50-k8 	BT-3   50   16    200    0    649    913    653    194   0.7729    0.006
P-n50-k8 	BT-3   50   16    200    1    649    785    634    216   0.8807   -0.023
P-n50-k8 	BT-3   50    8    100    0    649    715    630     71 -1794.9896   -0.029
P-n50-k8 	BT-3   50    8    100    1    649    630    630     72 -1794.9948   -0.029
P-n50-k8 	BT-3   50   25    100    0    649    715    630     69 -1090.0182   -0.029
P-n50-k8 	BT-3   50   25    100    1    649    630    630     64 -1090.0332   -0.029
P-n50-k8 	BT-3   50   16    200    0    649    913    648    212   0.8620   -0.002
P-n50-k8 	BT-3   50   16    200    1    649    785    633    310   1.2791   -0.025
P-n50-k8 	BT-3   50    8    100    0    649    715    630     71 1027.0526   -0.029
P-n50-k8 	BT-3   50    8    100    1    649    630    630     73 1027.0603   -0.029
P-n50-k8 	BT-3   50   25    100    0    649    715    630     72 -1213.7993   -0.029
P-n50-k8 	BT-3   50   25    100    1    649    630    630     71 -1213.7980   -0.029
P-n50-k8 	BT-3   50   16    200    0    649    913    653    192   0.7996    0.006
P-n50-k8 	BT-3   50   16    200    1    649    785    634    470   1.9774   -0.023
P-n50-k8 	BT-3   50    8    100    0    649    715    630     71 656.3280   -0.029
P-n50-k8 	BT-3   50    8    100    1    649    630    630     73 656.3421   -0.029
P-n50-k8 	BT-3   50   25    100    0    649    715    630     71 1968.9987   -0.029
P-n50-k8 	BT-3   50   25    100    1    649    630    630     71 1969.0054   -0.029
P-n50-k8 	BT-3   50   16    200    0    649    913    653    193   0.7992    0.006
P-n50-k8 	BT-3   50   16    200    1    649    785    649    181   0.7342    0.000
P-n50-k8 	BT-3   50    8    100    0    649    715    630     73 1613.5764   -0.029
P-n50-k8 	BT-3   50    8    100    1    649    630    630     69 1613.5776   -0.029
P-n50-k8 	BT-3   50   25    100    0    649    715    630     68 545.7454   -0.029
P-n50-k8 	BT-3   50   25    100    1    649    630    630     72 545.7905   -0.029
P-n50-k8 	BT-3   50   16    200    0    649    913    646    305   1.2582   -0.005
P-n50-k8 	BT-3   50   16    200    1    649    785    646    184   0.7886   -0.005
P-n50-k8 	BT-3   50    8    100    0    649    715    630     74 1639.3525   -0.029
P-n50-k8 	BT-3   50    8    100    1    649    630    630     67 1639.3331   -0.029
P-n50-k8 	BT-3   50   25    100    0    649    715    630     71 623.0599   -0.029
P-n50-k8 	BT-3   50   25    100    1    649    630    630     75 623.0764   -0.029
P-n50-k8 	BT-3   50   16    200    0    649    913    650    199   0.8317    0.002
P-n50-k8 	BT-3   50   16    200    1    649    785    649    179   0.7222    0.000
P-n50-k8 	BT-3   50    8    100    0    649    715    630     75 1870.7633   -0.029
P-n50-k8 	BT-3   50    8    100    1    649    630    630     69 1870.7542   -0.029
P-n50-k8 	BT-3   50   25    100    0    649    715    630     70 1317.3004   -0.029
P-n50-k8 	BT-3   50   25    100    1    649    630    630     75 1317.3169   -0.029
P-n50-k8 	BT-3   50   16    200    0    649    913    646    226   0.9129   -0.005
P-n50-k8 	BT-3   50   16    200    1    649    785    649    178   0.7113    0.000
P-n50-k8 	BT-3   50    8    100    0    649    715    630     74 -341.3718   -0.029
P-n50-k8 	BT-3   50    8    100    1    649    630    630     71 -341.4145   -0.029
P-n50-k8 	BT-3   50   25    100    0    649    715    630     69 -1024.2203   -0.029
P-n50-k8 	BT-3   50   25    100    1    649    630    630     69 -1024.2059   -0.029
P-n50-k8 	BT-3   50   16    200    0    649    913    643    307   1.3604   -0.009
P-n50-k8 	BT-3   50   16    200    1    649    785    642    310   1.3089   -0.011
P-n50-k8 	BT-3   50    8    100    0    649    715    630     90 1225.1111   -0.029
P-n50-k8 	BT-3   50    8    100    1    649    630    630     67 1224.9807   -0.029
P-n50-k8 	BT-3   50   25    100    0    649    715    630     72 -619.8671   -0.029
P-n50-k8 	BT-3   50   25    100    1    649    630    630     72 -619.8682   -0.029
P-n50-k8 	BT-3   50   16    200    0    649    913    648    238   0.9149   -0.002
P-n50-k8 	BT-3   50   16    200    1    649    785    649    178   0.7318    0.000
P-n50-k8 	BT-3   50    8    100    0    649    715    630     70 -1857.9689   -0.029
P-n50-k8 	BT-3   50    8    100    1    649    630    630     69 -1857.9608   -0.029
P-n50-k8 	BT-3   50   25    100    0    649    715    630     73 -1278.9008   -0.029
P-n50-k8 	BT-3   50   25    100    1    649    630    630     68 -1278.9312   -0.029
P-n50-k8 	BT-3   50   16    200    0    649    913    648    316   1.3016   -0.002
P-n50-k8 	BT-3   50   16    200    1    649    785    648    197   0.8287   -0.002
P-n50-k8 	BT-3   50    8    100    0    649    715    630     72 460.3766   -0.029
P-n50-k8 	BT-3   50    8    100    1    649    630    630     65 460.3229   -0.029
P-n50-k8 	BT-3   50   25    100    0    649    715    630     71 1381.0383   -0.029
P-n50-k8 	BT-3   50   25    100    1    649    630    630     67 1381.0215   -0.029
P-n50-k8 	BT-3   50   16    200    0    649    913    647    218   0.8952   -0.003
P-n50-k8 	BT-3   50   16    200    1    649    785    637    480   2.0025   -0.018
P-n50-k8 	BT-3   50    8    100    0    649    715    630     77 -148.9097   -0.029
P-n50-k8 	BT-3   50    8    100    1    649    630    630     72 -148.9706   -0.029
P-n50-k8 	BT-3   50   25    100    0    649    715    630     67 -446.8706   -0.029
P-n50-k8 	BT-3   50   25    100    1    649    630    630     75 -446.8302   -0.029
P-n50-k8 	BT-3   50   16    200    0    649    913    653    198   0.7944    0.006
P-n50-k8 	BT-3   50   16    200    1    649    785    648    207   0.8987   -0.002
P-n50-k8 	BT-3   50    8    100    0    649    715    630     72 -1338.8516   -0.029
P-n50-k8 	BT-3   50    8    100    1    649    630    630     67 -1338.8641   -0.029
P-n50-k8 	BT-3   50   25    100    0    649    715    630     70 278.4032   -0.029
P-n50-k8 	BT-3   50   25    100    1    649    630    630     68 278.3776   -0.029
P-n50-k8 	BT-3   50   16    200    0    649    913    653    190   0.7720    0.006
P-n50-k8 	BT-3   50   16    200    1    649    785    639    332   1.3489   -0.015
P-n50-k8 	BT-3   50    8    100    0    649    715    630     69 837.2944   -0.029
P-n50-k8 	BT-3   50    8    100    1    649    630    630     68 837.2819   -0.029
P-n50-k8 	BT-3   50   25    100    0    649    715    630     76 -1783.0754   -0.029
P-n50-k8 	BT-3   50   25    100    1    649    630    630     67 -1783.1007   -0.029
P-n50-k8 	BT-3   50   16    200    0    649    913    641    250   1.0019   -0.012
P-n50-k8 	BT-3   50   16    200    1    649    785    647    199   0.8228   -0.003
P-n50-k8 	BT-3   50    8    100    0    649    715    630     67 -1052.4977   -0.029
P-n50-k8 	BT-3   50    8    100    1    649    630    630     71 -1052.4818   -0.029
P-n50-k8 	BT-3   50   25    100    0    649    715    630     74 1137.5328   -0.029
P-n50-k8 	BT-3   50   25    100    1    649    630    630     72 1137.5096   -0.029
P-n50-k8 	BT-3   50   16    200    0    649    913    652    329   1.4779    0.005
P-n50-k8 	BT-3   50   16    200    1    649    785    654    179   0.7627    0.008
P-n50-k8 	BT-3   50    8    100    0    649    715    630     69 -880.1867   -0.029
P-n50-k8 	BT-3   50    8    100    1    649    630    630     72 -880.1638   -0.029
P-n50-k8 	BT-3   50   25    100    0    649    715    630     74 1654.4526   -0.029
P-n50-k8 	BT-3   50   25    100    1    649    630    630     71 1654.4515   -0.029
P-n50-k8 	BT-3   50   16    200    0    649    913    653    188   0.7683    0.006
P-n50-k8 	BT-3   50   16    200    1    649    785    638    226   0.9241   -0.017
P-n50-k8 	BT-3   50    8    100    0    649    715    630     68 670.0586   -0.029
P-n50-k8 	BT-3   50    8    100    1    649    630    630     75 670.1034   -0.029
P-n50-k8 	BT-3   50   25    100    0    649    715    630     74 2010.2427   -0.029
P-n50-k8 	BT-3   50   25    100    1    649    630    630     72 2010.2625   -0.029
P-n50-k8 	BT-3   50   16    200    0    649    913    653    193   0.7806    0.006
P-n50-k8 	BT-3   50   16    200    1    649    785    649    182   0.7480    0.000
P-n50-k8 	BT-3   50    8    100    0    649    715    630     68 1737.2795   -0.029
P-n50-k8 	BT-3   50    8    100    1    649    630    630     71 1737.3087   -0.029
P-n50-k8 	BT-3   50   25    100    0    649    715    630     69 916.9088   -0.029
P-n50-k8 	BT-3   50   25    100    1    649    630    630     69 916.9113   -0.029
P-n50-k8 	BT-3   50   16    200    0    649    913    645    207   0.8096   -0.006
P-n50-k8 	BT-3   50   16    200    1    649    785    649    177   0.7340    0.000
P-n50-k8 	BT-3   50    8    100    0    649    715    630     69 -1542.6935   -0.029
P-n50-k8 	BT-3   50    8    100    1    649    630    630     66 -1542.7048   -0.029
P-n50-k8 	BT-3   50   25    100    0    649    715    630     66 -333.1144   -0.029
P-n50-k8 	BT-3   50   25    100    1    649    630    630     69 -333.1276   -0.029
P-n50-k8 	BT-3   50   16    200    0    649    913    648    190   0.8048   -0.002
P-n50-k8 	BT-3   50   16    200    1    649    785    637    271   1.1490   -0.018
P-n50-k8 	BT-3   50    8    100    0    649    715    630     69 -997.4052   -0.029
P-n50-k8 	BT-3   50    8    100    1    649    630    630     73 -997.3963   -0.029
P-n50-k8 	BT-3   50   25    100    0    649    715    630     70 1302.7557   -0.029
P-n50-k8 	BT-3   50   25    100    1    649    630    630     68 1302.7462   -0.029
P-n50-k8 	BT-3   50   16    200    0    649    913    653    191   0.7766    0.006
P-n50-k8 	BT-3   50   16    200    1    649    785    648    200   0.8375   -0.002
P-n50-k8 	BT-3   50    8    100    0    649    715    630     72 -385.0890   -0.029
P-n50-k8 	BT-3   50    8    100    1    649    630    630     67 -385.1048   -0.029
P-n50-k8 	BT-3   50   25    100    0    649    715    630     61 -1155.3268   -0.029
P-n50-k8 	BT-3   50   25    100    1    649    630    630     73 -1155.2628   -0.029
P-n50-k8 	BT-3   50   16    200    0    649    913    653    191   0.7557    0.006
P-n50-k8 	BT-3   50   16    200    1    649    785    647    198   0.8057   -0.003
P-n50-k8 	BT-3   50    8    100    0    649    715    630     66 830.6437   -0.029
P-n50-k8 	BT-3   50    8    100    1    649    630    630     67 830.6382   -0.029
P-n50-k8 	BT-3   50   25    100    0    649    715    630     67 -1803.0481   -0.029
P-n50-k8 	BT-3   50   25    100    1    649    630    630     71 -1803.0276   -0.029
P-n50-k8 	BT-3   50   16    200    0    649    913    646    229   0.9104   -0.005
P-n50-k8 	BT-3   50   16    200    1    649    785    654    177   0.7368    0.008
P-n50-k8 	BT-3   50    8    100    0    649    715    630     71 -1112.4718   -0.029
P-n50-k8 	BT-3   50    8    100    1    649    630    630     73 -1112.4832   -0.029
P-n50-k8 	BT-3   50   25    100    0    649    715    630     75 957.5554   -0.029
P-n50-k8 	BT-3   50   25    100    1    649    630    630     71 957.5213   -0.029
P-n50-k8 	BT-3   50   16    200    0    649    913    653    190   0.7690    0.006
P-n50-k8 	BT-3   50   16    200    1    649    785    649    185   0.7785    0.000
P-n50-k8 	BT-3   50    8    100    0    649    715    630     69 -1420.8234   -0.029
P-n50-k8 	BT-3   50    8    100    1    649    630    630     74 -1420.8102   -0.029
P-n50-k8 	BT-3   50   25    100    0    649    715    630     69  32.5028   -0.029
P-n50-k8 	BT-3   50   25    100    1    649    630    630     63  32.4854   -0.029
P-n50-k8 	BT-3   50   16    200    0    649    913    653    194   0.7854    0.006
P-n50-k8 	BT-3   50   16    200    1    649    785    639    260   1.1462   -0.015
P-n50-k8 	BT-3   50    8    100    0    649    715    630     67  99.4143   -0.029
P-n50-k8 	BT-3   50    8    100    1    649    630    630     67  99.4158   -0.029
P-n50-k8 	BT-3   50   25    100    0    649    715    630     69 298.2468   -0.029
P-n50-k8 	BT-3   50   25    100    1    649    630    630     69 298.2571   -0.029
P-n50-k8 	BT-3   50   16    200    0    649    913    650    239   0.9801    0.002
P-n50-k8 	BT-3   50   16    200    1    649    785    648    203   0.8306   -0.002
P-n50-k8 	BT-3   50    8    100    0    649    715    630     73 896.5808   -0.029
P-n50-k8 	BT-3   50    8    100    1    649    630    630     67 896.5640   -0.029
P-n50-k8 	BT-3   50   25    100    0    649    715    630     67 -1605.2651   -0.029
P-n50-k8 	BT-3   50   25    100    1    649    630    630     72 -1605.2288   -0.029
P-n50-k8 	BT-3   50   16    200    0    649    913    653    187   0.7402    0.006
P-n50-k8 	BT-3   50   16    200    1    649    785    649    181   0.7594    0.000
P-n50-k8 	BT-3   50    8    100    0    649    715    630     81 -519.2394   -0.029
P-n50-k8 	BT-3   50    8    100    1    649    630    630     71 -519.2667   -0.029
P-n50-k8 	BT-3   50   25    100    0    649    715    630     75 -1557.7623   -0.029
P-n50-k8 	BT-3   50   25    100    1    649    630    630     68 -1557.7990   -0.029
P-n50-k8 	BT-3   50   16    200    0    649    913    650    199   0.8050    0.002
P-n50-k8 	BT-3   50   16    200    1    649    785    645    211   0.9184   -0.006
P-n50-k8 	BT-3   50    8    100    0    649    715    630     67 -376.6364   -0.029
P-n50-k8 	BT-3   50    8    100    1    649    630    630     69 -376.6495   -0.029
P-n50-k8 	BT-3   50   25    100    0    649    715    630     68 -1129.9353   -0.029
P-n50-k8 	BT-3   50   25    100    1    649    630    630     70 -1129.9308   -0.029
P-n50-k8 	BT-3   50   16    200    0    649    913    648    246   0.9713   -0.002
P-n50-k8 	BT-3   50   16    200    1    649    785    641    293   1.1943   -0.012
P-n50-k8 	BT-3   50    8    100    0    649    715    630     73 907.3369   -0.029
P-n50-k8 	BT-3   50    8    100    1    649    630    630     67 907.3243   -0.029
P-n50-k8 	BT-3   50   25    100    0    649    715    630     70 -1572.9797   -0.029
P-n50-k8 	BT-3   50   25    100    1    649    630    630     67 -1572.9921   -0.029
P-n50-k8 	BT-3   50   16    200    0    649    913    653    191   0.7590    0.006
P-n50-k8 	BT-3   50   16    200    1    649    785    654    174   0.7291    0.008
P-n50-k8 	BT-3   50    8    100    0    649    715    630     70 -422.4893   -0.029
P-n50-k8 	BT-3   50    8    100    1    649    630    630     69 -422.5010   -0.029
P-n50-k8 	BT-3   50   25    100    0    649    715    630     73 -1267.4780   -0.029
P-n50-k8 	BT-3   50   25    100    1    649    630    630     68 -1267.4875   -0.029
P-n50-k8 	BT-3   50   16    200    0    649    913    653    181   0.7358    0.006
P-n50-k8 	BT-3   50   16    200    1    649    785    649    179   0.7387    0.000
P-n50-k8 	BT-3   50    8    100    0    649    715    630     74 494.0258   -0.029
P-n50-k8 	BT-3   50    8    100    1    649    630    630     76 494.0144   -0.029
P-n50-k8 	BT-3   50   25    100    0    649    715    630     71 1482.0358   -0.029
P-n50-k8 	BT-3   50   25    100    1    649    630    630     70 1482.0413   -0.029
P-n50-k8 	BT-3   50   16    200    0    649    913    653    192   0.7858    0.006
P-n50-k8 	BT-3   50   16    200    1    649    785    645    347   1.4244   -0.006
P-n50-k8 	BT-3   50    8    100    0    649    715    630     65 153.3276   -0.029
P-n50-k8 	BT-3   50    8    100    1    649    630    630     70 153.3513   -0.029
P-n50-k8 	BT-3   50   25    100    0    649    715    630     75 460.0513   -0.029
P-n50-k8 	BT-3   50   25    100    1    649    630    630     67 460.0185   -0.029
P-n50-k8 	BT-3   50   16    200    0    649    913    653    189   0.7592    0.006
P-n50-k8 	BT-3   50   16    200    1    649    785    647    189   0.7630   -0.003
P-n50-k8 	BT-3   50    8    100    0    649    715    630     72 1381.6282   -0.029
P-n50-k8 	BT-3   50    8    100    1    649    630    630     67 1381.6185   -0.029
P-n50-k8 	BT-3   50   25    100    0    649    715    630     69 -150.0931   -0.029
P-n50-k8 	BT-3   50   25    100    1    649    630    630     64 -150.1116   -0.029
P-n50-k8 	BT-3   50   16    200    0    649    913    653    196   0.7985    0.006
P-n50-k8 	BT-3   50   16    200    1    649    785    648    196   0.8161   -0.002
P-n50-k8 	BT-3   50    8    100    0    649    715    630     68 -448.6689   -0.029
P-n50-k8 	BT-3   50    8    100    1    649    630    630     71 -448.6509   -0.029
P-n50-k8 	BT-3   50   25    100    0    649    715    630     74 -1345.9858   -0.029
P-n50-k8 	BT-3   50   25    100    1    649    630    630     66 -1346.0212   -0.029
P-n50-k8 	BT-3   50   16    200    0    649    913    653    190   0.7686    0.006
P-n50-k8 	BT-3   50   16    200    1    649    785    649    174   0.7321    0.000
P-n50-k8 	BT-3   50    8    100    0    649    715    630     73 258.4619   -0.029
P-n50-k8 	BT-3   50    8    100    1    649    630    630     65 258.4310   -0.029
P-n50-k8 	BT-3   50   25    100    0    649    715    630     66 775.3288   -0.029
P-n50-k8 	BT-3   50   25    100    1    649    630    630     71 775.3456   -0.029
P-n50-k8 	BT-3   50   16    200    0    649    913    653    192   0.7937    0.006
P-n50-k8 	BT-3   50   16    200    1    649    785    649    172   0.6924    0.000
P-n50-k8 	BT-3   50    8    100    0    649    715    630     74 -1967.4420   -0.029
P-n50-k8 	BT-3   50    8    100    1    649    630    630     69 -1967.4662   -0.029
P-n50-k8 	BT-3   50   25    100    0    649    715    630     75 -1607.3804   -0.029
P-n50-k8 	BT-3   50   25    100    1    649    630    630     72 -1607.3970   -0.029
P-n50-k8 	BT-3   50   16    200    0    649    913    655    177   0.7300    0.009
P-n50-k8 	BT-3   50   16    200    1    649    785    648    194   0.8011   -0.002
P-n50-k8 	BT-3   50    8    100    0    649    715    630     73 -525.6614   -0.029
P-n50-k8 	BT-3   50    8    100    1    649    630    630     74 -525.6547   -0.029
P-n50-k8 	BT-3   50   25    100    0    649    715    630     75 -1576.9661   -0.029
P-n50-k8 	BT-3   50   25    100    1    649    630    630     64 -1577.0125   -0.029
P-n50-k8 	BT-3   50   16    200    0    649    913    639    265   1.1117   -0.015
P-n50-k8 	BT-3   50   16    200    1    649    785    649    183   0.7434    0.000
P-n50-k8 	BT-3   50    8    100    0    649    715    630     71 -434.1115   -0.029
P-n50-k8 	BT-3   50    8    100    1    649    630    630     69 -434.1580   -0.029
P-n50-k8 	BT-3   50   25    100    0    649    715    630     72 -1302.4169   -0.029
P-n50-k8 	BT-3   50   25    100    1    649    630    630     66 -1302.4425   -0.029
P-n50-k8 	BT-3   50   16    200    0    649    913    653    199   0.8149    0.006
P-n50-k8 	BT-3   50   16    200    1    649    785    649    178   0.7526    0.000
P-n50-k8 	BT-3   50    8    100    0    649    715    630     71 389.2502   -0.029
P-n50-k8 	BT-3   50    8    100    1    649    630    630     67 389.2388   -0.029
P-n50-k8 	BT-3   50   25    100    0    649    715    630     73 1167.7532   -0.029
P-n50-k8 	BT-3   50   25    100    1    649    630    630     68 1167.7241   -0.029
P-n50-k8 	BT-3   50   16    200    0    649    913    647    205   0.8319   -0.003
P-n50-k8 	BT-3   50   16    200    1    649    785    648    393   1.6661   -0.002
P-n50-k8 	BT-3   50    8    100    0    649    715    630     70 -789.2544   -0.029
P-n50-k8 	BT-3   50    8    100    1    649    630    630     68 -789.2469   -0.029
P-n50-k8 	BT-3   50   25    100    0    649    715    630     72 1927.2218   -0.029
P-n50-k8 	BT-3   50   25    100    1    649    630    630     72 1927.2317   -0.029
P-n50-k8 	BT-3   50   16    200    0    649    913    644    294   1.2243   -0.008
P-n50-k8 	BT-3   50   16    200    1    649    785    648    193   0.8162   -0.002
P-n50-k8 	BT-3   50    8    100    0    649    715    630     70 1488.7397   -0.029
P-n50-k8 	BT-3   50    8    100    1    649    630    630     70 1488.7416   -0.029
P-n50-k8 	BT-3   50   25    100    0    649    715    630     72 171.2667   -0.029
P-n50-k8 	BT-3   50   25    100    1    649    630    630     70 171.2535   -0.029
P-n50-k8 	BT-3   50   16    200    0    649    913    644    240   0.9486   -0.008
P-n50-k8 	BT-3   50   16    200    1    649    785    649    175   0.7254    0.000
P-n50-k8 	BT-3   50    8    100    0    649    715    630     69 515.4415   -0.029
P-n50-k8 	BT-3   50    8    100    1    649    630    630     74 515.4648   -0.029
P-n50-k8 	BT-3   50   25    100    0    649    715    630     67 1546.3405   -0.029
P-n50-k8 	BT-3   50   25    100    1    649    630    630     67 1546.3430   -0.029
P-n50-k8 	BT-3   50   16    200    0    649    913    653    181   0.7129    0.006
P-n50-k8 	BT-3   50   16    200    1    649    785    648    196   0.8277   -0.002
P-n50-k8 	BT-3   50    8    100    0    649    715    630     73 345.6199   -0.029
P-n50-k8 	BT-3   50    8    100    1    649    630    630     72 345.6186   -0.029
P-n50-k8 	BT-3   50   25    100    0    649    715    630     76 1036.8719   -0.029
P-n50-k8 	BT-3   50   25    100    1    649    630    630     76 1036.8790   -0.029
P-n50-k8 	BT-3   50   16    200    0    649    913    653    196   0.7993    0.006
P-n50-k8 	BT-3   50   16    200    1    649    785    649    177   0.7480    0.000
P-n50-k8 	BT-3   50    8    100    0    649    715    630     86 -1182.7479   -0.029
P-n50-k8 	BT-3   50    8    100    1    649    630    630     71 -1182.8147   -0.029
P-n50-k8 	BT-3   50   25    100    0    649    715    630     75 746.6169   -0.029
P-n50-k8 	BT-3   50   25    100    1    649    630    630     70 746.5895   -0.029
P-n50-k8 	BT-3   50   16    200    0    649    913    655    183   0.7369    0.009
P-n50-k8 	BT-3   50   16    200    1    649    785    649    182   0.7533    0.000
P-n50-k8 	BT-3   50    8    100    0    649    715    630     74 -2053.6558   -0.029
P-n50-k8 	BT-3   50    8    100    1    649    630    630     75 -2053.6641   -0.029
P-n50-k8 	BT-3   50   25    100    0    649    715    630     69 -1866.0447   -0.029
P-n50-k8 	BT-3   50   25    100    1    649    630    630     72 -1866.0204   -0.029
P-n50-k8 	BT-3   50   16    200    0    649    913    653    199   0.7732    0.006
P-n50-k8 	BT-3   50   16    200    1    649    785    649    182   0.7502    0.000
P-n50-k8 	BT-3   50    8    100    0    649    715    630     74 -1301.5997   -0.029
P-n50-k8 	BT-3   50    8    100    1    649    630    630     74 -1301.5776   -0.029
P-n50-k8 	BT-3   50   25    100    0    649    715    630     63 390.1663   -0.029
P-n50-k8 	BT-3   50   25    100    1    649    630    630     68 390.1779   -0.029
P-n50-k8 	BT-3   50   16    200    0    649    913    653    195   0.8015    0.006
P-n50-k8 	BT-3   50   16    200    1    649    785    649    173   0.7148    0.000
P-n50-k8 	BT-3   50    8    100    0    649    715    630     75 1172.0582   -0.029
P-n50-k8 	BT-3   50    8    100    1    649    630    630     72 1172.0513   -0.029
P-n50-k8 	BT-3   50   25    100    0    649    715    630     76 -778.7958   -0.029
P-n50-k8 	BT-3   50   25    100    1    649    630    630     65 -778.8410   -0.029
P-n50-k8 	BT-3   50   16    200    0    649    913    655    179   0.7615    0.009
P-n50-k8 	BT-3   50   16    200    1    649    785    648    196   0.8608   -0.002
P-n50-k8 	BT-3   50    8    100    0    649    715    630     78 1960.1663   -0.029
P-n50-k8 	BT-3   50    8    100    1    649    630    630     68 1960.1407   -0.029
P-n50-k8 	BT-3   50   25    100    0    649    715    630     75 1585.5001   -0.029
P-n50-k8 	BT-3   50   25    100    1    649    630    630     71 1585.4812   -0.029
P-n50-k8 	BT-3   50   16    200    0    649    913    653    186   0.7930    0.006
P-n50-k8 	BT-3   50   16    200    1    649    785    648    195   0.8441   -0.002
P-n50-k8 	BT-3   50    8    100    0    649    715    630     71 463.1349   -0.029
P-n50-k8 	BT-3   50    8    100    1    649    630    630     76 463.1620   -0.029
P-n50-k8 	BT-3   50   25    100    0    649    715    630     71 1389.4379   -0.029
P-n50-k8 	BT-3   50   25    100    1    649    630    630     74 1389.4386   -0.029
P-n50-k8 	BT-3   50   16    200    0    649    913    648    185   0.7657   -0.002
P-n50-k8 	BT-3   50   16    200    1    649    785    649    180   0.7898    0.000
P-n50-k8 	BT-3   50    8    100    0    649    715    630     75 -125.0884   -0.029
P-n50-k8 	BT-3   50    8    100    1    649    630    630     70 -125.1115   -0.029
P-n50-k8 	BT-3   50   25    100    0    649    715    630     73 -375.2974   -0.029
P-n50-k8 	BT-3   50   25    100    1    649    630    630     72 -375.2869   -0.029
P-n50-k8 	BT-3   50   16    200    0    649    913    643    272   1.1490   -0.009
P-n50-k8 	BT-3   50   16    200    1    649    785    643    457   1.9225   -0.009
P-n50-k8 	BT-3   50    8    100    0    649    715    630     74 -1122.8126   -0.029
P-n50-k8 	BT-3   50    8    100    1    649    630    630     72 -1122.8152   -0.029
P-n50-k8 	BT-3   50   25    100    0    649    715    630     71 926.5110   -0.029
P-n50-k8 	BT-3   50   25    100    1    649    630    630     65 926.4919   -0.029
P-n50-k8 	BT-3   50   16    200    0    649    913    653    186   0.7440    0.006
P-n50-k8 	BT-3   50   16    200    1    649    785    649    172   0.7294    0.000
P-n50-k8 	BT-3   50    8    100    0    649    715    630     66 -1513.9835   -0.029
P-n50-k8 	BT-3   50    8    100    1    649    630    630     74 -1513.9601   -0.029
P-n50-k8 	BT-3   50   25    100    0    649    715    630     72 -246.9442   -0.029
P-n50-k8 	BT-3   50   25    100    1    649    630    630     68 -246.9585   -0.029
P-n50-k8 	BT-3   50   16    200    0    649    913    641    344   1.4034   -0.012
P-n50-k8 	BT-3   50   16    200    1    649    785    654    177   0.7136    0.008
P-n50-k8 	BT-3   50    8    100    0    649    715    630     70 -738.7332   -0.029
P-n50-k8 	BT-3   50    8    100    1    649    630    630     74 -738.7235   -0.029
P-n50-k8 	BT-3   50   25    100    0    649    715    630     75 2078.7957   -0.029
P-n50-k8 	BT-3   50   25    100    1    649    630    630     63 2078.7510   -0.029
P-n50-k8 	BT-3   50   16    200    0    649    913    641    304   1.2179   -0.012
P-n50-k8 	BT-3   50   16    200    1    649    785    648    195   0.7975   -0.002
P-n50-k8 	BT-3   50    8    100    0    649    715    630     70 1943.3615   -0.029
P-n50-k8 	BT-3   50    8    100    1    649    630    630     69 1943.3604   -0.029
P-n50-k8 	BT-3   50   25    100    0    649    715    630     73 1535.1296   -0.029
P-n50-k8 	BT-3   50   25    100    1    649    630    630     67 1535.1035   -0.029
P-n50-k8 	BT-3   50   16    200    0    649    913    653    189   0.7372    0.006
P-n50-k8 	BT-3   50   16    200    1    649    785    648    201   0.8516   -0.002
P-n50-k8 	BT-3   50    8    100    0    649    715    630     72 312.0211   -0.029
P-n50-k8 	BT-3   50    8    100    1    649    630    630     69 311.9810   -0.029
P-n50-k8 	BT-3   50   25    100    0    649    715    630     72 935.9830   -0.029
P-n50-k8 	BT-3   50   25    100    1    649    630    630     69 935.9720   -0.029
P-n50-k8 	BT-3   50   16    200    0    649    913    653    190   0.7884    0.006
P-n50-k8 	BT-3   50   16    200    1    649    785    644    304   1.3017   -0.008
P-n50-k8 	BT-3   50    8    100    0    649    715    630     73 -1484.9294   -0.029
P-n50-k8 	BT-3   50    8    100    1    649    630    630     73 -1484.9272   -0.029
P-n50-k8 	BT-3   50   25    100    0    649    715    630     70 -159.8192   -0.029
P-n50-k8 	BT-3   50   25    100    1    649    630    630     76 -159.8154   -0.029
P-n50-k8 	BT-3   50   16    200    0    649    913    653    191   0.7756    0.006
P-n50-k8 	BT-3   50   16    200    1    649    785    643    282   1.2252   -0.009
P-n50-k8 	BT-3   50    8    100    0    649    715    630     74 -477.4514   -0.029
P-n50-k8 	BT-3   50    8    100    1    649    630    630     67 -477.4713   -0.029
P-n50-k8 	BT-3   50   25    100    0    649    715    630     72 -1432.3811   -0.029
P-n50-k8 	BT-3   50   25    100    1    649    630    630     77 -1432.3499   -0.029
P-n50-k8 	BT-3   50   16    200    0    649    913    653    193   0.7816    0.006
P-n50-k8 	BT-3   50   16    200    1    649    785    649    178   0.7464    0.000
P-n50-k8 	BT-3   50    8    100    0    649    715    630     67  -0.6387   -0.029
P-n50-k8 	BT-3   50    8    100    1    649    630    630     74  -0.5999   -0.029
P-n50-k8 	BT-3   50   25    100    0    649    715    630     73  -1.8438   -0.029
P-n50-k8 	BT-3   50   25    100    1    649    630    630     69  -1.8715   -0.029
P-n50-k8 	BT-3   50   16    200    0    649    913    647    387   1.6240   -0.003
P-n50-k8 	BT-3   50   16    200    1    649    785    649    185   0.7705    0.000
P-n50-k8 	BT-3   50    8    100    0    649    715    630     86  -3.1207   -0.029
P-n50-k8 	BT-3   50    8    100    1    649    630    630     71  -3.1826   -0.029
P-n50-k8 	BT-3   50   25    100    0    649    715    630     73  -9.4643   -0.029
P-n50-k8 	BT-3   50   25    100    1    649    630    630     71  -9.4856   -0.029
P-n50-k8 	BT-3   50   16    200    0    649    913    644    254   1.0300   -0.008
P-n50-k8 	BT-3   50   16    200    1    649    785    649    182   0.7386    0.000
P-n50-k8 	BT-3   50    8    100    0    649    715    630     72 -26.6669   -0.029
P-n50-k8 	BT-3   50    8    100    1    649    630    630     68 -26.6676   -0.029
P-n50-k8 	BT-3   50   25    100    0    649    715    630     68 -79.9897   -0.029
P-n50-k8 	BT-3   50   25    100    1    649    630    630     69 -80.0084   -0.029
P-n50-k8 	BT-3   50   16    200    0    649    913    651    313   1.3298    0.003
P-n50-k8 	BT-3   50   16    200    1    649    785    644    323   1.3480   -0.008
P-n50-k8 	BT-3   50    8    100    0    649    715    630     68 -237.3244   -0.029
P-n50-k8 	BT-3   50    8    100    1    649    630    630     73 -237.3011   -0.029
P-n50-k8 	BT-3   50   25    100    0    649    715    630     70 -711.9361   -0.029
P-n50-k8 	BT-3   50   25    100    1    649    630    630     74 -711.9381   -0.029
P-n50-k8 	BT-3   50   16    200    0    649    913    653    199   0.8154    0.006
P-n50-k8 	BT-3   50   16    200    1    649    785    643    185   0.7338   -0.009
P-n50-k8 	BT-3   50    8    100    0    649    715    630     69 -2134.2788   -0.029
P-n50-k8 	BT-3   50    8    100    1    649    630    630     70 -2134.2734   -0.029
P-n50-k8 	BT-3   50   25    100    0    649    715    630     76 -2107.8364   -0.029
P-n50-k8 	BT-3   50   25    100    1    649    630    630     67 -2107.8718   -0.029
P-n50-k8 	BT-3   50   16    200    0    649    913    653    200   0.8425    0.006
P-n50-k8 	BT-3   50   16    200    1    649    785    649    181   0.7732    0.000
P-n50-k8 	BT-3   50    8    100    0    649    715    630     73 -2026.9747   -0.029
P-n50-k8 	BT-3   50    8    100    1    649    630    630     66 -2027.0028   -0.029
P-n50-k8 	BT-3   50   25    100    0    649    715    630     73 -1785.9828   -0.029
P-n50-k8 	BT-3   50   25    100    1    649    630    630     69 -1785.9905   -0.029
P-n50-k8 	BT-3   50   16    200    0    649    913    653    180   0.7181    0.006
P-n50-k8 	BT-3   50   16    200    1    649    785    654    176   0.7193    0.008
P-n50-k8 	BT-3   50    8    100    0    649    715    630     67 -1061.5752   -0.029
P-n50-k8 	BT-3   50    8    100    1    649    630    630     73 -1061.5500   -0.029
P-n50-k8 	BT-3   50   25    100    0    649    715    630     75 1110.2975   -0.029
P-n50-k8 	BT-3   50   25    100    1    649    630    630     70 1110.2737   -0.029
P-n50-k8 	BT-3   50   16    200    0    649    913    653    187   0.7474    0.006
P-n50-k8 	BT-3   50   16    200    1    649    785    648    201   0.8309   -0.002
P-n50-k8 	BT-3   50    8    100    0    649    715    630     70 -962.5167   -0.029
P-n50-k8 	BT-3   50    8    100    1    649    630    630     66 -962.5563   -0.029
P-n50-k8 	BT-3   50   25    100    0    649    715    630     71 1407.3545   -0.029
P-n50-k8 	BT-3   50   25    100    1    649    630    630     67 1407.3390   -0.029
P-n50-k8 	BT-3   50   16    200    0    649    913    653    187   0.7607    0.006
P-n50-k8 	BT-3   50   16    200    1    649    785    649    173   0.7306    0.000
P-n50-k8 	BT-3   50    8    100    0    649    715    630     65 -71.4447   -0.029
P-n50-k8 	BT-3   50    8    100    1    649    630    630     74 -71.4111   -0.029
P-n50-k8 	BT-3   50   25    100    0    649    715    630     73 -214.2783   -0.029
P-n50-k8 	BT-3   50   25    100    1    649    630    630     74 -214.2735   -0.029
P-n50-k8 	BT-3   50   16    200    0    649    913    655    182   0.7188    0.009
P-n50-k8 	BT-3   50   16    200    1    649    785    644    283   1.1644   -0.008
P-n50-k8 	BT-3   50    8    100    0    649    715    630     73 -640.9429   -0.029
P-n50-k8 	BT-3   50    8    100    1    649    630    630     73 -640.9390   -0.029
P-n50-k8 	BT-3   50   25    100    0    649    715    630     69 -1922.8113   -0.029
P-n50-k8 	BT-3   50   25    100    1    649    630    630     70 -1922.8386   -0.029
P-n50-k8 	BT-3   50   16    200    0    649    913    645    330   1.4002   -0.006
P-n50-k8 	BT-3   50   16    200    1    649    785    644    448   1.8837   -0.008
P-n50-k8 	BT-3   50    8    100    0    649    715    630     70 -1470.2224   -0.029
P-n50-k8 	BT-3   50    8    100    1    649    630    630     68 -1470.2338   -0.029
P-n50-k8 	BT-3   50   25    100    0    649    715    630     72 -115.7154   -0.029
P-n50-k8 	BT-3   50   25    100    1    649    630    630     67 -115.7352   -0.029
P-n50-k8 	BT-3   50   16    200    0    649    913    647    188   0.7428   -0.003
P-n50-k8 	BT-3   50   16    200    1    649    785    649    182   0.7746    0.000
P-n50-k8 	BT-3   50    8    100    0    649    715    630     69 -345.6440   -0.029
P-n50-k8 	BT-3   50    8    100    1    649    630    630     75 -345.6228   -0.029
P-n50-k8 	BT-3   50   25    100    0    649    715    630     62 -1036.9578   -0.029
P-n50-k8 	BT-3   50   25    100    1    649    630    630     72 -1036.9127   -0.029
P-n50-k8 	BT-3   50   16    200    0    649    913    641    322   1.2881   -0.012
P-n50-k8 	BT-3   50   16    200    1    649    785    648    291   1.2070   -0.002
P-n50-k8 	BT-3   50    8    100    0    649    715    630     74 1186.6809   -0.029
P-n50-k8 	BT-3   50    8    100    1    649    630    630     66 1186.6620   -0.029
P-n50-k8 	BT-3   50   25    100    0    649    715    630     74 -734.9370   -0.029
P-n50-k8 	BT-3   50   25    100    1    649    630    630     68 -734.9483   -0.029
