A-n32-k5 	BT-1   32   10    128    0    784   1208    792    149   0.1182    0.010
A-n32-k5 	BT-1   32   10    128    1    784   1115    784    251   0.1630    0.000
A-n32-k5 	BT-1   32    5     64    0    784   1003    784     65   0.0484    0.000
A-n32-k5 	BT-1   32    5     64    1    784    784    784     64   0.0500    0.000
A-n32-k5 	BT-1   32    3     64    0    784   1003    784     65   0.0459    0.000
A-n32-k5 	BT-1   32    3     64    1    784    784    784     64   0.0466    0.000
A-n32-k5 	BT-2   32   10    128    0    784   1208    784    361   0.2234    0.000
A-n32-k5 	BT-2   32   10    128    1    784   1115    790    161   0.1055    0.008
A-n32-k5 	BT-2   32    5     64    0    784    818    785     78   0.0543    0.001
A-n32-k5 	BT-2   32    5     64    1    784    784    784     64   0.0467    0.000
A-n32-k5 	BT-2   32    3     64    0    784    818    789     76   0.0529    0.006
A-n32-k5 	BT-2   32    3     64    1    784    784    784     64   0.0459    0.000
A-n32-k5 	BT-3   32   10    128    0    784   1208    789    408   0.2611    0.006
A-n32-k5 	BT-3   32   10    128    1    784   1115    787    206   0.1329    0.004
A-n32-k5 	BT-3   32    5     64    0    784   1183    785    133   0.0854    0.001
A-n32-k5 	BT-3   32    5     64    1    784    787    784     78   0.0589    0.000
A-n32-k5 	BT-3   32    3     64    0    784   1056    831    106   0.0790    0.060
A-n32-k5 	BT-3   32    3     64    1    784    784    784     64   0.0516    0.000
A-n32-k5 	BT-3   32   10    128    0    784   1208    785    282   0.1777    0.001
A-n32-k5 	BT-3   32   10    128    1    784   1115    831    358   0.2300    0.060
A-n32-k5 	BT-3   32    5     64    0    784   1056    829    114   0.0831    0.057
A-n32-k5 	BT-3   32    5     64    1    784    784    784     64   0.0509    0.000
A-n32-k5 	BT-3   32    3     64    0    784   1056    832    100   0.0730    0.061
A-n32-k5 	BT-3   32    3     64    1    784    784    784     64   0.0497    0.000
A-n32-k5 	BT-3   32   10    128    0    784   1208    836    144   0.0970    0.066
A-n32-k5 	BT-3   32   10    128    1    784   1115    787    319   0.1959    0.004
A-n32-k5 	BT-3   32    5     64    0    784   1056    828    194   0.1292    0.056
A-n32-k5 	BT-3   32    5     64    1    784    784    784     64   0.0526    0.000
A-n32-k5 	BT-3   32    3     64    0    784   1056    832    100   0.0761    0.061
A-n32-k5 	BT-3   32    3     64    1    784    784    784     64   0.0494    0.000
A-n32-k5 	BT-3   32   10    128    0    784   1208    836    145   0.0968    0.066
A-n32-k5 	BT-3   32   10    128    1    784   1115    785    250   0.1642    0.001
A-n32-k5 	BT-3   32    5     64    0    784   1056    829    165   0.1129    0.057
A-n32-k5 	BT-3   32    5     64    1    784    784    784     64   0.0490    0.000
A-n32-k5 	BT-3   32    3     64    0    784   1056    831    107   0.0756    0.060
A-n32-k5 	BT-3   32    3     64    1    784    784    784     64   0.0505    0.000
A-n32-k5 	BT-3   32   10    128    0    784   1208    785    230   0.1462    0.001
A-n32-k5 	BT-3   32   10    128    1    784   1115    785    560   0.3421    0.001
A-n32-k5 	BT-3   32    5     64    0    784   1056    829    128   0.0878    0.057
A-n32-k5 	BT-3   32    5     64    1    784    784    784     64   0.0498    0.000
A-n32-k5 	BT-3   32    3     64    0    784   1056    831    104   0.0996    0.060
A-n32-k5 	BT-3   32    3     64    1    784    784    784     64   0.0506    0.000
A-n32-k5 	BT-3   32   10    128    0    784   1208    804    248   0.1551    0.026
A-n32-k5 	BT-3   32   10    128    1    784   1115    785    218   0.1375    0.001
A-n32-k5 	BT-3   32    5     64    0    784   1056    830    116   0.0818    0.059
A-n32-k5 	BT-3   32    5     64    1    784    784    784     64   0.0505    0.000
A-n32-k5 	BT-3   32    3     64    0    784   1056    829    104   0.0758    0.057
A-n32-k5 	BT-3   32    3     64    1    784    784    784     64   0.0494    0.000
A-n32-k5 	BT-3   32   10    128    0    784   1208    788    273   0.1788    0.005
A-n32-k5 	BT-3   32   10    128    1    784   1115    820    191   0.1233    0.046
A-n32-k5 	BT-3   32    5     64    0    784   1056    829    107   0.0836    0.057
A-n32-k5 	BT-3   32    5     64    1    784    784    784     64   0.0556    0.000
A-n32-k5 	BT-3   32    3     64    0    784   1056    831    129   0.0904    0.060
A-n32-k5 	BT-3   32    3     64    1    784    784    784     64   0.0492    0.000
A-n32-k5 	BT-3   32   10    128    0    784   1208    836    145   0.0950    0.066
A-n32-k5 	BT-3   32   10    128    1    784   1115    784    193   0.1376    0.000
A-n32-k5 	BT-3   32    5     64    0    784   1056    831    127   0.1178    0.060
A-n32-k5 	BT-3   32    5     64    1    784    784    784     64   0.0523    0.000
A-n32-k5 	BT-3   32    3     64    0    784   1056    831    112   0.0797    0.060
A-n32-k5 	BT-3   32    3     64    1    784    784    784     64   0.0491    0.000
A-n32-k5 	BT-3   32   10    128    0    784   1208    836    145   0.0953    0.066
A-n32-k5 	BT-3   32   10    128    1    784   1115    797    173   0.1146    0.017
A-n32-k5 	BT-3   32    5     64    0    784   1056    829    140   0.1055    0.057
A-n32-k5 	BT-3   32    5     64    1    784    784    784     64   0.0544    0.000
A-n32-k5 	BT-3   32    3     64    0    784   1056    832    157   0.1180    0.061
A-n32-k5 	BT-3   32    3     64    1    784    784    784     64   0.0516    0.000
A-n32-k5 	BT-3   32   10    128    0    784   1208    836    145   0.0990    0.066
A-n32-k5 	BT-3   32   10    128    1    784   1115    784    310   0.2031    0.000
A-n32-k5 	BT-3   32    5     64    0    784   1056    832     93   0.0720    0.061
A-n32-k5 	BT-3   32    5     64    1    784    784    784     64   0.0531    0.000
A-n32-k5 	BT-3   32    3     64    0    784   1056    831    126   0.0969    0.060
A-n32-k5 	BT-3   32    3     64    1    784    784    784     64   0.0520    0.000
A-n32-k5 	BT-3   32   10    128    0    784   1208    837    145   0.1033    0.068
A-n32-k5 	BT-3   32   10    128    1    784   1115    816    271   0.1810    0.041
A-n32-k5 	BT-3   32    5     64    0    784   1056    843     87   0.0859    0.075
A-n32-k5 	BT-3   32    5     64    1    784    784    784     64   0.0642    0.000
A-n32-k5 	BT-3   32    3     64    0    784   1056    837     87   0.0802    0.068
A-n32-k5 	BT-3   32    3     64    1    784    784    784     64   0.0504    0.000
A-n32-k5 	BT-3   32   10    128    0    784   1208    836    144   0.0947    0.066
A-n32-k5 	BT-3   32   10    128    1    784   1115    784    215   0.1377    0.000
A-n32-k5 	BT-3   32    5     64    0    784   1056    829    119   0.0896    0.057
A-n32-k5 	BT-3   32    5     64    1    784    784    784     64   0.0566    0.000
A-n32-k5 	BT-3   32    3     64    0    784   1056    829    118   0.0960    0.057
A-n32-k5 	BT-3   32    3     64    1    784    784    784     64   0.0524    0.000
A-n32-k5 	BT-3   32   10    128    0    784   1208    836    145   0.0998    0.066
A-n32-k5 	BT-3   32   10    128    1    784   1115    785    500   0.3153    0.001
A-n32-k5 	BT-3   32    5     64    0    784   1056    829    155   0.1042    0.057
A-n32-k5 	BT-3   32    5     64    1    784    784    784     64   0.0494    0.000
A-n32-k5 	BT-3   32    3     64    0    784   1056    831     99   0.0725    0.060
A-n32-k5 	BT-3   32    3     64    1    784    784    784     64   0.0490    0.000
A-n32-k5 	BT-3   32   10    128    0    784   1208    784    193   0.1239    0.000
A-n32-k5 	BT-3   32   10    128    1    784   1115    785    258   0.1596    0.001
A-n32-k5 	BT-3   32    5     64    0    784   1056    829    149   0.1076    0.057
A-n32-k5 	BT-3   32    5     64    1    784    784    784     64   0.0524    0.000
A-n32-k5 	BT-3   32    3     64    0    784   1056    831    106   0.0836    0.060
A-n32-k5 	BT-3   32    3     64    1    784    784    784     64   0.0500    0.000
A-n32-k5 	BT-3   32   10    128    0    784   1208    836    145   0.0960    0.066
A-n32-k5 	BT-3   32   10    128    1    784   1115    785    182   0.1216    0.001
A-n32-k5 	BT-3   32    5     64    0    784   1056    829    143   0.1104    0.057
A-n32-k5 	BT-3   32    5     64    1    784    784    784     64   0.0503    0.000
A-n32-k5 	BT-3   32    3     64    0    784   1056    831    114   0.0835    0.060
A-n32-k5 	BT-3   32    3     64    1    784    784    784     64   0.0512    0.000
A-n32-k5 	BT-3   32   10    128    0    784   1208    787    340   0.2271    0.004
A-n32-k5 	BT-3   32   10    128    1    784   1115    784    228   0.1621    0.000
A-n32-k5 	BT-3   32    5     64    0    784   1056    828    158   0.1172    0.056
A-n32-k5 	BT-3   32    5     64    1    784    784    784     64   0.0527    0.000
A-n32-k5 	BT-3   32    3     64    0    784   1056    831    116   0.0862    0.060
A-n32-k5 	BT-3   32    3     64    1    784    784    784     64   0.0520    0.000
A-n32-k5 	BT-3   32   10    128    0    784   1208    836    145   0.0993    0.066
A-n32-k5 	BT-3   32   10    128    1    784   1115    829    413   0.2654    0.057
A-n32-k5 	BT-3   32    5     64    0    784   1056    839    102   0.0747    0.070
A-n32-k5 	BT-3   32    5     64    1    784    784    784     64   0.0493    0.000
A-n32-k5 	BT-3   32    3     64    0    784   1056    837     95   0.0694    0.068
A-n32-k5 	BT-3   32    3     64    1    784    784    784     64   0.0494    0.000
A-n32-k5 	BT-3   32   10    128    0    784   1208    815    163   0.1031    0.040
A-n32-k5 	BT-3   32   10    128    1    784   1115    828    337   0.2031    0.056
A-n32-k5 	BT-3   32    5     64    0    784   1056    828    118   0.0804    0.056
A-n32-k5 	BT-3   32    5     64    1    784    784    784     64   0.0503    0.000
A-n32-k5 	BT-3   32    3     64    0    784   1056    829    115   0.0858    0.057
A-n32-k5 	BT-3   32    3     64    1    784    784    784     64   0.0496    0.000
A-n32-k5 	BT-3   32   10    128    0    784   1208    785    234   0.1443    0.001
A-n32-k5 	BT-3   32   10    128    1    784   1115    786    201   0.1308    0.003
A-n32-k5 	BT-3   32    5     64    0    784   1056    829    134   0.0910    0.057
A-n32-k5 	BT-3   32    5     64    1    784    784    784     64   0.0491    0.000
A-n32-k5 	BT-3   32    3     64    0    784   1056    831    117   0.0807    0.060
A-n32-k5 	BT-3   32    3     64    1    784    784    784     64   0.0496    0.000
A-n32-k5 	BT-3   32   10    128    0    784   1208    815    153   0.1007    0.040
A-n32-k5 	BT-3   32   10    128    1    784   1115    785    282   0.1748    0.001
A-n32-k5 	BT-3   32    5     64    0    784   1056    831    129   0.0881    0.060
A-n32-k5 	BT-3   32    5     64    1    784    784    784     64   0.0494    0.000
A-n32-k5 	BT-3   32    3     64    0    784   1056    829    147   0.1035    0.057
A-n32-k5 	BT-3   32    3     64    1    784    784    784     64   0.0492    0.000
A-n32-k5 	BT-3   32   10    128    0    784   1208    784    283   0.1724    0.000
A-n32-k5 	BT-3   32   10    128    1    784   1115    815    304   0.1890    0.040
A-n32-k5 	BT-3   32    5     64    0    784   1056    830    125   0.0864    0.059
A-n32-k5 	BT-3   32    5     64    1    784    784    784     64   0.0488    0.000
A-n32-k5 	BT-3   32    3     64    0    784   1056    835     93   0.0664    0.065
A-n32-k5 	BT-3   32    3     64    1    784    784    784     64   0.0487    0.000
A-n32-k5 	BT-3   32   10    128    0    784   1208    830    304   0.1871    0.059
A-n32-k5 	BT-3   32   10    128    1    784   1115    784    209   0.1317    0.000
A-n32-k5 	BT-3   32    5     64    0    784   1056    851     77   0.0606    0.085
A-n32-k5 	BT-3   32    5     64    1    784    784    784     64   0.0527    0.000
A-n32-k5 	BT-3   32    3     64    0    784   1056    837     87   0.0642    0.068
A-n32-k5 	BT-3   32    3     64    1    784    784    784     64   0.0488    0.000
A-n32-k5 	BT-3   32   10    128    0    784   1208    815    224   0.1425    0.040
A-n32-k5 	BT-3   32   10    128    1    784   1115    796    309   0.1875    0.015
A-n32-k5 	BT-3   32    5     64    0    784   1056    830    143   0.0985    0.059
A-n32-k5 	BT-3   32    5     64    1    784    784    784     64   0.0491    0.000
A-n32-k5 	BT-3   32    3     64    0    784   1056    831    113   0.1195    0.060
A-n32-k5 	BT-3   32    3     64    1    784    784    784     64   0.0750    0.000
A-n32-k5 	BT-3   32   10    128    0    784   1208    831    331   0.2080    0.060
A-n32-k5 	BT-3   32   10    128    1    784   1115    843    230   0.1699    0.075
A-n32-k5 	BT-3   32    5     64    0    784   1056    830    113   0.0795    0.059
A-n32-k5 	BT-3   32    5     64    1    784    784    784     64   0.0490    0.000
A-n32-k5 	BT-3   32    3     64    0    784   1056    831    153   0.1210    0.060
A-n32-k5 	BT-3   32    3     64    1    784    784    784     64   0.0647    0.000
A-n32-k5 	BT-3   32   10    128    0    784   1208    785    401   0.2987    0.001
A-n32-k5 	BT-3   32   10    128    1    784   1115    788    246   0.1547    0.005
A-n32-k5 	BT-3   32    5     64    0    784   1056    829    143   0.0989    0.057
A-n32-k5 	BT-3   32    5     64    1    784    784    784     64   0.0494    0.000
A-n32-k5 	BT-3   32    3     64    0    784   1056    831    121   0.0921    0.060
A-n32-k5 	BT-3   32    3     64    1    784    784    784     64   0.0525    0.000
A-n32-k5 	BT-3   32   10    128    0    784   1208    785    203   0.1366    0.001
A-n32-k5 	BT-3   32   10    128    1    784   1115    829    390   0.2481    0.057
A-n32-k5 	BT-3   32    5     64    0    784   1056    832     92   0.0712    0.061
A-n32-k5 	BT-3   32    5     64    1    784    784    784     64   0.0527    0.000
A-n32-k5 	BT-3   32    3     64    0    784   1056    829    170   0.1190    0.057
A-n32-k5 	BT-3   32    3     64    1    784    784    784     64   0.0535    0.000
A-n32-k5 	BT-3   32   10    128    0    784   1208    836    145   0.1002    0.066
A-n32-k5 	BT-3   32   10    128    1    784   1115    785    365   0.2313    0.001
A-n32-k5 	BT-3   32    5     64    0    784   1056    831    114   0.0777    0.060
A-n32-k5 	BT-3   32    5     64    1    784    784    784     64   0.0530    0.000
A-n32-k5 	BT-3   32    3     64    0    784   1056    831    103   0.0779    0.060
A-n32-k5 	BT-3   32    3     64    1    784    784    784     64   0.0506    0.000
A-n32-k5 	BT-3   32   10    128    0    784   1208    785    409   0.2905    0.001
A-n32-k5 	BT-3   32   10    128    1    784   1115    784    296   0.2002    0.000
A-n32-k5 	BT-3   32    5     64    0    784   1056    829    168   0.1224    0.057
A-n32-k5 	BT-3   32    5     64    1    784    784    784     64   0.0513    0.000
A-n32-k5 	BT-3   32    3     64    0    784   1056    829    122   0.0903    0.057
A-n32-k5 	BT-3   32    3     64    1    784    784    784     64   0.0507    0.000
A-n32-k5 	BT-3   32   10    128    0    784   1208    784    433   0.2746    0.000
A-n32-k5 	BT-3   32   10    128    1    784   1115    836    227   0.1478    0.066
A-n32-k5 	BT-3   32    5     64    0    784   1056    785    149   0.0973    0.001
A-n32-k5 	BT-3   32    5     64    1    784    784    784     64   0.0492    0.000
A-n32-k5 	BT-3   32    3     64    0    784   1056    831    119   0.0846    0.060
A-n32-k5 	BT-3   32    3     64    1    784    784    784     64   0.0512    0.000
A-n32-k5 	BT-3   32   10    128    0    784   1208    816    214   0.1370    0.041
A-n32-k5 	BT-3   32   10    128    1    784   1115    790    307   0.1929    0.008
A-n32-k5 	BT-3   32    5     64    0    784   1056    843     87   0.0658    0.075
A-n32-k5 	BT-3   32    5     64    1    784    784    784     64   0.0492    0.000
A-n32-k5 	BT-3   32    3     64    0    784   1056    832    106   0.0760    0.061
A-n32-k5 	BT-3   32    3     64    1    784    784    784     64   0.0495    0.000
A-n32-k5 	BT-3   32   10    128    0    784   1208    784    256   0.1647    0.000
A-n32-k5 	BT-3   32   10    128    1    784   1115    830    264   0.1653    0.059
A-n32-k5 	BT-3   32    5     64    0    784   1056    831    115   0.0981    0.060
A-n32-k5 	BT-3   32    5     64    1    784    784    784     64   0.0508    0.000
A-n32-k5 	BT-3   32    3     64    0    784   1056    831    116   0.0847    0.060
A-n32-k5 	BT-3   32    3     64    1    784    784    784     64   0.0516    0.000
A-n32-k5 	BT-3   32   10    128    0    784   1208    784    316   0.2300    0.000
A-n32-k5 	BT-3   32   10    128    1    784   1115    784    370   0.2250    0.000
A-n32-k5 	BT-3   32    5     64    0    784   1056    831    116   0.0798    0.060
A-n32-k5 	BT-3   32    5     64    1    784    784    784     64   0.0501    0.000
A-n32-k5 	BT-3   32    3     64    0    784   1056    831    160   0.1141    0.060
A-n32-k5 	BT-3   32    3     64    1    784    784    784     64   0.0508    0.000
A-n32-k5 	BT-3   32   10    128    0    784   1208    836    145   0.0998    0.066
A-n32-k5 	BT-3   32   10    128    1    784   1115    784    370   0.2290    0.000
A-n32-k5 	BT-3   32    5     64    0    784   1056    831     99   0.0719    0.060
A-n32-k5 	BT-3   32    5     64    1    784    784    784     64   0.0493    0.000
A-n32-k5 	BT-3   32    3     64    0    784   1056    830    110   0.0742    0.059
A-n32-k5 	BT-3   32    3     64    1    784    784    784     64   0.0498    0.000
A-n32-k5 	BT-3   32   10    128    0    784   1208    829    200   0.1307    0.057
A-n32-k5 	BT-3   32   10    128    1    784   1115    784    329   0.2304    0.000
A-n32-k5 	BT-3   32    5     64    0    784   1056    829    195   0.1521    0.057
A-n32-k5 	BT-3   32    5     64    1    784    784    784     64   0.0529    0.000
A-n32-k5 	BT-3   32    3     64    0    784   1056    831     96   0.0722    0.060
A-n32-k5 	BT-3   32    3     64    1    784    784    784     64   0.0520    0.000
A-n32-k5 	BT-3   32   10    128    0    784   1208    786    274   0.1875    0.003
A-n32-k5 	BT-3   32   10    128    1    784   1115    786    338   0.2484    0.003
A-n32-k5 	BT-3   32    5     64    0    784   1056    815    133   0.1158    0.040
A-n32-k5 	BT-3   32    5     64    1    784    784    784     64   0.0576    0.000
A-n32-k5 	BT-3   32    3     64    0    784   1056    837     89   0.0676    0.068
A-n32-k5 	BT-3   32    3     64    1    784    784    784     64   0.0515    0.000
A-n32-k5 	BT-3   32   10    128    0    784   1208    836    145   0.0998    0.066
A-n32-k5 	BT-3   32   10    128    1    784   1115    785    206   0.1351    0.001
A-n32-k5 	BT-3   32    5     64    0    784   1056    832    101   0.0770    0.061
A-n32-k5 	BT-3   32    5     64    1    784    784    784     64   0.0521    0.000
A-n32-k5 	BT-3   32    3     64    0    784   1056    837    105   0.0803    0.068
A-n32-k5 	BT-3   32    3     64    1    784    784    784     64   0.0523    0.000
A-n32-k5 	BT-3   32   10    128    0    784   1208    785    431   0.2744    0.001
A-n32-k5 	BT-3   32   10    128    1    784   1115    859    157   0.1073    0.096
A-n32-k5 	BT-3   32    5     64    0    784   1056    831    128   0.0910    0.060
A-n32-k5 	BT-3   32    5     64    1    784    784    784     64   0.0516    0.000
A-n32-k5 	BT-3   32    3     64    0    784   1056    831    100   0.0716    0.060
A-n32-k5 	BT-3   32    3     64    1    784    784    784     64   0.0517    0.000
A-n32-k5 	BT-3   32   10    128    0    784   1208    787    271   0.1914    0.004
A-n32-k5 	BT-3   32   10    128    1    784   1115    785    188   0.1395    0.001
A-n32-k5 	BT-3   32    5     64    0    784   1056    830    144   0.1042    0.059
A-n32-k5 	BT-3   32    5     64    1    784    784    784     64   0.0504    0.000
A-n32-k5 	BT-3   32    3     64    0    784   1056    831    123   0.0876    0.060
A-n32-k5 	BT-3   32    3     64    1    784    784    784     64   0.0502    0.000
A-n32-k5 	BT-3   32   10    128    0    784   1208    785    264   0.1750    0.001
A-n32-k5 	BT-3   32   10    128    1    784   1115    785    232   0.1703    0.001
A-n32-k5 	BT-3   32    5     64    0    784   1056    829    190   0.1399    0.057
A-n32-k5 	BT-3   32    5     64    1    784    784    784     64   0.0513    0.000
A-n32-k5 	BT-3   32    3     64    0    784   1056    843     84   0.0680    0.075
A-n32-k5 	BT-3   32    3     64    1    784    784    784     64   0.0496    0.000
A-n32-k5 	BT-3   32   10    128    0    784   1208    784    317   0.1971    0.000
A-n32-k5 	BT-3   32   10    128    1    784   1115    788    215   0.1369    0.005
A-n32-k5 	BT-3   32    5     64    0    784   1056    829    149   0.1042    0.057
A-n32-k5 	BT-3   32    5     64    1    784    784    784     64   0.0509    0.000
A-n32-k5 	BT-3   32    3     64    0    784   1056    831    104   0.0750    0.060
A-n32-k5 	BT-3   32    3     64    1    784    784    784     64   0.0506    0.000
A-n32-k5 	BT-3   32   10    128    0    784   1208    785    247   0.1545    0.001
A-n32-k5 	BT-3   32   10    128    1    784   1115    831    262   0.1662    0.060
A-n32-k5 	BT-3   32    5     64    0    784   1056    830    150   0.1016    0.059
A-n32-k5 	BT-3   32    5     64    1    784    784    784     64   0.0494    0.000
A-n32-k5 	BT-3   32    3     64    0    784   1056    831     96   0.0680    0.060
A-n32-k5 	BT-3   32    3     64    1    784    784    784     64   0.0496    0.000
A-n32-k5 	BT-3   32   10    128    0    784   1208    784    293   0.1797    0.000
A-n32-k5 	BT-3   32   10    128    1    784   1115    785    249   0.1561    0.001
A-n32-k5 	BT-3   32    5     64    0    784   1056    830    154   0.1027    0.059
A-n32-k5 	BT-3   32    5     64    1    784    784    784     64   0.0498    0.000
A-n32-k5 	BT-3   32    3     64    0    784   1056    831     96   0.0677    0.060
A-n32-k5 	BT-3   32    3     64    1    784    784    784     64   0.0489    0.000
A-n32-k5 	BT-3   32   10    128    0    784   1208    785    165   0.1041    0.001
A-n32-k5 	BT-3   32   10    128    1    784   1115    792    274   0.1679    0.010
A-n32-k5 	BT-3   32    5     64    0    784   1056    829    104   0.0723    0.057
A-n32-k5 	BT-3   32    5     64    1    784    784    784     64   0.0488    0.000
A-n32-k5 	BT-3   32    3     64    0    784   1056    831    103   0.0737    0.060
A-n32-k5 	BT-3   32    3     64    1    784    784    784     64   0.0511    0.000
A-n32-k5 	BT-3   32   10    128    0    784   1208    815    240   0.1544    0.040
A-n32-k5 	BT-3   32   10    128    1    784   1115    785    284   0.1864    0.001
A-n32-k5 	BT-3   32    5     64    0    784   1056    829    121   0.0852    0.057
A-n32-k5 	BT-3   32    5     64    1    784    784    784     64   0.0494    0.000
A-n32-k5 	BT-3   32    3     64    0    784   1056    831    123   0.0872    0.060
A-n32-k5 	BT-3   32    3     64    1    784    784    784     64   0.0492    0.000
A-n32-k5 	BT-3   32   10    128    0    784   1208    784    214   0.1384    0.000
A-n32-k5 	BT-3   32   10    128    1    784   1115    784    251   0.1611    0.000
A-n32-k5 	BT-3   32    5     64    0    784   1056    843     87   0.0659    0.075
A-n32-k5 	BT-3   32    5     64    1    784    784    784     64   0.0491    0.000
A-n32-k5 	BT-3   32    3     64    0    784   1056    831    134   0.0918    0.060
A-n32-k5 	BT-3   32    3     64    1    784    784    784     64   0.0499    0.000
A-n32-k5 	BT-3   32   10    128    0    784   1208    831    236   0.1491    0.060
A-n32-k5 	BT-3   32   10    128    1    784   1115    815    229   0.1448    0.040
A-n32-k5 	BT-3   32    5     64    0    784   1056    829    144   0.1006    0.057
A-n32-k5 	BT-3   32    5     64    1    784    784    784     64   0.0489    0.000
A-n32-k5 	BT-3   32    3     64    0    784   1056    837     87   0.0638    0.068
A-n32-k5 	BT-3   32    3     64    1    784    784    784     64   0.0506    0.000
A-n32-k5 	BT-3   32   10    128    0    784   1208    796    280   0.1763    0.015
A-n32-k5 	BT-3   32   10    128    1    784   1115    790    212   0.1339    0.008
A-n32-k5 	BT-3   32    5     64    0    784   1056    830    125   0.0856    0.059
A-n32-k5 	BT-3   32    5     64    1    784    784    784     64   0.0495    0.000
A-n32-k5 	BT-3   32    3     64    0    784   1056    831     99   0.0725    0.060
A-n32-k5 	BT-3   32    3     64    1    784    784    784     64   0.0502    0.000
A-n32-k5 	BT-3   32   10    128    0    784   1208    784    267   0.1679    0.000
A-n32-k5 	BT-3   32   10    128    1    784   1115    832    224   0.1400    0.061
A-n32-k5 	BT-3   32    5     64    0    784   1056    831    101   0.0713    0.060
A-n32-k5 	BT-3   32    5     64    1    784    784    784     64   0.0493    0.000
A-n32-k5 	BT-3   32    3     64    0    784   1056    831    150   0.1008    0.060
A-n32-k5 	BT-3   32    3     64    1    784    784    784     64   0.0498    0.000
A-n32-k5 	BT-3   32   10    128    0    784   1208    785    313   0.1974    0.001
A-n32-k5 	BT-3   32   10    128    1    784   1115    785    454   0.2735    0.001
A-n32-k5 	BT-3   32    5     64    0    784   1056    817    161   0.1091    0.042
A-n32-k5 	BT-3   32    5     64    1    784    784    784     64   0.0491    0.000
A-n32-k5 	BT-3   32    3     64    0    784   1056    831     97   0.0724    0.060
A-n32-k5 	BT-3   32    3     64    1    784    784    784     64   0.0489    0.000
A-n32-k5 	BT-3   32   10    128    0    784   1208    829    204   0.1407    0.057
A-n32-k5 	BT-3   32   10    128    1    784   1115    786    258   0.1686    0.003
A-n32-k5 	BT-3   32    5     64    0    784   1056    830    112   0.0838    0.059
A-n32-k5 	BT-3   32    5     64    1    784    784    784     64   0.0508    0.000
A-n32-k5 	BT-3   32    3     64    0    784   1056    831     98   0.0752    0.060
A-n32-k5 	BT-3   32    3     64    1    784    784    784     64   0.0511    0.000
A-n32-k5 	BT-3   32   10    128    0    784   1208    831    232   0.1585    0.060
A-n32-k5 	BT-3   32   10    128    1    784   1115    784    235   0.1526    0.000
A-n32-k5 	BT-3   32    5     64    0    784   1056    828    167   0.1151    0.056
A-n32-k5 	BT-3   32    5     64    1    784    784    784     64   0.0527    0.000
A-n32-k5 	BT-3   32    3     64    0    784   1056    832     98   0.0739    0.061
A-n32-k5 	BT-3   32    3     64    1    784    784    784     64   0.0511    0.000
A-n32-k5 	BT-3   32   10    128    0    784   1208    784    406   0.2656    0.000
A-n32-k5 	BT-3   32   10    128    1    784   1115    785    260   0.1718    0.001
A-n32-k5 	BT-3   32    5     64    0    784   1056    829    226   0.1781    0.057
A-n32-k5 	BT-3   32    5     64    1    784    784    784     64   0.0647    0.000
A-n32-k5 	BT-3   32    3     64    0    784   1056    832     99   0.0826    0.061
A-n32-k5 	BT-3   32    3     64    1    784    784    784     64   0.0636    0.000
A-n32-k5 	BT-3   32   10    128    0    784   1208    785    403   0.2725    0.001
A-n32-k5 	BT-3   32   10    128    1    784   1115    785    222   0.1411    0.001
A-n32-k5 	BT-3   32    5     64    0    784   1056    841    100   0.0757    0.073
A-n32-k5 	BT-3   32    5     64    1    784    784    784     64   0.0508    0.000
A-n32-k5 	BT-3   32    3     64    0    784   1056    831    125   0.0926    0.060
A-n32-k5 	BT-3   32    3     64    1    784    784    784     64   0.0517    0.000
A-n32-k5 	BT-3   32   10    128    0    784   1208    785    389   0.2550    0.001
A-n32-k5 	BT-3   32   10    128    1    784   1115    821    190   0.1305    0.047
A-n32-k5 	BT-3   32    5     64    0    784   1056    829    176   0.1244    0.057
A-n32-k5 	BT-3   32    5     64    1    784    784    784     64   0.0516    0.000
A-n32-k5 	BT-3   32    3     64    0    784   1056    837     87   0.0791    0.068
A-n32-k5 	BT-3   32    3     64    1    784    784    784     64   0.0517    0.000
A-n32-k5 	BT-3   32   10    128    0    784   1208    784    281   0.1824    0.000
A-n32-k5 	BT-3   32   10    128    1    784   1115    784    444   0.2914    0.000
A-n32-k5 	BT-3   32    5     64    0    784   1056    829    118   0.0857    0.057
A-n32-k5 	BT-3   32    5     64    1    784    784    784     64   0.0512    0.000
A-n32-k5 	BT-3   32    3     64    0    784   1056    831     99   0.0757    0.060
A-n32-k5 	BT-3   32    3     64    1    784    784    784     64   0.0511    0.000
A-n32-k5 	BT-3   32   10    128    0    784   1208    816    164   0.1096    0.041
A-n32-k5 	BT-3   32   10    128    1    784   1115    832    225   0.1468    0.061
A-n32-k5 	BT-3   32    5     64    0    784   1056    830    181   0.1244    0.059
A-n32-k5 	BT-3   32    5     64    1    784    784    784     64   0.0521    0.000
A-n32-k5 	BT-3   32    3     64    0    784   1056    832    100   0.1001    0.061
A-n32-k5 	BT-3   32    3     64    1    784    784    784     64   0.0693    0.000
A-n32-k5 	BT-3   32   10    128    0    784   1208    837    145   0.1171    0.068
A-n32-k5 	BT-3   32   10    128    1    784   1115    796    356   0.2379    0.015
A-n32-k5 	BT-3   32    5     64    0    784   1056    828    151   0.1048    0.056
A-n32-k5 	BT-3   32    5     64    1    784    784    784     64   0.0510    0.000
A-n32-k5 	BT-3   32    3     64    0    784   1056    832    148   0.1332    0.061
A-n32-k5 	BT-3   32    3     64    1    784    784    784     64   0.0613    0.000
A-n32-k5 	BT-3   32   10    128    0    784   1208    831    210   0.1499    0.060
A-n32-k5 	BT-3   32   10    128    1    784   1115    785    260   0.1669    0.001
A-n32-k5 	BT-3   32    5     64    0    784   1056    785    147   0.0970    0.001
A-n32-k5 	BT-3   32    5     64    1    784    784    784     64   0.0505    0.000
A-n32-k5 	BT-3   32    3     64    0    784   1056    831    108   0.0790    0.060
A-n32-k5 	BT-3   32    3     64    1    784    784    784     64   0.0522    0.000
A-n32-k5 	BT-3   32   10    128    0    784   1208    815    172   0.1193    0.040
A-n32-k5 	BT-3   32   10    128    1    784   1115    799    195   0.1277    0.019
A-n32-k5 	BT-3   32    5     64    0    784   1056    830    109   0.0781    0.059
A-n32-k5 	BT-3   32    5     64    1    784    784    784     64   0.0513    0.000
A-n32-k5 	BT-3   32    3     64    0    784   1056    830    160   0.1215    0.059
A-n32-k5 	BT-3   32    3     64    1    784    784    784     64   0.0534    0.000
A-n32-k5 	BT-3   32   10    128    0    784   1208    836    145   0.1038    0.066
A-n32-k5 	BT-3   32   10    128    1    784   1115    832    217   0.1440    0.061
A-n32-k5 	BT-3   32    5     64    0    784   1056    831    101   0.0746    0.060
A-n32-k5 	BT-3   32    5     64    1    784    784    784     64   0.0506    0.000
A-n32-k5 	BT-3   32    3     64    0    784   1056    837     87   0.0668    0.068
A-n32-k5 	BT-3   32    3     64    1    784    784    784     64   0.0513    0.000
A-n32-k5 	BT-3   32   10    128    0    784   1208    784    317   0.2095    0.000
A-n32-k5 	BT-3   32   10    128    1    784   1115    785    314   0.2022    0.001
A-n32-k5 	BT-3   32    5     64    0    784   1056    832    103   0.0819    0.061
A-n32-k5 	BT-3   32    5     64    1    784    784    784     64   0.0539    0.000
A-n32-k5 	BT-3   32    3     64    0    784   1056    843     84   0.0708    0.075
A-n32-k5 	BT-3   32    3     64    1    784    784    784     64   0.0521    0.000
A-n32-k5 	BT-3   32   10    128    0    784   1208    815    200   0.1401    0.040
A-n32-k5 	BT-3   32   10    128    1    784   1115    784    270   0.1778    0.000
A-n32-k5 	BT-3   32    5     64    0    784   1056    830    166   0.1154    0.059
A-n32-k5 	BT-3   32    5     64    1    784    784    784     64   0.0506    0.000
A-n32-k5 	BT-3   32    3     64    0    784   1056    837     90   0.0696    0.068
A-n32-k5 	BT-3   32    3     64    1    784    784    784     64   0.0527    0.000
A-n32-k5 	BT-3   32   10    128    0    784   1208    836    145   0.1007    0.066
A-n32-k5 	BT-3   32   10    128    1    784   1115    843    161   0.1266    0.075
A-n32-k5 	BT-3   32    5     64    0    784   1056    828    132   0.1227    0.056
A-n32-k5 	BT-3   32    5     64    1    784    784    784     64   0.0614    0.000
A-n32-k5 	BT-3   32    3     64    0    784   1056    831    107   0.1113    0.060
A-n32-k5 	BT-3   32    3     64    1    784    784    784     64   0.0603    0.000
A-n32-k5 	BT-3   32   10    128    0    784   1208    831    220   0.1577    0.060
A-n32-k5 	BT-3   32   10    128    1    784   1115    784    276   0.1792    0.000
A-n32-k5 	BT-3   32    5     64    0    784   1056    829    134   0.1001    0.057
A-n32-k5 	BT-3   32    5     64    1    784    784    784     64   0.0517    0.000
A-n32-k5 	BT-3   32    3     64    0    784   1056    830    169   0.1174    0.059
A-n32-k5 	BT-3   32    3     64    1    784    784    784     64   0.0530    0.000
A-n32-k5 	BT-3   32   10    128    0    784   1208    836    147   0.1022    0.066
A-n32-k5 	BT-3   32   10    128    1    784   1115    787    239   0.1645    0.004
A-n32-k5 	BT-3   32    5     64    0    784   1056    829    118   0.0861    0.057
A-n32-k5 	BT-3   32    5     64    1    784    784    784     64   0.0519    0.000
A-n32-k5 	BT-3   32    3     64    0    784   1056    831    116   0.0867    0.060
A-n32-k5 	BT-3   32    3     64    1    784    784    784     64   0.0511    0.000
A-n32-k5 	BT-3   32   10    128    0    784   1208    784    265   0.1738    0.000
A-n32-k5 	BT-3   32   10    128    1    784   1115    784    287   0.1856    0.000
A-n32-k5 	BT-3   32    5     64    0    784   1056    830    147   0.1120    0.059
A-n32-k5 	BT-3   32    5     64    1    784    784    784     64   0.0501    0.000
A-n32-k5 	BT-3   32    3     64    0    784   1056    831    105   0.0760    0.060
A-n32-k5 	BT-3   32    3     64    1    784    784    784     64   0.0493    0.000
A-n32-k5 	BT-3   32   10    128    0    784   1208    788    221   0.1482    0.005
A-n32-k5 	BT-3   32   10    128    1    784   1115    784    443   0.2778    0.000
A-n32-k5 	BT-3   32    5     64    0    784   1056    830    126   0.0960    0.059
A-n32-k5 	BT-3   32    5     64    1    784    784    784     64   0.0530    0.000
A-n32-k5 	BT-3   32    3     64    0    784   1056    831     98   0.0753    0.060
A-n32-k5 	BT-3   32    3     64    1    784    784    784     64   0.0514    0.000
A-n32-k5 	BT-3   32   10    128    0    784   1208    832    221   0.1469    0.061
A-n32-k5 	BT-3   32   10    128    1    784   1115    786    209   0.1418    0.003
A-n32-k5 	BT-3   32    5     64    0    784   1056    831    129   0.0975    0.060
A-n32-k5 	BT-3   32    5     64    1    784    784    784     64   0.0532    0.000
A-n32-k5 	BT-3   32    3     64    0    784   1056    831    103   0.0815    0.060
A-n32-k5 	BT-3   32    3     64    1    784    784    784     64   0.0535    0.000
A-n32-k5 	BT-3   32   10    128    0    784   1208    836    145   0.0985    0.066
A-n32-k5 	BT-3   32   10    128    1    784   1115    833    221   0.1411    0.062
A-n32-k5 	BT-3   32    5     64    0    784   1056    830    123   0.0968    0.059
A-n32-k5 	BT-3   32    5     64    1    784    784    784     64   0.0507    0.000
A-n32-k5 	BT-3   32    3     64    0    784   1056    831    153   0.1563    0.060
A-n32-k5 	BT-3   32    3     64    1    784    784    784     64   0.0525    0.000
A-n32-k5 	BT-3   32   10    128    0    784   1208    836    145   0.0987    0.066
A-n32-k5 	BT-3   32   10    128    1    784   1115    829    161   0.1044    0.057
A-n32-k5 	BT-3   32    5     64    0    784   1056    830    177   0.1262    0.059
A-n32-k5 	BT-3   32    5     64    1    784    784    784     64   0.0555    0.000
A-n32-k5 	BT-3   32    3     64    0    784   1056    831    112   0.0836    0.060
A-n32-k5 	BT-3   32    3     64    1    784    784    784     64   0.0570    0.000
A-n32-k5 	BT-3   32   10    128    0    784   1208    830    293   0.2013    0.059
A-n32-k5 	BT-3   32   10    128    1    784   1115    786    253   0.1644    0.003
A-n32-k5 	BT-3   32    5     64    0    784   1056    829    114   0.0836    0.057
A-n32-k5 	BT-3   32    5     64    1    784    784    784     64   0.0534    0.000
A-n32-k5 	BT-3   32    3     64    0    784   1056    831    103   0.0761    0.060
A-n32-k5 	BT-3   32    3     64    1    784    784    784     64   0.0502    0.000
A-n32-k5 	BT-3   32   10    128    0    784   1208    786    461   0.2883    0.003
A-n32-k5 	BT-3   32   10    128    1    784   1115    785    723   0.4838    0.001
A-n32-k5 	BT-3   32    5     64    0    784   1056    829    131   0.0906    0.057
A-n32-k5 	BT-3   32    5     64    1    784    784    784     64   0.0498    0.000
A-n32-k5 	BT-3   32    3     64    0    784   1056    837     95   0.0690    0.068
A-n32-k5 	BT-3   32    3     64    1    784    784    784     64   0.0490    0.000
A-n32-k5 	BT-3   32   10    128    0    784   1208    785    244   0.1486    0.001
A-n32-k5 	BT-3   32   10    128    1    784   1115    785    227   0.1411    0.001
A-n32-k5 	BT-3   32    5     64    0    784   1056    831    139   0.0985    0.060
A-n32-k5 	BT-3   32    5     64    1    784    784    784     64   0.0506    0.000
A-n32-k5 	BT-3   32    3     64    0    784   1056    831    116   0.0852    0.060
A-n32-k5 	BT-3   32    3     64    1    784    784    784     64   0.0513    0.000
A-n32-k5 	BT-3   32   10    128    0    784   1208    788    310   0.1997    0.005
A-n32-k5 	BT-3   32   10    128    1    784   1115    832    333   0.2410    0.061
A-n32-k5 	BT-3   32    5     64    0    784   1056    829    137   0.1171    0.057
A-n32-k5 	BT-3   32    5     64    1    784    784    784     64   0.0565    0.000
A-n32-k5 	BT-3   32    3     64    0    784   1056    830    162   0.1179    0.059
A-n32-k5 	BT-3   32    3     64    1    784    784    784     64   0.0493    0.000
A-n32-k5 	BT-3   32   10    128    0    784   1208    816    222   0.1412    0.041
A-n32-k5 	BT-3   32   10    128    1    784   1115    784    179   0.1147    0.000
A-n32-k5 	BT-3   32    5     64    0    784   1056    829    102   0.0718    0.057
A-n32-k5 	BT-3   32    5     64    1    784    784    784     64   0.0491    0.000
A-n32-k5 	BT-3   32    3     64    0    784   1056    831    116   0.0841    0.060
A-n32-k5 	BT-3   32    3     64    1    784    784    784     64   0.0496    0.000
A-n32-k5 	BT-3   32   10    128    0    784   1208    815    170   0.1135    0.040
A-n32-k5 	BT-3   32   10    128    1    784   1115    784    301   0.1841    0.000
A-n32-k5 	BT-3   32    5     64    0    784   1056    830    101   0.0700    0.059
A-n32-k5 	BT-3   32    5     64    1    784    784    784     64   0.0501    0.000
A-n32-k5 	BT-3   32    3     64    0    784   1056    829    127   0.0908    0.057
A-n32-k5 	BT-3   32    3     64    1    784    784    784     64   0.0498    0.000
A-n32-k5 	BT-3   32   10    128    0    784   1208    817    189   0.1234    0.042
A-n32-k5 	BT-3   32   10    128    1    784   1115    785    268   0.1636    0.001
A-n32-k5 	BT-3   32    5     64    0    784   1056    829    164   0.1106    0.057
A-n32-k5 	BT-3   32    5     64    1    784    784    784     64   0.0506    0.000
A-n32-k5 	BT-3   32    3     64    0    784   1056    837     87   0.0642    0.068
A-n32-k5 	BT-3   32    3     64    1    784    784    784     64   0.0502    0.000
A-n32-k5 	BT-3   32   10    128    0    784   1208    815    180   0.1182    0.040
A-n32-k5 	BT-3   32   10    128    1    784   1115    784    478   0.2977    0.000
A-n32-k5 	BT-3   32    5     64    0    784   1056    830    132   0.0911    0.059
A-n32-k5 	BT-3   32    5     64    1    784    784    784     64   0.0500    0.000
A-n32-k5 	BT-3   32    3     64    0    784   1056    831    133   0.0967    0.060
A-n32-k5 	BT-3   32    3     64    1    784    784    784     64   0.0492    0.000
A-n32-k5 	BT-3   32   10    128    0    784   1208    787    249   0.1530    0.004
A-n32-k5 	BT-3   32   10    128    1    784   1115    829    228   0.1492    0.057
A-n32-k5 	BT-3   32    5     64    0    784   1056    829    130   0.0886    0.057
A-n32-k5 	BT-3   32    5     64    1    784    784    784     64   0.0492    0.000
A-n32-k5 	BT-3   32    3     64    0    784   1056    831    110   0.0768    0.060
A-n32-k5 	BT-3   32    3     64    1    784    784    784     64   0.0506    0.000
A-n32-k5 	BT-3   32   10    128    0    784   1208    836    145   0.0942    0.066
A-n32-k5 	BT-3   32   10    128    1    784   1115    830    385   0.2631    0.059
A-n32-k5 	BT-3   32    5     64    0    784   1056    829    148   0.1008    0.057
A-n32-k5 	BT-3   32    5     64    1    784    784    784     64   0.0492    0.000
A-n32-k5 	BT-3   32    3     64    0    784   1056    831    103   0.0737    0.060
A-n32-k5 	BT-3   32    3     64    1    784    784    784     64   0.0491    0.000
A-n32-k5 	BT-3   32   10    128    0    784   1208    837    146   0.0943    0.068
A-n32-k5 	BT-3   32   10    128    1    784   1115    785    177   0.1122    0.001
A-n32-k5 	BT-3   32    5     64    0    784   1056    830    114   0.0813    0.059
A-n32-k5 	BT-3   32    5     64    1    784    784    784     64   0.0489    0.000
A-n32-k5 	BT-3   32    3     64    0    784   1056    830    139   0.0942    0.059
A-n32-k5 	BT-3   32    3     64    1    784    784    784     64   0.0486    0.000
A-n32-k5 	BT-3   32   10    128    0    784   1208    784    208   0.1330    0.000
A-n32-k5 	BT-3   32   10    128    1    784   1115    784    301   0.1921    0.000
A-n32-k5 	BT-3   32    5     64    0    784   1056    839     88   0.0659    0.070
A-n32-k5 	BT-3   32    5     64    1    784    784    784     64   0.0487    0.000
A-n32-k5 	BT-3   32    3     64    0    784   1056    831    110   0.0747    0.060
A-n32-k5 	BT-3   32    3     64    1    784    784    784     64   0.0488    0.000
A-n32-k5 	BT-3   32   10    128    0    784   1208    836    145   0.0913    0.066
A-n32-k5 	BT-3   32   10    128    1    784   1115    784    334   0.2065    0.000
A-n32-k5 	BT-3   32    5     64    0    784   1056    828    124   0.0847    0.056
A-n32-k5 	BT-3   32    5     64    1    784    784    784     64   0.0498    0.000
A-n32-k5 	BT-3   32    3     64    0    784   1056    831    140   0.0958    0.060
A-n32-k5 	BT-3   32    3     64    1    784    784    784     64   0.0497    0.000
A-n32-k5 	BT-3   32   10    128    0    784   1208    815    160   0.1047    0.040
A-n32-k5 	BT-3   32   10    128    1    784   1115    785    270   0.1730    0.001
A-n32-k5 	BT-3   32    5     64    0    784   1056    829    190   0.1249    0.057
A-n32-k5 	BT-3   32    5     64    1    784    784    784     64   0.0503    0.000
A-n32-k5 	BT-3   32    3     64    0    784   1056    831     96   0.0670    0.060
A-n32-k5 	BT-3   32    3     64    1    784    784    784     64   0.0491    0.000
A-n32-k5 	BT-3   32   10    128    0    784   1208    799    357   0.2250    0.019
A-n32-k5 	BT-3   32   10    128    1    784   1115    786    244   0.1516    0.003
A-n32-k5 	BT-3   32    5     64    0    784   1056    829    134   0.0942    0.057
A-n32-k5 	BT-3   32    5     64    1    784    784    784     64   0.0493    0.000
A-n32-k5 	BT-3   32    3     64    0    784   1056    832     98   0.0704    0.061
A-n32-k5 	BT-3   32    3     64    1    784    784    784     64   0.0488    0.000
A-n32-k5 	BT-3   32   10    128    0    784   1208    818    272   0.1747    0.043
A-n32-k5 	BT-3   32   10    128    1    784   1115    799    220   0.1360    0.019
A-n32-k5 	BT-3   32    5     64    0    784   1056    831    108   0.0762    0.060
A-n32-k5 	BT-3   32    5     64    1    784    784    784     64   0.0494    0.000
A-n32-k5 	BT-3   32    3     64    0    784   1056    831     97   0.0707    0.060
A-n32-k5 	BT-3   32    3     64    1    784    784    784     64   0.0494    0.000
A-n32-k5 	BT-3   32   10    128    0    784   1208    786    397   0.2466    0.003
A-n32-k5 	BT-3   32   10    128    1    784   1115    784    188   0.1183    0.000
A-n32-k5 	BT-3   32    5     64    0    784   1056    829    152   0.1039    0.057
A-n32-k5 	BT-3   32    5     64    1    784    784    784     64   0.0500    0.000
A-n32-k5 	BT-3   32    3     64    0    784   1056    831    117   0.0841    0.060
A-n32-k5 	BT-3   32    3     64    1    784    784    784     64   0.0513    0.000
A-n32-k5 	BT-3   32   10    128    0    784   1208    836    145   0.0930    0.066
A-n32-k5 	BT-3   32   10    128    1    784   1115    792    187   0.1208    0.010
A-n32-k5 	BT-3   32    5     64    0    784   1056    831    109   0.0768    0.060
A-n32-k5 	BT-3   32    5     64    1    784    784    784     64   0.0488    0.000
A-n32-k5 	BT-3   32    3     64    0    784   1056    837     87   0.0636    0.068
A-n32-k5 	BT-3   32    3     64    1    784    784    784     64   0.0492    0.000
A-n32-k5 	BT-3   32   10    128    0    784   1208    798    213   0.1410    0.018
A-n32-k5 	BT-3   32   10    128    1    784   1115    788    203   0.1251    0.005
A-n32-k5 	BT-3   32    5     64    0    784   1056    830    148   0.1011    0.059
A-n32-k5 	BT-3   32    5     64    1    784    784    784     64   0.0491    0.000
A-n32-k5 	BT-3   32    3     64    0    784   1056    831    102   0.0721    0.060
A-n32-k5 	BT-3   32    3     64    1    784    784    784     64   0.0500    0.000
A-n32-k5 	BT-3   32   10    128    0    784   1208    829    239   0.1579    0.057
A-n32-k5 	BT-3   32   10    128    1    784   1115    832    383   0.2360    0.061
A-n32-k5 	BT-3   32    5     64    0    784   1056    829    116   0.0818    0.057
A-n32-k5 	BT-3   32    5     64    1    784    784    784     64   0.0507    0.000
A-n32-k5 	BT-3   32    3     64    0    784   1056    830    169   0.1111    0.059
A-n32-k5 	BT-3   32    3     64    1    784    784    784     64   0.0494    0.000
A-n32-k5 	BT-3   32   10    128    0    784   1208    784    311   0.1980    0.000
A-n32-k5 	BT-3   32   10    128    1    784   1115    785    338   0.2133    0.001
A-n32-k5 	BT-3   32    5     64    0    784   1056    829    112   0.0783    0.057
A-n32-k5 	BT-3   32    5     64    1    784    784    784     64   0.0491    0.000
A-n32-k5 	BT-3   32    3     64    0    784   1056    831    104   0.0727    0.060
A-n32-k5 	BT-3   32    3     64    1    784    784    784     64   0.0486    0.000
A-n32-k5 	BT-3   32   10    128    0    784   1208    785    341   0.2208    0.001
A-n32-k5 	BT-3   32   10    128    1    784   1115    784    230   0.1426    0.000
A-n32-k5 	BT-3   32    5     64    0    784   1056    831    158   0.1095    0.060
A-n32-k5 	BT-3   32    5     64    1    784    784    784     64   0.0488    0.000
A-n32-k5 	BT-3   32    3     64    0    784   1056    843     84   0.0638    0.075
A-n32-k5 	BT-3   32    3     64    1    784    784    784     64   0.0488    0.000
A-n32-k5 	BT-3   32   10    128    0    784   1208    829    284   0.1768    0.057
A-n32-k5 	BT-3   32   10    128    1    784   1115    785    190   0.1213    0.001
A-n32-k5 	BT-3   32    5     64    0    784   1056    843     87   0.0648    0.075
A-n32-k5 	BT-3   32    5     64    1    784    784    784     64   0.0491    0.000
A-n32-k5 	BT-3   32    3     64    0    784   1056    831     98   0.0710    0.060
A-n32-k5 	BT-3   32    3     64    1    784    784    784     64   0.0508    0.000
A-n32-k5 	BT-3   32   10    128    0    784   1208    784    281   0.1771    0.000
A-n32-k5 	BT-3   32   10    128    1    784   1115    860    154   0.1020    0.097
A-n32-k5 	BT-3   32    5     64    0    784   1056    830    114   0.0804    0.059
A-n32-k5 	BT-3   32    5     64    1    784    784    784     64   0.0495    0.000
A-n32-k5 	BT-3   32    3     64    0    784   1056    830    156   0.1031    0.059
A-n32-k5 	BT-3   32    3     64    1    784    784    784     64   0.0487    0.000
A-n32-k5 	BT-3   32   10    128    0    784   1208    835    210   0.1301    0.065
A-n32-k5 	BT-3   32   10    128    1    784   1115    784    446   0.2747    0.000
A-n32-k5 	BT-3   32    5     64    0    784   1056    831    148   0.1000    0.060
A-n32-k5 	BT-3   32    5     64    1    784    784    784     64   0.0488    0.000
A-n32-k5 	BT-3   32    3     64    0    784   1056    831     98   0.0710    0.060
A-n32-k5 	BT-3   32    3     64    1    784    784    784     64   0.0491    0.000
A-n32-k5 	BT-3   32   10    128    0    784   1208    836    145   0.0991    0.066
A-n32-k5 	BT-3   32   10    128    1    784   1115    785    176   0.1130    0.001
A-n32-k5 	BT-3   32    5     64    0    784   1056    829    129   0.0876    0.057
A-n32-k5 	BT-3   32    5     64    1    784    784    784     64   0.0489    0.000
A-n32-k5 	BT-3   32    3     64    0    784   1056    832    109   0.0776    0.061
A-n32-k5 	BT-3   32    3     64    1    784    784    784     64   0.0490    0.000
A-n32-k5 	BT-3   32   10    128    0    784   1208    785    311   0.1927    0.001
A-n32-k5 	BT-3   32   10    128    1    784   1115    784    339   0.2104    0.000
A-n32-k5 	BT-3   32    5     64    0    784   1056    829    131   0.0888    0.057
A-n32-k5 	BT-3   32    5     64    1    784    784    784     64   0.0487    0.000
A-n32-k5 	BT-3   32    3     64    0    784   1056    832    151   0.1065    0.061
A-n32-k5 	BT-3   32    3     64    1    784    784    784     64   0.0488    0.000
A-n32-k5 	BT-3   32   10    128    0    784   1208    784    189   0.1200    0.000
A-n32-k5 	BT-3   32   10    128    1    784   1115    784    186   0.1189    0.000
A-n32-k5 	BT-3   32    5     64    0    784   1056    785    127   0.0838    0.001
A-n32-k5 	BT-3   32    5     64    1    784    784    784     64   0.0491    0.000
A-n32-k5 	BT-3   32    3     64    0    784   1056    837     87   0.0631    0.068
A-n32-k5 	BT-3   32    3     64    1    784    784    784     64   0.0488    0.000
A-n32-k5 	BT-3   32   10    128    0    784   1208    785    241   0.1682    0.001
A-n32-k5 	BT-3   32   10    128    1    784   1115    794    178   0.1098    0.013
A-n32-k5 	BT-3   32    5     64    0    784   1056    829    123   0.0847    0.057
A-n32-k5 	BT-3   32    5     64    1    784    784    784     64   0.0493    0.000
A-n32-k5 	BT-3   32    3     64    0    784   1056    829    111   0.0779    0.057
A-n32-k5 	BT-3   32    3     64    1    784    784    784     64   0.0497    0.000
A-n32-k5 	BT-3   32   10    128    0    784   1208    785    386   0.2318    0.001
A-n32-k5 	BT-3   32   10    128    1    784   1115    784    223   0.1474    0.000
A-n32-k5 	BT-3   32    5     64    0    784   1056    829    124   0.0852    0.057
A-n32-k5 	BT-3   32    5     64    1    784    784    784     64   0.0490    0.000
A-n32-k5 	BT-3   32    3     64    0    784   1056    837     90   0.0666    0.068
A-n32-k5 	BT-3   32    3     64    1    784    784    784     64   0.0491    0.000
