P-n22-k8 	BT-1   22    7     88    0    603    791    599     93   0.0432   -0.007
P-n22-k8 	BT-1   22    7     88    1    603    746    599     92   0.0452   -0.007
P-n22-k8 	BT-1   22    3     44    0    603    599    599     44   0.1084   -0.007
P-n22-k8 	BT-1   22    3     44    1    603    599    598     62   0.1169   -0.008
P-n22-k8 	BT-1   22    4     44    0    603    598    598     44   0.3338   -0.008
P-n22-k8 	BT-1   22    4     44    1    603    598    598     44   0.3338   -0.008
P-n22-k8 	BT-2   22    7     88    0    603    791    622     93   0.0450    0.032
P-n22-k8 	BT-2   22    7     88    1    603    746    599     92   0.0462   -0.007
P-n22-k8 	BT-2   22    3     44    0    603    599    599     44   0.1116   -0.007
P-n22-k8 	BT-2   22    3     44    1    603    599    599     44   0.1131   -0.007
P-n22-k8 	BT-2   22    4     44    0    603    599    599     44   0.3363   -0.007
P-n22-k8 	BT-2   22    4     44    1    603    599    599     44   0.3377   -0.007
P-n22-k8 	BT-3   22    7     88    0    603    791    590    107   0.0468   -0.022
P-n22-k8 	BT-3   22    7     88    1    603    746    590     84   0.0369   -0.022
P-n22-k8 	BT-3   22    3     44    0    603    590    590     26   0.0960   -0.022
P-n22-k8 	BT-3   22    3     44    1    603    590    590     34   0.0995   -0.022
P-n22-k8 	BT-3   22    4     44    0    603    590    590     30   0.2935   -0.022
P-n22-k8 	BT-3   22    4     44    1    603    590    590     30   0.2935   -0.022
P-n22-k8 	BT-3   22    7     88    0    603    791    598     79   0.0343   -0.008
P-n22-k8 	BT-3   22    7     88    1    603    746    590     84   0.0368   -0.022
P-n22-k8 	BT-3   22    3     44    0    603    590    590     31   0.9519   -0.022
P-n22-k8 	BT-3   22    3     44    1    603    590    590     32   0.9523   -0.022
P-n22-k8 	BT-3   22    4     44    0    603    590    590     32   2.8568   -0.022
P-n22-k8 	BT-3   22    4     44    1    603    590    590     33   2.8570   -0.022
P-n22-k8 	BT-3   22    7     88    0    603    791    590     88   0.0382   -0.022
P-n22-k8 	BT-3   22    7     88    1    603    746    590     80   0.0357   -0.022
P-n22-k8 	BT-3   22    3     44    0    603    590    590     33   8.6447   -0.022
P-n22-k8 	BT-3   22    3     44    1    603    590    590     30   8.6434   -0.022
P-n22-k8 	BT-3   22    4     44    0    603    590    590     31  25.9322   -0.022
P-n22-k8 	BT-3   22    4     44    1    603    590    590     31  25.9319   -0.022
P-n22-k8 	BT-3   22    7     88    0    603    791    590    134   0.0588   -0.022
P-n22-k8 	BT-3   22    7     88    1    603    746    590     82   0.0368   -0.022
P-n22-k8 	BT-3   22    3     44    0    603    590    590     33  77.8927   -0.022
P-n22-k8 	BT-3   22    3     44    1    603    590    590     34  77.8930   -0.022
P-n22-k8 	BT-3   22    4     44    0    603    590    590     31 233.6774   -0.022
P-n22-k8 	BT-3   22    4     44    1    603    590    590     31 233.6771   -0.022
P-n22-k8 	BT-3   22    7     88    0    603    791    590    112   0.0503   -0.022
P-n22-k8 	BT-3   22    7     88    1    603    746    590     80   0.0358   -0.022
P-n22-k8 	BT-3   22    3     44    0    603    590    590     31 701.1180   -0.022
P-n22-k8 	BT-3   22    3     44    1    603    590    590     30 701.1174   -0.022
P-n22-k8 	BT-3   22    4     44    0    603    590    590     32 2103.3540   -0.022
P-n22-k8 	BT-3   22    4     44    1    603    590    590     31 2103.3533   -0.022
P-n22-k8 	BT-3   22    7     88    0    603    791    590    138   0.0634   -0.022
P-n22-k8 	BT-3   22    7     88    1    603    746    590     85   0.0379   -0.022
P-n22-k8 	BT-3   22    3     44    0    603    590    590     32 2015.1952   -0.022
P-n22-k8 	BT-3   22    3     44    1    603    590    590     28 2015.1934   -0.022
P-n22-k8 	BT-3   22    4     44    0    603    590    590     27 1750.6141   -0.022
P-n22-k8 	BT-3   22    4     44    1    603    590    590     31 1750.6162   -0.022
P-n22-k8 	BT-3   22    7     88    0    603    791    591     89   0.0406   -0.020
P-n22-k8 	BT-3   22    7     88    1    603    746    590     76   0.0346   -0.022
P-n22-k8 	BT-3   22    3     44    0    603    590    590     30 956.9535   -0.022
P-n22-k8 	BT-3   22    3     44    1    603    590    590     32 956.9543   -0.022
P-n22-k8 	BT-3   22    4     44    0    603    590    590     31 -1424.1053   -0.022
P-n22-k8 	BT-3   22    4     44    1    603    590    590     30 -1424.1058   -0.022
P-n22-k8 	BT-3   22    7     88    0    603    791    590    112   0.0485   -0.022
P-n22-k8 	BT-3   22    7     88    1    603    746    590     83   0.0364   -0.022
P-n22-k8 	BT-3   22    3     44    0    603    590    590     31  22.7354   -0.022
P-n22-k8 	BT-3   22    3     44    1    603    590    590     28  22.7340   -0.022
P-n22-k8 	BT-3   22    4     44    0    603    590    590     32  68.2055   -0.022
P-n22-k8 	BT-3   22    4     44    1    603    590    590     28  68.2034   -0.022
P-n22-k8 	BT-3   22    7     88    0    603    791    590    106   0.0467   -0.022
P-n22-k8 	BT-3   22    7     88    1    603    746    590     79   0.0341   -0.022
P-n22-k8 	BT-3   22    3     44    0    603    590    590     29 204.6938   -0.022
P-n22-k8 	BT-3   22    3     44    1    603    590    590     33 204.6954   -0.022
P-n22-k8 	BT-3   22    4     44    0    603    590    590     32 614.0847   -0.022
P-n22-k8 	BT-3   22    4     44    1    603    590    590     33 614.0847   -0.022
P-n22-k8 	BT-3   22    7     88    0    603    791    590     92   0.0408   -0.022
P-n22-k8 	BT-3   22    7     88    1    603    746    590     89   0.0393   -0.022
P-n22-k8 	BT-3   22    3     44    0    603    590    590     31 1842.3334   -0.022
P-n22-k8 	BT-3   22    3     44    1    603    590    590     32 1842.3337   -0.022
P-n22-k8 	BT-3   22    4     44    0    603    590    590     27 1232.0314   -0.022
P-n22-k8 	BT-3   22    4     44    1    603    590    590     32 1232.0336   -0.022
P-n22-k8 	BT-3   22    7     88    0    603    791    590    132   0.0574   -0.022
P-n22-k8 	BT-3   22    7     88    1    603    746    590     82   0.0359   -0.022
P-n22-k8 	BT-3   22    3     44    0    603    590    590     31 -598.7759   -0.022
P-n22-k8 	BT-3   22    3     44    1    603    590    590     31 -598.7762   -0.022
P-n22-k8 	BT-3   22    4     44    0    603    590    590     30 -1796.3284   -0.022
P-n22-k8 	BT-3   22    4     44    1    603    590    590     33 -1796.3269   -0.022
P-n22-k8 	BT-3   22    7     88    0    603    791    590    118   0.0528   -0.022
P-n22-k8 	BT-3   22    7     88    1    603    746    590     78   0.0345   -0.022
P-n22-k8 	BT-3   22    3     44    0    603    590    590     33 -1093.9279   -0.022
P-n22-k8 	BT-3   22    3     44    1    603    590    590     31 -1093.9288   -0.022
P-n22-k8 	BT-3   22    4     44    0    603    590    590     30 1013.1814   -0.022
P-n22-k8 	BT-3   22    4     44    1    603    590    590     29 1013.1808   -0.022
P-n22-k8 	BT-3   22    7     88    0    603    791    598     83   0.0359   -0.008
P-n22-k8 	BT-3   22    7     88    1    603    746    590     83   0.0364   -0.022
P-n22-k8 	BT-3   22    3     44    0    603    590    590     30 -1255.3514   -0.022
P-n22-k8 	BT-3   22    3     44    1    603    590    590     33 -1255.3501   -0.022
P-n22-k8 	BT-3   22    4     44    0    603    590    590     30 528.9144   -0.022
P-n22-k8 	BT-3   22    4     44    1    603    590    590     31 528.9148   -0.022
P-n22-k8 	BT-3   22    7     88    0    603    791    590    110   0.0484   -0.022
P-n22-k8 	BT-3   22    7     88    1    603    746    590     83   0.0362   -0.022
P-n22-k8 	BT-3   22    3     44    0    603    590    590     33 1586.8295   -0.022
P-n22-k8 	BT-3   22    3     44    1    603    590    590     29 1586.8276   -0.022
P-n22-k8 	BT-3   22    4     44    0    603    590    590     31 465.5185   -0.022
P-n22-k8 	BT-3   22    4     44    1    603    590    590     28 465.5171   -0.022
P-n22-k8 	BT-3   22    7     88    0    603    791    590     99   0.0439   -0.022
P-n22-k8 	BT-3   22    7     88    1    603    746    590     84   0.0370   -0.022
P-n22-k8 	BT-3   22    3     44    0    603    590    590     32 1396.6357   -0.022
P-n22-k8 	BT-3   22    3     44    1    603    590    590     33 1396.6360   -0.022
P-n22-k8 	BT-3   22    4     44    0    603    590    590     29 -105.0609   -0.022
P-n22-k8 	BT-3   22    4     44    1    603    590    590     29 -105.0543   -0.022
P-n22-k8 	BT-3   22    7     88    0    603    791    590    112   0.0558   -0.022
P-n22-k8 	BT-3   22    7     88    1    603    746    590     84   0.0375   -0.022
P-n22-k8 	BT-3   22    3     44    0    603    590    590     32 -315.0818   -0.022
P-n22-k8 	BT-3   22    3     44    1    603    590    590     32 -315.0820   -0.022
P-n22-k8 	BT-3   22    4     44    0    603    590    590     30 -945.2463   -0.022
P-n22-k8 	BT-3   22    4     44    1    603    590    590     33 -945.2453   -0.022
P-n22-k8 	BT-3   22    7     88    0    603    791    598     88   0.0382   -0.008
P-n22-k8 	BT-3   22    7     88    1    603    746    590     82   0.0366   -0.022
P-n22-k8 	BT-3   22    3     44    0    603    590    590     33 1459.3054   -0.022
P-n22-k8 	BT-3   22    3     44    1    603    590    590     31 1459.3046   -0.022
P-n22-k8 	BT-3   22    4     44    0    603    590    590     30  82.9468   -0.022
P-n22-k8 	BT-3   22    4     44    1    603    590    590     31  82.9470   -0.022
P-n22-k8 	BT-3   22    7     88    0    603    791    595     91   0.0401   -0.013
P-n22-k8 	BT-3   22    7     88    1    603    746    590     82   0.0366   -0.022
P-n22-k8 	BT-3   22    3     44    0    603    590    590     28 248.9162   -0.022
P-n22-k8 	BT-3   22    3     44    1    603    590    590     35 248.9193   -0.022
P-n22-k8 	BT-3   22    4     44    0    603    590    590     30 746.7526   -0.022
P-n22-k8 	BT-3   22    4     44    1    603    590    590     32 746.7535   -0.022
P-n22-k8 	BT-3   22    7     88    0    603    791    590    129   0.0577   -0.022
P-n22-k8 	BT-3   22    7     88    1    603    746    590     87   0.0401   -0.022
P-n22-k8 	BT-3   22    3     44    0    603    590    590     30 -2054.6104   -0.022
P-n22-k8 	BT-3   22    3     44    1    603    590    590     32 -2054.6094   -0.022
P-n22-k8 	BT-3   22    4     44    0    603    590    590     33 -1868.8599   -0.022
P-n22-k8 	BT-3   22    4     44    1    603    590    590     32 -1868.8617   -0.022
P-n22-k8 	BT-3   22    7     88    0    603    791    590     82   0.0383   -0.022
P-n22-k8 	BT-3   22    7     88    1    603    746    590     75   0.0360   -0.022
P-n22-k8 	BT-3   22    3     44    0    603    590    590     29 -1311.5432   -0.022
P-n22-k8 	BT-3   22    3     44    1    603    590    590     36 -1311.5403   -0.022
P-n22-k8 	BT-3   22    4     44    0    603    590    590     32 360.3416   -0.022
P-n22-k8 	BT-3   22    4     44    1    603    590    590     29 360.3400   -0.022
P-n22-k8 	BT-3   22    7     88    0    603    791    590    116   0.0515   -0.022
P-n22-k8 	BT-3   22    7     88    1    603    746    590     78   0.0348   -0.022
P-n22-k8 	BT-3   22    3     44    0    603    590    590     29 1081.1082   -0.022
P-n22-k8 	BT-3   22    3     44    1    603    590    590     33 1081.1099   -0.022
P-n22-k8 	BT-3   22    4     44    0    603    590    590     34 -1051.6388   -0.022
P-n22-k8 	BT-3   22    4     44    1    603    590    590     31 -1051.6404   -0.022
P-n22-k8 	BT-3   22    7     88    0    603    791    590     88   0.0387   -0.022
P-n22-k8 	BT-3   22    7     88    1    603    746    590     80   0.0354   -0.022
P-n22-k8 	BT-3   22    3     44    0    603    590    590     28 1140.1206   -0.022
P-n22-k8 	BT-3   22    3     44    1    603    590    590     32 1140.1226   -0.022
P-n22-k8 	BT-3   22    4     44    0    603    590    590     29 -874.6030   -0.022
P-n22-k8 	BT-3   22    4     44    1    603    590    590     29 -874.6031   -0.022
P-n22-k8 	BT-3   22    7     88    0    603    791    590    109   0.0490   -0.022
P-n22-k8 	BT-3   22    7     88    1    603    746    590     85   0.0388   -0.022
P-n22-k8 	BT-3   22    3     44    0    603    590    590     32 1671.2474   -0.022
P-n22-k8 	BT-3   22    3     44    1    603    590    590     29 1671.2466   -0.022
P-n22-k8 	BT-3   22    4     44    0    603    590    590     31 718.7747   -0.022
P-n22-k8 	BT-3   22    4     44    1    603    590    590     30 718.7734   -0.022
P-n22-k8 	BT-3   22    7     88    0    603    791    590    105   0.0476   -0.022
P-n22-k8 	BT-3   22    7     88    1    603    746    590     79   0.0351   -0.022
P-n22-k8 	BT-3   22    3     44    0    603    590    590     29 -2138.5637   -0.022
P-n22-k8 	BT-3   22    3     44    1    603    590    590     31 -2138.5630   -0.022
P-n22-k8 	BT-3   22    4     44    0    603    590    590     31 -2120.7227   -0.022
P-n22-k8 	BT-3   22    4     44    1    603    590    590     33 -2120.7217   -0.022
P-n22-k8 	BT-3   22    7     88    0    603    791    590    106   0.0494   -0.022
P-n22-k8 	BT-3   22    7     88    1    603    746    590     81   0.0373   -0.022
P-n22-k8 	BT-3   22    3     44    0    603    590    590     31 -2067.1111   -0.022
P-n22-k8 	BT-3   22    3     44    1    603    590    590     31 -2067.1128   -0.022
P-n22-k8 	BT-3   22    4     44    0    603    590    590     32 -1906.3684   -0.022
P-n22-k8 	BT-3   22    4     44    1    603    590    590     29 -1906.3685   -0.022
P-n22-k8 	BT-3   22    7     88    0    603    791    590    111   0.0519   -0.022
P-n22-k8 	BT-3   22    7     88    1    603    746    590     78   0.0357   -0.022
P-n22-k8 	BT-3   22    3     44    0    603    590    590     29 -1424.0520   -0.022
P-n22-k8 	BT-3   22    3     44    1    603    590    590     30 -1424.0521   -0.022
P-n22-k8 	BT-3   22    4     44    0    603    590    590     30  22.8116   -0.022
P-n22-k8 	BT-3   22    4     44    1    603    590    590     32  22.8128   -0.022
P-n22-k8 	BT-3   22    7     88    0    603    791    595     90   0.0411   -0.013
P-n22-k8 	BT-3   22    7     88    1    603    746    590     82   0.0377   -0.022
P-n22-k8 	BT-3   22    3     44    0    603    590    590     33  68.5158   -0.022
P-n22-k8 	BT-3   22    3     44    1    603    590    590     29  68.5137   -0.022
P-n22-k8 	BT-3   22    4     44    0    603    590    590     32 205.5452   -0.022
P-n22-k8 	BT-3   22    4     44    1    603    590    590     33 205.5448   -0.022
P-n22-k8 	BT-3   22    7     88    0    603    791    590    114   0.0490   -0.022
P-n22-k8 	BT-3   22    7     88    1    603    746    590     85   0.0382   -0.022
P-n22-k8 	BT-3   22    3     44    0    603    590    590     30 616.7210   -0.022
P-n22-k8 	BT-3   22    3     44    1    603    590    590     31 616.7214   -0.022
P-n22-k8 	BT-3   22    4     44    0    603    590    590     34 1850.1652   -0.022
P-n22-k8 	BT-3   22    4     44    1    603    590    590     31 1850.1638   -0.022
P-n22-k8 	BT-3   22    7     88    0    603    791    595     84   0.0371   -0.013
P-n22-k8 	BT-3   22    7     88    1    603    746    590     82   0.0371   -0.022
P-n22-k8 	BT-3   22    3     44    0    603    590    590     27 1255.5981   -0.022
P-n22-k8 	BT-3   22    3     44    1    603    590    590     31 1255.5997   -0.022
P-n22-k8 	BT-3   22    4     44    0    603    590    590     30 -528.1698   -0.022
P-n22-k8 	BT-3   22    4     44    1    603    590    590     31 -528.1695   -0.022
P-n22-k8 	BT-3   22    7     88    0    603    791    590    128   0.0589   -0.022
P-n22-k8 	BT-3   22    7     88    1    603    746    590     80   0.0362   -0.022
P-n22-k8 	BT-3   22    3     44    0    603    590    590     34 -1584.4127   -0.022
P-n22-k8 	BT-3   22    3     44    1    603    590    590     32 -1584.4137   -0.022
P-n22-k8 	BT-3   22    4     44    0    603    590    590     30 -458.2737   -0.022
P-n22-k8 	BT-3   22    4     44    1    603    590    590     35 -458.2711   -0.022
P-n22-k8 	BT-3   22    7     88    0    603    791    590    106   0.0472   -0.022
P-n22-k8 	BT-3   22    7     88    1    603    746    590     83   0.0373   -0.022
P-n22-k8 	BT-3   22    3     44    0    603    590    590     31 -1374.7333   -0.022
P-n22-k8 	BT-3   22    3     44    1    603    590    590     29 -1374.7344   -0.022
P-n22-k8 	BT-3   22    4     44    0    603    590    590     31 170.7664   -0.022
P-n22-k8 	BT-3   22    4     44    1    603    590    590     30 170.7659   -0.022
P-n22-k8 	BT-3   22    7     88    0    603    791    590    102   0.0488   -0.022
P-n22-k8 	BT-3   22    7     88    1    603    746    591     82   0.0386   -0.020
P-n22-k8 	BT-3   22    3     44    0    603    590    590     34 512.3876   -0.022
P-n22-k8 	BT-3   22    3     44    1    603    590    590     27 512.3842   -0.022
P-n22-k8 	BT-3   22    4     44    0    603    590    590     33 1537.1588   -0.022
P-n22-k8 	BT-3   22    4     44    1    603    590    590     32 1537.1582   -0.022
P-n22-k8 	BT-3   22    7     88    0    603    791    595     86   0.0376   -0.013
P-n22-k8 	BT-3   22    7     88    1    603    746    590     78   0.0349   -0.022
P-n22-k8 	BT-3   22    3     44    0    603    590    590     31 316.5802   -0.022
P-n22-k8 	BT-3   22    3     44    1    603    590    590     34 316.5814   -0.022
P-n22-k8 	BT-3   22    4     44    0    603    590    590     28 949.7403   -0.022
P-n22-k8 	BT-3   22    4     44    1    603    590    590     30 949.7410   -0.022
P-n22-k8 	BT-3   22    7     88    0    603    791    590    103   0.0464   -0.022
P-n22-k8 	BT-3   22    7     88    1    603    746    590     80   0.0361   -0.022
P-n22-k8 	BT-3   22    3     44    0    603    590    590     32 -1445.6615   -0.022
P-n22-k8 	BT-3   22    3     44    1    603    590    590     32 -1445.6615   -0.022
P-n22-k8 	BT-3   22    4     44    0    603    590    590     33 -42.0166   -0.022
P-n22-k8 	BT-3   22    4     44    1    603    590    590     31 -42.0178   -0.022
P-n22-k8 	BT-3   22    7     88    0    603    791    590     92   0.0430   -0.022
P-n22-k8 	BT-3   22    7     88    1    603    746    590     85   0.0396   -0.022
P-n22-k8 	BT-3   22    3     44    0    603    590    590     30 -125.9701   -0.022
P-n22-k8 	BT-3   22    3     44    1    603    590    590     31 -125.9694   -0.022
P-n22-k8 	BT-3   22    4     44    0    603    590    590     33 -377.9082   -0.022
P-n22-k8 	BT-3   22    4     44    1    603    590    590     30 -377.9096   -0.022
P-n22-k8 	BT-3   22    7     88    0    603    791    590    173   0.0798   -0.022
P-n22-k8 	BT-3   22    7     88    1    603    746    590     79   0.0360   -0.022
P-n22-k8 	BT-3   22    3     44    0    603    590    590     29 -1133.6118   -0.022
P-n22-k8 	BT-3   22    3     44    1    603    590    590     33 -1133.6102   -0.022
P-n22-k8 	BT-3   22    4     44    0    603    590    590     31 894.1341   -0.022
P-n22-k8 	BT-3   22    4     44    1    603    590    590     30 894.1334   -0.022
P-n22-k8 	BT-3   22    7     88    0    603    791    590    150   0.0789   -0.022
P-n22-k8 	BT-3   22    7     88    1    603    746    590     84   0.0509   -0.022
P-n22-k8 	BT-3   22    3     44    0    603    590    590     33 -1612.4352   -0.022
P-n22-k8 	BT-3   22    3     44    1    603    590    590     31 -1612.4364   -0.022
P-n22-k8 	BT-3   22    4     44    0    603    590    590     31 -542.3405   -0.022
P-n22-k8 	BT-3   22    4     44    1    603    590    590     31 -542.3405   -0.022
P-n22-k8 	BT-3   22    7     88    0    603    791    598     80   0.0363   -0.008
P-n22-k8 	BT-3   22    7     88    1    603    746    590     84   0.0389   -0.022
P-n22-k8 	BT-3   22    3     44    0    603    590    590     30 -1626.9437   -0.022
P-n22-k8 	BT-3   22    3     44    1    603    590    590     29 -1626.9385   -0.022
P-n22-k8 	BT-3   22    4     44    0    603    590    590     29 -585.8541   -0.022
P-n22-k8 	BT-3   22    4     44    1    603    590    590     33 -585.8549   -0.022
P-n22-k8 	BT-3   22    7     88    0    603    791    598     88   0.0486   -0.008
P-n22-k8 	BT-3   22    7     88    1    603    746    590     80   0.0360   -0.022
P-n22-k8 	BT-3   22    3     44    0    603    590    590     35 -1757.4836   -0.022
P-n22-k8 	BT-3   22    3     44    1    603    590    590     30 -1757.4862   -0.022
P-n22-k8 	BT-3   22    4     44    0    603    590    590     32 -977.4878   -0.022
P-n22-k8 	BT-3   22    4     44    1    603    590    590     34 -977.4869   -0.022
P-n22-k8 	BT-3   22    7     88    0    603    791    590     96   0.0430   -0.022
P-n22-k8 	BT-3   22    7     88    1    603    746    590     83   0.0386   -0.022
P-n22-k8 	BT-3   22    3     44    0    603    590    590     32 1362.5867   -0.022
P-n22-k8 	BT-3   22    3     44    1    603    590    590     33 1362.5873   -0.022
P-n22-k8 	BT-3   22    4     44    0    603    590    590     33 -207.2053   -0.022
P-n22-k8 	BT-3   22    4     44    1    603    590    590     30 -207.2042   -0.022
P-n22-k8 	BT-3   22    7     88    0    603    791    590    154   0.0739   -0.022
P-n22-k8 	BT-3   22    7     88    1    603    746    590     81   0.0368   -0.022
P-n22-k8 	BT-3   22    3     44    0    603    590    590     32 -621.5051   -0.022
P-n22-k8 	BT-3   22    3     44    1    603    590    590     30 -621.5060   -0.022
P-n22-k8 	BT-3   22    4     44    0    603    590    590     34 -1864.5120   -0.022
P-n22-k8 	BT-3   22    4     44    1    603    590    590     30 -1864.5178   -0.022
P-n22-k8 	BT-3   22    7     88    0    603    791    590    105   0.0473   -0.022
P-n22-k8 	BT-3   22    7     88    1    603    746    590     85   0.0378   -0.022
P-n22-k8 	BT-3   22    3     44    0    603    590    590     32 -1298.4943   -0.022
P-n22-k8 	BT-3   22    3     44    1    603    590    590     31 -1298.4944   -0.022
P-n22-k8 	BT-3   22    4     44    0    603    590    590     34 399.4857   -0.022
P-n22-k8 	BT-3   22    4     44    1    603    590    590     31 399.4843   -0.022
P-n22-k8 	BT-3   22    7     88    0    603    791    590    124   0.0579   -0.022
P-n22-k8 	BT-3   22    7     88    1    603    746    590     81   0.0377   -0.022
P-n22-k8 	BT-3   22    3     44    0    603    590    590     32 1198.5525   -0.022
P-n22-k8 	BT-3   22    3     44    1    603    590    590     29 1198.5487   -0.022
P-n22-k8 	BT-3   22    4     44    0    603    590    590     29 -699.3173   -0.022
P-n22-k8 	BT-3   22    4     44    1    603    590    590     30 -699.3173   -0.022
P-n22-k8 	BT-3   22    7     88    0    603    791    590    106   0.0477   -0.022
P-n22-k8 	BT-3   22    7     88    1    603    746    590     89   0.0402   -0.022
P-n22-k8 	BT-3   22    3     44    0    603    590    590     32 -2097.8628   -0.022
P-n22-k8 	BT-3   22    3     44    1    603    590    590     29 -2097.8635   -0.022
P-n22-k8 	BT-3   22    4     44    0    603    590    590     30 -1998.6228   -0.022
P-n22-k8 	BT-3   22    4     44    1    603    590    590     31 -1998.6222   -0.022
P-n22-k8 	BT-3   22    7     88    0    603    791    595     95   0.0429   -0.013
P-n22-k8 	BT-3   22    7     88    1    603    746    590     82   0.0376   -0.022
P-n22-k8 	BT-3   22    3     44    0    603    590    590     28 -1700.8190   -0.022
P-n22-k8 	BT-3   22    3     44    1    603    590    590     34 -1700.8167   -0.022
P-n22-k8 	BT-3   22    4     44    0    603    590    590     25 -807.4907   -0.022
P-n22-k8 	BT-3   22    4     44    1    603    590    590     33 -807.4873   -0.022
P-n22-k8 	BT-3   22    7     88    0    603    791    590    109   0.0490   -0.022
P-n22-k8 	BT-3   22    7     88    1    603    746    590     78   0.0342   -0.022
P-n22-k8 	BT-3   22    3     44    0    603    590    590     26 1872.5850   -0.022
P-n22-k8 	BT-3   22    3     44    1    603    590    590     32 1872.5852   -0.022
P-n22-k8 	BT-3   22    4     44    0    603    590    590     32 1322.7878   -0.022
P-n22-k8 	BT-3   22    4     44    1    603    590    590     31 1322.7903   -0.022
P-n22-k8 	BT-3   22    7     88    0    603    791    595     88   0.0383   -0.013
P-n22-k8 	BT-3   22    7     88    1    603    746    590     82   0.0386   -0.022
P-n22-k8 	BT-3   22    3     44    0    603    590    590     31 -326.5248   -0.022
P-n22-k8 	BT-3   22    3     44    1    603    590    590     27 -326.5269   -0.022
P-n22-k8 	BT-3   22    4     44    0    603    590    590     31 -979.5765   -0.022
P-n22-k8 	BT-3   22    4     44    1    603    590    590     30 -979.5771   -0.022
P-n22-k8 	BT-3   22    7     88    0    603    791    595     82   0.0349   -0.013
P-n22-k8 	BT-3   22    7     88    1    603    746    590     83   0.0374   -0.022
P-n22-k8 	BT-3   22    3     44    0    603    590    590     34 1356.3108   -0.022
P-n22-k8 	BT-3   22    3     44    1    603    590    590     31 1356.3092   -0.022
P-n22-k8 	BT-3   22    4     44    0    603    590    590     31 -226.0379   -0.022
P-n22-k8 	BT-3   22    4     44    1    603    590    590     32 -226.0377   -0.022
P-n22-k8 	BT-3   22    7     88    0    603    791    590    128   0.0553   -0.022
P-n22-k8 	BT-3   22    7     88    1    603    746    590     88   0.0395   -0.022
P-n22-k8 	BT-3   22    3     44    0    603    590    590     35 -678.0167   -0.022
P-n22-k8 	BT-3   22    3     44    1    603    590    590     32 -678.0182   -0.022
P-n22-k8 	BT-3   22    4     44    0    603    590    590     31 -2034.0535   -0.022
P-n22-k8 	BT-3   22    4     44    1    603    590    590     32 -2034.0531   -0.022
P-n22-k8 	BT-3   22    7     88    0    603    791    590    118   0.0552   -0.022
P-n22-k8 	BT-3   22    7     88    1    603    746    590     83   0.0375   -0.022
P-n22-k8 	BT-3   22    3     44    0    603    590    590     31 -1807.1001   -0.022
P-n22-k8 	BT-3   22    3     44    1    603    590    590     30 -1807.1005   -0.022
P-n22-k8 	BT-3   22    4     44    0    603    590    590     30 -1126.3337   -0.022
P-n22-k8 	BT-3   22    4     44    1    603    590    590     34 -1126.3318   -0.022
P-n22-k8 	BT-3   22    7     88    0    603    791    590    151   0.0711   -0.022
P-n22-k8 	BT-3   22    7     88    1    603    746    590     77   0.0350   -0.022
P-n22-k8 	BT-3   22    3     44    0    603    590    590     33 916.0765   -0.022
P-n22-k8 	BT-3   22    3     44    1    603    590    590     34 916.0764   -0.022
P-n22-k8 	BT-3   22    4     44    0    603    590    590     31 -1546.7400   -0.022
P-n22-k8 	BT-3   22    4     44    1    603    590    590     32 -1546.7396   -0.022
P-n22-k8 	BT-3   22    7     88    0    603    791    590    118   0.0532   -0.022
P-n22-k8 	BT-3   22    7     88    1    603    746    590     83   0.0366   -0.022
P-n22-k8 	BT-3   22    3     44    0    603    590    590     29 -345.1637   -0.022
P-n22-k8 	BT-3   22    3     44    1    603    590    590     33 -345.1619   -0.022
P-n22-k8 	BT-3   22    4     44    0    603    590    590     32 -1035.4875   -0.022
P-n22-k8 	BT-3   22    4     44    1    603    590    590     31 -1035.4884   -0.022
P-n22-k8 	BT-3   22    7     88    0    603    791    590    126   0.0568   -0.022
P-n22-k8 	BT-3   22    7     88    1    603    746    590     78   0.0357   -0.022
P-n22-k8 	BT-3   22    3     44    0    603    590    590     34 1188.5978   -0.022
P-n22-k8 	BT-3   22    3     44    1    603    590    590     33 1188.5969   -0.022
P-n22-k8 	BT-3   22    4     44    0    603    590    590     31 -729.1765   -0.022
P-n22-k8 	BT-3   22    4     44    1    603    590    590     29 -729.1775   -0.022
P-n22-k8 	BT-3   22    7     88    0    603    791    598     86   0.0387   -0.008
P-n22-k8 	BT-3   22    7     88    1    603    746    590     80   0.0365   -0.022
P-n22-k8 	BT-3   22    3     44    0    603    590    590     30 2107.5112   -0.022
P-n22-k8 	BT-3   22    3     44    1    603    590    590     32 2107.5122   -0.022
P-n22-k8 	BT-3   22    4     44    0    603    590    590     33 2027.5687   -0.022
P-n22-k8 	BT-3   22    4     44    1    603    590    590     30 2027.5671   -0.022
P-n22-k8 	BT-3   22    7     88    0    603    791    590    101   0.0486   -0.022
P-n22-k8 	BT-3   22    7     88    1    603    746    590     82   0.0366   -0.022
P-n22-k8 	BT-3   22    3     44    0    603    590    590     31 1787.8215   -0.022
P-n22-k8 	BT-3   22    3     44    1    603    590    590     28 1787.8203   -0.022
P-n22-k8 	BT-3   22    4     44    0    603    590    590     27 1068.4943   -0.022
P-n22-k8 	BT-3   22    4     44    1    603    590    590     31 1068.4958   -0.022
P-n22-k8 	BT-3   22    7     88    0    603    791    590    100   0.0447   -0.022
P-n22-k8 	BT-3   22    7     88    1    603    746    590     79   0.0346   -0.022
P-n22-k8 	BT-3   22    3     44    0    603    590    590     30 -1089.4020   -0.022
P-n22-k8 	BT-3   22    3     44    1    603    590    590     33 -1089.4010   -0.022
P-n22-k8 	BT-3   22    4     44    0    603    590    590     32 1026.7631   -0.022
P-n22-k8 	BT-3   22    4     44    1    603    590    590     31 1026.7625   -0.022
P-n22-k8 	BT-3   22    7     88    0    603    791    590     89   0.0384   -0.022
P-n22-k8 	BT-3   22    7     88    1    603    746    590     84   0.0370   -0.022
P-n22-k8 	BT-3   22    3     44    0    603    590    590     29 -1214.6046   -0.022
P-n22-k8 	BT-3   22    3     44    1    603    590    590     34 -1214.6024   -0.022
P-n22-k8 	BT-3   22    4     44    0    603    590    590     29 651.1557   -0.022
P-n22-k8 	BT-3   22    4     44    1    603    590    590     33 651.1573   -0.022
P-n22-k8 	BT-3   22    7     88    0    603    791    590    119   0.0521   -0.022
P-n22-k8 	BT-3   22    7     88    1    603    746    590     75   0.0329   -0.022
P-n22-k8 	BT-3   22    3     44    0    603    590    590     32 1953.5551   -0.022
P-n22-k8 	BT-3   22    3     44    1    603    590    590     29 1953.5535   -0.022
P-n22-k8 	BT-3   22    4     44    0    603    590    590     31 1565.6959   -0.022
P-n22-k8 	BT-3   22    4     44    1    603    590    590     30 1565.6954   -0.022
P-n22-k8 	BT-3   22    7     88    0    603    791    595     87   0.0371   -0.013
P-n22-k8 	BT-3   22    7     88    1    603    746    590     81   0.0359   -0.022
P-n22-k8 	BT-3   22    3     44    0    603    590    590     29 402.1925   -0.022
P-n22-k8 	BT-3   22    3     44    1    603    590    590     32 402.1942   -0.022
P-n22-k8 	BT-3   22    4     44    0    603    590    590     32 1206.5813   -0.022
P-n22-k8 	BT-3   22    4     44    1    603    590    590     32 1206.5813   -0.022
P-n22-k8 	BT-3   22    7     88    0    603    791    590     82   0.0397   -0.022
P-n22-k8 	BT-3   22    7     88    1    603    746    590     87   0.0505   -0.022
P-n22-k8 	BT-3   22    3     44    0    603    590    590     33 -675.1284   -0.022
P-n22-k8 	BT-3   22    3     44    1    603    590    590     29 -675.1354   -0.022
P-n22-k8 	BT-3   22    4     44    0    603    590    590     34 -2025.3971   -0.022
P-n22-k8 	BT-3   22    4     44    1    603    590    590     32 -2025.3981   -0.022
P-n22-k8 	BT-3   22    7     88    0    603    791    590     99   0.0441   -0.022
P-n22-k8 	BT-3   22    7     88    1    603    746    590     81   0.0424   -0.022
P-n22-k8 	BT-3   22    3     44    0    603    590    590     35 -1781.1332   -0.022
P-n22-k8 	BT-3   22    3     44    1    603    590    590     29 -1781.1410   -0.022
P-n22-k8 	BT-3   22    4     44    0    603    590    590     30 -1048.4474   -0.022
P-n22-k8 	BT-3   22    4     44    1    603    590    590     34 -1048.4457   -0.022
P-n22-k8 	BT-3   22    7     88    0    603    791    590    110   0.0501   -0.022
P-n22-k8 	BT-3   22    7     88    1    603    746    590     86   0.0378   -0.022
P-n22-k8 	BT-3   22    3     44    0    603    590    590     31 1149.7152   -0.022
P-n22-k8 	BT-3   22    3     44    1    603    590    590     32 1149.7157   -0.022
P-n22-k8 	BT-3   22    4     44    0    603    590    590     27 -845.8231   -0.022
P-n22-k8 	BT-3   22    4     44    1    603    590    590     30 -845.8219   -0.022
P-n22-k8 	BT-3   22    7     88    0    603    791    590     87   0.0378   -0.022
P-n22-k8 	BT-3   22    7     88    1    603    746    590     79   0.0349   -0.022
P-n22-k8 	BT-3   22    3     44    0    603    590    590     32 1757.5743   -0.022
P-n22-k8 	BT-3   22    3     44    1    603    590    590     34 1757.5751   -0.022
P-n22-k8 	BT-3   22    4     44    0    603    590    590     32 977.7563   -0.022
P-n22-k8 	BT-3   22    4     44    1    603    590    590     28 977.7543   -0.022
P-n22-k8 	BT-3   22    7     88    0    603    791    598     90   0.0395   -0.008
P-n22-k8 	BT-3   22    7     88    1    603    746    590     88   0.0388   -0.022
P-n22-k8 	BT-3   22    3     44    0    603    590    590     35 -1361.6206   -0.022
P-n22-k8 	BT-3   22    3     44    1    603    590    590     29 -1361.6237   -0.022
P-n22-k8 	BT-3   22    4     44    0    603    590    590     29 210.0997   -0.022
P-n22-k8 	BT-3   22    4     44    1    603    590    590     28 210.0991   -0.022
P-n22-k8 	BT-3   22    7     88    0    603    791    598     81   0.0347   -0.008
P-n22-k8 	BT-3   22    7     88    1    603    746    590     84   0.0369   -0.022
P-n22-k8 	BT-3   22    3     44    0    603    590    590     28 630.3696   -0.022
P-n22-k8 	BT-3   22    3     44    1    603    590    590     28 630.3696   -0.022
P-n22-k8 	BT-3   22    4     44    0    603    590    590     31 1891.1104   -0.022
P-n22-k8 	BT-3   22    4     44    1    603    590    590     29 1891.1093   -0.022
P-n22-k8 	BT-3   22    7     88    0    603    791    590    146   0.0654   -0.022
P-n22-k8 	BT-3   22    7     88    1    603    746    590     83   0.0365   -0.022
P-n22-k8 	BT-3   22    3     44    0    603    590    590     30 1378.4641   -0.022
P-n22-k8 	BT-3   22    3     44    1    603    590    590     32 1378.4647   -0.022
P-n22-k8 	BT-3   22    4     44    0    603    590    590     29 -159.5749   -0.022
P-n22-k8 	BT-3   22    4     44    1    603    590    590     29 -159.5750   -0.022
P-n22-k8 	BT-3   22    7     88    0    603    791    598     91   0.0411   -0.008
P-n22-k8 	BT-3   22    7     88    1    603    746    590     81   0.0355   -0.022
P-n22-k8 	BT-3   22    3     44    0    603    590    590     30 -478.6478   -0.022
P-n22-k8 	BT-3   22    3     44    1    603    590    590     30 -478.6480   -0.022
P-n22-k8 	BT-3   22    4     44    0    603    590    590     30 -1435.9435   -0.022
P-n22-k8 	BT-3   22    4     44    1    603    590    590     30 -1435.9434   -0.022
P-n22-k8 	BT-3   22    7     88    0    603    791    590    106   0.0460   -0.022
P-n22-k8 	BT-3   22    7     88    1    603    746    590     86   0.0378   -0.022
P-n22-k8 	BT-3   22    3     44    0    603    590    590     32 -12.7782   -0.022
P-n22-k8 	BT-3   22    3     44    1    603    590    590     34 -12.7772   -0.022
P-n22-k8 	BT-3   22    4     44    0    603    590    590     32 -38.3337   -0.022
P-n22-k8 	BT-3   22    4     44    1    603    590    590     30 -38.3347   -0.022
P-n22-k8 	BT-3   22    7     88    0    603    791    595     82   0.0348   -0.013
P-n22-k8 	BT-3   22    7     88    1    603    746    590     81   0.0360   -0.022
P-n22-k8 	BT-3   22    3     44    0    603    590    590     30 -114.9322   -0.022
P-n22-k8 	BT-3   22    3     44    1    603    590    590     31 -114.9317   -0.022
P-n22-k8 	BT-3   22    4     44    0    603    590    590     27 -344.7976   -0.022
P-n22-k8 	BT-3   22    4     44    1    603    590    590     28 -344.7973   -0.022
P-n22-k8 	BT-3   22    7     88    0    603    791    590    110   0.0478   -0.022
P-n22-k8 	BT-3   22    7     88    1    603    746    590     76   0.0333   -0.022
P-n22-k8 	BT-3   22    3     44    0    603    590    590     31 -1034.3096   -0.022
P-n22-k8 	BT-3   22    3     44    1    603    590    590     33 -1034.3090   -0.022
P-n22-k8 	BT-3   22    4     44    0    603    590    590     31 1192.0392   -0.022
P-n22-k8 	BT-3   22    4     44    1    603    590    590     30 1192.0386   -0.022
P-n22-k8 	BT-3   22    7     88    0    603    791    590     88   0.0384   -0.022
P-n22-k8 	BT-3   22    7     88    1    603    746    590     77   0.0338   -0.022
P-n22-k8 	BT-3   22    3     44    0    603    590    590     34 -718.7768   -0.022
P-n22-k8 	BT-3   22    3     44    1    603    590    590     27 -718.7800   -0.022
P-n22-k8 	BT-3   22    4     44    0    603    590    590     28 2138.6309   -0.022
P-n22-k8 	BT-3   22    4     44    1    603    590    590     30 2138.6316   -0.022
P-n22-k8 	BT-3   22    7     88    0    603    791    591    115   0.0525   -0.020
P-n22-k8 	BT-3   22    7     88    1    603    746    590     82   0.0360   -0.022
P-n22-k8 	BT-3   22    3     44    0    603    590    590     28 2121.0146   -0.022
P-n22-k8 	BT-3   22    3     44    1    603    590    590     27 2121.0139   -0.022
P-n22-k8 	BT-3   22    4     44    0    603    590    590     35 2068.0791   -0.022
P-n22-k8 	BT-3   22    4     44    1    603    590    590     30 2068.0769   -0.022
P-n22-k8 	BT-3   22    7     88    0    603    791    590    117   0.0510   -0.022
P-n22-k8 	BT-3   22    7     88    1    603    746    590     81   0.0355   -0.022
P-n22-k8 	BT-3   22    3     44    0    603    590    590     34 1909.3536   -0.022
P-n22-k8 	BT-3   22    3     44    1    603    590    590     33 1909.3534   -0.022
P-n22-k8 	BT-3   22    4     44    0    603    590    590     31 1433.0922   -0.022
P-n22-k8 	BT-3   22    4     44    1    603    590    590     30 1433.0917   -0.022
P-n22-k8 	BT-3   22    7     88    0    603    791    590     84   0.0358   -0.022
P-n22-k8 	BT-3   22    7     88    1    603    746    590     76   0.0332   -0.022
P-n22-k8 	BT-3   22    3     44    0    603    590    590     33   4.3782   -0.022
P-n22-k8 	BT-3   22    3     44    1    603    590    590     33   4.3782   -0.022
P-n22-k8 	BT-3   22    4     44    0    603    590    590     29  13.1328   -0.022
P-n22-k8 	BT-3   22    4     44    1    603    590    590     32  13.1343   -0.022
P-n22-k8 	BT-3   22    7     88    0    603    791    590    113   0.0500   -0.022
P-n22-k8 	BT-3   22    7     88    1    603    746    590     80   0.0356   -0.022
P-n22-k8 	BT-3   22    3     44    0    603    590    590     30  39.4861   -0.022
P-n22-k8 	BT-3   22    3     44    1    603    590    590     29  39.4855   -0.022
P-n22-k8 	BT-3   22    4     44    0    603    590    590     34 118.4595   -0.022
P-n22-k8 	BT-3   22    4     44    1    603    590    590     34 118.4595   -0.022
P-n22-k8 	BT-3   22    7     88    0    603    791    590     99   0.0438   -0.022
P-n22-k8 	BT-3   22    7     88    1    603    746    590     87   0.0387   -0.022
P-n22-k8 	BT-3   22    3     44    0    603    590    590     30 355.4600   -0.022
P-n22-k8 	BT-3   22    3     44    1    603    590    590     32 355.4600   -0.022
P-n22-k8 	BT-3   22    4     44    0    603    590    590     30 1066.3790   -0.022
P-n22-k8 	BT-3   22    4     44    1    603    590    590     31 1066.3795   -0.022
P-n22-k8 	BT-3   22    7     88    0    603    791    591     85   0.0386   -0.020
P-n22-k8 	BT-3   22    7     88    1    603    746    590     78   0.0344   -0.022
P-n22-k8 	BT-3   22    3     44    0    603    590    590     34 -1095.7549   -0.022
P-n22-k8 	BT-3   22    3     44    1    603    590    590     32 -1095.7560   -0.022
P-n22-k8 	BT-3   22    4     44    0    603    590    590     29 1007.6994   -0.022
P-n22-k8 	BT-3   22    4     44    1    603    590    590     28 1007.6988   -0.022
P-n22-k8 	BT-3   22    7     88    0    603    791    590     87   0.0377   -0.022
P-n22-k8 	BT-3   22    7     88    1    603    746    590     86   0.0378   -0.022
P-n22-k8 	BT-3   22    3     44    0    603    590    590     30 -1271.7938   -0.022
P-n22-k8 	BT-3   22    3     44    1    603    590    590     34 -1271.7922   -0.022
P-n22-k8 	BT-3   22    4     44    0    603    590    590     30 479.5873   -0.022
P-n22-k8 	BT-3   22    4     44    1    603    590    590     30 479.5873   -0.022
P-n22-k8 	BT-3   22    7     88    0    603    791    590     92   0.0407   -0.022
P-n22-k8 	BT-3   22    7     88    1    603    746    590     84   0.0374   -0.022
P-n22-k8 	BT-3   22    3     44    0    603    590    590     31 1438.8407   -0.022
P-n22-k8 	BT-3   22    3     44    1    603    590    590     29 1438.8395   -0.022
P-n22-k8 	BT-3   22    4     44    0    603    590    590     30  21.5529   -0.022
P-n22-k8 	BT-3   22    4     44    1    603    590    590     35  21.5550   -0.022
P-n22-k8 	BT-3   22    7     88    0    603    791    590     89   0.0390   -0.022
P-n22-k8 	BT-3   22    7     88    1    603    746    590     80   0.0350   -0.022
P-n22-k8 	BT-3   22    3     44    0    603    590    590     28  64.7339   -0.022
P-n22-k8 	BT-3   22    3     44    1    603    590    590     33  64.7361   -0.022
P-n22-k8 	BT-3   22    4     44    0    603    590    590     32 194.2055   -0.022
P-n22-k8 	BT-3   22    4     44    1    603    590    590     30 194.2048   -0.022
P-n22-k8 	BT-3   22    7     88    0    603    791    590    124   0.0542   -0.022
P-n22-k8 	BT-3   22    7     88    1    603    746    590     83   0.0369   -0.022
P-n22-k8 	BT-3   22    3     44    0    603    590    590     32 582.7072   -0.022
P-n22-k8 	BT-3   22    3     44    1    603    590    590     29 582.7056   -0.022
P-n22-k8 	BT-3   22    4     44    0    603    590    590     27 1748.1177   -0.022
P-n22-k8 	BT-3   22    4     44    1    603    590    590     32 1748.1198   -0.022
P-n22-k8 	BT-3   22    7     88    0    603    791    598     85   0.0370   -0.008
P-n22-k8 	BT-3   22    7     88    1    603    746    590     79   0.0345   -0.022
P-n22-k8 	BT-3   22    3     44    0    603    590    590     35 949.4629   -0.022
P-n22-k8 	BT-3   22    3     44    1    603    590    590     30 949.4605   -0.022
P-n22-k8 	BT-3   22    4     44    0    603    590    590     29 -1446.5836   -0.022
P-n22-k8 	BT-3   22    4     44    1    603    590    590     26 -1446.5852   -0.022
P-n22-k8 	BT-3   22    7     88    0    603    791    598     82   0.0355   -0.008
P-n22-k8 	BT-3   22    7     88    1    603    746    590     78   0.0344   -0.022
P-n22-k8 	BT-3   22    3     44    0    603    590    590     32 -44.7139   -0.022
P-n22-k8 	BT-3   22    3     44    1    603    590    590     31 -44.7146   -0.022
P-n22-k8 	BT-3   22    4     44    0    603    590    590     33 -134.1420   -0.022
P-n22-k8 	BT-3   22    4     44    1    603    590    590     29 -134.1440   -0.022
P-n22-k8 	BT-3   22    7     88    0    603    791    595     88   0.0387   -0.013
P-n22-k8 	BT-3   22    7     88    1    603    746    590     83   0.0369   -0.022
P-n22-k8 	BT-3   22    3     44    0    603    590    590     30 -402.3538   -0.022
P-n22-k8 	BT-3   22    3     44    1    603    590    590     32 -402.3532   -0.022
P-n22-k8 	BT-3   22    4     44    0    603    590    590     31 -1207.0605   -0.022
P-n22-k8 	BT-3   22    4     44    1    603    590    590     33 -1207.0593   -0.022
P-n22-k8 	BT-3   22    7     88    0    603    791    590    131   0.0581   -0.022
P-n22-k8 	BT-3   22    7     88    1    603    746    590     85   0.0374   -0.022
P-n22-k8 	BT-3   22    3     44    0    603    590    590     32 673.8829   -0.022
P-n22-k8 	BT-3   22    3     44    1    603    590    590     28 673.8809   -0.022
P-n22-k8 	BT-3   22    4     44    0    603    590    590     31 2021.6464   -0.022
P-n22-k8 	BT-3   22    4     44    1    603    590    590     32 2021.6465   -0.022
P-n22-k8 	BT-3   22    7     88    0    603    791    595     86   0.0373   -0.013
P-n22-k8 	BT-3   22    7     88    1    603    746    590     81   0.0363   -0.022
P-n22-k8 	BT-3   22    3     44    0    603    590    590     31 1770.0454   -0.022
P-n22-k8 	BT-3   22    3     44    1    603    590    590     30 1770.0449   -0.022
P-n22-k8 	BT-3   22    4     44    0    603    590    590     33 1015.1695   -0.022
P-n22-k8 	BT-3   22    4     44    1    603    590    590     33 1015.1696   -0.022
P-n22-k8 	BT-3   22    7     88    0    603    791    598     88   0.0379   -0.008
P-n22-k8 	BT-3   22    7     88    1    603    746    590     83   0.0364   -0.022
P-n22-k8 	BT-3   22    3     44    0    603    590    590     30 -1249.3857   -0.022
P-n22-k8 	BT-3   22    3     44    1    603    590    590     28 -1249.3867   -0.022
P-n22-k8 	BT-3   22    4     44    0    603    590    590     36 546.8116   -0.022
P-n22-k8 	BT-3   22    4     44    1    603    590    590     30 546.8087   -0.022
P-n22-k8 	BT-3   22    7     88    0    603    791    590    119   0.0518   -0.022
P-n22-k8 	BT-3   22    7     88    1    603    746    590     82   0.0359   -0.022
P-n22-k8 	BT-3   22    3     44    0    603    590    590     33 1640.5183   -0.022
P-n22-k8 	BT-3   22    3     44    1    603    590    590     31 1640.5173   -0.022
P-n22-k8 	BT-3   22    4     44    0    603    590    590     31 626.5858   -0.022
P-n22-k8 	BT-3   22    4     44    1    603    590    590     33 626.5867   -0.022
P-n22-k8 	BT-3   22    7     88    0    603    791    598     84   0.0365   -0.008
P-n22-k8 	BT-3   22    7     88    1    603    746    590     80   0.0350   -0.022
P-n22-k8 	BT-3   22    3     44    0    603    590    590     28 1879.8286   -0.022
P-n22-k8 	BT-3   22    3     44    1    603    590    590     32 1879.8304   -0.022
P-n22-k8 	BT-3   22    4     44    0    603    590    590     29 1344.5209   -0.022
P-n22-k8 	BT-3   22    4     44    1    603    590    590     35 1344.5236   -0.022
P-n22-k8 	BT-3   22    7     88    0    603    791    595     83   0.0354   -0.013
P-n22-k8 	BT-3   22    7     88    1    603    746    590     78   0.0342   -0.022
P-n22-k8 	BT-3   22    3     44    0    603    590    590     25 -261.3342   -0.022
P-n22-k8 	BT-3   22    3     44    1    603    590    590     35 -261.3298   -0.022
P-n22-k8 	BT-3   22    4     44    0    603    590    590     29 -783.9964   -0.022
P-n22-k8 	BT-3   22    4     44    1    603    590    590     32 -783.9951   -0.022
P-n22-k8 	BT-3   22    7     88    0    603    791    598     85   0.0370   -0.008
P-n22-k8 	BT-3   22    7     88    1    603    746    590     81   0.0361   -0.022
P-n22-k8 	BT-3   22    3     44    0    603    590    590     35 1943.0554   -0.022
P-n22-k8 	BT-3   22    3     44    1    603    590    590     28 1943.0520   -0.022
P-n22-k8 	BT-3   22    4     44    0    603    590    590     34 1534.1951   -0.022
P-n22-k8 	BT-3   22    4     44    1    603    590    590     31 1534.1936   -0.022
P-n22-k8 	BT-3   22    7     88    0    603    791    595     92   0.0397   -0.013
P-n22-k8 	BT-3   22    7     88    1    603    746    590     78   0.0343   -0.022
P-n22-k8 	BT-3   22    3     44    0    603    590    590     34 307.6905   -0.022
P-n22-k8 	BT-3   22    3     44    1    603    590    590     31 307.6888   -0.022
P-n22-k8 	BT-3   22    4     44    0    603    590    590     30 923.0678   -0.022
P-n22-k8 	BT-3   22    4     44    1    603    590    590     31 923.0684   -0.022
P-n22-k8 	BT-3   22    7     88    0    603    791    598     84   0.0368   -0.008
P-n22-k8 	BT-3   22    7     88    1    603    746    590     79   0.0345   -0.022
P-n22-k8 	BT-3   22    3     44    0    603    590    590     30 -1525.6921   -0.022
P-n22-k8 	BT-3   22    3     44    1    603    590    590     36 -1525.6897   -0.022
P-n22-k8 	BT-3   22    4     44    0    603    590    590     30 -282.1067   -0.022
P-n22-k8 	BT-3   22    4     44    1    603    590    590     31 -282.1064   -0.022
P-n22-k8 	BT-3   22    7     88    0    603    791    595     88   0.0375   -0.013
P-n22-k8 	BT-3   22    7     88    1    603    746    591     83   0.0369   -0.020
P-n22-k8 	BT-3   22    3     44    0    603    590    590     32 -846.2444   -0.022
P-n22-k8 	BT-3   22    3     44    1    603    590    590     30 -846.2455   -0.022
P-n22-k8 	BT-3   22    4     44    0    603    590    590     31 1756.2324   -0.022
P-n22-k8 	BT-3   22    4     44    1    603    590    590     31 1756.2323   -0.022
P-n22-k8 	BT-3   22    7     88    0    603    791    595     85   0.0360   -0.013
P-n22-k8 	BT-3   22    7     88    1    603    746    590     80   0.0351   -0.022
P-n22-k8 	BT-3   22    3     44    0    603    590    590     32 973.8013   -0.022
P-n22-k8 	BT-3   22    3     44    1    603    590    590     32 973.8012   -0.022
P-n22-k8 	BT-3   22    4     44    0    603    590    590     32 -1373.5634   -0.022
P-n22-k8 	BT-3   22    4     44    1    603    590    590     31 -1373.5640   -0.022
P-n22-k8 	BT-3   22    7     88    0    603    791    590     90   0.0396   -0.022
P-n22-k8 	BT-3   22    7     88    1    603    746    590     80   0.0351   -0.022
P-n22-k8 	BT-3   22    3     44    0    603    590    590     30 174.3503   -0.022
P-n22-k8 	BT-3   22    3     44    1    603    590    590     33 174.3516   -0.022
P-n22-k8 	BT-3   22    4     44    0    603    590    590     33 523.0536   -0.022
P-n22-k8 	BT-3   22    4     44    1    603    590    590     29 523.0516   -0.022
P-n22-k8 	BT-3   22    7     88    0    603    791    590    117   0.0512   -0.022
P-n22-k8 	BT-3   22    7     88    1    603    746    590     87   0.0384   -0.022
P-n22-k8 	BT-3   22    3     44    0    603    590    590     31 1569.2474   -0.022
P-n22-k8 	BT-3   22    3     44    1    603    590    590     30 1569.2469   -0.022
P-n22-k8 	BT-3   22    4     44    0    603    590    590     29 412.7736   -0.022
P-n22-k8 	BT-3   22    4     44    1    603    590    590     31 412.7744   -0.022
P-n22-k8 	BT-3   22    7     88    0    603    791    595     88   0.0378   -0.013
P-n22-k8 	BT-3   22    7     88    1    603    746    590     78   0.0345   -0.022
P-n22-k8 	BT-3   22    3     44    0    603    590    590     31 1238.3949   -0.022
P-n22-k8 	BT-3   22    3     44    1    603    590    590     29 1238.3939   -0.022
P-n22-k8 	BT-3   22    4     44    0    603    590    590     32 -579.7831   -0.022
P-n22-k8 	BT-3   22    4     44    1    603    590    590     34 -579.7823   -0.022
P-n22-k8 	BT-3   22    7     88    0    603    791    590     86   0.0378   -0.022
P-n22-k8 	BT-3   22    7     88    1    603    746    590     81   0.0356   -0.022
P-n22-k8 	BT-3   22    3     44    0    603    590    590     28 -1739.2769   -0.022
P-n22-k8 	BT-3   22    3     44    1    603    590    590     33 -1739.2748   -0.022
P-n22-k8 	BT-3   22    4     44    0    603    590    590     31 -922.8599   -0.022
P-n22-k8 	BT-3   22    4     44    1    603    590    590     33 -922.8589   -0.022
P-n22-k8 	BT-3   22    7     88    0    603    791    598     82   0.0350   -0.008
P-n22-k8 	BT-3   22    7     88    1    603    746    590     82   0.0360   -0.022
P-n22-k8 	BT-3   22    3     44    0    603    590    590     34 1526.4609   -0.022
P-n22-k8 	BT-3   22    3     44    1    603    590    590     30 1526.4592   -0.022
P-n22-k8 	BT-3   22    4     44    0    603    590    590     27 284.4108   -0.022
P-n22-k8 	BT-3   22    4     44    1    603    590    590     32 284.4128   -0.022
