A-n38-k5 	BT-1   38   12    152    0    730   1228    750    253   0.2648    0.027
A-n38-k5 	BT-1   38   12    152    1    730   1228    748    249   0.2760    0.025
A-n38-k5 	BT-1   38    6     76    0    730    748    748     76   0.0830    0.025
A-n38-k5 	BT-1   38    6     76    1    730    748    748     76   0.0844    0.025
A-n38-k5 	BT-1   38    3     76    0    730    748    748     76   0.0830    0.025
A-n38-k5 	BT-1   38    3     76    1    730    748    748     76   0.0838    0.025
A-n38-k5 	BT-2   38   12    152    0    730   1228    730    256   0.2560    0.000
A-n38-k5 	BT-2   38   12    152    1    730   1228    745    257   0.2567    0.021
A-n38-k5 	BT-2   38    6     76    0    730    730    730     76   0.0838    0.000
A-n38-k5 	BT-2   38    6     76    1    730    730    730     76   0.0831    0.000
A-n38-k5 	BT-2   38    3     76    0    730    730    730     76   0.0838    0.000
A-n38-k5 	BT-2   38    3     76    1    730    730    730     76   0.0829    0.000
A-n38-k5 	BT-3   38   12    152    0    730   1228    746    283   0.2768    0.022
A-n38-k5 	BT-3   38   12    152    1    730   1228    738    283   0.2735    0.011
A-n38-k5 	BT-3   38    6     76    0    730    738    735     91   0.1050    0.007
A-n38-k5 	BT-3   38    6     76    1    730    738    735    100   0.1159    0.007
A-n38-k5 	BT-3   38    3     76    0    730    735    735     76   0.0911    0.007
A-n38-k5 	BT-3   38    3     76    1    730    735    735     76   0.0916    0.007
A-n38-k5 	BT-3   38   12    152    0    730   1228    764    186   0.1809    0.047
A-n38-k5 	BT-3   38   12    152    1    730   1228    769    215   0.2074    0.053
A-n38-k5 	BT-3   38    6     76    0    730    735    735     76   0.0938    0.007
A-n38-k5 	BT-3   38    6     76    1    730    735    735     76   0.0924    0.007
A-n38-k5 	BT-3   38    3     76    0    730    735    735     76   0.0910    0.007
A-n38-k5 	BT-3   38    3     76    1    730    735    735     76   0.0916    0.007
A-n38-k5 	BT-3   38   12    152    0    730   1228    766    182   0.1757    0.049
A-n38-k5 	BT-3   38   12    152    1    730   1228    733    332   0.3283    0.004
A-n38-k5 	BT-3   38    6     76    0    730    733    732    115   0.1484    0.003
A-n38-k5 	BT-3   38    6     76    1    730    733    733     76   0.0924    0.004
A-n38-k5 	BT-3   38    3     76    0    730    732    732     76   0.0936    0.003
A-n38-k5 	BT-3   38    3     76    1    730    732    732     76   0.0921    0.003
A-n38-k5 	BT-3   38   12    152    0    730   1228    756    419   0.4009    0.036
A-n38-k5 	BT-3   38   12    152    1    730   1228    753    362   0.3449    0.032
A-n38-k5 	BT-3   38    6     76    0    730    732    732     76   0.0923    0.003
A-n38-k5 	BT-3   38    6     76    1    730    732    732     76   0.0929    0.003
A-n38-k5 	BT-3   38    3     76    0    730    732    732     76   0.0933    0.003
A-n38-k5 	BT-3   38    3     76    1    730    732    732     76   0.0923    0.003
A-n38-k5 	BT-3   38   12    152    0    730   1228    732    335   0.3245    0.003
A-n38-k5 	BT-3   38   12    152    1    730   1228    793    338   0.3262    0.086
A-n38-k5 	BT-3   38    6     76    0    730    732    732     76   0.0932    0.003
A-n38-k5 	BT-3   38    6     76    1    730    732    732     76   0.0933    0.003
A-n38-k5 	BT-3   38    3     76    0    730    732    732     76   0.0936    0.003
A-n38-k5 	BT-3   38    3     76    1    730    732    732     76   0.0922    0.003
A-n38-k5 	BT-3   38   12    152    0    730   1228    745    263   0.2549    0.021
A-n38-k5 	BT-3   38   12    152    1    730   1228    752    204   0.1987    0.030
A-n38-k5 	BT-3   38    6     76    0    730    732    732     76   0.0925    0.003
A-n38-k5 	BT-3   38    6     76    1    730    732    732     76   0.0962    0.003
A-n38-k5 	BT-3   38    3     76    0    730    732    732     76   0.0930    0.003
A-n38-k5 	BT-3   38    3     76    1    730    732    732     76   0.0921    0.003
A-n38-k5 	BT-3   38   12    152    0    730   1228    742    469   0.4566    0.016
A-n38-k5 	BT-3   38   12    152    1    730   1228    732    328   0.3113    0.003
A-n38-k5 	BT-3   38    6     76    0    730    732    732     76   0.0935    0.003
A-n38-k5 	BT-3   38    6     76    1    730    732    732     76   0.0932    0.003
A-n38-k5 	BT-3   38    3     76    0    730    732    732     76   0.0933    0.003
A-n38-k5 	BT-3   38    3     76    1    730    732    732     76   0.0934    0.003
A-n38-k5 	BT-3   38   12    152    0    730   1228    745    314   0.3020    0.021
A-n38-k5 	BT-3   38   12    152    1    730   1228    751    280   0.2685    0.029
A-n38-k5 	BT-3   38    6     76    0    730    732    732     76   0.0930    0.003
A-n38-k5 	BT-3   38    6     76    1    730    732    732     76   0.0925    0.003
A-n38-k5 	BT-3   38    3     76    0    730    732    732     76   0.0978    0.003
A-n38-k5 	BT-3   38    3     76    1    730    732    732     76   0.0919    0.003
A-n38-k5 	BT-3   38   12    152    0    730   1228    730    411   0.3904    0.000
A-n38-k5 	BT-3   38   12    152    1    730   1228    741    284   0.2750    0.015
A-n38-k5 	BT-3   38    6     76    0    730    730    730     76   0.0958    0.000
A-n38-k5 	BT-3   38    6     76    1    730    730    730     76   0.0937    0.000
A-n38-k5 	BT-3   38    3     76    0    730    730    730     76   0.0949    0.000
A-n38-k5 	BT-3   38    3     76    1    730    730    730     76   0.0957    0.000
A-n38-k5 	BT-3   38   12    152    0    730   1228    745    268   0.2622    0.021
A-n38-k5 	BT-3   38   12    152    1    730   1228    761    227   0.2228    0.042
A-n38-k5 	BT-3   38    6     76    0    730    730    730     76   0.0940    0.000
A-n38-k5 	BT-3   38    6     76    1    730    730    730     76   0.0931    0.000
A-n38-k5 	BT-3   38    3     76    0    730    730    730     76   0.0929    0.000
A-n38-k5 	BT-3   38    3     76    1    730    730    730     76   0.0933    0.000
A-n38-k5 	BT-3   38   12    152    0    730   1228    766    181   0.1836    0.049
A-n38-k5 	BT-3   38   12    152    1    730   1228    745    286   0.2764    0.021
A-n38-k5 	BT-3   38    6     76    0    730    730    730     76   0.0937    0.000
A-n38-k5 	BT-3   38    6     76    1    730    730    730     76   0.0925    0.000
A-n38-k5 	BT-3   38    3     76    0    730    730    730     76   0.0934    0.000
A-n38-k5 	BT-3   38    3     76    1    730    730    730     76   0.0930    0.000
A-n38-k5 	BT-3   38   12    152    0    730   1228    763    186   0.1826    0.045
A-n38-k5 	BT-3   38   12    152    1    730   1228    747    426   0.4125    0.023
A-n38-k5 	BT-3   38    6     76    0    730    730    730     76   0.0931    0.000
A-n38-k5 	BT-3   38    6     76    1    730    730    730     76   0.0929    0.000
A-n38-k5 	BT-3   38    3     76    0    730    730    730     76   0.0927    0.000
A-n38-k5 	BT-3   38    3     76    1    730    730    730     76   0.0928    0.000
A-n38-k5 	BT-3   38   12    152    0    730   1228    745    262   0.2509    0.021
A-n38-k5 	BT-3   38   12    152    1    730   1228    732    343   0.3294    0.003
A-n38-k5 	BT-3   38    6     76    0    730    730    730     76   0.0930    0.000
A-n38-k5 	BT-3   38    6     76    1    730    730    730     76   0.0932    0.000
A-n38-k5 	BT-3   38    3     76    0    730    730    730     76   0.0936    0.000
A-n38-k5 	BT-3   38    3     76    1    730    730    730     76   0.0928    0.000
A-n38-k5 	BT-3   38   12    152    0    730   1228    764    276   0.2650    0.047
A-n38-k5 	BT-3   38   12    152    1    730   1228    733    421   0.4009    0.004
A-n38-k5 	BT-3   38    6     76    0    730    730    730     76   0.0929    0.000
A-n38-k5 	BT-3   38    6     76    1    730    730    730     76   0.0938    0.000
A-n38-k5 	BT-3   38    3     76    0    730    730    730     76   0.0938    0.000
A-n38-k5 	BT-3   38    3     76    1    730    730    730     76   0.0925    0.000
A-n38-k5 	BT-3   38   12    152    0    730   1228    733    343   0.3295    0.004
A-n38-k5 	BT-3   38   12    152    1    730   1228    735    342   0.3267    0.007
A-n38-k5 	BT-3   38    6     76    0    730    730    730     76   0.0933    0.000
A-n38-k5 	BT-3   38    6     76    1    730    730    730     76   0.0922    0.000
A-n38-k5 	BT-3   38    3     76    0    730    730    730     76   0.0935    0.000
A-n38-k5 	BT-3   38    3     76    1    730    730    730     76   0.0931    0.000
A-n38-k5 	BT-3   38   12    152    0    730   1228    753    302   0.2986    0.032
A-n38-k5 	BT-3   38   12    152    1    730   1228    730    247   0.2355    0.000
A-n38-k5 	BT-3   38    6     76    0    730    730    730     76   0.0944    0.000
A-n38-k5 	BT-3   38    6     76    1    730    730    730     76   0.1127    0.000
A-n38-k5 	BT-3   38    3     76    0    730    730    730     76   0.0930    0.000
A-n38-k5 	BT-3   38    3     76    1    730    730    730     76   0.0927    0.000
A-n38-k5 	BT-3   38   12    152    0    730   1228    764    249   0.2387    0.047
A-n38-k5 	BT-3   38   12    152    1    730   1228    761    237   0.2237    0.042
A-n38-k5 	BT-3   38    6     76    0    730    730    730     76   0.0934    0.000
A-n38-k5 	BT-3   38    6     76    1    730    730    730     76   0.0922    0.000
A-n38-k5 	BT-3   38    3     76    0    730    730    730     76   0.0930    0.000
A-n38-k5 	BT-3   38    3     76    1    730    730    730     76   0.0975    0.000
A-n38-k5 	BT-3   38   12    152    0    730   1228    730    473   0.4597    0.000
A-n38-k5 	BT-3   38   12    152    1    730   1228    735    271   0.2632    0.007
A-n38-k5 	BT-3   38    6     76    0    730    730    730     76   0.0941    0.000
A-n38-k5 	BT-3   38    6     76    1    730    730    730     76   0.0924    0.000
A-n38-k5 	BT-3   38    3     76    0    730    730    730     76   0.0924    0.000
A-n38-k5 	BT-3   38    3     76    1    730    730    730     76   0.0936    0.000
A-n38-k5 	BT-3   38   12    152    0    730   1228    763    263   0.2569    0.045
A-n38-k5 	BT-3   38   12    152    1    730   1228    745    201   0.1890    0.021
A-n38-k5 	BT-3   38    6     76    0    730    730    730     76   0.0927    0.000
A-n38-k5 	BT-3   38    6     76    1    730    730    730     76   0.0933    0.000
A-n38-k5 	BT-3   38    3     76    0    730    730    730     76   0.0927    0.000
A-n38-k5 	BT-3   38    3     76    1    730    730    730     76   0.0931    0.000
A-n38-k5 	BT-3   38   12    152    0    730   1228    736    403   0.3863    0.008
A-n38-k5 	BT-3   38   12    152    1    730   1228    732    516   0.4898    0.003
A-n38-k5 	BT-3   38    6     76    0    730    730    730     76   0.0933    0.000
A-n38-k5 	BT-3   38    6     76    1    730    730    730     76   0.0925    0.000
A-n38-k5 	BT-3   38    3     76    0    730    730    730     76   0.0936    0.000
A-n38-k5 	BT-3   38    3     76    1    730    730    730     76   0.0936    0.000
A-n38-k5 	BT-3   38   12    152    0    730   1228    756    427   0.4081    0.036
A-n38-k5 	BT-3   38   12    152    1    730   1228    745    201   0.1920    0.021
A-n38-k5 	BT-3   38    6     76    0    730    730    730     76   0.0931    0.000
A-n38-k5 	BT-3   38    6     76    1    730    730    730     76   0.0925    0.000
A-n38-k5 	BT-3   38    3     76    0    730    730    730     76   0.0959    0.000
A-n38-k5 	BT-3   38    3     76    1    730    730    730     76   0.0933    0.000
A-n38-k5 	BT-3   38   12    152    0    730   1228    730    352   0.3468    0.000
A-n38-k5 	BT-3   38   12    152    1    730   1228    732    333   0.3190    0.003
A-n38-k5 	BT-3   38    6     76    0    730    730    730     76   0.0923    0.000
A-n38-k5 	BT-3   38    6     76    1    730    730    730     76   0.0928    0.000
A-n38-k5 	BT-3   38    3     76    0    730    730    730     76   0.0931    0.000
A-n38-k5 	BT-3   38    3     76    1    730    730    730     76   0.0926    0.000
A-n38-k5 	BT-3   38   12    152    0    730   1228    763    195   0.1893    0.045
A-n38-k5 	BT-3   38   12    152    1    730   1228    745    363   0.3477    0.021
A-n38-k5 	BT-3   38    6     76    0    730    730    730     76   0.0926    0.000
A-n38-k5 	BT-3   38    6     76    1    730    730    730     76   0.0924    0.000
A-n38-k5 	BT-3   38    3     76    0    730    730    730     76   0.0926    0.000
A-n38-k5 	BT-3   38    3     76    1    730    730    730     76   0.0934    0.000
A-n38-k5 	BT-3   38   12    152    0    730   1228    745    280   0.2694    0.021
A-n38-k5 	BT-3   38   12    152    1    730   1228    745    268   0.2633    0.021
A-n38-k5 	BT-3   38    6     76    0    730    730    730     76   0.0927    0.000
A-n38-k5 	BT-3   38    6     76    1    730    730    730     76   0.0928    0.000
A-n38-k5 	BT-3   38    3     76    0    730    730    730     76   0.0924    0.000
A-n38-k5 	BT-3   38    3     76    1    730    730    730     76   0.0933    0.000
A-n38-k5 	BT-3   38   12    152    0    730   1228    763    190   0.1855    0.045
A-n38-k5 	BT-3   38   12    152    1    730   1228    731    336   0.3206    0.001
A-n38-k5 	BT-3   38    6     76    0    730    730    730     76   0.0927    0.000
A-n38-k5 	BT-3   38    6     76    1    730    730    730     76   0.0929    0.000
A-n38-k5 	BT-3   38    3     76    0    730    730    730     76   0.0938    0.000
A-n38-k5 	BT-3   38    3     76    1    730    730    730     76   0.0932    0.000
A-n38-k5 	BT-3   38   12    152    0    730   1228    732    212   0.2042    0.003
A-n38-k5 	BT-3   38   12    152    1    730   1228    733    484   0.4639    0.004
A-n38-k5 	BT-3   38    6     76    0    730    730    730     76   0.0933    0.000
A-n38-k5 	BT-3   38    6     76    1    730    730    730     76   0.0925    0.000
A-n38-k5 	BT-3   38    3     76    0    730    730    730     76   0.0925    0.000
A-n38-k5 	BT-3   38    3     76    1    730    730    730     76   0.0941    0.000
A-n38-k5 	BT-3   38   12    152    0    730   1228    766    183   0.1777    0.049
A-n38-k5 	BT-3   38   12    152    1    730   1228    756    232   0.2269    0.036
A-n38-k5 	BT-3   38    6     76    0    730    730    730     76   0.0931    0.000
A-n38-k5 	BT-3   38    6     76    1    730    730    730     76   0.0925    0.000
A-n38-k5 	BT-3   38    3     76    0    730    730    730     76   0.0927    0.000
A-n38-k5 	BT-3   38    3     76    1    730    730    730     76   0.0933    0.000
A-n38-k5 	BT-3   38   12    152    0    730   1228    748    325   0.3150    0.025
A-n38-k5 	BT-3   38   12    152    1    730   1228    732    371   0.3524    0.003
A-n38-k5 	BT-3   38    6     76    0    730    730    730     76   0.0941    0.000
A-n38-k5 	BT-3   38    6     76    1    730    730    730     76   0.0923    0.000
A-n38-k5 	BT-3   38    3     76    0    730    730    730     76   0.0927    0.000
A-n38-k5 	BT-3   38    3     76    1    730    730    730     76   0.0990    0.000
A-n38-k5 	BT-3   38   12    152    0    730   1228    745    229   0.2350    0.021
A-n38-k5 	BT-3   38   12    152    1    730   1228    756    269   0.2552    0.036
A-n38-k5 	BT-3   38    6     76    0    730    730    730     76   0.0932    0.000
A-n38-k5 	BT-3   38    6     76    1    730    730    730     76   0.0949    0.000
A-n38-k5 	BT-3   38    3     76    0    730    730    730     76   0.0931    0.000
A-n38-k5 	BT-3   38    3     76    1    730    730    730     76   0.0938    0.000
A-n38-k5 	BT-3   38   12    152    0    730   1228    730    317   0.3064    0.000
A-n38-k5 	BT-3   38   12    152    1    730   1228    737    334   0.3201    0.010
A-n38-k5 	BT-3   38    6     76    0    730    730    730     76   0.0931    0.000
A-n38-k5 	BT-3   38    6     76    1    730    730    730     76   0.0927    0.000
A-n38-k5 	BT-3   38    3     76    0    730    730    730     76   0.0928    0.000
A-n38-k5 	BT-3   38    3     76    1    730    730    730     76   0.0929    0.000
A-n38-k5 	BT-3   38   12    152    0    730   1228    754    289   0.2775    0.033
A-n38-k5 	BT-3   38   12    152    1    730   1228    745    218   0.2077    0.021
A-n38-k5 	BT-3   38    6     76    0    730    730    730     76   0.0931    0.000
A-n38-k5 	BT-3   38    6     76    1    730    730    730     76   0.0926    0.000
A-n38-k5 	BT-3   38    3     76    0    730    730    730     76   0.0925    0.000
A-n38-k5 	BT-3   38    3     76    1    730    730    730     76   0.0929    0.000
A-n38-k5 	BT-3   38   12    152    0    730   1228    745    295   0.2819    0.021
A-n38-k5 	BT-3   38   12    152    1    730   1228    770    286   0.2767    0.055
A-n38-k5 	BT-3   38    6     76    0    730    730    730     76   0.0930    0.000
A-n38-k5 	BT-3   38    6     76    1    730    730    730     76   0.0921    0.000
A-n38-k5 	BT-3   38    3     76    0    730    730    730     76   0.0933    0.000
A-n38-k5 	BT-3   38    3     76    1    730    730    730     76   0.0934    0.000
A-n38-k5 	BT-3   38   12    152    0    730   1228    747    387   0.3677    0.023
A-n38-k5 	BT-3   38   12    152    1    730   1228    739    214   0.2071    0.012
A-n38-k5 	BT-3   38    6     76    0    730    730    730     76   0.0974    0.000
A-n38-k5 	BT-3   38    6     76    1    730    730    730     76   0.0932    0.000
A-n38-k5 	BT-3   38    3     76    0    730    730    730     76   0.0982    0.000
A-n38-k5 	BT-3   38    3     76    1    730    730    730     76   0.0936    0.000
A-n38-k5 	BT-3   38   12    152    0    730   1228    766    183   0.1772    0.049
A-n38-k5 	BT-3   38   12    152    1    730   1228    745    199   0.1863    0.021
A-n38-k5 	BT-3   38    6     76    0    730    730    730     76   0.0928    0.000
A-n38-k5 	BT-3   38    6     76    1    730    730    730     76   0.0921    0.000
A-n38-k5 	BT-3   38    3     76    0    730    730    730     76   0.0930    0.000
A-n38-k5 	BT-3   38    3     76    1    730    730    730     76   0.0923    0.000
A-n38-k5 	BT-3   38   12    152    0    730   1228    752    213   0.2069    0.030
A-n38-k5 	BT-3   38   12    152    1    730   1228    747    464   0.4357    0.023
A-n38-k5 	BT-3   38    6     76    0    730    730    730     76   0.0928    0.000
A-n38-k5 	BT-3   38    6     76    1    730    730    730     76   0.0921    0.000
A-n38-k5 	BT-3   38    3     76    0    730    730    730     76   0.0923    0.000
A-n38-k5 	BT-3   38    3     76    1    730    730    730     76   0.0926    0.000
A-n38-k5 	BT-3   38   12    152    0    730   1228    766    183   0.1799    0.049
A-n38-k5 	BT-3   38   12    152    1    730   1228    735    412   0.3884    0.007
A-n38-k5 	BT-3   38    6     76    0    730    730    730     76   0.0927    0.000
A-n38-k5 	BT-3   38    6     76    1    730    730    730     76   0.0922    0.000
A-n38-k5 	BT-3   38    3     76    0    730    730    730     76   0.0929    0.000
A-n38-k5 	BT-3   38    3     76    1    730    730    730     76   0.0936    0.000
A-n38-k5 	BT-3   38   12    152    0    730   1228    745    300   0.2856    0.021
A-n38-k5 	BT-3   38   12    152    1    730   1228    743    300   0.2859    0.018
A-n38-k5 	BT-3   38    6     76    0    730    730    730     76   0.0927    0.000
A-n38-k5 	BT-3   38    6     76    1    730    730    730     76   0.0927    0.000
A-n38-k5 	BT-3   38    3     76    0    730    730    730     76   0.0931    0.000
A-n38-k5 	BT-3   38    3     76    1    730    730    730     76   0.0934    0.000
A-n38-k5 	BT-3   38   12    152    0    730   1228    745    191   0.1852    0.021
A-n38-k5 	BT-3   38   12    152    1    730   1228    745    345   0.3402    0.021
A-n38-k5 	BT-3   38    6     76    0    730    730    730     76   0.0931    0.000
A-n38-k5 	BT-3   38    6     76    1    730    730    730     76   0.0928    0.000
A-n38-k5 	BT-3   38    3     76    0    730    730    730     76   0.0929    0.000
A-n38-k5 	BT-3   38    3     76    1    730    730    730     76   0.0931    0.000
A-n38-k5 	BT-3   38   12    152    0    730   1228    753    191   0.1870    0.032
A-n38-k5 	BT-3   38   12    152    1    730   1228    745    219   0.2111    0.021
A-n38-k5 	BT-3   38    6     76    0    730    730    730     76   0.0930    0.000
A-n38-k5 	BT-3   38    6     76    1    730    730    730     76   0.0926    0.000
A-n38-k5 	BT-3   38    3     76    0    730    730    730     76   0.0928    0.000
A-n38-k5 	BT-3   38    3     76    1    730    730    730     76   0.0935    0.000
A-n38-k5 	BT-3   38   12    152    0    730   1228    763    207   0.2085    0.045
A-n38-k5 	BT-3   38   12    152    1    730   1228    793    395   0.3803    0.086
A-n38-k5 	BT-3   38    6     76    0    730    730    730     76   0.0936    0.000
A-n38-k5 	BT-3   38    6     76    1    730    730    730     76   0.0944    0.000
A-n38-k5 	BT-3   38    3     76    0    730    730    730     76   0.0936    0.000
A-n38-k5 	BT-3   38    3     76    1    730    730    730     76   0.0943    0.000
A-n38-k5 	BT-3   38   12    152    0    730   1228    764    186   0.1842    0.047
A-n38-k5 	BT-3   38   12    152    1    730   1228    744    380   0.3666    0.019
A-n38-k5 	BT-3   38    6     76    0    730    730    730     76   0.0940    0.000
A-n38-k5 	BT-3   38    6     76    1    730    730    730     76   0.0930    0.000
A-n38-k5 	BT-3   38    3     76    0    730    730    730     76   0.0943    0.000
A-n38-k5 	BT-3   38    3     76    1    730    730    730     76   0.0929    0.000
A-n38-k5 	BT-3   38   12    152    0    730   1228    766    183   0.1773    0.049
A-n38-k5 	BT-3   38   12    152    1    730   1228    752    212   0.2055    0.030
A-n38-k5 	BT-3   38    6     76    0    730    730    730     76   0.0930    0.000
A-n38-k5 	BT-3   38    6     76    1    730    730    730     76   0.0924    0.000
A-n38-k5 	BT-3   38    3     76    0    730    730    730     76   0.0929    0.000
A-n38-k5 	BT-3   38    3     76    1    730    730    730     76   0.0926    0.000
A-n38-k5 	BT-3   38   12    152    0    730   1228    745    410   0.4000    0.021
A-n38-k5 	BT-3   38   12    152    1    730   1228    752    203   0.1976    0.030
A-n38-k5 	BT-3   38    6     76    0    730    730    730     76   0.0944    0.000
A-n38-k5 	BT-3   38    6     76    1    730    730    730     76   0.0931    0.000
A-n38-k5 	BT-3   38    3     76    0    730    730    730     76   0.0932    0.000
A-n38-k5 	BT-3   38    3     76    1    730    730    730     76   0.0943    0.000
A-n38-k5 	BT-3   38   12    152    0    730   1228    766    183   0.1782    0.049
A-n38-k5 	BT-3   38   12    152    1    730   1228    739    204   0.2001    0.012
A-n38-k5 	BT-3   38    6     76    0    730    730    730     76   0.0938    0.000
A-n38-k5 	BT-3   38    6     76    1    730    730    730     76   0.0931    0.000
A-n38-k5 	BT-3   38    3     76    0    730    730    730     76   0.0944    0.000
A-n38-k5 	BT-3   38    3     76    1    730    730    730     76   0.0923    0.000
A-n38-k5 	BT-3   38   12    152    0    730   1228    763    329   0.3184    0.045
A-n38-k5 	BT-3   38   12    152    1    730   1228    738    568   0.5535    0.011
A-n38-k5 	BT-3   38    6     76    0    730    730    730     76   0.0931    0.000
A-n38-k5 	BT-3   38    6     76    1    730    730    730     76   0.0923    0.000
A-n38-k5 	BT-3   38    3     76    0    730    730    730     76   0.0941    0.000
A-n38-k5 	BT-3   38    3     76    1    730    730    730     76   0.0924    0.000
A-n38-k5 	BT-3   38   12    152    0    730   1228    763    247   0.2382    0.045
A-n38-k5 	BT-3   38   12    152    1    730   1228    737    328   0.3155    0.010
A-n38-k5 	BT-3   38    6     76    0    730    730    730     76   0.0936    0.000
A-n38-k5 	BT-3   38    6     76    1    730    730    730     76   0.0924    0.000
A-n38-k5 	BT-3   38    3     76    0    730    730    730     76   0.0934    0.000
A-n38-k5 	BT-3   38    3     76    1    730    730    730     76   0.0930    0.000
A-n38-k5 	BT-3   38   12    152    0    730   1228    763    271   0.2661    0.045
A-n38-k5 	BT-3   38   12    152    1    730   1228    737    221   0.2132    0.010
A-n38-k5 	BT-3   38    6     76    0    730    730    730     76   0.0925    0.000
A-n38-k5 	BT-3   38    6     76    1    730    730    730     76   0.0924    0.000
A-n38-k5 	BT-3   38    3     76    0    730    730    730     76   0.0928    0.000
A-n38-k5 	BT-3   38    3     76    1    730    730    730     76   0.1125    0.000
A-n38-k5 	BT-3   38   12    152    0    730   1228    763    191   0.1903    0.045
A-n38-k5 	BT-3   38   12    152    1    730   1228    745    371   0.3526    0.021
A-n38-k5 	BT-3   38    6     76    0    730    730    730     76   0.0950    0.000
A-n38-k5 	BT-3   38    6     76    1    730    730    730     76   0.0968    0.000
A-n38-k5 	BT-3   38    3     76    0    730    730    730     76   0.0931    0.000
A-n38-k5 	BT-3   38    3     76    1    730    730    730     76   0.0925    0.000
A-n38-k5 	BT-3   38   12    152    0    730   1228    766    183   0.1791    0.049
A-n38-k5 	BT-3   38   12    152    1    730   1228    748    624   0.5963    0.025
A-n38-k5 	BT-3   38    6     76    0    730    730    730     76   0.0932    0.000
A-n38-k5 	BT-3   38    6     76    1    730    730    730     76   0.0929    0.000
A-n38-k5 	BT-3   38    3     76    0    730    730    730     76   0.0929    0.000
A-n38-k5 	BT-3   38    3     76    1    730    730    730     76   0.0971    0.000
A-n38-k5 	BT-3   38   12    152    0    730   1228    745    370   0.3574    0.021
A-n38-k5 	BT-3   38   12    152    1    730   1228    730    483   0.4640    0.000
A-n38-k5 	BT-3   38    6     76    0    730    730    730     76   0.0935    0.000
A-n38-k5 	BT-3   38    6     76    1    730    730    730     76   0.0927    0.000
A-n38-k5 	BT-3   38    3     76    0    730    730    730     76   0.0928    0.000
A-n38-k5 	BT-3   38    3     76    1    730    730    730     76   0.0943    0.000
A-n38-k5 	BT-3   38   12    152    0    730   1228    761    321   0.3084    0.042
A-n38-k5 	BT-3   38   12    152    1    730   1228    765    254   0.2462    0.048
A-n38-k5 	BT-3   38    6     76    0    730    730    730     76   0.0937    0.000
A-n38-k5 	BT-3   38    6     76    1    730    730    730     76   0.0926    0.000
A-n38-k5 	BT-3   38    3     76    0    730    730    730     76   0.0932    0.000
A-n38-k5 	BT-3   38    3     76    1    730    730    730     76   0.0981    0.000
A-n38-k5 	BT-3   38   12    152    0    730   1228    745    299   0.2866    0.021
A-n38-k5 	BT-3   38   12    152    1    730   1228    739    252   0.2415    0.012
A-n38-k5 	BT-3   38    6     76    0    730    730    730     76   0.0932    0.000
A-n38-k5 	BT-3   38    6     76    1    730    730    730     76   0.0931    0.000
A-n38-k5 	BT-3   38    3     76    0    730    730    730     76   0.0930    0.000
A-n38-k5 	BT-3   38    3     76    1    730    730    730     76   0.0937    0.000
A-n38-k5 	BT-3   38   12    152    0    730   1228    766    181   0.1747    0.049
A-n38-k5 	BT-3   38   12    152    1    730   1228    735    458   0.4357    0.007
A-n38-k5 	BT-3   38    6     76    0    730    730    730     76   0.0930    0.000
A-n38-k5 	BT-3   38    6     76    1    730    730    730     76   0.0928    0.000
A-n38-k5 	BT-3   38    3     76    0    730    730    730     76   0.0937    0.000
A-n38-k5 	BT-3   38    3     76    1    730    730    730     76   0.0947    0.000
A-n38-k5 	BT-3   38   12    152    0    730   1228    740    272   0.2644    0.014
A-n38-k5 	BT-3   38   12    152    1    730   1228    758    257   0.2483    0.038
A-n38-k5 	BT-3   38    6     76    0    730    730    730     76   0.0928    0.000
A-n38-k5 	BT-3   38    6     76    1    730    730    730     76   0.0928    0.000
A-n38-k5 	BT-3   38    3     76    0    730    730    730     76   0.0939    0.000
A-n38-k5 	BT-3   38    3     76    1    730    730    730     76   0.0937    0.000
A-n38-k5 	BT-3   38   12    152    0    730   1228    745    344   0.3301    0.021
A-n38-k5 	BT-3   38   12    152    1    730   1228    760    292   0.2817    0.041
A-n38-k5 	BT-3   38    6     76    0    730    730    730     76   0.0940    0.000
A-n38-k5 	BT-3   38    6     76    1    730    730    730     76   0.0935    0.000
A-n38-k5 	BT-3   38    3     76    0    730    730    730     76   0.0930    0.000
A-n38-k5 	BT-3   38    3     76    1    730    730    730     76   0.0933    0.000
A-n38-k5 	BT-3   38   12    152    0    730   1228    766    181   0.1812    0.049
A-n38-k5 	BT-3   38   12    152    1    730   1228    737    310   0.3043    0.010
A-n38-k5 	BT-3   38    6     76    0    730    730    730     76   0.0992    0.000
A-n38-k5 	BT-3   38    6     76    1    730    730    730     76   0.0942    0.000
A-n38-k5 	BT-3   38    3     76    0    730    730    730     76   0.0928    0.000
A-n38-k5 	BT-3   38    3     76    1    730    730    730     76   0.0935    0.000
A-n38-k5 	BT-3   38   12    152    0    730   1228    745    350   0.4119    0.021
A-n38-k5 	BT-3   38   12    152    1    730   1228    807    237   0.2302    0.105
A-n38-k5 	BT-3   38    6     76    0    730    730    730     76   0.0931    0.000
A-n38-k5 	BT-3   38    6     76    1    730    730    730     76   0.0924    0.000
A-n38-k5 	BT-3   38    3     76    0    730    730    730     76   0.0942    0.000
A-n38-k5 	BT-3   38    3     76    1    730    730    730     76   0.0929    0.000
A-n38-k5 	BT-3   38   12    152    0    730   1228    745    288   0.2739    0.021
A-n38-k5 	BT-3   38   12    152    1    730   1228    787    310   0.2984    0.078
A-n38-k5 	BT-3   38    6     76    0    730    730    730     76   0.0938    0.000
A-n38-k5 	BT-3   38    6     76    1    730    730    730     76   0.1038    0.000
A-n38-k5 	BT-3   38    3     76    0    730    730    730     76   0.1105    0.000
A-n38-k5 	BT-3   38    3     76    1    730    730    730     76   0.0933    0.000
A-n38-k5 	BT-3   38   12    152    0    730   1228    733    355   0.3518    0.004
A-n38-k5 	BT-3   38   12    152    1    730   1228    756    214   0.2163    0.036
A-n38-k5 	BT-3   38    6     76    0    730    730    730     76   0.0970    0.000
A-n38-k5 	BT-3   38    6     76    1    730    730    730     76   0.0929    0.000
A-n38-k5 	BT-3   38    3     76    0    730    730    730     76   0.1048    0.000
A-n38-k5 	BT-3   38    3     76    1    730    730    730     76   0.0952    0.000
A-n38-k5 	BT-3   38   12    152    0    730   1228    756    263   0.2635    0.036
A-n38-k5 	BT-3   38   12    152    1    730   1228    735    415   0.4024    0.007
A-n38-k5 	BT-3   38    6     76    0    730    730    730     76   0.0932    0.000
A-n38-k5 	BT-3   38    6     76    1    730    730    730     76   0.0930    0.000
A-n38-k5 	BT-3   38    3     76    0    730    730    730     76   0.0931    0.000
A-n38-k5 	BT-3   38    3     76    1    730    730    730     76   0.0937    0.000
A-n38-k5 	BT-3   38   12    152    0    730   1228    745    368   0.3544    0.021
A-n38-k5 	BT-3   38   12    152    1    730   1228    733    358   0.3410    0.004
A-n38-k5 	BT-3   38    6     76    0    730    730    730     76   0.0927    0.000
A-n38-k5 	BT-3   38    6     76    1    730    730    730     76   0.0924    0.000
A-n38-k5 	BT-3   38    3     76    0    730    730    730     76   0.0928    0.000
A-n38-k5 	BT-3   38    3     76    1    730    730    730     76   0.0934    0.000
A-n38-k5 	BT-3   38   12    152    0    730   1228    733    460   0.4366    0.004
A-n38-k5 	BT-3   38   12    152    1    730   1228    743    294   0.2841    0.018
A-n38-k5 	BT-3   38    6     76    0    730    730    730     76   0.0927    0.000
A-n38-k5 	BT-3   38    6     76    1    730    730    730     76   0.0920    0.000
A-n38-k5 	BT-3   38    3     76    0    730    730    730     76   0.0934    0.000
A-n38-k5 	BT-3   38    3     76    1    730    730    730     76   0.0975    0.000
A-n38-k5 	BT-3   38   12    152    0    730   1228    742    239   0.2287    0.016
A-n38-k5 	BT-3   38   12    152    1    730   1228    745    202   0.1905    0.021
A-n38-k5 	BT-3   38    6     76    0    730    730    730     76   0.0923    0.000
A-n38-k5 	BT-3   38    6     76    1    730    730    730     76   0.0922    0.000
A-n38-k5 	BT-3   38    3     76    0    730    730    730     76   0.0929    0.000
A-n38-k5 	BT-3   38    3     76    1    730    730    730     76   0.0931    0.000
A-n38-k5 	BT-3   38   12    152    0    730   1228    745    231   0.2241    0.021
A-n38-k5 	BT-3   38   12    152    1    730   1228    741    500   0.4747    0.015
A-n38-k5 	BT-3   38    6     76    0    730    730    730     76   0.0930    0.000
A-n38-k5 	BT-3   38    6     76    1    730    730    730     76   0.0926    0.000
A-n38-k5 	BT-3   38    3     76    0    730    730    730     76   0.0928    0.000
A-n38-k5 	BT-3   38    3     76    1    730    730    730     76   0.0920    0.000
A-n38-k5 	BT-3   38   12    152    0    730   1228    730    347   0.3313    0.000
A-n38-k5 	BT-3   38   12    152    1    730   1228    732    418   0.4062    0.003
A-n38-k5 	BT-3   38    6     76    0    730    730    730     76   0.0925    0.000
A-n38-k5 	BT-3   38    6     76    1    730    730    730     76   0.0922    0.000
A-n38-k5 	BT-3   38    3     76    0    730    730    730     76   0.0925    0.000
A-n38-k5 	BT-3   38    3     76    1    730    730    730     76   0.0932    0.000
A-n38-k5 	BT-3   38   12    152    0    730   1228    745    441   0.4329    0.021
A-n38-k5 	BT-3   38   12    152    1    730   1228    804    243   0.2402    0.101
A-n38-k5 	BT-3   38    6     76    0    730    730    730     76   0.0927    0.000
A-n38-k5 	BT-3   38    6     76    1    730    730    730     76   0.0924    0.000
A-n38-k5 	BT-3   38    3     76    0    730    730    730     76   0.0931    0.000
A-n38-k5 	BT-3   38    3     76    1    730    730    730     76   0.0932    0.000
A-n38-k5 	BT-3   38   12    152    0    730   1228    730    254   0.2459    0.000
A-n38-k5 	BT-3   38   12    152    1    730   1228    741    223   0.2192    0.015
A-n38-k5 	BT-3   38    6     76    0    730    730    730     76   0.0936    0.000
A-n38-k5 	BT-3   38    6     76    1    730    730    730     76   0.0919    0.000
A-n38-k5 	BT-3   38    3     76    0    730    730    730     76   0.0935    0.000
A-n38-k5 	BT-3   38    3     76    1    730    730    730     76   0.0938    0.000
A-n38-k5 	BT-3   38   12    152    0    730   1228    750    394   0.3764    0.027
A-n38-k5 	BT-3   38   12    152    1    730   1228    756    301   0.3079    0.036
A-n38-k5 	BT-3   38    6     76    0    730    730    730     76   0.0925    0.000
A-n38-k5 	BT-3   38    6     76    1    730    730    730     76   0.0922    0.000
A-n38-k5 	BT-3   38    3     76    0    730    730    730     76   0.0924    0.000
A-n38-k5 	BT-3   38    3     76    1    730    730    730     76   0.0930    0.000
A-n38-k5 	BT-3   38   12    152    0    730   1228    745    504   0.4880    0.021
A-n38-k5 	BT-3   38   12    152    1    730   1228    733    235   0.2227    0.004
A-n38-k5 	BT-3   38    6     76    0    730    730    730     76   0.0926    0.000
A-n38-k5 	BT-3   38    6     76    1    730    730    730     76   0.0923    0.000
A-n38-k5 	BT-3   38    3     76    0    730    730    730     76   0.0926    0.000
A-n38-k5 	BT-3   38    3     76    1    730    730    730     76   0.0927    0.000
A-n38-k5 	BT-3   38   12    152    0    730   1228    733    365   0.3461    0.004
A-n38-k5 	BT-3   38   12    152    1    730   1228    747    221   0.2132    0.023
A-n38-k5 	BT-3   38    6     76    0    730    730    730     76   0.0932    0.000
A-n38-k5 	BT-3   38    6     76    1    730    730    730     76   0.0923    0.000
A-n38-k5 	BT-3   38    3     76    0    730    730    730     76   0.1088    0.000
A-n38-k5 	BT-3   38    3     76    1    730    730    730     76   0.0927    0.000
A-n38-k5 	BT-3   38   12    152    0    730   1228    753    354   0.3478    0.032
A-n38-k5 	BT-3   38   12    152    1    730   1228    737    550   0.5278    0.010
A-n38-k5 	BT-3   38    6     76    0    730    730    730     76   0.0930    0.000
A-n38-k5 	BT-3   38    6     76    1    730    730    730     76   0.0920    0.000
A-n38-k5 	BT-3   38    3     76    0    730    730    730     76   0.0924    0.000
A-n38-k5 	BT-3   38    3     76    1    730    730    730     76   0.0958    0.000
A-n38-k5 	BT-3   38   12    152    0    730   1228    745    280   0.2694    0.021
A-n38-k5 	BT-3   38   12    152    1    730   1228    755    337   0.3217    0.034
A-n38-k5 	BT-3   38    6     76    0    730    730    730     76   0.0929    0.000
A-n38-k5 	BT-3   38    6     76    1    730    730    730     76   0.0931    0.000
A-n38-k5 	BT-3   38    3     76    0    730    730    730     76   0.0929    0.000
A-n38-k5 	BT-3   38    3     76    1    730    730    730     76   0.0930    0.000
A-n38-k5 	BT-3   38   12    152    0    730   1228    766    183   0.1784    0.049
A-n38-k5 	BT-3   38   12    152    1    730   1228    747    378   0.3589    0.023
A-n38-k5 	BT-3   38    6     76    0    730    730    730     76   0.0929    0.000
A-n38-k5 	BT-3   38    6     76    1    730    730    730     76   0.0924    0.000
A-n38-k5 	BT-3   38    3     76    0    730    730    730     76   0.0927    0.000
A-n38-k5 	BT-3   38    3     76    1    730    730    730     76   0.0940    0.000
A-n38-k5 	BT-3   38   12    152    0    730   1228    732    487   0.4730    0.003
A-n38-k5 	BT-3   38   12    152    1    730   1228    741    220   0.2147    0.015
A-n38-k5 	BT-3   38    6     76    0    730    730    730     76   0.0927    0.000
A-n38-k5 	BT-3   38    6     76    1    730    730    730     76   0.0930    0.000
A-n38-k5 	BT-3   38    3     76    0    730    730    730     76   0.0927    0.000
A-n38-k5 	BT-3   38    3     76    1    730    730    730     76   0.0935    0.000
A-n38-k5 	BT-3   38   12    152    0    730   1228    745    259   0.2468    0.021
A-n38-k5 	BT-3   38   12    152    1    730   1228    737    205   0.2020    0.010
A-n38-k5 	BT-3   38    6     76    0    730    730    730     76   0.0928    0.000
A-n38-k5 	BT-3   38    6     76    1    730    730    730     76   0.0929    0.000
A-n38-k5 	BT-3   38    3     76    0    730    730    730     76   0.0975    0.000
A-n38-k5 	BT-3   38    3     76    1    730    730    730     76   0.0929    0.000
A-n38-k5 	BT-3   38   12    152    0    730   1228    745    348   0.3331    0.021
A-n38-k5 	BT-3   38   12    152    1    730   1228    745    235   0.2247    0.021
A-n38-k5 	BT-3   38    6     76    0    730    730    730     76   0.0928    0.000
A-n38-k5 	BT-3   38    6     76    1    730    730    730     76   0.0937    0.000
A-n38-k5 	BT-3   38    3     76    0    730    730    730     76   0.0928    0.000
A-n38-k5 	BT-3   38    3     76    1    730    730    730     76   0.0933    0.000
A-n38-k5 	BT-3   38   12    152    0    730   1228    745    439   0.4204    0.021
A-n38-k5 	BT-3   38   12    152    1    730   1228    745    199   0.1947    0.021
A-n38-k5 	BT-3   38    6     76    0    730    730    730     76   0.0924    0.000
A-n38-k5 	BT-3   38    6     76    1    730    730    730     76   0.0927    0.000
A-n38-k5 	BT-3   38    3     76    0    730    730    730     76   0.0929    0.000
A-n38-k5 	BT-3   38    3     76    1    730    730    730     76   0.0926    0.000
A-n38-k5 	BT-3   38   12    152    0    730   1228    763    278   0.2742    0.045
A-n38-k5 	BT-3   38   12    152    1    730   1228    737    574   0.5481    0.010
A-n38-k5 	BT-3   38    6     76    0    730    730    730     76   0.0930    0.000
A-n38-k5 	BT-3   38    6     76    1    730    730    730     76   0.0932    0.000
A-n38-k5 	BT-3   38    3     76    0    730    730    730     76   0.0926    0.000
A-n38-k5 	BT-3   38    3     76    1    730    730    730     76   0.0933    0.000
A-n38-k5 	BT-3   38   12    152    0    730   1228    763    225   0.2254    0.045
A-n38-k5 	BT-3   38   12    152    1    730   1228    752    205   0.2002    0.030
A-n38-k5 	BT-3   38    6     76    0    730    730    730     76   0.0929    0.000
A-n38-k5 	BT-3   38    6     76    1    730    730    730     76   0.0921    0.000
A-n38-k5 	BT-3   38    3     76    0    730    730    730     76   0.0928    0.000
A-n38-k5 	BT-3   38    3     76    1    730    730    730     76   0.0937    0.000
A-n38-k5 	BT-3   38   12    152    0    730   1228    758    226   0.2169    0.038
A-n38-k5 	BT-3   38   12    152    1    730   1228    745    420   0.4090    0.021
A-n38-k5 	BT-3   38    6     76    0    730    730    730     76   0.0925    0.000
A-n38-k5 	BT-3   38    6     76    1    730    730    730     76   0.0928    0.000
A-n38-k5 	BT-3   38    3     76    0    730    730    730     76   0.0931    0.000
A-n38-k5 	BT-3   38    3     76    1    730    730    730     76   0.0925    0.000
A-n38-k5 	BT-3   38   12    152    0    730   1228    730    251   0.2430    0.000
A-n38-k5 	BT-3   38   12    152    1    730   1228    751    270   0.2596    0.029
A-n38-k5 	BT-3   38    6     76    0    730    730    730     76   0.0928    0.000
A-n38-k5 	BT-3   38    6     76    1    730    730    730     76   0.0930    0.000
A-n38-k5 	BT-3   38    3     76    0    730    730    730     76   0.0930    0.000
A-n38-k5 	BT-3   38    3     76    1    730    730    730     76   0.0930    0.000
A-n38-k5 	BT-3   38   12    152    0    730   1228    763    264   0.2515    0.045
A-n38-k5 	BT-3   38   12    152    1    730   1228    735    461   0.4437    0.007
A-n38-k5 	BT-3   38    6     76    0    730    730    730     76   0.0928    0.000
A-n38-k5 	BT-3   38    6     76    1    730    730    730     76   0.0925    0.000
A-n38-k5 	BT-3   38    3     76    0    730    730    730     76   0.0926    0.000
A-n38-k5 	BT-3   38    3     76    1    730    730    730     76   0.0923    0.000
A-n38-k5 	BT-3   38   12    152    0    730   1228    766    183   0.1779    0.049
A-n38-k5 	BT-3   38   12    152    1    730   1228    756    243   0.2354    0.036
A-n38-k5 	BT-3   38    6     76    0    730    730    730     76   0.0935    0.000
A-n38-k5 	BT-3   38    6     76    1    730    730    730     76   0.0928    0.000
A-n38-k5 	BT-3   38    3     76    0    730    730    730     76   0.0929    0.000
A-n38-k5 	BT-3   38    3     76    1    730    730    730     76   0.0934    0.000
A-n38-k5 	BT-3   38   12    152    0    730   1228    730    356   0.3411    0.000
A-n38-k5 	BT-3   38   12    152    1    730   1228    733    313   0.2934    0.004
A-n38-k5 	BT-3   38    6     76    0    730    730    730     76   0.0932    0.000
A-n38-k5 	BT-3   38    6     76    1    730    730    730     76   0.0951    0.000
A-n38-k5 	BT-3   38    3     76    0    730    730    730     76   0.0931    0.000
A-n38-k5 	BT-3   38    3     76    1    730    730    730     76   0.0937    0.000
A-n38-k5 	BT-3   38   12    152    0    730   1228    766    183   0.1779    0.049
A-n38-k5 	BT-3   38   12    152    1    730   1228    735    350   0.3333    0.007
A-n38-k5 	BT-3   38    6     76    0    730    730    730     76   0.0929    0.000
A-n38-k5 	BT-3   38    6     76    1    730    730    730     76   0.0929    0.000
A-n38-k5 	BT-3   38    3     76    0    730    730    730     76   0.0925    0.000
A-n38-k5 	BT-3   38    3     76    1    730    730    730     76   0.0976    0.000
A-n38-k5 	BT-3   38   12    152    0    730   1228    748    258   0.2477    0.025
A-n38-k5 	BT-3   38   12    152    1    730   1228    737    360   0.3490    0.010
A-n38-k5 	BT-3   38    6     76    0    730    730    730     76   0.0937    0.000
A-n38-k5 	BT-3   38    6     76    1    730    730    730     76   0.0929    0.000
A-n38-k5 	BT-3   38    3     76    0    730    730    730     76   0.0930    0.000
A-n38-k5 	BT-3   38    3     76    1    730    730    730     76   0.0933    0.000
A-n38-k5 	BT-3   38   12    152    0    730   1228    732    348   0.3326    0.003
A-n38-k5 	BT-3   38   12    152    1    730   1228    739    204   0.2001    0.012
A-n38-k5 	BT-3   38    6     76    0    730    730    730     76   0.0925    0.000
A-n38-k5 	BT-3   38    6     76    1    730    730    730     76   0.0925    0.000
A-n38-k5 	BT-3   38    3     76    0    730    730    730     76   0.0926    0.000
A-n38-k5 	BT-3   38    3     76    1    730    730    730     76   0.0923    0.000
A-n38-k5 	BT-3   38   12    152    0    730   1228    766    182   0.1763    0.049
A-n38-k5 	BT-3   38   12    152    1    730   1228    766    349   0.3583    0.049
A-n38-k5 	BT-3   38    6     76    0    730    730    730     76   0.0934    0.000
A-n38-k5 	BT-3   38    6     76    1    730    730    730     76   0.0927    0.000
A-n38-k5 	BT-3   38    3     76    0    730    730    730     76   0.0928    0.000
A-n38-k5 	BT-3   38    3     76    1    730    730    730     76   0.0930    0.000
A-n38-k5 	BT-3   38   12    152    0    730   1228    755    354   0.3521    0.034
A-n38-k5 	BT-3   38   12    152    1    730   1228    748    215   0.2077    0.025
A-n38-k5 	BT-3   38    6     76    0    730    730    730     76   0.0932    0.000
A-n38-k5 	BT-3   38    6     76    1    730    730    730     76   0.0926    0.000
A-n38-k5 	BT-3   38    3     76    0    730    730    730     76   0.0935    0.000
A-n38-k5 	BT-3   38    3     76    1    730    730    730     76   0.0925    0.000
A-n38-k5 	BT-3   38   12    152    0    730   1228    748    299   0.2818    0.025
A-n38-k5 	BT-3   38   12    152    1    730   1228    745    325   0.3111    0.021
A-n38-k5 	BT-3   38    6     76    0    730    730    730     76   0.0928    0.000
A-n38-k5 	BT-3   38    6     76    1    730    730    730     76   0.0926    0.000
A-n38-k5 	BT-3   38    3     76    0    730    730    730     76   0.0925    0.000
A-n38-k5 	BT-3   38    3     76    1    730    730    730     76   0.0930    0.000
A-n38-k5 	BT-3   38   12    152    0    730   1228    730    358   0.3394    0.000
A-n38-k5 	BT-3   38   12    152    1    730   1228    735    220   0.2140    0.007
A-n38-k5 	BT-3   38    6     76    0    730    730    730     76   0.0924    0.000
A-n38-k5 	BT-3   38    6     76    1    730    730    730     76   0.0931    0.000
A-n38-k5 	BT-3   38    3     76    0    730    730    730     76   0.0926    0.000
A-n38-k5 	BT-3   38    3     76    1    730    730    730     76   0.0923    0.000
A-n38-k5 	BT-3   38   12    152    0    730   1228    745    297   0.2818    0.021
A-n38-k5 	BT-3   38   12    152    1    730   1228    756    676   0.6414    0.036
A-n38-k5 	BT-3   38    6     76    0    730    730    730     76   0.0951    0.000
A-n38-k5 	BT-3   38    6     76    1    730    730    730     76   0.0929    0.000
A-n38-k5 	BT-3   38    3     76    0    730    730    730     76   0.0933    0.000
A-n38-k5 	BT-3   38    3     76    1    730    730    730     76   0.0924    0.000
A-n38-k5 	BT-3   38   12    152    0    730   1228    755    419   0.3966    0.034
A-n38-k5 	BT-3   38   12    152    1    730   1228    739    217   0.2105    0.012
A-n38-k5 	BT-3   38    6     76    0    730    730    730     76   0.0930    0.000
A-n38-k5 	BT-3   38    6     76    1    730    730    730     76   0.0930    0.000
A-n38-k5 	BT-3   38    3     76    0    730    730    730     76   0.0931    0.000
A-n38-k5 	BT-3   38    3     76    1    730    730    730     76   0.0939    0.000
A-n38-k5 	BT-3   38   12    152    0    730   1228    744    455   0.4414    0.019
A-n38-k5 	BT-3   38   12    152    1    730   1228    745    228   0.2192    0.021
A-n38-k5 	BT-3   38    6     76    0    730    730    730     76   0.0934    0.000
A-n38-k5 	BT-3   38    6     76    1    730    730    730     76   0.0921    0.000
A-n38-k5 	BT-3   38    3     76    0    730    730    730     76   0.0927    0.000
A-n38-k5 	BT-3   38    3     76    1    730    730    730     76   0.0934    0.000
A-n38-k5 	BT-3   38   12    152    0    730   1228    737    410   0.3907    0.010
A-n38-k5 	BT-3   38   12    152    1    730   1228    745    199   0.1889    0.021
A-n38-k5 	BT-3   38    6     76    0    730    730    730     76   0.0931    0.000
A-n38-k5 	BT-3   38    6     76    1    730    730    730     76   0.0933    0.000
A-n38-k5 	BT-3   38    3     76    0    730    730    730     76   0.0923    0.000
A-n38-k5 	BT-3   38    3     76    1    730    730    730     76   0.0931    0.000
A-n38-k5 	BT-3   38   12    152    0    730   1228    764    228   0.2217    0.047
A-n38-k5 	BT-3   38   12    152    1    730   1228    737    226   0.2172    0.010
A-n38-k5 	BT-3   38    6     76    0    730    730    730     76   0.0937    0.000
A-n38-k5 	BT-3   38    6     76    1    730    730    730     76   0.0922    0.000
A-n38-k5 	BT-3   38    3     76    0    730    730    730     76   0.0929    0.000
A-n38-k5 	BT-3   38    3     76    1    730    730    730     76   0.0928    0.000
A-n38-k5 	BT-3   38   12    152    0    730   1228    730    278   0.2668    0.000
A-n38-k5 	BT-3   38   12    152    1    730   1228    735    249   0.2393    0.007
A-n38-k5 	BT-3   38    6     76    0    730    730    730     76   0.0930    0.000
A-n38-k5 	BT-3   38    6     76    1    730    730    730     76   0.0926    0.000
A-n38-k5 	BT-3   38    3     76    0    730    730    730     76   0.0925    0.000
A-n38-k5 	BT-3   38    3     76    1    730    730    730     76   0.0936    0.000
A-n38-k5 	BT-3   38   12    152    0    730   1228    730    345   0.3300    0.000
A-n38-k5 	BT-3   38   12    152    1    730   1228    745    199   0.1880    0.021
A-n38-k5 	BT-3   38    6     76    0    730    730    730     76   0.0927    0.000
A-n38-k5 	BT-3   38    6     76    1    730    730    730     76   0.0931    0.000
A-n38-k5 	BT-3   38    3     76    0    730    730    730     76   0.0927    0.000
A-n38-k5 	BT-3   38    3     76    1    730    730    730     76   0.0927    0.000
A-n38-k5 	BT-3   38   12    152    0    730   1228    745    417   0.3975    0.021
A-n38-k5 	BT-3   38   12    152    1    730   1228    745    236   0.2541    0.021
A-n38-k5 	BT-3   38    6     76    0    730    730    730     76   0.0927    0.000
A-n38-k5 	BT-3   38    6     76    1    730    730    730     76   0.0943    0.000
A-n38-k5 	BT-3   38    3     76    0    730    730    730     76   0.0927    0.000
A-n38-k5 	BT-3   38    3     76    1    730    730    730     76   0.0933    0.000
A-n38-k5 	BT-3   38   12    152    0    730   1228    766    183   0.1774    0.049
A-n38-k5 	BT-3   38   12    152    1    730   1228    735    323   0.3069    0.007
A-n38-k5 	BT-3   38    6     76    0    730    730    730     76   0.0938    0.000
A-n38-k5 	BT-3   38    6     76    1    730    730    730     76   0.0935    0.000
A-n38-k5 	BT-3   38    3     76    0    730    730    730     76   0.0930    0.000
A-n38-k5 	BT-3   38    3     76    1    730    730    730     76   0.0933    0.000
