B-n78-k10 	BT-1   78   26    312    0   1266   1899   1245    598   9.4346   -0.017
B-n78-k10 	BT-1   78   26    312    1   1266   1648   1269    571   8.7938    0.002
B-n78-k10 	BT-1   78   13    156    0   1266   1405   1245    157  20.6641   -0.017
B-n78-k10 	BT-1   78   13    156    1   1266   1245   1245    156  20.6337   -0.017
B-n78-k10 	BT-1   78   60    156    0   1266   1405   1245    157  61.9866   -0.017
B-n78-k10 	BT-1   78   60    156    1   1266   1245   1245    156  61.9475   -0.017
B-n78-k10 	BT-2   78   26    312    0   1266   1899   1309    572   8.8640    0.034
B-n78-k10 	BT-2   78   26    312    1   1266   1648   1247    699  10.6543   -0.015
B-n78-k10 	BT-2   78   13    156    0   1266   1247   1247    156  21.8631   -0.015
B-n78-k10 	BT-2   78   13    156    1   1266   1247   1247    156  21.8098   -0.015
B-n78-k10 	BT-2   78   60    156    0   1266   1247   1247    156  65.5255   -0.015
B-n78-k10 	BT-2   78   60    156    1   1266   1247   1247    156  65.4690   -0.015
B-n78-k10 	BT-3   78   26    312    0   1266   1899   1238    375   5.3050   -0.022
B-n78-k10 	BT-3   78   26    312    1   1266   1648   1255    499   7.2867   -0.009
B-n78-k10 	BT-3   78   13    156    0   1266   1492   1238    122  14.3497   -0.022
B-n78-k10 	BT-3   78   13    156    1   1266   1238   1238    111  14.2806   -0.022
B-n78-k10 	BT-3   78   60    156    0   1266   1492   1238    115  42.8962   -0.022
B-n78-k10 	BT-3   78   60    156    1   1266   1238   1238    113  42.9442   -0.022
B-n78-k10 	BT-3   78   26    312    0   1266   1899   1247    479   6.7363   -0.015
B-n78-k10 	BT-3   78   26    312    1   1266   1648   1257    605   9.2223   -0.007
B-n78-k10 	BT-3   78   13    156    0   1266   1492   1238    116 144.7302   -0.022
B-n78-k10 	BT-3   78   13    156    1   1266   1238   1238    112 144.7022   -0.022
B-n78-k10 	BT-3   78   60    156    0   1266   1492   1238    122 434.2873   -0.022
B-n78-k10 	BT-3   78   60    156    1   1266   1238   1238    114 434.2007   -0.022
B-n78-k10 	BT-3   78   26    312    0   1266   1899   1268    383   5.2960    0.002
B-n78-k10 	BT-3   78   26    312    1   1266   1648   1305    279   4.1042    0.031
B-n78-k10 	BT-3   78   13    156    0   1266   1492   1238    116 1312.0166   -0.022
B-n78-k10 	BT-3   78   13    156    1   1266   1238   1238    111 1312.0337   -0.022
B-n78-k10 	BT-3   78   60    156    0   1266   1492   1238    117 -358.8842   -0.022
B-n78-k10 	BT-3   78   60    156    1   1266   1238   1238    107 -358.9314   -0.022
B-n78-k10 	BT-3   78   26    312    0   1266   1899   1243    594   8.2780   -0.018
B-n78-k10 	BT-3   78   26    312    1   1266   1648   1259    391   5.7622   -0.006
B-n78-k10 	BT-3   78   13    156    0   1266   1492   1238    112 -1062.7307   -0.022
B-n78-k10 	BT-3   78   13    156    1   1266   1238   1238    108 -1062.6295   -0.022
B-n78-k10 	BT-3   78   60    156    0   1266   1492   1238    113 1106.9387   -0.022
B-n78-k10 	BT-3   78   60    156    1   1266   1238   1238    108 1106.9062   -0.022
B-n78-k10 	BT-3   78   26    312    0   1266   1899   1247    450   6.3268   -0.015
B-n78-k10 	BT-3   78   26    312    1   1266   1648   1245    674   9.8770   -0.017
B-n78-k10 	BT-3   78   13    156    0   1266   1492   1256    198 -956.7481   -0.008
B-n78-k10 	BT-3   78   13    156    1   1266   1238   1238    106 -958.0189   -0.022
B-n78-k10 	BT-3   78   60    156    0   1266   1492   1238    117 1422.2437   -0.022
B-n78-k10 	BT-3   78   60    156    1   1266   1238   1238    110 1422.2037   -0.022
B-n78-k10 	BT-3   78   26    312    0   1266   1899   1259    480   6.8053   -0.006
B-n78-k10 	BT-3   78   26    312    1   1266   1648   1256    467   6.9422   -0.008
B-n78-k10 	BT-3   78   13    156    0   1266   1492   1238    116 -14.4915   -0.022
B-n78-k10 	BT-3   78   13    156    1   1266   1238   1238    107 -14.5911   -0.022
B-n78-k10 	BT-3   78   60    156    0   1266   1492   1238    113 -43.6508   -0.022
B-n78-k10 	BT-3   78   60    156    1   1266   1238   1238    113 -43.6157   -0.022
B-n78-k10 	BT-3   78   26    312    0   1266   1899   1248    907  13.2080   -0.014
B-n78-k10 	BT-3   78   26    312    1   1266   1648   1249    486   7.1249   -0.013
B-n78-k10 	BT-3   78   13    156    0   1266   1492   1238    121 -110.4514   -0.022
B-n78-k10 	BT-3   78   13    156    1   1266   1238   1238    108 -110.6122   -0.022
B-n78-k10 	BT-3   78   60    156    0   1266   1492   1239    120 -331.5435   -0.021
B-n78-k10 	BT-3   78   60    156    1   1266   1238   1238    106 -331.6983   -0.022
B-n78-k10 	BT-3   78   26    312    0   1266   1899   1253    451   6.3498   -0.010
B-n78-k10 	BT-3   78   26    312    1   1266   1648   1254    365   5.3611   -0.009
B-n78-k10 	BT-3   78   13    156    0   1266   1492   1238    124 -983.0696   -0.022
B-n78-k10 	BT-3   78   13    156    1   1266   1238   1238    112 -983.1279   -0.022
B-n78-k10 	BT-3   78   60    156    0   1266   1492   1239    114 1345.6277   -0.021
B-n78-k10 	BT-3   78   60    156    1   1266   1238   1238    110 1345.6299   -0.022
B-n78-k10 	BT-3   78   26    312    0   1266   1899   1263    525   7.3600   -0.002
B-n78-k10 	BT-3   78   26    312    1   1266   1648   1299    415   6.1156    0.026
B-n78-k10 	BT-3   78   13    156    0   1266   1492   1238    118 -244.5676   -0.022
B-n78-k10 	BT-3   78   13    156    1   1266   1238   1238    103 -244.6884   -0.022
B-n78-k10 	BT-3   78   60    156    0   1266   1492   1238    122 -733.7725   -0.022
B-n78-k10 	BT-3   78   60    156    1   1266   1238   1238    109 -733.9030   -0.022
B-n78-k10 	BT-3   78   26    312    0   1266   1899   1275    364   4.9264    0.007
B-n78-k10 	BT-3   78   26    312    1   1266   1648   1260    649   9.7020   -0.005
B-n78-k10 	BT-3   78   13    156    0   1266   1492   1263    176 2108.8445   -0.002
B-n78-k10 	BT-3   78   13    156    1   1266   1238   1238    113 2108.0874   -0.022
B-n78-k10 	BT-3   78   60    156    0   1266   1492   1239    117 2030.0731   -0.021
B-n78-k10 	BT-3   78   60    156    1   1266   1238   1238    112 2030.0399   -0.022
B-n78-k10 	BT-3   78   26    312    0   1266   1899   1272    405   5.6234    0.005
B-n78-k10 	BT-3   78   26    312    1   1266   1648   1305    286   4.2097    0.031
B-n78-k10 	BT-3   78   13    156    0   1266   1492   1226    233 1806.7028   -0.032
B-n78-k10 	BT-3   78   13    156    1   1266   1238   1238    107 1804.9380   -0.022
B-n78-k10 	BT-3   78   60    156    0   1266   1226   1226    108 1121.6071   -0.032
B-n78-k10 	BT-3   78   60    156    1   1266   1226   1226    109 1121.6223   -0.032
B-n78-k10 	BT-3   78   26    312    0   1266   1899   1258    656   9.5355   -0.006
B-n78-k10 	BT-3   78   26    312    1   1266   1648   1306    290   4.2794    0.032
B-n78-k10 	BT-3   78   13    156    0   1266   1226   1225    183 -915.1648   -0.032
B-n78-k10 	BT-3   78   13    156    1   1266   1226   1226    107 -916.3102   -0.032
B-n78-k10 	BT-3   78   60    156    0   1266   1348   1232    136 1547.4930   -0.027
B-n78-k10 	BT-3   78   60    156    1   1266   1225   1225    106 1547.2026   -0.032
B-n78-k10 	BT-3   78   26    312    0   1266   1899   1255    480   6.7431   -0.009
B-n78-k10 	BT-3   78   26    312    1   1266   1648   1256    559   8.2692   -0.008
B-n78-k10 	BT-3   78   13    156    0   1266   1348   1225    125 362.0448   -0.032
B-n78-k10 	BT-3   78   13    156    1   1266   1225   1225    103 361.8320   -0.032
B-n78-k10 	BT-3   78   60    156    0   1266   1348   1232    137 1086.0715   -0.027
B-n78-k10 	BT-3   78   60    156    1   1266   1225   1225    112 1085.8746   -0.032
B-n78-k10 	BT-3   78   26    312    0   1266   1899   1249    638   9.3569   -0.013
B-n78-k10 	BT-3   78   26    312    1   1266   1648   1256    332   4.9076   -0.008
B-n78-k10 	BT-3   78   13    156    0   1266   1348   1224    161 -1022.2215   -0.033
B-n78-k10 	BT-3   78   13    156    1   1266   1225   1225    107 -1022.9401   -0.032
B-n78-k10 	BT-3   78   60    156    0   1266   1297   1227    112 1226.8688   -0.031
B-n78-k10 	BT-3   78   60    156    1   1266   1224   1224    106 1226.8049   -0.033
B-n78-k10 	BT-3   78   26    312    0   1266   1899   1266    499   7.1046    0.000
B-n78-k10 	BT-3   78   26    312    1   1266   1648   1243    428   6.3204   -0.018
B-n78-k10 	BT-3   78   13    156    0   1266   1297   1224    149 -600.4059   -0.033
B-n78-k10 	BT-3   78   13    156    1   1266   1224   1224    113 -600.8752   -0.033
B-n78-k10 	BT-3   78   60    156    0   1266   1297   1227    114 -1802.2281   -0.031
B-n78-k10 	BT-3   78   60    156    1   1266   1224   1224    109 -1802.2607   -0.033
B-n78-k10 	BT-3   78   26    312    0   1266   1899   1275    354   4.9279    0.007
B-n78-k10 	BT-3   78   26    312    1   1266   1648   1224    819  12.3671   -0.033
B-n78-k10 	BT-3   78   13    156    0   1266   1297   1224    174 -1093.5327   -0.033
B-n78-k10 	BT-3   78   13    156    1   1266   1224   1224    109 -1094.4264   -0.033
B-n78-k10 	BT-3   78   60    156    0   1266   1297   1227    111 1012.5278   -0.031
B-n78-k10 	BT-3   78   60    156    1   1266   1224   1224    109 1012.5063   -0.033
B-n78-k10 	BT-3   78   26    312    0   1266   1899   1247    750  10.9105   -0.015
B-n78-k10 	BT-3   78   26    312    1   1266   1648   1238    591   8.8709   -0.022
B-n78-k10 	BT-3   78   13    156    0   1266   1297   1227    108 -1237.6359   -0.031
B-n78-k10 	BT-3   78   13    156    1   1266   1224   1224    108 -1237.6111   -0.033
B-n78-k10 	BT-3   78   60    156    0   1266   1297   1227    119 582.1800   -0.031
B-n78-k10 	BT-3   78   60    156    1   1266   1224   1224    107 582.0213   -0.033
B-n78-k10 	BT-3   78   26    312    0   1266   1899   1275    351   4.8788    0.007
B-n78-k10 	BT-3   78   26    312    1   1266   1648   1305    284   4.2147    0.031
B-n78-k10 	BT-3   78   13    156    0   1266   1297   1227    106 1755.2969   -0.031
B-n78-k10 	BT-3   78   13    156    1   1266   1224   1224    101 1755.2312   -0.033
B-n78-k10 	BT-3   78   60    156    0   1266   1297   1227    116 970.9653   -0.031
B-n78-k10 	BT-3   78   60    156    1   1266   1224   1224    102 970.8633   -0.033
B-n78-k10 	BT-3   78   26    312    0   1266   1899   1275    353   4.9359    0.007
B-n78-k10 	BT-3   78   26    312    1   1266   1648   1253    512   7.6298   -0.010
B-n78-k10 	BT-3   78   13    156    0   1266   1297   1223    162 -1368.9021   -0.034
B-n78-k10 	BT-3   78   13    156    1   1266   1224   1224    110 -1369.6697   -0.033
B-n78-k10 	BT-3   78   60    156    0   1266   1434   1235    133 186.9882   -0.024
B-n78-k10 	BT-3   78   60    156    1   1266   1223   1223    108 186.7081   -0.034
B-n78-k10 	BT-3   78   26    312    0   1266   1899   1243    687   9.9395   -0.018
B-n78-k10 	BT-3   78   26    312    1   1266   1648   1237    342   5.0479   -0.023
B-n78-k10 	BT-3   78   13    156    0   1266   1434   1223    170 576.1776   -0.034
B-n78-k10 	BT-3   78   13    156    1   1266   1223   1223    110 575.4209   -0.034
B-n78-k10 	BT-3   78   60    156    0   1266   1434   1235    122 1727.1063   -0.024
B-n78-k10 	BT-3   78   60    156    1   1266   1223   1223    110 1726.9855   -0.034
B-n78-k10 	BT-3   78   26    312    0   1266   1899   1265    644   9.4124   -0.001
B-n78-k10 	BT-3   78   26    312    1   1266   1648   1271    522   7.7197    0.004
B-n78-k10 	BT-3   78   13    156    0   1266   1434   1223    185 904.3088   -0.034
B-n78-k10 	BT-3   78   13    156    1   1266   1223   1223    105 903.1885   -0.034
B-n78-k10 	BT-3   78   60    156    0   1266   1434   1235    122 -1584.1396   -0.024
B-n78-k10 	BT-3   78   60    156    1   1266   1223   1223    110 -1584.2028   -0.034
B-n78-k10 	BT-3   78   26    312    0   1266   1899   1275    361   5.0096    0.007
B-n78-k10 	BT-3   78   26    312    1   1266   1648   1255    378   5.6601   -0.009
B-n78-k10 	BT-3   78   13    156    0   1266   1434   1229    146 -446.4978   -0.029
B-n78-k10 	BT-3   78   13    156    1   1266   1223   1223    111 -446.8729   -0.034
B-n78-k10 	BT-3   78   60    156    0   1266   1434   1235    126 -1340.1410   -0.024
B-n78-k10 	BT-3   78   60    156    1   1266   1223   1223    108 -1340.3025   -0.034
B-n78-k10 	BT-3   78   26    312    0   1266   1899   1260    339   4.7169   -0.005
B-n78-k10 	BT-3   78   26    312    1   1266   1648   1254    501   7.4434   -0.009
B-n78-k10 	BT-3   78   13    156    0   1266   1434   1227    173 287.2747   -0.031
B-n78-k10 	BT-3   78   13    156    1   1266   1223   1223    107 286.3584   -0.034
B-n78-k10 	BT-3   78   60    156    0   1266   1434   1235    126 860.1541   -0.024
B-n78-k10 	BT-3   78   60    156    1   1266   1223   1223    107 860.0117   -0.034
B-n78-k10 	BT-3   78   26    312    0   1266   1899   1275    353   4.8633    0.007
B-n78-k10 	BT-3   78   26    312    1   1266   1648   1250    387   5.8023   -0.013
B-n78-k10 	BT-3   78   13    156    0   1266   1434   1235    122 -1704.0493   -0.024
B-n78-k10 	BT-3   78   13    156    1   1266   1223   1223    105 -1704.1599   -0.034
B-n78-k10 	BT-3   78   60    156    0   1266   1434   1235    119 -817.2946   -0.024
B-n78-k10 	BT-3   78   60    156    1   1266   1223   1223    110 -817.3272   -0.034
B-n78-k10 	BT-3   78   26    312    0   1266   1899   1266    504   7.1630    0.000
B-n78-k10 	BT-3   78   26    312    1   1266   1648   1242    633   9.4735   -0.019
B-n78-k10 	BT-3   78   13    156    0   1266   1434   1223    256 1861.7384   -0.034
B-n78-k10 	BT-3   78   13    156    1   1266   1223   1223    113 1859.7102   -0.034
B-n78-k10 	BT-3   78   60    156    0   1266   1434   1235    124 1286.2430   -0.024
B-n78-k10 	BT-3   78   60    156    1   1266   1223   1223    107 1286.0992   -0.034
B-n78-k10 	BT-3   78   26    312    0   1266   1899   1254    478   6.7549   -0.009
B-n78-k10 	BT-3   78   26    312    1   1266   1648   1259    494   7.3277   -0.006
B-n78-k10 	BT-3   78   13    156    0   1266   1434   1231    148 -422.0582   -0.028
B-n78-k10 	BT-3   78   13    156    1   1266   1223   1223    102 -422.5331   -0.034
B-n78-k10 	BT-3   78   60    156    0   1266   1434   1235    125 -1266.9175   -0.024
B-n78-k10 	BT-3   78   60    156    1   1266   1223   1223    102 -1267.1506   -0.034
B-n78-k10 	BT-3   78   26    312    0   1266   1899   1293    339   4.6936    0.021
B-n78-k10 	BT-3   78   26    312    1   1266   1648   1235    575   8.5100   -0.024
B-n78-k10 	BT-3   78   13    156    0   1266   1434   1223    174 507.9488   -0.034
B-n78-k10 	BT-3   78   13    156    1   1266   1223   1223    112 507.1234   -0.034
B-n78-k10 	BT-3   78   60    156    0   1266   1434   1235    122 1522.2601   -0.024
B-n78-k10 	BT-3   78   60    156    1   1266   1223   1223    105 1522.0956   -0.034
B-n78-k10 	BT-3   78   26    312    0   1266   1899   1257    503   7.0871   -0.007
B-n78-k10 	BT-3   78   26    312    1   1266   1648   1251    677   9.9629   -0.012
B-n78-k10 	BT-3   78   13    156    0   1266   1434   1228    198 289.8065   -0.030
B-n78-k10 	BT-3   78   13    156    1   1266   1223   1223    101 288.4516   -0.034
B-n78-k10 	BT-3   78   60    156    0   1266   1434   1235    124 866.9847   -0.024
B-n78-k10 	BT-3   78   60    156    1   1266   1223   1223    108 866.8185   -0.034
B-n78-k10 	BT-3   78   26    312    0   1266   1899   1254    512   7.2094   -0.009
B-n78-k10 	BT-3   78   26    312    1   1266   1648   1305    290   4.2726    0.031
B-n78-k10 	BT-3   78   13    156    0   1266   1434   1235    127 -1682.6204   -0.024
B-n78-k10 	BT-3   78   13    156    1   1266   1223   1223    104 -1682.8862   -0.034
B-n78-k10 	BT-3   78   60    156    0   1266   1434   1235    126 -753.2216   -0.024
B-n78-k10 	BT-3   78   60    156    1   1266   1223   1223    109 -753.3972   -0.034
B-n78-k10 	BT-3   78   26    312    0   1266   1899   1291    359   5.0168    0.020
B-n78-k10 	BT-3   78   26    312    1   1266   1648   1258    377   5.5586   -0.006
B-n78-k10 	BT-3   78   13    156    0   1266   1434   1235    120 2045.6392   -0.024
B-n78-k10 	BT-3   78   13    156    1   1266   1223   1223    110 2045.5641   -0.034
B-n78-k10 	BT-3   78   60    156    0   1266   1434   1235    125 1841.9081   -0.024
B-n78-k10 	BT-3   78   60    156    1   1266   1223   1223    110 1841.8190   -0.034
B-n78-k10 	BT-3   78   26    312    0   1266   1899   1275    356   4.9367    0.007
B-n78-k10 	BT-3   78   26    312    1   1266   1648   1239    585   8.6956   -0.021
B-n78-k10 	BT-3   78   13    156    0   1266   1434   1225    226 1245.8578   -0.032
B-n78-k10 	BT-3   78   13    156    1   1266   1223   1223    103 1244.0879   -0.034
B-n78-k10 	BT-3   78   60    156    0   1266   1434   1235    128 -560.6857   -0.024
B-n78-k10 	BT-3   78   60    156    1   1266   1223   1223    106 -560.8946   -0.034
B-n78-k10 	BT-3   78   26    312    0   1266   1899   1255    507   7.2046   -0.009
B-n78-k10 	BT-3   78   26    312    1   1266   1648   1257    386   5.6752   -0.007
B-n78-k10 	BT-3   78   13    156    0   1266   1434   1224    211 -1668.1639   -0.033
B-n78-k10 	BT-3   78   13    156    1   1266   1223   1223     99 -1669.7059   -0.034
B-n78-k10 	BT-3   78   60    156    0   1266   1434   1235    121 -712.3797   -0.024
B-n78-k10 	BT-3   78   60    156    1   1266   1223   1223    108 -712.4564   -0.034
B-n78-k10 	BT-3   78   26    312    0   1266   1899   1253    502   7.2231   -0.010
B-n78-k10 	BT-3   78   26    312    1   1266   1648   1300    491   7.2774    0.027
B-n78-k10 	BT-3   78   13    156    0   1266   1434   1223    200 -2121.5596   -0.034
B-n78-k10 	BT-3   78   13    156    1   1266   1223   1223    108 -2122.7927   -0.034
B-n78-k10 	BT-3   78   60    156    0   1266   1434   1235    125 -2072.0503   -0.024
B-n78-k10 	BT-3   78   60    156    1   1266   1223   1223    105 -2072.2478   -0.034
B-n78-k10 	BT-3   78   26    312    0   1266   1899   1260    323   4.4721   -0.005
B-n78-k10 	BT-3   78   26    312    1   1266   1648   1290    380   5.6032    0.019
B-n78-k10 	BT-3   78   13    156    0   1266   1434   1235    112 -1911.5024   -0.024
B-n78-k10 	BT-3   78   13    156    1   1266   1223   1223    110 -1911.4358   -0.034
B-n78-k10 	BT-3   78   60    156    0   1266   1434   1235    126 -1439.2166   -0.024
B-n78-k10 	BT-3   78   60    156    1   1266   1223   1223    112 -1439.3071   -0.034
B-n78-k10 	BT-3   78   26    312    0   1266   1899   1263    605   8.8100   -0.002
B-n78-k10 	BT-3   78   26    312    1   1266   1648   1259    446   6.5400   -0.006
B-n78-k10 	BT-3   78   13    156    0   1266   1434   1235    119  -7.5689   -0.024
B-n78-k10 	BT-3   78   13    156    1   1266   1223   1223    110  -7.5847   -0.034
B-n78-k10 	BT-3   78   60    156    0   1266   1434   1235    123 -22.6372   -0.024
B-n78-k10 	BT-3   78   60    156    1   1266   1223   1223    108 -22.8029   -0.034
B-n78-k10 	BT-3   78   26    312    0   1266   1899   1230    711  10.4201   -0.028
B-n78-k10 	BT-3   78   26    312    1   1266   1648   1236    596   8.9301   -0.024
B-n78-k10 	BT-3   78   13    156    0   1266   1434   1223    180 -47.8831   -0.034
B-n78-k10 	BT-3   78   13    156    1   1266   1223   1223    108 -48.8586   -0.034
B-n78-k10 	BT-3   78   60    156    0   1266   1434   1235    124 -145.4847   -0.024
B-n78-k10 	BT-3   78   60    156    1   1266   1223   1223    102 -145.6849   -0.034
B-n78-k10 	BT-3   78   26    312    0   1266   1899   1251    553   7.8656   -0.012
B-n78-k10 	BT-3   78   26    312    1   1266   1648   1257    812  12.3343   -0.007
B-n78-k10 	BT-3   78   13    156    0   1266   1434   1225    212 -415.1015   -0.032
B-n78-k10 	BT-3   78   13    156    1   1266   1223   1223    113 -416.4757   -0.034
B-n78-k10 	BT-3   78   60    156    0   1266   1434   1235    133 -1247.8572   -0.024
B-n78-k10 	BT-3   78   60    156    1   1266   1223   1223    103 -1248.2433   -0.034
B-n78-k10 	BT-3   78   26    312    0   1266   1899   1271    410   5.7832    0.004
B-n78-k10 	BT-3   78   26    312    1   1266   1648   1260    397   6.0007   -0.005
B-n78-k10 	BT-3   78   13    156    0   1266   1434   1223    236 564.3807   -0.034
B-n78-k10 	BT-3   78   13    156    1   1266   1223   1223    116 562.6268   -0.034
B-n78-k10 	BT-3   78   60    156    0   1266   1434   1235    131 1689.7638   -0.024
B-n78-k10 	BT-3   78   60    156    1   1266   1223   1223    104 1689.4742   -0.034
B-n78-k10 	BT-3   78   26    312    0   1266   1899   1254    400   5.6040   -0.009
B-n78-k10 	BT-3   78   26    312    1   1266   1648   1249    358   5.3190   -0.013
B-n78-k10 	BT-3   78   13    156    0   1266   1434   1235    125 784.8403   -0.024
B-n78-k10 	BT-3   78   13    156    1   1266   1223   1223    101 784.6196   -0.034
B-n78-k10 	BT-3   78   60    156    0   1266   1434   1235    128 -1940.5986   -0.024
B-n78-k10 	BT-3   78   60    156    1   1266   1223   1223    106 -1940.8521   -0.034
B-n78-k10 	BT-3   78   26    312    0   1266   1899   1267    444   6.2900    0.001
B-n78-k10 	BT-3   78   26    312    1   1266   1648   1256    497   7.4094   -0.008
B-n78-k10 	BT-3   78   13    156    0   1266   1434   1223    159 -1512.9260   -0.034
B-n78-k10 	BT-3   78   13    156    1   1266   1223   1223    110 -1513.5636   -0.034
B-n78-k10 	BT-3   78   60    156    0   1266   1434   1235    119 -245.0257   -0.024
B-n78-k10 	BT-3   78   60    156    1   1266   1223   1223    103 -245.2079   -0.034
B-n78-k10 	BT-3   78   26    312    0   1266   1899   1251    376   5.2477   -0.012
B-n78-k10 	BT-3   78   26    312    1   1266   1648   1253    423   6.3388   -0.010
B-n78-k10 	BT-3   78   13    156    0   1266   1434   1223    182 -722.7327   -0.034
B-n78-k10 	BT-3   78   13    156    1   1266   1223   1223    117 -723.6327   -0.034
B-n78-k10 	BT-3   78   60    156    0   1266   1434   1235    132 2125.1389   -0.024
B-n78-k10 	BT-3   78   60    156    1   1266   1223   1223    103 2124.7563   -0.034
B-n78-k10 	BT-3   78   26    312    0   1266   1899   1262    698  10.1542   -0.003
B-n78-k10 	BT-3   78   26    312    1   1266   1648   1248    423   6.2444   -0.014
B-n78-k10 	BT-3   78   13    156    0   1266   1434   1224    247 2098.1216   -0.033
B-n78-k10 	BT-3   78   13    156    1   1266   1223   1223    105 2096.1321   -0.034
B-n78-k10 	BT-3   78   60    156    0   1266   1434   1235    123 1995.5486   -0.024
B-n78-k10 	BT-3   78   60    156    1   1266   1223   1223    104 1995.4143   -0.034
B-n78-k10 	BT-3   78   26    312    0   1266   1899   1252    574   8.2344   -0.011
B-n78-k10 	BT-3   78   26    312    1   1266   1648   1254    776  11.7005   -0.009
B-n78-k10 	BT-3   78   13    156    0   1266   1434   1223    155 1711.9937   -0.034
B-n78-k10 	BT-3   78   13    156    1   1266   1223   1223    105 1711.3365   -0.034
B-n78-k10 	BT-3   78   60    156    0   1266   1434   1235    127 839.9331   -0.024
B-n78-k10 	BT-3   78   60    156    1   1266   1223   1223    111 839.8052   -0.034
B-n78-k10 	BT-3   78   26    312    0   1266   1899   1275    360   4.9633    0.007
B-n78-k10 	BT-3   78   26    312    1   1266   1648   1305    295   4.4102    0.031
B-n78-k10 	BT-3   78   13    156    0   1266   1434   1235    114 -1766.0864   -0.024
B-n78-k10 	BT-3   78   13    156    1   1266   1223   1223    109 -1766.0764   -0.034
B-n78-k10 	BT-3   78   60    156    0   1266   1434   1235    122 -1003.1841   -0.024
B-n78-k10 	BT-3   78   60    156    1   1266   1223   1223    108 -1003.2975   -0.034
B-n78-k10 	BT-3   78   26    312    0   1266   1899   1257    936  13.8219   -0.007
B-n78-k10 	BT-3   78   26    312    1   1266   1648   1247    485   7.1112   -0.015
B-n78-k10 	BT-3   78   13    156    0   1266   1434   1229    178 1307.0762   -0.029
B-n78-k10 	BT-3   78   13    156    1   1266   1223   1223    113 1306.1837   -0.034
B-n78-k10 	BT-3   78   60    156    0   1266   1434   1235    122 -375.4832   -0.024
B-n78-k10 	BT-3   78   60    156    1   1266   1223   1223    106 -375.6134   -0.034
B-n78-k10 	BT-3   78   26    312    0   1266   1899   1252    568   8.2233   -0.011
B-n78-k10 	BT-3   78   26    312    1   1266   1648   1264    465   6.8715   -0.002
B-n78-k10 	BT-3   78   13    156    0   1266   1434   1223    296 -1108.8915   -0.034
B-n78-k10 	BT-3   78   13    156    1   1266   1223   1223    110 -1111.5380   -0.034
B-n78-k10 	BT-3   78   60    156    0   1266   1434   1235    131 963.1929   -0.024
B-n78-k10 	BT-3   78   60    156    1   1266   1223   1223    114 963.0107   -0.034
B-n78-k10 	BT-3   78   26    312    0   1266   1899   1273    388   5.4020    0.006
B-n78-k10 	BT-3   78   26    312    1   1266   1648   1230   1085  16.4100   -0.028
B-n78-k10 	BT-3   78   13    156    0   1266   1434   1223    218 -1382.4568   -0.034
B-n78-k10 	BT-3   78   13    156    1   1266   1223   1223    105 -1384.0286   -0.034
B-n78-k10 	BT-3   78   60    156    0   1266   1434   1235    127 144.6711   -0.024
B-n78-k10 	BT-3   78   60    156    1   1266   1223   1223    110 144.5214   -0.034
B-n78-k10 	BT-3   78   26    312    0   1266   1899   1263    429   6.0748   -0.002
B-n78-k10 	BT-3   78   26    312    1   1266   1648   1260    446   6.6761   -0.005
B-n78-k10 	BT-3   78   13    156    0   1266   1434   1224    201 447.6657   -0.033
B-n78-k10 	BT-3   78   13    156    1   1266   1223   1223    106 446.4024   -0.034
B-n78-k10 	BT-3   78   60    156    0   1266   1434   1235    124 1340.6111   -0.024
B-n78-k10 	BT-3   78   60    156    1   1266   1223   1223    102 1340.4709   -0.034
B-n78-k10 	BT-3   78   26    312    0   1266   1899   1291    339   5.1156    0.020
B-n78-k10 	BT-3   78   26    312    1   1266   1648   1254    623   9.3196   -0.009
B-n78-k10 	BT-3   78   13    156    0   1266   1434   1229    148 -258.4990   -0.029
B-n78-k10 	BT-3   78   13    156    1   1266   1223   1223    108 -258.9643   -0.034
B-n78-k10 	BT-3   78   60    156    0   1266   1434   1235    123 -776.3246   -0.024
B-n78-k10 	BT-3   78   60    156    1   1266   1223   1223    114 -776.3573   -0.034
B-n78-k10 	BT-3   78   26    312    0   1266   1899   1252    477   6.7934   -0.011
B-n78-k10 	BT-3   78   26    312    1   1266   1648   1305    287   4.2036    0.031
B-n78-k10 	BT-3   78   13    156    0   1266   1434   1224    274 1979.2638   -0.033
B-n78-k10 	BT-3   78   13    156    1   1266   1223   1223    104 1976.7925   -0.034
B-n78-k10 	BT-3   78   60    156    0   1266   1434   1235    126 1638.0742   -0.024
B-n78-k10 	BT-3   78   60    156    1   1266   1223   1223    104 1637.8887   -0.034
B-n78-k10 	BT-3   78   26    312    0   1266   1899   1287    502   7.1918    0.017
B-n78-k10 	BT-3   78   26    312    1   1266   1648   1291    426   6.3024    0.020
B-n78-k10 	BT-3   78   13    156    0   1266   1434   1226    163 633.1406   -0.032
B-n78-k10 	BT-3   78   13    156    1   1266   1223   1223    103 632.3574   -0.034
B-n78-k10 	BT-3   78   60    156    0   1266   1434   1235    125 1898.0709   -0.024
B-n78-k10 	BT-3   78   60    156    1   1266   1223   1223    113 1897.9690   -0.034
B-n78-k10 	BT-3   78   26    312    0   1266   1899   1251    603   8.7623   -0.012
B-n78-k10 	BT-3   78   26    312    1   1266   1648   1250    397   5.8808   -0.013
B-n78-k10 	BT-3   78   13    156    0   1266   1434   1224    306 1416.5264   -0.033
B-n78-k10 	BT-3   78   13    156    1   1266   1223   1223    107 1413.6316   -0.034
B-n78-k10 	BT-3   78   60    156    0   1266   1434   1235    121 -51.0841   -0.024
B-n78-k10 	BT-3   78   60    156    1   1266   1223   1223    115 -51.0673   -0.034
B-n78-k10 	BT-3   78   26    312    0   1266   1899   1254    493   7.0313   -0.009
B-n78-k10 	BT-3   78   26    312    1   1266   1648   1243    405   6.1222   -0.018
B-n78-k10 	BT-3   78   13    156    0   1266   1434   1223    170 -139.3086   -0.034
B-n78-k10 	BT-3   78   13    156    1   1266   1223   1223    107 -140.1707   -0.034
B-n78-k10 	BT-3   78   60    156    0   1266   1434   1227    124 -419.5016   -0.031
B-n78-k10 	BT-3   78   60    156    1   1266   1223   1223    111 -419.5779   -0.034
B-n78-k10 	BT-3   78   26    312    0   1266   1899   1289    307   4.1007    0.018
B-n78-k10 	BT-3   78   26    312    1   1266   1648   1246    512   7.5026   -0.016
B-n78-k10 	BT-3   78   13    156    0   1266   1434   1223    160 -1246.4186   -0.034
B-n78-k10 	BT-3   78   13    156    1   1266   1223   1223    107 -1247.1185   -0.034
B-n78-k10 	BT-3   78   60    156    0   1266   1434   1235    128 554.5261   -0.024
B-n78-k10 	BT-3   78   60    156    1   1266   1223   1223    108 554.2975   -0.034
B-n78-k10 	BT-3   78   26    312    0   1266   1899   1245    383   5.4159   -0.017
B-n78-k10 	BT-3   78   26    312    1   1266   1648   1253    647   9.7706   -0.010
B-n78-k10 	BT-3   78   13    156    0   1266   1434   1224    175 1679.1893   -0.033
B-n78-k10 	BT-3   78   13    156    1   1266   1223   1223    106 1678.3013   -0.034
B-n78-k10 	BT-3   78   60    156    0   1266   1434   1235    121 740.9400   -0.024
B-n78-k10 	BT-3   78   60    156    1   1266   1223   1223    101 740.7382   -0.034
B-n78-k10 	BT-3   78   26    312    0   1266   1899   1274    306   4.2532    0.006
B-n78-k10 	BT-3   78   26    312    1   1266   1648   1237    395   5.8799   -0.023
B-n78-k10 	BT-3   78   13    156    0   1266   1434   1224    189 -2061.1670   -0.033
B-n78-k10 	BT-3   78   13    156    1   1266   1223   1223    107 -2062.3123   -0.034
B-n78-k10 	BT-3   78   60    156    0   1266   1434   1235    129 -1890.5673   -0.024
B-n78-k10 	BT-3   78   60    156    1   1266   1223   1223    108 -1890.8271   -0.034
B-n78-k10 	BT-3   78   26    312    0   1266   1899   1252    640   9.4345   -0.011
B-n78-k10 	BT-3   78   26    312    1   1266   1648   1251    436   6.5062   -0.012
B-n78-k10 	BT-3   78   13    156    0   1266   1434   1224    147 -1360.8157   -0.033
B-n78-k10 	BT-3   78   13    156    1   1266   1223   1223    108 -1361.2864   -0.034
B-n78-k10 	BT-3   78   60    156    0   1266   1434   1235    123 211.6816   -0.024
B-n78-k10 	BT-3   78   60    156    1   1266   1223   1223    108 211.5523   -0.034
B-n78-k10 	BT-3   78   26    312    0   1266   1899   1252    443   6.2378   -0.011
B-n78-k10 	BT-3   78   26    312    1   1266   1648   1252    375   5.6212   -0.011
B-n78-k10 	BT-3   78   13    156    0   1266   1434   1223    257 648.8618   -0.034
B-n78-k10 	BT-3   78   13    156    1   1266   1223   1223    113 646.7211   -0.034
B-n78-k10 	BT-3   78   60    156    0   1266   1434   1235    120 1942.2905   -0.024
B-n78-k10 	BT-3   78   60    156    1   1266   1223   1223    112 1942.3639   -0.034
B-n78-k10 	BT-3   78   26    312    0   1266   1899   1270    475   6.7048    0.003
B-n78-k10 	BT-3   78   26    312    1   1266   1648   1246    376   5.6586   -0.016
B-n78-k10 	BT-3   78   13    156    0   1266   1434   1224    285 1546.8397   -0.033
B-n78-k10 	BT-3   78   13    156    1   1266   1223   1223    111 1544.3569   -0.034
B-n78-k10 	BT-3   78   60    156    0   1266   1434   1235    125 340.6782   -0.024
B-n78-k10 	BT-3   78   60    156    1   1266   1223   1223    109 340.5316   -0.034
B-n78-k10 	BT-3   78   26    312    0   1266   1899   1313    341   4.7601    0.037
B-n78-k10 	BT-3   78   26    312    1   1266   1648   1250    490   7.2501   -0.013
B-n78-k10 	BT-3   78   13    156    0   1266   1434   1223    299 1036.4236   -0.034
B-n78-k10 	BT-3   78   13    156    1   1266   1223   1223    111 1033.7863   -0.034
B-n78-k10 	BT-3   78   60    156    0   1266   1434   1235    123 -1190.8966   -0.024
B-n78-k10 	BT-3   78   60    156    1   1266   1223   1223    108 -1191.0510   -0.034
B-n78-k10 	BT-3   78   26    312    0   1266   1899   1275    357   4.8323    0.007
B-n78-k10 	BT-3   78   26    312    1   1266   1648   1230    480   6.9651   -0.028
B-n78-k10 	BT-3   78   13    156    0   1266   1434   1235    120 733.8779   -0.024
B-n78-k10 	BT-3   78   13    156    1   1266   1223   1223    107 733.7791   -0.034
B-n78-k10 	BT-3   78   60    156    0   1266   1434   1235    120 -2093.4023   -0.024
B-n78-k10 	BT-3   78   60    156    1   1266   1223   1223    104 -2093.5725   -0.034
B-n78-k10 	BT-3   78   26    312    0   1266   1899   1250    458   6.2971   -0.013
B-n78-k10 	BT-3   78   26    312    1   1266   1648   1245    445   6.3797   -0.017
B-n78-k10 	BT-3   78   13    156    0   1266   1434   1223    152 -1972.2976   -0.034
B-n78-k10 	BT-3   78   13    156    1   1266   1223   1223    106 -1972.8783   -0.034
B-n78-k10 	BT-3   78   60    156    0   1266   1434   1270    124 -1622.9266    0.003
B-n78-k10 	BT-3   78   60    156    1   1266   1223   1223    105 -1623.1226   -0.034
B-n78-k10 	BT-3   78   26    312    0   1266   1899   1251    423   5.8102   -0.012
B-n78-k10 	BT-3   78   26    312    1   1266   1648   1270    419   6.2171    0.003
B-n78-k10 	BT-3   78   13    156    0   1266   1434   1235    121 -562.0315   -0.024
B-n78-k10 	BT-3   78   13    156    1   1266   1223   1223    105 -562.1481   -0.034
B-n78-k10 	BT-3   78   60    156    0   1266   1434   1235    129 -1686.0549   -0.024
B-n78-k10 	BT-3   78   60    156    1   1266   1223   1223    100 -1686.4108   -0.034
B-n78-k10 	BT-3   78   26    312    0   1266   1899   1289    455   6.4226    0.018
B-n78-k10 	BT-3   78   26    312    1   1266   1648   1287    472   6.9422    0.017
B-n78-k10 	BT-3   78   13    156    0   1266   1434   1223    164 -749.7145   -0.034
B-n78-k10 	BT-3   78   13    156    1   1266   1223   1223    106 -750.4585   -0.034
B-n78-k10 	BT-3   78   60    156    0   1266   1434   1235    125 2044.5242   -0.024
B-n78-k10 	BT-3   78   60    156    1   1266   1223   1223    105 2044.3273   -0.034
B-n78-k10 	BT-3   78   26    312    0   1266   1899   1277    488   6.8806    0.009
B-n78-k10 	BT-3   78   26    312    1   1266   1648   1264    333   4.8557   -0.002
B-n78-k10 	BT-3   78   13    156    0   1266   1434   1235    126 1850.1243   -0.024
B-n78-k10 	BT-3   78   13    156    1   1266   1223   1223    109 1849.9872   -0.034
B-n78-k10 	BT-3   78   60    156    0   1266   1434   1235    127 1255.3359   -0.024
B-n78-k10 	BT-3   78   60    156    1   1266   1223   1223    110 1255.1611   -0.034
B-n78-k10 	BT-3   78   26    312    0   1266   1899   1256    392   5.4016   -0.008
B-n78-k10 	BT-3   78   26    312    1   1266   1648   1267    564   8.2502    0.001
B-n78-k10 	BT-3   78   13    156    0   1266   1434   1225    249 -513.5687   -0.032
B-n78-k10 	BT-3   78   13    156    1   1266   1223   1223    112 -515.5944   -0.034
B-n78-k10 	BT-3   78   60    156    0   1266   1434   1235    120 -1544.7466   -0.024
B-n78-k10 	BT-3   78   60    156    1   1266   1223   1223    111 -1544.8281   -0.034
B-n78-k10 	BT-3   78   26    312    0   1266   1899   1245    609   8.6684   -0.017
B-n78-k10 	BT-3   78   26    312    1   1266   1648   1277    492   7.3078    0.009
B-n78-k10 	BT-3   78   13    156    0   1266   1434   1223    258 -321.3357   -0.034
B-n78-k10 	BT-3   78   13    156    1   1266   1223   1223    112 -323.4107   -0.034
B-n78-k10 	BT-3   78   60    156    0   1266   1434   1235    123 -968.1100   -0.024
B-n78-k10 	BT-3   78   60    156    1   1266   1223   1223    115 -968.1265   -0.034
B-n78-k10 	BT-3   78   26    312    0   1266   1899   1275    354   4.7962    0.007
B-n78-k10 	BT-3   78   26    312    1   1266   1648   1243    621   9.0693   -0.018
B-n78-k10 	BT-3   78   13    156    0   1266   1434   1223    236 1406.2163   -0.034
B-n78-k10 	BT-3   78   13    156    1   1266   1223   1223    105 1404.3436   -0.034
B-n78-k10 	BT-3   78   60    156    0   1266   1434   1235    128 -79.8034   -0.024
B-n78-k10 	BT-3   78   60    156    1   1266   1223   1223    108 -80.0352   -0.034
B-n78-k10 	BT-3   78   26    312    0   1266   1899   1266    422   5.8153    0.000
B-n78-k10 	BT-3   78   26    312    1   1266   1648   1251    440   6.4103   -0.012
B-n78-k10 	BT-3   78   13    156    0   1266   1434   1223    125 -227.5443   -0.034
B-n78-k10 	BT-3   78   13    156    1   1266   1223   1223    106 -227.6791   -0.034
B-n78-k10 	BT-3   78   60    156    0   1266   1434   1235    122 -682.7607   -0.024
B-n78-k10 	BT-3   78   60    156    1   1266   1223   1223    117 -682.7703   -0.034
B-n78-k10 	BT-3   78   26    312    0   1266   1899   1253    720  10.3352   -0.010
B-n78-k10 	BT-3   78   26    312    1   1266   1648   1245    391   5.7311   -0.017
B-n78-k10 	BT-3   78   13    156    0   1266   1434   1223    277 -2029.8866   -0.034
B-n78-k10 	BT-3   78   13    156    1   1266   1223   1223    110 -2032.3159   -0.034
B-n78-k10 	BT-3   78   60    156    0   1266   1434   1235    119 -1799.4999   -0.024
B-n78-k10 	BT-3   78   60    156    1   1266   1223   1223    111 -1799.5405   -0.034
B-n78-k10 	BT-3   78   26    312    0   1266   1899   1260    324   4.4652   -0.005
B-n78-k10 	BT-3   78   26    312    1   1266   1648   1226    616   8.9024   -0.032
B-n78-k10 	BT-3   78   13    156    0   1266   1434   1235    126 -1090.1244   -0.024
B-n78-k10 	BT-3   78   13    156    1   1266   1223   1223    104 -1090.3252   -0.034
B-n78-k10 	BT-3   78   60    156    0   1266   1434   1235    117 1024.2883   -0.024
B-n78-k10 	BT-3   78   60    156    1   1266   1223   1223    112 1024.2881   -0.034
B-n78-k10 	BT-3   78   26    312    0   1266   1899   1256    500   6.9406   -0.008
B-n78-k10 	BT-3   78   26    312    1   1266   1648   1263    453   6.6766   -0.002
B-n78-k10 	BT-3   78   13    156    0   1266   1434   1227    164 -1207.7964   -0.031
B-n78-k10 	BT-3   78   13    156    1   1266   1223   1223    112 -1208.4698   -0.034
B-n78-k10 	BT-3   78   60    156    0   1266   1434   1235    123 670.2924   -0.024
B-n78-k10 	BT-3   78   60    156    1   1266   1223   1223    108 670.1633   -0.034
B-n78-k10 	BT-3   78   26    312    0   1266   1899   1251    541   7.6364   -0.012
B-n78-k10 	BT-3   78   26    312    1   1266   1648   1305    290   4.2132    0.031
B-n78-k10 	BT-3   78   13    156    0   1266   1434   1224    276 2024.8967   -0.033
B-n78-k10 	BT-3   78   13    156    1   1266   1223   1223    110 2022.4828   -0.034
B-n78-k10 	BT-3   78   60    156    0   1266   1434   1235    126 1775.0345   -0.024
B-n78-k10 	BT-3   78   60    156    1   1266   1223   1223    110 1774.8909   -0.034
B-n78-k10 	BT-3   78   26    312    0   1266   1899   1251    353   4.7210   -0.012
B-n78-k10 	BT-3   78   26    312    1   1266   1648   1234    664   9.7474   -0.025
B-n78-k10 	BT-3   78   13    156    0   1266   1434   1230    154 1044.9205   -0.028
B-n78-k10 	BT-3   78   13    156    1   1266   1223   1223    113 1044.3864   -0.034
B-n78-k10 	BT-3   78   60    156    0   1266   1434   1235    126 -1161.1725   -0.024
B-n78-k10 	BT-3   78   60    156    1   1266   1223   1223    112 -1161.3087   -0.034
B-n78-k10 	BT-3   78   26    312    0   1266   1899   1267    562   7.8458    0.001
B-n78-k10 	BT-3   78   26    312    1   1266   1648   1254    469   6.8645   -0.009
B-n78-k10 	BT-3   78   13    156    0   1266   1434   1224    141 826.2191   -0.033
B-n78-k10 	BT-3   78   13    156    1   1266   1223   1223    112 825.9280   -0.034
B-n78-k10 	BT-3   78   60    156    0   1266   1434   1235    126 -1816.7723   -0.024
B-n78-k10 	BT-3   78   60    156    1   1266   1223   1223    112 -1816.9362   -0.034
B-n78-k10 	BT-3   78   26    312    0   1266   1899   1287    382   5.2954    0.017
B-n78-k10 	BT-3   78   26    312    1   1266   1648   1246    374   5.3841   -0.016
B-n78-k10 	BT-3   78   13    156    0   1266   1434   1239    287 -1142.4985   -0.021
B-n78-k10 	BT-3   78   13    156    1   1266   1223   1223    102 -1145.1088   -0.034
B-n78-k10 	BT-3   78   60    156    0   1266   1434   1235    126 862.5032   -0.024
B-n78-k10 	BT-3   78   60    156    1   1266   1223   1223    110 862.3434   -0.034
B-n78-k10 	BT-3   78   26    312    0   1266   1899   1282    515   7.1965    0.013
B-n78-k10 	BT-3   78   26    312    1   1266   1648   1244    423   6.1622   -0.017
B-n78-k10 	BT-3   78   13    156    0   1266   1434   1226    230 -1692.7639   -0.032
B-n78-k10 	BT-3   78   13    156    1   1266   1223   1223    102 -1694.5065   -0.034
B-n78-k10 	BT-3   78   60    156    0   1266   1434   1235    124 -786.6016   -0.024
B-n78-k10 	BT-3   78   60    156    1   1266   1223   1223    114 -786.6603   -0.034
B-n78-k10 	BT-3   78   26    312    0   1266   1899   1247    469   6.6262   -0.015
B-n78-k10 	BT-3   78   26    312    1   1266   1648   1279    409   6.0345    0.010
B-n78-k10 	BT-3   78   13    156    0   1266   1434   1223    123 1947.7300   -0.034
B-n78-k10 	BT-3   78   13    156    1   1266   1223   1223    103 1947.5544   -0.034
B-n78-k10 	BT-3   78   60    156    0   1266   1434   1235    124 1548.0980   -0.024
B-n78-k10 	BT-3   78   60    156    1   1266   1223   1223    111 1547.9707   -0.034
B-n78-k10 	BT-3   78   26    312    0   1266   1899   1264    444   6.2154   -0.002
B-n78-k10 	BT-3   78   26    312    1   1266   1648   1254    396   5.7942   -0.009
B-n78-k10 	BT-3   78   13    156    0   1266   1434   1223    211 362.5093   -0.034
B-n78-k10 	BT-3   78   13    156    1   1266   1223   1223    108 361.0588   -0.034
B-n78-k10 	BT-3   78   60    156    0   1266   1434   1235    125 1084.7893   -0.024
B-n78-k10 	BT-3   78   60    156    1   1266   1223   1223    110 1084.6984   -0.034
B-n78-k10 	BT-3   78   26    312    0   1266   1899   1259    410   5.6666   -0.006
B-n78-k10 	BT-3   78   26    312    1   1266   1648   1238    398   6.0541   -0.022
B-n78-k10 	BT-3   78   13    156    0   1266   1434   1235    127 -1028.9437   -0.024
B-n78-k10 	BT-3   78   13    156    1   1266   1223   1223    114 -1029.0178   -0.034
B-n78-k10 	BT-3   78   60    156    0   1266   1434   1235    123 1208.0402   -0.024
B-n78-k10 	BT-3   78   60    156    1   1266   1223   1223    103 1207.8053   -0.034
B-n78-k10 	BT-3   78   26    312    0   1266   1899   1246    605   8.7364   -0.016
B-n78-k10 	BT-3   78   26    312    1   1266   1648   1252    573   8.6441   -0.011
B-n78-k10 	BT-3   78   13    156    0   1266   1434   1223    195 -652.6985   -0.034
B-n78-k10 	BT-3   78   13    156    1   1266   1223   1223    102 -653.9673   -0.034
B-n78-k10 	BT-3   78   60    156    0   1266   1434   1235    121 -1960.4297   -0.024
B-n78-k10 	BT-3   78   60    156    1   1266   1223   1223    104 -1960.6185   -0.034
B-n78-k10 	BT-3   78   26    312    0   1266   1899   1246    530   7.4573   -0.016
B-n78-k10 	BT-3   78   26    312    1   1266   1648   1305    281   4.0800    0.031
B-n78-k10 	BT-3   78   13    156    0   1266   1434   1235    119 -1574.9836   -0.024
B-n78-k10 	BT-3   78   13    156    1   1266   1223   1223    110 -1575.0199   -0.034
B-n78-k10 	BT-3   78   60    156    0   1266   1434   1235    127 -429.8900   -0.024
B-n78-k10 	BT-3   78   60    156    1   1266   1223   1223    104 -430.1877   -0.034
B-n78-k10 	BT-3   78   26    312    0   1266   1899   1244    445   6.2281   -0.017
B-n78-k10 	BT-3   78   26    312    1   1266   1648   1258    423   6.1393   -0.006
B-n78-k10 	BT-3   78   13    156    0   1266   1434   1223    171 -1276.9530   -0.034
B-n78-k10 	BT-3   78   13    156    1   1266   1223   1223    113 -1277.7114   -0.034
B-n78-k10 	BT-3   78   60    156    0   1266   1434   1235    125 462.6429   -0.024
B-n78-k10 	BT-3   78   60    156    1   1266   1223   1223    113 462.5321   -0.034
B-n78-k10 	BT-3   78   26    312    0   1266   1899   1259    638   9.1615   -0.006
B-n78-k10 	BT-3   78   26    312    1   1266   1648   1243    366   5.3409   -0.018
B-n78-k10 	BT-3   78   13    156    0   1266   1434   1228    163 1402.9073   -0.030
B-n78-k10 	BT-3   78   13    156    1   1266   1223   1223    108 1402.1945   -0.034
B-n78-k10 	BT-3   78   60    156    0   1266   1434   1235    121 -87.6186   -0.024
B-n78-k10 	BT-3   78   60    156    1   1266   1223   1223    102 -87.7982   -0.034
B-n78-k10 	BT-3   78   26    312    0   1266   1899   1275    352   4.7933    0.007
B-n78-k10 	BT-3   78   26    312    1   1266   1648   1235    917  13.4046   -0.024
B-n78-k10 	BT-3   78   13    156    0   1266   1434   1223    204 -243.5842   -0.034
B-n78-k10 	BT-3   78   13    156    1   1266   1223   1223    105 -244.9258   -0.034
B-n78-k10 	BT-3   78   60    156    0   1266   1434   1235    123 -733.2959   -0.024
B-n78-k10 	BT-3   78   60    156    1   1266   1223   1223    108 -733.4489   -0.034
B-n78-k10 	BT-3   78   26    312    0   1266   1899   1276    357   4.8624    0.008
B-n78-k10 	BT-3   78   26    312    1   1266   1648   1247    458   6.5684   -0.015
B-n78-k10 	BT-3   78   13    156    0   1266   1434   1223    210 2107.7009   -0.034
B-n78-k10 	BT-3   78   13    156    1   1266   1223   1223    113 2106.3716   -0.034
B-n78-k10 	BT-3   78   60    156    0   1266   1434   1235    120 2025.4194   -0.024
B-n78-k10 	BT-3   78   60    156    1   1266   1223   1223    108 2025.3192   -0.034
B-n78-k10 	BT-3   78   26    312    0   1266   1899   1254    640   9.0623   -0.009
B-n78-k10 	BT-3   78   26    312    1   1266   1648   1247    555   7.9989   -0.015
B-n78-k10 	BT-3   78   13    156    0   1266   1434   1228    183 1799.2926   -0.030
B-n78-k10 	BT-3   78   13    156    1   1266   1223   1223    116 1798.3208   -0.034
B-n78-k10 	BT-3   78   60    156    0   1266   1434   1235    126 1100.9417   -0.024
B-n78-k10 	BT-3   78   60    156    1   1266   1223   1223    108 1100.7682   -0.034
B-n78-k10 	BT-3   78   26    312    0   1266   1899   1312    339   4.6783    0.036
B-n78-k10 	BT-3   78   26    312    1   1266   1648   1244    513   7.4702   -0.017
B-n78-k10 	BT-3   78   13    156    0   1266   1434   1224    187 -979.1977   -0.033
B-n78-k10 	BT-3   78   13    156    1   1266   1223   1223    104 -980.3510   -0.034
B-n78-k10 	BT-3   78   60    156    0   1266   1434   1235    128 1355.3060   -0.024
B-n78-k10 	BT-3   78   60    156    1   1266   1223   1223    103 1355.0277   -0.034
B-n78-k10 	BT-3   78   26    312    0   1266   1899   1256    498   6.9582   -0.008
B-n78-k10 	BT-3   78   26    312    1   1266   1648   1231    791  11.5237   -0.028
B-n78-k10 	BT-3   78   13    156    0   1266   1434   1224    247 -209.0191   -0.033
B-n78-k10 	BT-3   78   13    156    1   1266   1223   1223    109 -211.0120   -0.034
B-n78-k10 	BT-3   78   60    156    0   1266   1434   1235    123 -630.9369   -0.024
B-n78-k10 	BT-3   78   60    156    1   1266   1223   1223    112 -631.0191   -0.034
B-n78-k10 	BT-3   78   26    312    0   1266   1899   1251    344   4.6657   -0.012
B-n78-k10 	BT-3   78   26    312    1   1266   1648   1262    579   8.5507   -0.003
B-n78-k10 	BT-3   78   13    156    0   1266   1434   1223    254 -1877.6792   -0.034
B-n78-k10 	BT-3   78   13    156    1   1266   1223   1223    108 -1879.8079   -0.034
B-n78-k10 	BT-3   78   60    156    0   1266   1434   1235    119 -1342.2490   -0.024
B-n78-k10 	BT-3   78   60    156    1   1266   1223   1223    115 -1342.2432   -0.034
B-n78-k10 	BT-3   78   26    312    0   1266   1899   1308    295   4.0577    0.033
B-n78-k10 	BT-3   78   26    312    1   1266   1648   1259    325   4.6753   -0.006
B-n78-k10 	BT-3   78   13    156    0   1266   1434   1223    204 278.1781   -0.034
B-n78-k10 	BT-3   78   13    156    1   1266   1223   1223    105 276.8462   -0.034
B-n78-k10 	BT-3   78   60    156    0   1266   1434   1235    128 832.1456   -0.024
B-n78-k10 	BT-3   78   60    156    1   1266   1223   1223    112 831.9844   -0.034
B-n78-k10 	BT-3   78   26    312    0   1266   1899   1296    590   8.4168    0.024
B-n78-k10 	BT-3   78   26    312    1   1266   1648   1258    541   7.8277   -0.006
B-n78-k10 	BT-3   78   13    156    0   1266   1434   1236    124 -1782.5222   -0.024
B-n78-k10 	BT-3   78   13    156    1   1266   1223   1223    115 -1782.5874   -0.034
B-n78-k10 	BT-3   78   60    156    0   1266   1434   1235    123 -1052.6656   -0.024
B-n78-k10 	BT-3   78   60    156    1   1266   1223   1223    107 -1052.8376   -0.034
B-n78-k10 	BT-3   78   26    312    0   1266   1899   1258    422   5.7968   -0.006
B-n78-k10 	BT-3   78   26    312    1   1266   1648   1252    332   4.7457   -0.011
B-n78-k10 	BT-3   78   13    156    0   1266   1434   1224    245 1149.1271   -0.033
B-n78-k10 	BT-3   78   13    156    1   1266   1223   1223    112 1147.2313   -0.034
B-n78-k10 	BT-3   78   60    156    0   1266   1434   1235    122 -851.2710   -0.024
B-n78-k10 	BT-3   78   60    156    1   1266   1223   1223    112 -851.3634   -0.034
B-n78-k10 	BT-3   78   26    312    0   1266   1899   1274    363   4.9054    0.006
B-n78-k10 	BT-3   78   26    312    1   1266   1648   1262    370   5.3692   -0.003
B-n78-k10 	BT-3   78   13    156    0   1266   1434   1235    122 1751.2555   -0.024
B-n78-k10 	BT-3   78   13    156    1   1266   1223   1223    104 1751.0946   -0.034
B-n78-k10 	BT-3   78   60    156    0   1266   1434   1235    122 958.7532   -0.024
B-n78-k10 	BT-3   78   60    156    1   1266   1223   1223    103 958.5004   -0.034
B-n78-k10 	BT-3   78   26    312    0   1266   1899   1254    554   7.7303   -0.009
B-n78-k10 	BT-3   78   26    312    1   1266   1648   1256    603   8.8222   -0.008
B-n78-k10 	BT-3   78   13    156    0   1266   1434   1228    223 -1400.9823   -0.030
B-n78-k10 	BT-3   78   13    156    1   1266   1223   1223    107 -1402.6243   -0.034
B-n78-k10 	BT-3   78   60    156    0   1266   1434   1235    122  88.9268   -0.024
B-n78-k10 	BT-3   78   60    156    1   1266   1223   1223    107  88.7507   -0.034
B-n78-k10 	BT-3   78   26    312    0   1266   1899   1272    404   5.5606    0.005
B-n78-k10 	BT-3   78   26    312    1   1266   1648   1247    505   7.2865   -0.015
B-n78-k10 	BT-3   78   13    156    0   1266   1434   1235    121 279.3416   -0.024
B-n78-k10 	BT-3   78   13    156    1   1266   1223   1223    111 279.3135   -0.034
B-n78-k10 	BT-3   78   60    156    0   1266   1434   1235    124 838.1199   -0.024
B-n78-k10 	BT-3   78   60    156    1   1266   1223   1223    104 837.8748   -0.034
B-n78-k10 	BT-3   78   26    312    0   1266   1899   1268    375   5.1402    0.002
B-n78-k10 	BT-3   78   26    312    1   1266   1648   1262    510   7.5585   -0.003
B-n78-k10 	BT-3   78   13    156    0   1266   1434   1225    287 -1765.7699   -0.032
B-n78-k10 	BT-3   78   13    156    1   1266   1223   1223    104 -1768.4031   -0.034
B-n78-k10 	BT-3   78   60    156    0   1266   1434   1235    124 -1007.3489   -0.024
B-n78-k10 	BT-3   78   60    156    1   1266   1223   1223    111 -1007.4885   -0.034
B-n78-k10 	BT-3   78   26    312    0   1266   1899   1301    320   4.3493    0.028
B-n78-k10 	BT-3   78   26    312    1   1266   1648   1250    386   5.5716   -0.013
B-n78-k10 	BT-3   78   13    156    0   1266   1434   1223    179 1283.4091   -0.034
B-n78-k10 	BT-3   78   13    156    1   1266   1223   1223    105 1282.4500   -0.034
B-n78-k10 	BT-3   78   60    156    0   1266   1434   1235    126 -446.4204   -0.024
B-n78-k10 	BT-3   78   60    156    1   1266   1223   1223    115 -446.5298   -0.034
B-n78-k10 	BT-3   78   26    312    0   1266   1899   1250    558   7.8757   -0.013
B-n78-k10 	BT-3   78   26    312    1   1266   1648   1245    388   5.5803   -0.017
B-n78-k10 	BT-3   78   13    156    0   1266   1434   1235    122 -1326.0211   -0.024
B-n78-k10 	BT-3   78   13    156    1   1266   1223   1223    105 -1326.1399   -0.034
B-n78-k10 	BT-3   78   60    156    0   1266   1434   1235    127 316.8876   -0.024
B-n78-k10 	BT-3   78   60    156    1   1266   1223   1223    110 316.7122   -0.034
B-n78-k10 	BT-3   78   26    312    0   1266   1899   1252    405   5.5553   -0.011
B-n78-k10 	BT-3   78   26    312    1   1266   1648   1268    576   8.3410    0.002
B-n78-k10 	BT-3   78   13    156    0   1266   1434   1235    124 964.3820   -0.024
B-n78-k10 	BT-3   78   13    156    1   1266   1223   1223    106 964.1706   -0.034
B-n78-k10 	BT-3   78   60    156    0   1266   1434   1235    117 -1402.1620   -0.024
B-n78-k10 	BT-3   78   60    156    1   1266   1223   1223    114 -1402.1021   -0.034
