B-n67-k10 	BT-1   67   22    268    0   1033   1525   1083    502   3.0168    0.048
B-n67-k10 	BT-1   67   22    268    1   1033   1353   1050   1091   6.2994    0.016
B-n67-k10 	BT-1   67   13    134    0   1033   1420   1049    186   1.1816    0.015
B-n67-k10 	BT-1   67   13    134    1   1033   1050   1050    134   0.8865    0.016
B-n67-k10 	BT-1   67    6     67    0   1033   1338   1049     68   0.5013    0.015
B-n67-k10 	BT-1   67    6     67    1   1033   1049   1049     67   0.5031    0.015
B-n67-k10 	BT-2   67   22    268    0   1033   1525   1117    479   2.7122    0.081
B-n67-k10 	BT-2   67   22    268    1   1033   1353   1078    596   3.8166    0.044
B-n67-k10 	BT-2   67   13    134    0   1033   1244   1075    224   1.3938    0.041
B-n67-k10 	BT-2   67   13    134    1   1033   1078   1074    142   0.9381    0.040
B-n67-k10 	BT-2   67    6     67    0   1033   1436   1092     74   0.5543    0.057
B-n67-k10 	BT-2   67    6     67    1   1033   1074   1074     67   0.5008    0.040
B-n67-k10 	BT-3   67   22    268    0   1033   1525   1078    429   4.7687    0.044
B-n67-k10 	BT-3   67   22    268    1   1033   1353   1086    664   6.2668    0.051
B-n67-k10 	BT-3   67   13    134    0   1033   1088   1077    167   2.6140    0.043
B-n67-k10 	BT-3   67   13    134    1   1033   1078   1071    167   2.5365    0.037
B-n67-k10 	BT-3   67    6     67    0   1033   1319   1069    143   1.6368    0.035
B-n67-k10 	BT-3   67    6     67    1   1033   1071   1071     67   1.2492    0.037
B-n67-k10 	BT-3   67   22    268    0   1033   1525   1091    323   4.2633    0.056
B-n67-k10 	BT-3   67   22    268    1   1033   1353   1102    310   4.2791    0.067
B-n67-k10 	BT-3   67   13    134    0   1033   1198   1068    146   2.4286    0.034
B-n67-k10 	BT-3   67   13    134    1   1033   1069   1053    180   2.5920    0.019
B-n67-k10 	BT-3   67    6     67    0   1033   1171   1046    138   1.6749    0.013
B-n67-k10 	BT-3   67    6     67    1   1033   1053   1053     67   1.2314    0.019
B-n67-k10 	BT-3   67   22    268    0   1033   1525   1091    323   4.2279    0.056
B-n67-k10 	BT-3   67   22    268    1   1033   1353   1087    349   4.5431    0.052
B-n67-k10 	BT-3   67   13    134    0   1033   1330   1047    145   2.3922    0.014
B-n67-k10 	BT-3   67   13    134    1   1033   1046   1046    134   2.4218    0.013
B-n67-k10 	BT-3   67    6     67    0   1033   1330   1047     78   1.2658    0.014
B-n67-k10 	BT-3   67    6     67    1   1033   1046   1046     67   1.2823    0.013
B-n67-k10 	BT-3   67   22    268    0   1033   1525   1101    316   4.3366    0.066
B-n67-k10 	BT-3   67   22    268    1   1033   1353   1085    311   4.3317    0.050
B-n67-k10 	BT-3   67   13    134    0   1033   1330   1051    163   2.4363    0.017
B-n67-k10 	BT-3   67   13    134    1   1033   1046   1046    134   2.4345    0.013
B-n67-k10 	BT-3   67    6     67    0   1033   1330   1047     80   1.2685    0.014
B-n67-k10 	BT-3   67    6     67    1   1033   1046   1046     67   1.2805    0.013
B-n67-k10 	BT-3   67   22    268    0   1033   1525   1051    487   5.0992    0.017
B-n67-k10 	BT-3   67   22    268    1   1033   1353   1096    319   4.3408    0.061
B-n67-k10 	BT-3   67   13    134    0   1033   1330   1047    145   2.4045    0.014
B-n67-k10 	BT-3   67   13    134    1   1033   1046   1046    134   2.4512    0.013
B-n67-k10 	BT-3   67    6     67    0   1033   1330   1057     95   1.3283    0.023
B-n67-k10 	BT-3   67    6     67    1   1033   1046   1046     67   1.2841    0.013
B-n67-k10 	BT-3   67   22    268    0   1033   1525   1079    579   5.6931    0.045
B-n67-k10 	BT-3   67   22    268    1   1033   1353   1083    389   4.7150    0.048
B-n67-k10 	BT-3   67   13    134    0   1033   1330   1057    162   2.4535    0.023
B-n67-k10 	BT-3   67   13    134    1   1033   1046   1046    134   2.4503    0.013
B-n67-k10 	BT-3   67    6     67    0   1033   1330   1047     81   1.2763    0.014
B-n67-k10 	BT-3   67    6     67    1   1033   1046   1046     67   1.2841    0.013
B-n67-k10 	BT-3   67   22    268    0   1033   1525   1081    472   5.0622    0.046
B-n67-k10 	BT-3   67   22    268    1   1033   1353   1093    346   4.4601    0.058
B-n67-k10 	BT-3   67   13    134    0   1033   1330   1047    145   2.3946    0.014
B-n67-k10 	BT-3   67   13    134    1   1033   1046   1046    134   2.4376    0.013
B-n67-k10 	BT-3   67    6     67    0   1033   1330   1047     78   1.3056    0.014
B-n67-k10 	BT-3   67    6     67    1   1033   1046   1046     67   1.2790    0.013
B-n67-k10 	BT-3   67   22    268    0   1033   1525   1076    419   4.8310    0.042
B-n67-k10 	BT-3   67   22    268    1   1033   1353   1099    469   5.0938    0.064
B-n67-k10 	BT-3   67   13    134    0   1033   1330   1047    145   2.4466    0.014
B-n67-k10 	BT-3   67   13    134    1   1033   1046   1046    134   2.4465    0.013
B-n67-k10 	BT-3   67    6     67    0   1033   1330   1047     78   1.3109    0.014
B-n67-k10 	BT-3   67    6     67    1   1033   1046   1046     67   1.3017    0.013
B-n67-k10 	BT-3   67   22    268    0   1033   1525   1091    323   4.2550    0.056
B-n67-k10 	BT-3   67   22    268    1   1033   1353   1093    321   4.3738    0.058
B-n67-k10 	BT-3   67   13    134    0   1033   1330   1047    145   2.4305    0.014
B-n67-k10 	BT-3   67   13    134    1   1033   1046   1046    134   2.4760    0.013
B-n67-k10 	BT-3   67    6     67    0   1033   1330   1047     78   1.2825    0.014
B-n67-k10 	BT-3   67    6     67    1   1033   1046   1046     67   1.2817    0.013
B-n67-k10 	BT-3   67   22    268    0   1033   1525   1056    934   7.6984    0.022
B-n67-k10 	BT-3   67   22    268    1   1033   1353   1078    586   5.9377    0.044
B-n67-k10 	BT-3   67   13    134    0   1033   1330   1047    147   2.3995    0.014
B-n67-k10 	BT-3   67   13    134    1   1033   1046   1046    134   2.4626    0.013
B-n67-k10 	BT-3   67    6     67    0   1033   1330   1047     81   1.2775    0.014
B-n67-k10 	BT-3   67    6     67    1   1033   1046   1046     67   1.2905    0.013
B-n67-k10 	BT-3   67   22    268    0   1033   1525   1075    405   4.7240    0.041
B-n67-k10 	BT-3   67   22    268    1   1033   1353   1075    754   6.6291    0.041
B-n67-k10 	BT-3   67   13    134    0   1033   1330   1047    145   2.3914    0.014
B-n67-k10 	BT-3   67   13    134    1   1033   1046   1046    134   2.4152    0.013
B-n67-k10 	BT-3   67    6     67    0   1033   1330   1047     78   1.2697    0.014
B-n67-k10 	BT-3   67    6     67    1   1033   1046   1046     67   1.2849    0.013
B-n67-k10 	BT-3   67   22    268    0   1033   1525   1081    442   5.0312    0.046
B-n67-k10 	BT-3   67   22    268    1   1033   1353   1081    488   5.2359    0.046
B-n67-k10 	BT-3   67   13    134    0   1033   1330   1047    147   2.4295    0.014
B-n67-k10 	BT-3   67   13    134    1   1033   1046   1046    134   2.4238    0.013
B-n67-k10 	BT-3   67    6     67    0   1033   1330   1047     78   1.2738    0.014
B-n67-k10 	BT-3   67    6     67    1   1033   1046   1046     67   1.2812    0.013
B-n67-k10 	BT-3   67   22    268    0   1033   1525   1082    412   4.7492    0.047
B-n67-k10 	BT-3   67   22    268    1   1033   1353   1102    310   4.2772    0.067
B-n67-k10 	BT-3   67   13    134    0   1033   1330   1047    145   2.3973    0.014
B-n67-k10 	BT-3   67   13    134    1   1033   1046   1046    134   2.4703    0.013
B-n67-k10 	BT-3   67    6     67    0   1033   1330   1047     78   1.2752    0.014
B-n67-k10 	BT-3   67    6     67    1   1033   1046   1046     67   1.2898    0.013
B-n67-k10 	BT-3   67   22    268    0   1033   1525   1078    572   5.7888    0.044
B-n67-k10 	BT-3   67   22    268    1   1033   1353   1089    499   5.3043    0.054
B-n67-k10 	BT-3   67   13    134    0   1033   1330   1033    223   2.8096    0.000
B-n67-k10 	BT-3   67   13    134    1   1033   1046   1046    134   2.4546    0.013
B-n67-k10 	BT-3   67    6     67    0   1033   1544   1034     93   1.4211    0.001
B-n67-k10 	BT-3   67    6     67    1   1033   1033   1033     67   1.2511    0.000
B-n67-k10 	BT-3   67   22    268    0   1033   1525   1071    467   4.9833    0.037
B-n67-k10 	BT-3   67   22    268    1   1033   1353   1095    342   4.5702    0.060
B-n67-k10 	BT-3   67   13    134    0   1033   1544   1033    137   2.4899    0.000
B-n67-k10 	BT-3   67   13    134    1   1033   1033   1033    134   2.3603    0.000
B-n67-k10 	BT-3   67    6     67    0   1033   1544   1033     70   1.3017    0.000
B-n67-k10 	BT-3   67    6     67    1   1033   1033   1033     67   1.2442    0.000
B-n67-k10 	BT-3   67   22    268    0   1033   1525   1092    326   4.2528    0.057
B-n67-k10 	BT-3   67   22    268    1   1033   1353   1082    741   6.7046    0.047
B-n67-k10 	BT-3   67   13    134    0   1033   1544   1033    137   2.5042    0.000
B-n67-k10 	BT-3   67   13    134    1   1033   1033   1033    134   2.3646    0.000
B-n67-k10 	BT-3   67    6     67    0   1033   1544   1034     92   1.4083    0.001
B-n67-k10 	BT-3   67    6     67    1   1033   1033   1033     67   1.2421    0.000
B-n67-k10 	BT-3   67   22    268    0   1033   1525   1091    323   4.3237    0.056
B-n67-k10 	BT-3   67   22    268    1   1033   1353   1102    310   4.2702    0.067
B-n67-k10 	BT-3   67   13    134    0   1033   1544   1033    137   2.4689    0.000
B-n67-k10 	BT-3   67   13    134    1   1033   1033   1033    134   2.3623    0.000
B-n67-k10 	BT-3   67    6     67    0   1033   1544   1033     70   1.2975    0.000
B-n67-k10 	BT-3   67    6     67    1   1033   1033   1033     67   1.2391    0.000
B-n67-k10 	BT-3   67   22    268    0   1033   1525   1091    323   4.2884    0.056
B-n67-k10 	BT-3   67   22    268    1   1033   1353   1082    647   6.2574    0.047
B-n67-k10 	BT-3   67   13    134    0   1033   1544   1033    137   2.4608    0.000
B-n67-k10 	BT-3   67   13    134    1   1033   1033   1033    134   2.3533    0.000
B-n67-k10 	BT-3   67    6     67    0   1033   1544   1033     70   1.3003    0.000
B-n67-k10 	BT-3   67    6     67    1   1033   1033   1033     67   1.2374    0.000
B-n67-k10 	BT-3   67   22    268    0   1033   1525   1069    730   6.5514    0.035
B-n67-k10 	BT-3   67   22    268    1   1033   1353   1076    439   5.0475    0.042
B-n67-k10 	BT-3   67   13    134    0   1033   1544   1033    137   2.4834    0.000
B-n67-k10 	BT-3   67   13    134    1   1033   1033   1033    134   2.3796    0.000
B-n67-k10 	BT-3   67    6     67    0   1033   1544   1033     70   1.3023    0.000
B-n67-k10 	BT-3   67    6     67    1   1033   1033   1033     67   1.2369    0.000
B-n67-k10 	BT-3   67   22    268    0   1033   1525   1107    310   4.2567    0.072
B-n67-k10 	BT-3   67   22    268    1   1033   1353   1089    438   5.0591    0.054
B-n67-k10 	BT-3   67   13    134    0   1033   1544   1033    137   2.4926    0.000
B-n67-k10 	BT-3   67   13    134    1   1033   1033   1033    134   2.3617    0.000
B-n67-k10 	BT-3   67    6     67    0   1033   1544   1033     70   1.3046    0.000
B-n67-k10 	BT-3   67    6     67    1   1033   1033   1033     67   1.2395    0.000
B-n67-k10 	BT-3   67   22    268    0   1033   1525   1077    787   6.8252    0.043
B-n67-k10 	BT-3   67   22    268    1   1033   1353   1075    525   5.4113    0.041
B-n67-k10 	BT-3   67   13    134    0   1033   1544   1033    137   2.4750    0.000
B-n67-k10 	BT-3   67   13    134    1   1033   1033   1033    134   2.3975    0.000
B-n67-k10 	BT-3   67    6     67    0   1033   1544   1033     70   1.3077    0.000
B-n67-k10 	BT-3   67    6     67    1   1033   1033   1033     67   1.2376    0.000
B-n67-k10 	BT-3   67   22    268    0   1033   1525   1083    620   5.8971    0.048
B-n67-k10 	BT-3   67   22    268    1   1033   1353   1076    526   5.4230    0.042
B-n67-k10 	BT-3   67   13    134    0   1033   1544   1033    137   2.4801    0.000
B-n67-k10 	BT-3   67   13    134    1   1033   1033   1033    134   2.3728    0.000
B-n67-k10 	BT-3   67    6     67    0   1033   1544   1033     70   1.2976    0.000
B-n67-k10 	BT-3   67    6     67    1   1033   1033   1033     67   1.2569    0.000
B-n67-k10 	BT-3   67   22    268    0   1033   1525   1091    323   4.2520    0.056
B-n67-k10 	BT-3   67   22    268    1   1033   1353   1102    310   4.2758    0.067
B-n67-k10 	BT-3   67   13    134    0   1033   1544   1033    137   2.5084    0.000
B-n67-k10 	BT-3   67   13    134    1   1033   1033   1033    134   2.3645    0.000
B-n67-k10 	BT-3   67    6     67    0   1033   1544   1033     70   1.3105    0.000
B-n67-k10 	BT-3   67    6     67    1   1033   1033   1033     67   1.2381    0.000
B-n67-k10 	BT-3   67   22    268    0   1033   1525   1091    323   4.2627    0.056
B-n67-k10 	BT-3   67   22    268    1   1033   1353   1078    723   6.6146    0.044
B-n67-k10 	BT-3   67   13    134    0   1033   1544   1033    137   2.4669    0.000
B-n67-k10 	BT-3   67   13    134    1   1033   1033   1033    134   2.3928    0.000
B-n67-k10 	BT-3   67    6     67    0   1033   1544   1033     70   1.3030    0.000
B-n67-k10 	BT-3   67    6     67    1   1033   1033   1033     67   1.2365    0.000
B-n67-k10 	BT-3   67   22    268    0   1033   1525   1091    323   4.2300    0.056
B-n67-k10 	BT-3   67   22    268    1   1033   1353   1083    422   4.9623    0.048
B-n67-k10 	BT-3   67   13    134    0   1033   1544   1033    137   2.4860    0.000
B-n67-k10 	BT-3   67   13    134    1   1033   1033   1033    134   2.3568    0.000
B-n67-k10 	BT-3   67    6     67    0   1033   1544   1033     70   1.2990    0.000
B-n67-k10 	BT-3   67    6     67    1   1033   1033   1033     67   1.2469    0.000
B-n67-k10 	BT-3   67   22    268    0   1033   1525   1112    330   4.3021    0.076
B-n67-k10 	BT-3   67   22    268    1   1033   1353   1083    523   5.5930    0.048
B-n67-k10 	BT-3   67   13    134    0   1033   1544   1033    137   2.5188    0.000
B-n67-k10 	BT-3   67   13    134    1   1033   1033   1033    134   2.3720    0.000
B-n67-k10 	BT-3   67    6     67    0   1033   1544   1033     70   1.2988    0.000
B-n67-k10 	BT-3   67    6     67    1   1033   1033   1033     67   1.2434    0.000
B-n67-k10 	BT-3   67   22    268    0   1033   1525   1091    323   4.2337    0.056
B-n67-k10 	BT-3   67   22    268    1   1033   1353   1083    360   4.5371    0.048
B-n67-k10 	BT-3   67   13    134    0   1033   1544   1033    137   2.4798    0.000
B-n67-k10 	BT-3   67   13    134    1   1033   1033   1033    134   2.3601    0.000
B-n67-k10 	BT-3   67    6     67    0   1033   1544   1033     70   1.2985    0.000
B-n67-k10 	BT-3   67    6     67    1   1033   1033   1033     67   1.2400    0.000
B-n67-k10 	BT-3   67   22    268    0   1033   1525   1089    330   4.2516    0.054
B-n67-k10 	BT-3   67   22    268    1   1033   1353   1083    464   5.0981    0.048
B-n67-k10 	BT-3   67   13    134    0   1033   1544   1033    137   2.4774    0.000
B-n67-k10 	BT-3   67   13    134    1   1033   1033   1033    134   2.3805    0.000
B-n67-k10 	BT-3   67    6     67    0   1033   1544   1033     70   1.3056    0.000
B-n67-k10 	BT-3   67    6     67    1   1033   1033   1033     67   1.2350    0.000
B-n67-k10 	BT-3   67   22    268    0   1033   1525   1081    388   4.6349    0.046
B-n67-k10 	BT-3   67   22    268    1   1033   1353   1087    398   4.6789    0.052
B-n67-k10 	BT-3   67   13    134    0   1033   1544   1033    137   2.4880    0.000
B-n67-k10 	BT-3   67   13    134    1   1033   1033   1033    134   2.3509    0.000
B-n67-k10 	BT-3   67    6     67    0   1033   1544   1080    134   1.4568    0.045
B-n67-k10 	BT-3   67    6     67    1   1033   1033   1033     67   1.2462    0.000
B-n67-k10 	BT-3   67   22    268    0   1033   1525   1071    607   5.7527    0.037
B-n67-k10 	BT-3   67   22    268    1   1033   1353   1077    405   4.7022    0.043
B-n67-k10 	BT-3   67   13    134    0   1033   1544   1033    137   2.4963    0.000
B-n67-k10 	BT-3   67   13    134    1   1033   1033   1033    134   2.3645    0.000
B-n67-k10 	BT-3   67    6     67    0   1033   1544   1080    254   2.2973    0.045
B-n67-k10 	BT-3   67    6     67    1   1033   1033   1033     67   1.2377    0.000
B-n67-k10 	BT-3   67   22    268    0   1033   1525   1098    318   4.2231    0.063
B-n67-k10 	BT-3   67   22    268    1   1033   1353   1078    420   4.8376    0.044
B-n67-k10 	BT-3   67   13    134    0   1033   1544   1033    137   2.4737    0.000
B-n67-k10 	BT-3   67   13    134    1   1033   1033   1033    134   2.3845    0.000
B-n67-k10 	BT-3   67    6     67    0   1033   1544   1033     70   1.2972    0.000
B-n67-k10 	BT-3   67    6     67    1   1033   1033   1033     67   1.2370    0.000
B-n67-k10 	BT-3   67   22    268    0   1033   1525   1088    453   4.9148    0.053
B-n67-k10 	BT-3   67   22    268    1   1033   1353   1102    310   4.2828    0.067
B-n67-k10 	BT-3   67   13    134    0   1033   1544   1033    137   2.4905    0.000
B-n67-k10 	BT-3   67   13    134    1   1033   1033   1033    134   2.3694    0.000
B-n67-k10 	BT-3   67    6     67    0   1033   1544   1033     70   1.3197    0.000
B-n67-k10 	BT-3   67    6     67    1   1033   1033   1033     67   1.2391    0.000
B-n67-k10 	BT-3   67   22    268    0   1033   1525   1077    429   4.8196    0.043
B-n67-k10 	BT-3   67   22    268    1   1033   1353   1080    338   4.4287    0.045
B-n67-k10 	BT-3   67   13    134    0   1033   1544   1033    137   2.4818    0.000
B-n67-k10 	BT-3   67   13    134    1   1033   1033   1033    134   2.3707    0.000
B-n67-k10 	BT-3   67    6     67    0   1033   1544   1033     70   1.2990    0.000
B-n67-k10 	BT-3   67    6     67    1   1033   1033   1033     67   1.2370    0.000
B-n67-k10 	BT-3   67   22    268    0   1033   1525   1082    613   6.0027    0.047
B-n67-k10 	BT-3   67   22    268    1   1033   1353   1068    438   4.9263    0.034
B-n67-k10 	BT-3   67   13    134    0   1033   1544   1033    137   2.4949    0.000
B-n67-k10 	BT-3   67   13    134    1   1033   1033   1033    134   2.4068    0.000
B-n67-k10 	BT-3   67    6     67    0   1033   1544   1033     70   1.2973    0.000
B-n67-k10 	BT-3   67    6     67    1   1033   1033   1033     67   1.2432    0.000
B-n67-k10 	BT-3   67   22    268    0   1033   1525   1051    777   6.6566    0.017
B-n67-k10 	BT-3   67   22    268    1   1033   1353   1081    576   6.7877    0.046
B-n67-k10 	BT-3   67   13    134    0   1033   1544   1038    193   2.6332    0.005
B-n67-k10 	BT-3   67   13    134    1   1033   1033   1033    134   2.3719    0.000
B-n67-k10 	BT-3   67    6     67    0   1033   1544   1033     70   1.2987    0.000
B-n67-k10 	BT-3   67    6     67    1   1033   1033   1033     67   1.2365    0.000
B-n67-k10 	BT-3   67   22    268    0   1033   1525   1100    339   4.2812    0.065
B-n67-k10 	BT-3   67   22    268    1   1033   1353   1102    310   4.3128    0.067
B-n67-k10 	BT-3   67   13    134    0   1033   1544   1033    137   2.4767    0.000
B-n67-k10 	BT-3   67   13    134    1   1033   1033   1033    134   2.3638    0.000
B-n67-k10 	BT-3   67    6     67    0   1033   1544   1033     70   1.3194    0.000
B-n67-k10 	BT-3   67    6     67    1   1033   1033   1033     67   1.2665    0.000
B-n67-k10 	BT-3   67   22    268    0   1033   1525   1081    430   4.7323    0.046
B-n67-k10 	BT-3   67   22    268    1   1033   1353   1092    422   4.8778    0.057
B-n67-k10 	BT-3   67   13    134    0   1033   1544   1033    137   2.4774    0.000
B-n67-k10 	BT-3   67   13    134    1   1033   1033   1033    134   2.3792    0.000
B-n67-k10 	BT-3   67    6     67    0   1033   1544   1033     70   1.2991    0.000
B-n67-k10 	BT-3   67    6     67    1   1033   1033   1033     67   1.2515    0.000
B-n67-k10 	BT-3   67   22    268    0   1033   1525   1085    560   5.5747    0.050
B-n67-k10 	BT-3   67   22    268    1   1033   1353   1083    381   4.6648    0.048
B-n67-k10 	BT-3   67   13    134    0   1033   1544   1033    137   2.4715    0.000
B-n67-k10 	BT-3   67   13    134    1   1033   1033   1033    134   2.3721    0.000
B-n67-k10 	BT-3   67    6     67    0   1033   1544   1033     70   1.3013    0.000
B-n67-k10 	BT-3   67    6     67    1   1033   1033   1033     67   1.2367    0.000
B-n67-k10 	BT-3   67   22    268    0   1033   1525   1073    326   4.2354    0.039
B-n67-k10 	BT-3   67   22    268    1   1033   1353   1083    452   5.0249    0.048
B-n67-k10 	BT-3   67   13    134    0   1033   1544   1033    137   2.4767    0.000
B-n67-k10 	BT-3   67   13    134    1   1033   1033   1033    134   2.3565    0.000
B-n67-k10 	BT-3   67    6     67    0   1033   1544   1033     70   1.2964    0.000
B-n67-k10 	BT-3   67    6     67    1   1033   1033   1033     67   1.2488    0.000
B-n67-k10 	BT-3   67   22    268    0   1033   1525   1091    323   4.2688    0.056
B-n67-k10 	BT-3   67   22    268    1   1033   1353   1086    479   5.1974    0.051
B-n67-k10 	BT-3   67   13    134    0   1033   1544   1033    137   2.4776    0.000
B-n67-k10 	BT-3   67   13    134    1   1033   1033   1033    134   2.3551    0.000
B-n67-k10 	BT-3   67    6     67    0   1033   1544   1033     70   1.2972    0.000
B-n67-k10 	BT-3   67    6     67    1   1033   1033   1033     67   1.2387    0.000
B-n67-k10 	BT-3   67   22    268    0   1033   1525   1077    336   4.2041    0.043
B-n67-k10 	BT-3   67   22    268    1   1033   1353   1102    310   4.2558    0.067
B-n67-k10 	BT-3   67   13    134    0   1033   1544   1033    137   2.4988    0.000
B-n67-k10 	BT-3   67   13    134    1   1033   1033   1033    134   2.3684    0.000
B-n67-k10 	BT-3   67    6     67    0   1033   1544   1058    126   1.4319    0.024
B-n67-k10 	BT-3   67    6     67    1   1033   1033   1033     67   1.2387    0.000
B-n67-k10 	BT-3   67   22    268    0   1033   1525   1076    572   5.5212    0.042
B-n67-k10 	BT-3   67   22    268    1   1033   1353   1078    644   6.2731    0.044
B-n67-k10 	BT-3   67   13    134    0   1033   1544   1033    137   2.4781    0.000
B-n67-k10 	BT-3   67   13    134    1   1033   1033   1033    134   2.3646    0.000
B-n67-k10 	BT-3   67    6     67    0   1033   1544   1033     70   1.3291    0.000
B-n67-k10 	BT-3   67    6     67    1   1033   1033   1033     67   1.2397    0.000
B-n67-k10 	BT-3   67   22    268    0   1033   1525   1086    329   4.2125    0.051
B-n67-k10 	BT-3   67   22    268    1   1033   1353   1087    455   5.1753    0.052
B-n67-k10 	BT-3   67   13    134    0   1033   1544   1033    137   2.4799    0.000
B-n67-k10 	BT-3   67   13    134    1   1033   1033   1033    134   2.3746    0.000
B-n67-k10 	BT-3   67    6     67    0   1033   1544   1033     70   1.3056    0.000
B-n67-k10 	BT-3   67    6     67    1   1033   1033   1033     67   1.2377    0.000
B-n67-k10 	BT-3   67   22    268    0   1033   1525   1074    647   6.1879    0.040
B-n67-k10 	BT-3   67   22    268    1   1033   1353   1090    557   5.6755    0.055
B-n67-k10 	BT-3   67   13    134    0   1033   1544   1033    137   2.4907    0.000
B-n67-k10 	BT-3   67   13    134    1   1033   1033   1033    134   2.3587    0.000
B-n67-k10 	BT-3   67    6     67    0   1033   1544   1033     70   1.3029    0.000
B-n67-k10 	BT-3   67    6     67    1   1033   1033   1033     67   1.2471    0.000
B-n67-k10 	BT-3   67   22    268    0   1033   1525   1083    435   4.9584    0.048
B-n67-k10 	BT-3   67   22    268    1   1033   1353   1081    368   4.6070    0.046
B-n67-k10 	BT-3   67   13    134    0   1033   1544   1033    137   2.4459    0.000
B-n67-k10 	BT-3   67   13    134    1   1033   1033   1033    134   2.3805    0.000
B-n67-k10 	BT-3   67    6     67    0   1033   1544   1033     70   1.3033    0.000
B-n67-k10 	BT-3   67    6     67    1   1033   1033   1033     67   1.2458    0.000
B-n67-k10 	BT-3   67   22    268    0   1033   1525   1091    323   4.2195    0.056
B-n67-k10 	BT-3   67   22    268    1   1033   1353   1080   1227   9.4711    0.045
B-n67-k10 	BT-3   67   13    134    0   1033   1544   1033    137   2.4941    0.000
B-n67-k10 	BT-3   67   13    134    1   1033   1033   1033    134   2.3640    0.000
B-n67-k10 	BT-3   67    6     67    0   1033   1544   1033     70   1.3044    0.000
B-n67-k10 	BT-3   67    6     67    1   1033   1033   1033     67   1.2424    0.000
B-n67-k10 	BT-3   67   22    268    0   1033   1525   1092    353   4.3730    0.057
B-n67-k10 	BT-3   67   22    268    1   1033   1353   1102    310   4.3072    0.067
B-n67-k10 	BT-3   67   13    134    0   1033   1544   1033    137   2.4838    0.000
B-n67-k10 	BT-3   67   13    134    1   1033   1033   1033    134   2.3677    0.000
B-n67-k10 	BT-3   67    6     67    0   1033   1544   1033     70   1.3113    0.000
B-n67-k10 	BT-3   67    6     67    1   1033   1033   1033     67   1.2440    0.000
B-n67-k10 	BT-3   67   22    268    0   1033   1525   1083    318   4.3197    0.048
B-n67-k10 	BT-3   67   22    268    1   1033   1353   1074    372   4.5373    0.040
B-n67-k10 	BT-3   67   13    134    0   1033   1544   1033    137   2.4811    0.000
B-n67-k10 	BT-3   67   13    134    1   1033   1033   1033    134   2.3680    0.000
B-n67-k10 	BT-3   67    6     67    0   1033   1544   1033     70   1.3040    0.000
B-n67-k10 	BT-3   67    6     67    1   1033   1033   1033     67   1.2396    0.000
B-n67-k10 	BT-3   67   22    268    0   1033   1525   1091    323   4.2547    0.056
B-n67-k10 	BT-3   67   22    268    1   1033   1353   1043    702   6.3537    0.010
B-n67-k10 	BT-3   67   13    134    0   1033   1544   1033    137   2.4984    0.000
B-n67-k10 	BT-3   67   13    134    1   1033   1033   1033    134   2.3870    0.000
B-n67-k10 	BT-3   67    6     67    0   1033   1544   1081    116   1.4590    0.046
B-n67-k10 	BT-3   67    6     67    1   1033   1033   1033     67   1.2423    0.000
B-n67-k10 	BT-3   67   22    268    0   1033   1525   1071    842   9.3145    0.037
B-n67-k10 	BT-3   67   22    268    1   1033   1353   1086    540   5.5018    0.051
B-n67-k10 	BT-3   67   13    134    0   1033   1544   1033    137   2.4904    0.000
B-n67-k10 	BT-3   67   13    134    1   1033   1033   1033    134   2.3543    0.000
B-n67-k10 	BT-3   67    6     67    0   1033   1544   1033     70   1.2841    0.000
B-n67-k10 	BT-3   67    6     67    1   1033   1033   1033     67   1.2433    0.000
B-n67-k10 	BT-3   67   22    268    0   1033   1525   1107    311   4.2855    0.072
B-n67-k10 	BT-3   67   22    268    1   1033   1353   1079    630   6.0317    0.045
B-n67-k10 	BT-3   67   13    134    0   1033   1544   1033    137   2.4996    0.000
B-n67-k10 	BT-3   67   13    134    1   1033   1033   1033    134   2.3608    0.000
B-n67-k10 	BT-3   67    6     67    0   1033   1544   1056    228   2.1619    0.022
B-n67-k10 	BT-3   67    6     67    1   1033   1033   1033     67   1.2417    0.000
B-n67-k10 	BT-3   67   22    268    0   1033   1525   1091    323   4.2755    0.056
B-n67-k10 	BT-3   67   22    268    1   1033   1353   1076    895   7.4564    0.042
B-n67-k10 	BT-3   67   13    134    0   1033   1544   1033    137   2.5005    0.000
B-n67-k10 	BT-3   67   13    134    1   1033   1033   1033    134   2.3667    0.000
B-n67-k10 	BT-3   67    6     67    0   1033   1544   1033     70   1.3016    0.000
B-n67-k10 	BT-3   67    6     67    1   1033   1033   1033     67   1.2457    0.000
B-n67-k10 	BT-3   67   22    268    0   1033   1525   1107    310   4.2843    0.072
B-n67-k10 	BT-3   67   22    268    1   1033   1353   1075    710   6.5526    0.041
B-n67-k10 	BT-3   67   13    134    0   1033   1544   1033    137   2.4914    0.000
B-n67-k10 	BT-3   67   13    134    1   1033   1033   1033    134   2.3859    0.000
B-n67-k10 	BT-3   67    6     67    0   1033   1544   1033     70   1.3009    0.000
B-n67-k10 	BT-3   67    6     67    1   1033   1033   1033     67   1.2399    0.000
B-n67-k10 	BT-3   67   22    268    0   1033   1525   1110    325   4.2488    0.075
B-n67-k10 	BT-3   67   22    268    1   1033   1353   1087    638   6.1342    0.052
B-n67-k10 	BT-3   67   13    134    0   1033   1544   1033    137   2.4838    0.000
B-n67-k10 	BT-3   67   13    134    1   1033   1033   1033    134   2.3577    0.000
B-n67-k10 	BT-3   67    6     67    0   1033   1544   1033     70   1.2991    0.000
B-n67-k10 	BT-3   67    6     67    1   1033   1033   1033     67   1.2580    0.000
B-n67-k10 	BT-3   67   22    268    0   1033   1525   1091    315   4.2629    0.056
B-n67-k10 	BT-3   67   22    268    1   1033   1353   1102    310   4.2819    0.067
B-n67-k10 	BT-3   67   13    134    0   1033   1544   1096    177   2.5221    0.061
B-n67-k10 	BT-3   67   13    134    1   1033   1033   1033    134   2.4577    0.000
B-n67-k10 	BT-3   67    6     67    0   1033   1544   1033     70   1.3753    0.000
B-n67-k10 	BT-3   67    6     67    1   1033   1033   1033     67   1.2521    0.000
B-n67-k10 	BT-3   67   22    268    0   1033   1525   1088    564   5.6249    0.053
B-n67-k10 	BT-3   67   22    268    1   1033   1353   1093    575   7.4652    0.058
B-n67-k10 	BT-3   67   13    134    0   1033   1544   1033    137   2.4974    0.000
B-n67-k10 	BT-3   67   13    134    1   1033   1033   1033    134   2.3838    0.000
B-n67-k10 	BT-3   67    6     67    0   1033   1544   1048    257   2.4336    0.015
B-n67-k10 	BT-3   67    6     67    1   1033   1033   1033     67   1.2433    0.000
B-n67-k10 	BT-3   67   22    268    0   1033   1525   1077    371   4.5637    0.043
B-n67-k10 	BT-3   67   22    268    1   1033   1353   1071    650   6.2059    0.037
B-n67-k10 	BT-3   67   13    134    0   1033   1544   1033    137   2.4746    0.000
B-n67-k10 	BT-3   67   13    134    1   1033   1033   1033    134   2.3558    0.000
B-n67-k10 	BT-3   67    6     67    0   1033   1544   1033     70   1.2981    0.000
B-n67-k10 	BT-3   67    6     67    1   1033   1033   1033     67   1.2403    0.000
B-n67-k10 	BT-3   67   22    268    0   1033   1525   1091    323   4.2320    0.056
B-n67-k10 	BT-3   67   22    268    1   1033   1353   1081    515   5.4329    0.046
B-n67-k10 	BT-3   67   13    134    0   1033   1544   1033    137   2.4826    0.000
B-n67-k10 	BT-3   67   13    134    1   1033   1033   1033    134   2.3645    0.000
B-n67-k10 	BT-3   67    6     67    0   1033   1544   1033     70   1.3086    0.000
B-n67-k10 	BT-3   67    6     67    1   1033   1033   1033     67   1.2405    0.000
B-n67-k10 	BT-3   67   22    268    0   1033   1525   1091    323   4.2889    0.056
B-n67-k10 	BT-3   67   22    268    1   1033   1353   1113    313   4.1983    0.077
B-n67-k10 	BT-3   67   13    134    0   1033   1544   1033    137   2.4852    0.000
B-n67-k10 	BT-3   67   13    134    1   1033   1033   1033    134   2.3612    0.000
B-n67-k10 	BT-3   67    6     67    0   1033   1544   1033     70   1.3040    0.000
B-n67-k10 	BT-3   67    6     67    1   1033   1033   1033     67   1.2392    0.000
B-n67-k10 	BT-3   67   22    268    0   1033   1525   1078    749   6.6808    0.044
B-n67-k10 	BT-3   67   22    268    1   1033   1353   1102    310   4.2847    0.067
B-n67-k10 	BT-3   67   13    134    0   1033   1544   1033    137   2.4817    0.000
B-n67-k10 	BT-3   67   13    134    1   1033   1033   1033    134   2.3789    0.000
B-n67-k10 	BT-3   67    6     67    0   1033   1544   1033     70   1.3082    0.000
B-n67-k10 	BT-3   67    6     67    1   1033   1033   1033     67   1.2396    0.000
B-n67-k10 	BT-3   67   22    268    0   1033   1525   1091    323   4.2834    0.056
B-n67-k10 	BT-3   67   22    268    1   1033   1353   1052    722   6.6048    0.018
B-n67-k10 	BT-3   67   13    134    0   1033   1544   1033    137   2.5459    0.000
B-n67-k10 	BT-3   67   13    134    1   1033   1033   1033    134   2.3751    0.000
B-n67-k10 	BT-3   67    6     67    0   1033   1544   1033     70   1.3025    0.000
B-n67-k10 	BT-3   67    6     67    1   1033   1033   1033     67   1.2363    0.000
B-n67-k10 	BT-3   67   22    268    0   1033   1525   1091    323   4.2708    0.056
B-n67-k10 	BT-3   67   22    268    1   1033   1353   1070    492   5.2389    0.036
B-n67-k10 	BT-3   67   13    134    0   1033   1544   1033    137   2.6323    0.000
B-n67-k10 	BT-3   67   13    134    1   1033   1033   1033    134   2.3636    0.000
B-n67-k10 	BT-3   67    6     67    0   1033   1544   1033     70   1.2923    0.000
B-n67-k10 	BT-3   67    6     67    1   1033   1033   1033     67   1.2386    0.000
B-n67-k10 	BT-3   67   22    268    0   1033   1525   1082    438   5.0183    0.047
B-n67-k10 	BT-3   67   22    268    1   1033   1353   1086    440   4.9858    0.051
B-n67-k10 	BT-3   67   13    134    0   1033   1544   1033    137   2.4841    0.000
B-n67-k10 	BT-3   67   13    134    1   1033   1033   1033    134   2.3637    0.000
B-n67-k10 	BT-3   67    6     67    0   1033   1544   1033     70   1.3046    0.000
B-n67-k10 	BT-3   67    6     67    1   1033   1033   1033     67   1.2378    0.000
B-n67-k10 	BT-3   67   22    268    0   1033   1525   1049    883   7.3844    0.015
B-n67-k10 	BT-3   67   22    268    1   1033   1353   1091    343   4.4353    0.056
B-n67-k10 	BT-3   67   13    134    0   1033   1544   1033    137   2.4757    0.000
B-n67-k10 	BT-3   67   13    134    1   1033   1033   1033    134   2.3612    0.000
B-n67-k10 	BT-3   67    6     67    0   1033   1544   1033     70   1.3102    0.000
B-n67-k10 	BT-3   67    6     67    1   1033   1033   1033     67   1.2489    0.000
B-n67-k10 	BT-3   67   22    268    0   1033   1525   1084    444   4.8297    0.049
B-n67-k10 	BT-3   67   22    268    1   1033   1353   1047    423   4.8420    0.014
B-n67-k10 	BT-3   67   13    134    0   1033   1544   1033    137   2.4757    0.000
B-n67-k10 	BT-3   67   13    134    1   1033   1033   1033    134   2.3611    0.000
B-n67-k10 	BT-3   67    6     67    0   1033   1544   1033     70   1.3081    0.000
B-n67-k10 	BT-3   67    6     67    1   1033   1033   1033     67   1.2481    0.000
B-n67-k10 	BT-3   67   22    268    0   1033   1525   1084    614   5.8789    0.049
B-n67-k10 	BT-3   67   22    268    1   1033   1353   1088    358   4.6112    0.053
B-n67-k10 	BT-3   67   13    134    0   1033   1544   1048    350   3.4999    0.015
B-n67-k10 	BT-3   67   13    134    1   1033   1033   1033    134   2.3627    0.000
B-n67-k10 	BT-3   67    6     67    0   1033   1544   1081    157   1.6781    0.046
B-n67-k10 	BT-3   67    6     67    1   1033   1033   1033     67   1.2522    0.000
B-n67-k10 	BT-3   67   22    268    0   1033   1525   1079    472   5.1285    0.045
B-n67-k10 	BT-3   67   22    268    1   1033   1353   1077    607   5.9603    0.043
B-n67-k10 	BT-3   67   13    134    0   1033   1544   1033    137   2.4776    0.000
B-n67-k10 	BT-3   67   13    134    1   1033   1033   1033    134   2.3800    0.000
B-n67-k10 	BT-3   67    6     67    0   1033   1544   1033     70   1.3046    0.000
B-n67-k10 	BT-3   67    6     67    1   1033   1033   1033     67   1.2384    0.000
B-n67-k10 	BT-3   67   22    268    0   1033   1525   1091    323   4.2661    0.056
B-n67-k10 	BT-3   67   22    268    1   1033   1353   1085    401   4.6753    0.050
B-n67-k10 	BT-3   67   13    134    0   1033   1544   1033    137   2.4990    0.000
B-n67-k10 	BT-3   67   13    134    1   1033   1033   1033    134   2.3557    0.000
B-n67-k10 	BT-3   67    6     67    0   1033   1544   1033     70   1.3014    0.000
B-n67-k10 	BT-3   67    6     67    1   1033   1033   1033     67   1.2397    0.000
B-n67-k10 	BT-3   67   22    268    0   1033   1525   1074    529   5.2545    0.040
B-n67-k10 	BT-3   67   22    268    1   1033   1353   1084    464   5.1567    0.049
B-n67-k10 	BT-3   67   13    134    0   1033   1544   1033    137   2.5163    0.000
B-n67-k10 	BT-3   67   13    134    1   1033   1033   1033    134   2.3798    0.000
B-n67-k10 	BT-3   67    6     67    0   1033   1544   1033     70   1.2980    0.000
B-n67-k10 	BT-3   67    6     67    1   1033   1033   1033     67   1.2398    0.000
B-n67-k10 	BT-3   67   22    268    0   1033   1525   1105    316   4.2585    0.070
B-n67-k10 	BT-3   67   22    268    1   1033   1353   1075    622   6.0786    0.041
B-n67-k10 	BT-3   67   13    134    0   1033   1544   1033    137   2.4921    0.000
B-n67-k10 	BT-3   67   13    134    1   1033   1033   1033    134   2.3608    0.000
B-n67-k10 	BT-3   67    6     67    0   1033   1544   1033     70   1.2995    0.000
B-n67-k10 	BT-3   67    6     67    1   1033   1033   1033     67   1.2516    0.000
B-n67-k10 	BT-3   67   22    268    0   1033   1525   1078    762   6.7191    0.044
B-n67-k10 	BT-3   67   22    268    1   1033   1353   1083    308   4.2562    0.048
B-n67-k10 	BT-3   67   13    134    0   1033   1544   1033    137   2.4680    0.000
B-n67-k10 	BT-3   67   13    134    1   1033   1033   1033    134   2.3739    0.000
B-n67-k10 	BT-3   67    6     67    0   1033   1544   1033     70   1.2998    0.000
B-n67-k10 	BT-3   67    6     67    1   1033   1033   1033     67   1.2393    0.000
B-n67-k10 	BT-3   67   22    268    0   1033   1525   1077    409   4.6717    0.043
B-n67-k10 	BT-3   67   22    268    1   1033   1353   1076    659   6.2465    0.042
B-n67-k10 	BT-3   67   13    134    0   1033   1544   1033    137   2.4737    0.000
B-n67-k10 	BT-3   67   13    134    1   1033   1033   1033    134   2.3578    0.000
B-n67-k10 	BT-3   67    6     67    0   1033   1544   1033     70   1.2997    0.000
B-n67-k10 	BT-3   67    6     67    1   1033   1033   1033     67   1.2421    0.000
B-n67-k10 	BT-3   67   22    268    0   1033   1525   1096    347   4.4075    0.061
B-n67-k10 	BT-3   67   22    268    1   1033   1353   1073    529   5.4399    0.039
B-n67-k10 	BT-3   67   13    134    0   1033   1544   1033    137   2.4905    0.000
B-n67-k10 	BT-3   67   13    134    1   1033   1033   1033    134   2.3734    0.000
B-n67-k10 	BT-3   67    6     67    0   1033   1544   1033     70   1.3113    0.000
B-n67-k10 	BT-3   67    6     67    1   1033   1033   1033     67   1.2445    0.000
B-n67-k10 	BT-3   67   22    268    0   1033   1525   1095    468   5.1324    0.060
B-n67-k10 	BT-3   67   22    268    1   1033   1353   1094    364   4.5075    0.059
B-n67-k10 	BT-3   67   13    134    0   1033   1544   1033    137   2.4941    0.000
B-n67-k10 	BT-3   67   13    134    1   1033   1033   1033    134   2.3603    0.000
B-n67-k10 	BT-3   67    6     67    0   1033   1544   1033     70   1.3277    0.000
B-n67-k10 	BT-3   67    6     67    1   1033   1033   1033     67   1.2372    0.000
B-n67-k10 	BT-3   67   22    268    0   1033   1525   1081    467   4.9473    0.046
B-n67-k10 	BT-3   67   22    268    1   1033   1353   1086    456   5.1023    0.051
B-n67-k10 	BT-3   67   13    134    0   1033   1544   1033    137   2.4430    0.000
B-n67-k10 	BT-3   67   13    134    1   1033   1033   1033    134   2.3696    0.000
B-n67-k10 	BT-3   67    6     67    0   1033   1544   1033     70   1.3039    0.000
B-n67-k10 	BT-3   67    6     67    1   1033   1033   1033     67   1.2519    0.000
B-n67-k10 	BT-3   67   22    268    0   1033   1525   1057    714   6.3192    0.023
B-n67-k10 	BT-3   67   22    268    1   1033   1353   1086    386   4.6157    0.051
B-n67-k10 	BT-3   67   13    134    0   1033   1544   1033    137   2.4927    0.000
B-n67-k10 	BT-3   67   13    134    1   1033   1033   1033    134   2.3670    0.000
B-n67-k10 	BT-3   67    6     67    0   1033   1544   1033     70   1.2984    0.000
B-n67-k10 	BT-3   67    6     67    1   1033   1033   1033     67   1.2381    0.000
B-n67-k10 	BT-3   67   22    268    0   1033   1525   1105    316   4.2537    0.070
B-n67-k10 	BT-3   67   22    268    1   1033   1353   1075    615   6.0519    0.041
B-n67-k10 	BT-3   67   13    134    0   1033   1544   1033    137   2.4975    0.000
B-n67-k10 	BT-3   67   13    134    1   1033   1033   1033    134   2.3745    0.000
B-n67-k10 	BT-3   67    6     67    0   1033   1544   1033     70   1.2985    0.000
B-n67-k10 	BT-3   67    6     67    1   1033   1033   1033     67   1.2567    0.000
B-n67-k10 	BT-3   67   22    268    0   1033   1525   1047    646   5.9919    0.014
B-n67-k10 	BT-3   67   22    268    1   1033   1353   1093    338   4.4106    0.058
B-n67-k10 	BT-3   67   13    134    0   1033   1544   1033    137   2.4768    0.000
B-n67-k10 	BT-3   67   13    134    1   1033   1033   1033    134   2.3551    0.000
B-n67-k10 	BT-3   67    6     67    0   1033   1544   1033     70   1.2987    0.000
B-n67-k10 	BT-3   67    6     67    1   1033   1033   1033     67   1.2393    0.000
B-n67-k10 	BT-3   67   22    268    0   1033   1525   1085    431   5.0367    0.050
B-n67-k10 	BT-3   67   22    268    1   1033   1353   1057    579   7.2036    0.023
B-n67-k10 	BT-3   67   13    134    0   1033   1544   1033    137   2.4897    0.000
B-n67-k10 	BT-3   67   13    134    1   1033   1033   1033    134   2.3679    0.000
B-n67-k10 	BT-3   67    6     67    0   1033   1544   1033     70   1.2992    0.000
B-n67-k10 	BT-3   67    6     67    1   1033   1033   1033     67   1.3189    0.000
B-n67-k10 	BT-3   67   22    268    0   1033   1525   1089    578   5.8468    0.054
B-n67-k10 	BT-3   67   22    268    1   1033   1353   1076    761   6.8750    0.042
B-n67-k10 	BT-3   67   13    134    0   1033   1544   1077    272   2.9905    0.043
B-n67-k10 	BT-3   67   13    134    1   1033   1033   1033    134   2.3612    0.000
B-n67-k10 	BT-3   67    6     67    0   1033   1544   1033     70   1.2967    0.000
B-n67-k10 	BT-3   67    6     67    1   1033   1033   1033     67   1.2629    0.000
B-n67-k10 	BT-3   67   22    268    0   1033   1525   1076    363   4.4720    0.042
B-n67-k10 	BT-3   67   22    268    1   1033   1353   1079    371   4.5812    0.045
B-n67-k10 	BT-3   67   13    134    0   1033   1544   1033    137   2.4905    0.000
B-n67-k10 	BT-3   67   13    134    1   1033   1033   1033    134   2.3576    0.000
B-n67-k10 	BT-3   67    6     67    0   1033   1544   1033     70   1.3062    0.000
B-n67-k10 	BT-3   67    6     67    1   1033   1033   1033     67   1.2379    0.000
B-n67-k10 	BT-3   67   22    268    0   1033   1525   1091    323   4.2742    0.056
B-n67-k10 	BT-3   67   22    268    1   1033   1353   1087    500   5.3259    0.052
B-n67-k10 	BT-3   67   13    134    0   1033   1544   1033    137   2.4925    0.000
B-n67-k10 	BT-3   67   13    134    1   1033   1033   1033    134   2.3602    0.000
B-n67-k10 	BT-3   67    6     67    0   1033   1544   1033     70   1.3175    0.000
B-n67-k10 	BT-3   67    6     67    1   1033   1033   1033     67   1.2420    0.000
B-n67-k10 	BT-3   67   22    268    0   1033   1525   1091    323   4.2133    0.056
B-n67-k10 	BT-3   67   22    268    1   1033   1353   1079    554   5.7322    0.045
B-n67-k10 	BT-3   67   13    134    0   1033   1544   1033    137   2.4841    0.000
B-n67-k10 	BT-3   67   13    134    1   1033   1033   1033    134   2.3661    0.000
B-n67-k10 	BT-3   67    6     67    0   1033   1544   1033     70   1.3252    0.000
B-n67-k10 	BT-3   67    6     67    1   1033   1033   1033     67   1.2386    0.000
B-n67-k10 	BT-3   67   22    268    0   1033   1525   1078    329   4.2676    0.044
B-n67-k10 	BT-3   67   22    268    1   1033   1353   1096    318   4.3139    0.061
B-n67-k10 	BT-3   67   13    134    0   1033   1544   1033    137   2.5034    0.000
B-n67-k10 	BT-3   67   13    134    1   1033   1033   1033    134   2.3561    0.000
B-n67-k10 	BT-3   67    6     67    0   1033   1544   1033     70   1.3006    0.000
B-n67-k10 	BT-3   67    6     67    1   1033   1033   1033     67   1.2410    0.000
B-n67-k10 	BT-3   67   22    268    0   1033   1525   1085    454   5.0260    0.050
B-n67-k10 	BT-3   67   22    268    1   1033   1353   1086    313   4.3244    0.051
B-n67-k10 	BT-3   67   13    134    0   1033   1544   1033    137   2.4721    0.000
B-n67-k10 	BT-3   67   13    134    1   1033   1033   1033    134   2.3671    0.000
B-n67-k10 	BT-3   67    6     67    0   1033   1544   1033     70   1.3010    0.000
B-n67-k10 	BT-3   67    6     67    1   1033   1033   1033     67   1.2392    0.000
B-n67-k10 	BT-3   67   22    268    0   1033   1525   1082    381   4.5253    0.047
B-n67-k10 	BT-3   67   22    268    1   1033   1353   1077    410   4.8059    0.043
B-n67-k10 	BT-3   67   13    134    0   1033   1544   1033    137   2.4766    0.000
B-n67-k10 	BT-3   67   13    134    1   1033   1033   1033    134   2.3761    0.000
B-n67-k10 	BT-3   67    6     67    0   1033   1544   1033     70   1.3048    0.000
B-n67-k10 	BT-3   67    6     67    1   1033   1033   1033     67   1.2377    0.000
B-n67-k10 	BT-3   67   22    268    0   1033   1525   1091    323   4.2367    0.056
B-n67-k10 	BT-3   67   22    268    1   1033   1353   1087    441   5.0582    0.052
B-n67-k10 	BT-3   67   13    134    0   1033   1544   1033    137   2.4992    0.000
B-n67-k10 	BT-3   67   13    134    1   1033   1033   1033    134   2.3576    0.000
B-n67-k10 	BT-3   67    6     67    0   1033   1544   1033     70   1.2963    0.000
B-n67-k10 	BT-3   67    6     67    1   1033   1033   1033     67   1.2359    0.000
B-n67-k10 	BT-3   67   22    268    0   1033   1525   1091    323   4.2346    0.056
B-n67-k10 	BT-3   67   22    268    1   1033   1353   1076    566   5.7683    0.042
B-n67-k10 	BT-3   67   13    134    0   1033   1544   1033    137   2.4755    0.000
B-n67-k10 	BT-3   67   13    134    1   1033   1033   1033    134   2.3788    0.000
B-n67-k10 	BT-3   67    6     67    0   1033   1544   1033     70   1.3051    0.000
B-n67-k10 	BT-3   67    6     67    1   1033   1033   1033     67   1.2409    0.000
B-n67-k10 	BT-3   67   22    268    0   1033   1525   1078    436   4.8549    0.044
B-n67-k10 	BT-3   67   22    268    1   1033   1353   1085    536   5.5549    0.050
B-n67-k10 	BT-3   67   13    134    0   1033   1544   1033    137   2.4793    0.000
B-n67-k10 	BT-3   67   13    134    1   1033   1033   1033    134   2.3692    0.000
B-n67-k10 	BT-3   67    6     67    0   1033   1544   1084    148   1.5546    0.049
B-n67-k10 	BT-3   67    6     67    1   1033   1033   1033     67   1.2397    0.000
B-n67-k10 	BT-3   67   22    268    0   1033   1525   1077    400   4.7579    0.043
B-n67-k10 	BT-3   67   22    268    1   1033   1353   1102    310   4.2895    0.067
B-n67-k10 	BT-3   67   13    134    0   1033   1544   1033    137   2.4707    0.000
B-n67-k10 	BT-3   67   13    134    1   1033   1033   1033    134   2.3763    0.000
B-n67-k10 	BT-3   67    6     67    0   1033   1544   1033     70   1.3051    0.000
B-n67-k10 	BT-3   67    6     67    1   1033   1033   1033     67   1.2431    0.000
B-n67-k10 	BT-3   67   22    268    0   1033   1525   1091    323   4.2794    0.056
B-n67-k10 	BT-3   67   22    268    1   1033   1353   1102    310   4.3312    0.067
B-n67-k10 	BT-3   67   13    134    0   1033   1544   1033    137   2.4742    0.000
B-n67-k10 	BT-3   67   13    134    1   1033   1033   1033    134   2.3589    0.000
B-n67-k10 	BT-3   67    6     67    0   1033   1544   1033     70   1.3109    0.000
B-n67-k10 	BT-3   67    6     67    1   1033   1033   1033     67   1.2399    0.000
B-n67-k10 	BT-3   67   22    268    0   1033   1525   1091    323   4.2599    0.056
B-n67-k10 	BT-3   67   22    268    1   1033   1353   1088    395   4.7253    0.053
B-n67-k10 	BT-3   67   13    134    0   1033   1544   1033    137   2.4867    0.000
B-n67-k10 	BT-3   67   13    134    1   1033   1033   1033    134   2.3892    0.000
B-n67-k10 	BT-3   67    6     67    0   1033   1544   1076    211   1.9131    0.042
B-n67-k10 	BT-3   67    6     67    1   1033   1033   1033     67   1.2371    0.000
B-n67-k10 	BT-3   67   22    268    0   1033   1525   1077    546   5.4719    0.043
B-n67-k10 	BT-3   67   22    268    1   1033   1353   1049    870   7.2367    0.015
B-n67-k10 	BT-3   67   13    134    0   1033   1544   1033    137   2.4886    0.000
B-n67-k10 	BT-3   67   13    134    1   1033   1033   1033    134   2.4044    0.000
B-n67-k10 	BT-3   67    6     67    0   1033   1544   1033     70   1.3032    0.000
B-n67-k10 	BT-3   67    6     67    1   1033   1033   1033     67   1.2435    0.000
B-n67-k10 	BT-3   67   22    268    0   1033   1525   1073    464   4.9319    0.039
B-n67-k10 	BT-3   67   22    268    1   1033   1353   1102    310   4.2866    0.067
B-n67-k10 	BT-3   67   13    134    0   1033   1544   1033    137   2.4720    0.000
B-n67-k10 	BT-3   67   13    134    1   1033   1033   1033    134   2.3572    0.000
B-n67-k10 	BT-3   67    6     67    0   1033   1544   1033     70   1.3012    0.000
B-n67-k10 	BT-3   67    6     67    1   1033   1033   1033     67   1.2420    0.000
B-n67-k10 	BT-3   67   22    268    0   1033   1525   1091    323   4.2886    0.056
B-n67-k10 	BT-3   67   22    268    1   1033   1353   1090    567   5.8628    0.055
B-n67-k10 	BT-3   67   13    134    0   1033   1544   1033    137   2.5000    0.000
B-n67-k10 	BT-3   67   13    134    1   1033   1033   1033    134   2.3633    0.000
B-n67-k10 	BT-3   67    6     67    0   1033   1544   1085    129   1.5188    0.050
B-n67-k10 	BT-3   67    6     67    1   1033   1033   1033     67   1.2428    0.000
B-n67-k10 	BT-3   67   22    268    0   1033   1525   1073    433   4.8796    0.039
B-n67-k10 	BT-3   67   22    268    1   1033   1353   1072    660   6.1644    0.038
B-n67-k10 	BT-3   67   13    134    0   1033   1544   1033    137   2.4901    0.000
B-n67-k10 	BT-3   67   13    134    1   1033   1033   1033    134   2.3787    0.000
B-n67-k10 	BT-3   67    6     67    0   1033   1544   1081    125   1.4850    0.046
B-n67-k10 	BT-3   67    6     67    1   1033   1033   1033     67   1.2590    0.000
B-n67-k10 	BT-3   67   22    268    0   1033   1525   1092    326   4.1592    0.057
B-n67-k10 	BT-3   67   22    268    1   1033   1353   1085    552   5.6913    0.050
B-n67-k10 	BT-3   67   13    134    0   1033   1544   1033    137   2.4896    0.000
B-n67-k10 	BT-3   67   13    134    1   1033   1033   1033    134   2.3511    0.000
B-n67-k10 	BT-3   67    6     67    0   1033   1544   1033     70   1.2958    0.000
B-n67-k10 	BT-3   67    6     67    1   1033   1033   1033     67   1.2447    0.000
B-n67-k10 	BT-3   67   22    268    0   1033   1525   1086    537   5.4279    0.051
B-n67-k10 	BT-3   67   22    268    1   1033   1353   1080    429   4.8318    0.045
B-n67-k10 	BT-3   67   13    134    0   1033   1544   1033    137   2.4693    0.000
B-n67-k10 	BT-3   67   13    134    1   1033   1033   1033    134   2.3613    0.000
B-n67-k10 	BT-3   67    6     67    0   1033   1544   1084    150   1.6017    0.049
B-n67-k10 	BT-3   67    6     67    1   1033   1033   1033     67   1.2511    0.000
B-n67-k10 	BT-3   67   22    268    0   1033   1525   1091    323   4.2881    0.056
B-n67-k10 	BT-3   67   22    268    1   1033   1353   1084    395   4.7239    0.049
B-n67-k10 	BT-3   67   13    134    0   1033   1544   1033    137   2.5141    0.000
B-n67-k10 	BT-3   67   13    134    1   1033   1033   1033    134   2.3644    0.000
B-n67-k10 	BT-3   67    6     67    0   1033   1544   1033     70   1.3105    0.000
B-n67-k10 	BT-3   67    6     67    1   1033   1033   1033     67   1.2358    0.000
B-n67-k10 	BT-3   67   22    268    0   1033   1525   1091    323   4.2463    0.056
B-n67-k10 	BT-3   67   22    268    1   1033   1353   1102    310   4.3002    0.067
B-n67-k10 	BT-3   67   13    134    0   1033   1544   1033    137   2.4945    0.000
B-n67-k10 	BT-3   67   13    134    1   1033   1033   1033    134   2.3566    0.000
B-n67-k10 	BT-3   67    6     67    0   1033   1544   1076    197   1.9835    0.042
B-n67-k10 	BT-3   67    6     67    1   1033   1033   1033     67   1.2577    0.000
