B-n51-k7 	BT-1   51   17    204    0   1032   1557   1020    259   0.7515   -0.012
B-n51-k7 	BT-1   51   17    204    1   1032   1141   1020    258   0.6895   -0.012
B-n51-k7 	BT-1   51   10    102    0   1032   1451   1020    103   0.2978   -0.012
B-n51-k7 	BT-1   51   10    102    1   1032   1020   1020    102   0.2951   -0.012
B-n51-k7 	BT-1   51    5     51    0   1032   1451   1020     52   0.1751   -0.012
B-n51-k7 	BT-1   51    5     51    1   1032   1020   1020     51   0.1723   -0.012
B-n51-k7 	BT-2   51   17    204    0   1032   1557   1021    270   0.7249   -0.011
B-n51-k7 	BT-2   51   17    204    1   1032   1141   1017    244   0.6546   -0.015
B-n51-k7 	BT-2   51   10    102    0   1032   1465   1017    130   0.3660   -0.015
B-n51-k7 	BT-2   51   10    102    1   1032   1017   1017    102   0.3017   -0.015
B-n51-k7 	BT-2   51    5     51    0   1032   1465   1021     61   0.1977   -0.011
B-n51-k7 	BT-2   51    5     51    1   1032   1017   1017     51   0.1718   -0.015
B-n51-k7 	BT-3   51   17    204    0   1032   1557   1018    253   1.2221   -0.014
B-n51-k7 	BT-3   51   17    204    1   1032   1141   1023    232   1.2268   -0.009
B-n51-k7 	BT-3   51   10    102    0   1032   1479   1018    183   0.8268   -0.014
B-n51-k7 	BT-3   51   10    102    1   1032   1018   1018    102   0.6760   -0.014
B-n51-k7 	BT-3   51    5     51    0   1032   1479   1037     89   0.4265    0.005
B-n51-k7 	BT-3   51    5     51    1   1032   1018   1018     51   0.3705   -0.014
B-n51-k7 	BT-3   51   17    204    0   1032   1557   1018    425   1.6970   -0.014
B-n51-k7 	BT-3   51   17    204    1   1032   1141   1024    278   1.3671   -0.008
B-n51-k7 	BT-3   51   10    102    0   1032   1479   1061    119   0.6970    0.028
B-n51-k7 	BT-3   51   10    102    1   1032   1018   1018    102   0.6677   -0.014
B-n51-k7 	BT-3   51    5     51    0   1032   1479   1037    100   0.4453    0.005
B-n51-k7 	BT-3   51    5     51    1   1032   1018   1018     51   0.3763   -0.014
B-n51-k7 	BT-3   51   17    204    0   1032   1557   1020    248   1.2273   -0.012
B-n51-k7 	BT-3   51   17    204    1   1032   1141   1072    216   1.1624    0.039
B-n51-k7 	BT-3   51   10    102    0   1032   1479   1018    163   0.7865   -0.014
B-n51-k7 	BT-3   51   10    102    1   1032   1018   1018    102   0.6589   -0.014
B-n51-k7 	BT-3   51    5     51    0   1032   1479   1038    131   0.5314    0.006
B-n51-k7 	BT-3   51    5     51    1   1032   1018   1018     51   0.3768   -0.014
B-n51-k7 	BT-3   51   17    204    0   1032   1557   1018    251   1.2828   -0.014
B-n51-k7 	BT-3   51   17    204    1   1032   1141   1019    347   1.5038   -0.013
B-n51-k7 	BT-3   51   10    102    0   1032   1479   1037    234   0.9705    0.005
B-n51-k7 	BT-3   51   10    102    1   1032   1018   1018    102   0.6633   -0.014
B-n51-k7 	BT-3   51    5     51    0   1032   1479   1036     94   0.4323    0.004
B-n51-k7 	BT-3   51    5     51    1   1032   1018   1018     51   0.3709   -0.014
B-n51-k7 	BT-3   51   17    204    0   1032   1557   1034    252   1.2818    0.002
B-n51-k7 	BT-3   51   17    204    1   1032   1141   1026    230   1.2070   -0.006
B-n51-k7 	BT-3   51   10    102    0   1032   1479   1040    190   0.8631    0.008
B-n51-k7 	BT-3   51   10    102    1   1032   1018   1018    102   0.6629   -0.014
B-n51-k7 	BT-3   51    5     51    0   1032   1479   1018     89   0.4633   -0.014
B-n51-k7 	BT-3   51    5     51    1   1032   1018   1018     51   0.3719   -0.014
B-n51-k7 	BT-3   51   17    204    0   1032   1557   1018    249   1.2312   -0.014
B-n51-k7 	BT-3   51   17    204    1   1032   1141   1068    225   1.2044    0.035
B-n51-k7 	BT-3   51   10    102    0   1032   1479   1021    207   0.8831   -0.011
B-n51-k7 	BT-3   51   10    102    1   1032   1018   1018    102   0.6656   -0.014
B-n51-k7 	BT-3   51    5     51    0   1032   1479   1018    116   0.5446   -0.014
B-n51-k7 	BT-3   51    5     51    1   1032   1018   1018     51   0.3706   -0.014
B-n51-k7 	BT-3   51   17    204    0   1032   1557   1018    290   1.3279   -0.014
B-n51-k7 	BT-3   51   17    204    1   1032   1141   1025    235   1.2323   -0.007
B-n51-k7 	BT-3   51   10    102    0   1032   1479   1048    158   0.7693    0.016
B-n51-k7 	BT-3   51   10    102    1   1032   1018   1018    102   0.6728   -0.014
B-n51-k7 	BT-3   51    5     51    0   1032   1479   1018    127   0.5567   -0.014
B-n51-k7 	BT-3   51    5     51    1   1032   1018   1018     51   0.3721   -0.014
B-n51-k7 	BT-3   51   17    204    0   1032   1557   1025    232   1.2160   -0.007
B-n51-k7 	BT-3   51   17    204    1   1032   1141   1020    289   1.3442   -0.012
B-n51-k7 	BT-3   51   10    102    0   1032   1479   1059    144   0.7622    0.026
B-n51-k7 	BT-3   51   10    102    1   1032   1018   1018    102   0.6574   -0.014
B-n51-k7 	BT-3   51    5     51    0   1032   1479   1041    118   0.5039    0.009
B-n51-k7 	BT-3   51    5     51    1   1032   1018   1018     51   0.3696   -0.014
B-n51-k7 	BT-3   51   17    204    0   1032   1557   1020    235   1.1922   -0.012
B-n51-k7 	BT-3   51   17    204    1   1032   1141   1023    227   1.1802   -0.009
B-n51-k7 	BT-3   51   10    102    0   1032   1479   1048    139   0.7156    0.016
B-n51-k7 	BT-3   51   10    102    1   1032   1018   1018    102   0.6597   -0.014
B-n51-k7 	BT-3   51    5     51    0   1032   1479   1045     80   0.4052    0.013
B-n51-k7 	BT-3   51    5     51    1   1032   1018   1018     51   0.3700   -0.014
B-n51-k7 	BT-3   51   17    204    0   1032   1557   1019    289   1.3555   -0.013
B-n51-k7 	BT-3   51   17    204    1   1032   1141   1026    230   1.2031   -0.006
B-n51-k7 	BT-3   51   10    102    0   1032   1479   1020    169   0.8388   -0.012
B-n51-k7 	BT-3   51   10    102    1   1032   1018   1018    102   0.6619   -0.014
B-n51-k7 	BT-3   51    5     51    0   1032   1479   1024     70   0.4127   -0.008
B-n51-k7 	BT-3   51    5     51    1   1032   1018   1018     51   0.3707   -0.014
B-n51-k7 	BT-3   51   17    204    0   1032   1557   1018    246   1.2404   -0.014
B-n51-k7 	BT-3   51   17    204    1   1032   1141   1026    230   1.2142   -0.006
B-n51-k7 	BT-3   51   10    102    0   1032   1479   1018    169   0.7944   -0.014
B-n51-k7 	BT-3   51   10    102    1   1032   1018   1018    102   0.6670   -0.014
B-n51-k7 	BT-3   51    5     51    0   1032   1479   1018     85   0.4228   -0.014
B-n51-k7 	BT-3   51    5     51    1   1032   1018   1018     51   0.3711   -0.014
B-n51-k7 	BT-3   51   17    204    0   1032   1557   1016    390   1.5722   -0.016
B-n51-k7 	BT-3   51   17    204    1   1032   1141   1025    476   1.8621   -0.007
B-n51-k7 	BT-3   51   10    102    0   1032   1497   1021    152   0.8181   -0.011
B-n51-k7 	BT-3   51   10    102    1   1032   1016   1016    102   0.6861   -0.016
B-n51-k7 	BT-3   51    5     51    0   1032   1497   1026     72   0.4249   -0.006
B-n51-k7 	BT-3   51    5     51    1   1032   1016   1016     51   0.4185   -0.016
B-n51-k7 	BT-3   51   17    204    0   1032   1557   1018    249   1.2342   -0.014
B-n51-k7 	BT-3   51   17    204    1   1032   1141   1026    230   1.2097   -0.006
B-n51-k7 	BT-3   51   10    102    0   1032   1497   1020    133   0.7308   -0.012
B-n51-k7 	BT-3   51   10    102    1   1032   1016   1016    102   0.6752   -0.016
B-n51-k7 	BT-3   51    5     51    0   1032   1497   1022    163   0.6715   -0.010
B-n51-k7 	BT-3   51    5     51    1   1032   1016   1016     51   0.3790   -0.016
B-n51-k7 	BT-3   51   17    204    0   1032   1557   1018    294   1.3767   -0.014
B-n51-k7 	BT-3   51   17    204    1   1032   1141   1024    244   1.2377   -0.008
B-n51-k7 	BT-3   51   10    102    0   1032   1497   1020    127   0.7357   -0.012
B-n51-k7 	BT-3   51   10    102    1   1032   1016   1016    102   0.6832   -0.016
B-n51-k7 	BT-3   51    5     51    0   1032   1497   1021    122   0.5695   -0.011
B-n51-k7 	BT-3   51    5     51    1   1032   1016   1016     51   0.3788   -0.016
B-n51-k7 	BT-3   51   17    204    0   1032   1557   1021    255   1.2503   -0.011
B-n51-k7 	BT-3   51   17    204    1   1032   1141   1024    254   1.2717   -0.008
B-n51-k7 	BT-3   51   10    102    0   1032   1497   1022    180   0.8632   -0.010
B-n51-k7 	BT-3   51   10    102    1   1032   1016   1016    102   0.6767   -0.016
B-n51-k7 	BT-3   51    5     51    0   1032   1497   1016    134   0.5495   -0.016
B-n51-k7 	BT-3   51    5     51    1   1032   1016   1016     51   0.3834   -0.016
B-n51-k7 	BT-3   51   17    204    0   1032   1557   1018    255   1.2696   -0.014
B-n51-k7 	BT-3   51   17    204    1   1032   1141   1042    286   1.3195    0.010
B-n51-k7 	BT-3   51   10    102    0   1032   1497   1034    117   0.6799    0.002
B-n51-k7 	BT-3   51   10    102    1   1032   1016   1016    102   0.6800   -0.016
B-n51-k7 	BT-3   51    5     51    0   1032   1497   1024     70   0.4152   -0.008
B-n51-k7 	BT-3   51    5     51    1   1032   1016   1016     51   0.3775   -0.016
B-n51-k7 	BT-3   51   17    204    0   1032   1557   1018    447   1.7674   -0.014
B-n51-k7 	BT-3   51   17    204    1   1032   1141   1026    230   1.2042   -0.006
B-n51-k7 	BT-3   51   10    102    0   1032   1497   1020    222   0.9969   -0.012
B-n51-k7 	BT-3   51   10    102    1   1032   1016   1016    102   0.6747   -0.016
B-n51-k7 	BT-3   51    5     51    0   1032   1497   1024     89   0.4684   -0.008
B-n51-k7 	BT-3   51    5     51    1   1032   1016   1016     51   0.3803   -0.016
B-n51-k7 	BT-3   51   17    204    0   1032   1557   1020    258   1.2603   -0.012
B-n51-k7 	BT-3   51   17    204    1   1032   1141   1020    266   1.3246   -0.012
B-n51-k7 	BT-3   51   10    102    0   1032   1497   1023    143   0.7758   -0.009
B-n51-k7 	BT-3   51   10    102    1   1032   1016   1016    102   0.6700   -0.016
B-n51-k7 	BT-3   51    5     51    0   1032   1497   1020     77   0.4212   -0.012
B-n51-k7 	BT-3   51    5     51    1   1032   1016   1016     51   0.3781   -0.016
B-n51-k7 	BT-3   51   17    204    0   1032   1557   1018    251   1.2495   -0.014
B-n51-k7 	BT-3   51   17    204    1   1032   1141   1025    408   1.6737   -0.007
B-n51-k7 	BT-3   51   10    102    0   1032   1497   1016    190   0.8734   -0.016
B-n51-k7 	BT-3   51   10    102    1   1032   1016   1016    102   0.6769   -0.016
B-n51-k7 	BT-3   51    5     51    0   1032   1497   1019    222   0.8631   -0.013
B-n51-k7 	BT-3   51    5     51    1   1032   1016   1016     51   0.3774   -0.016
B-n51-k7 	BT-3   51   17    204    0   1032   1557   1019    265   1.2932   -0.013
B-n51-k7 	BT-3   51   17    204    1   1032   1141   1026    230   1.2025   -0.006
B-n51-k7 	BT-3   51   10    102    0   1032   1497   1019    209   0.9245   -0.013
B-n51-k7 	BT-3   51   10    102    1   1032   1016   1016    102   0.6743   -0.016
B-n51-k7 	BT-3   51    5     51    0   1032   1497   1024     74   0.4429   -0.008
B-n51-k7 	BT-3   51    5     51    1   1032   1016   1016     51   0.3794   -0.016
B-n51-k7 	BT-3   51   17    204    0   1032   1557   1020    295   1.3678   -0.012
B-n51-k7 	BT-3   51   17    204    1   1032   1141   1023    227   1.2134   -0.009
B-n51-k7 	BT-3   51   10    102    0   1032   1497   1021    131   0.7415   -0.011
B-n51-k7 	BT-3   51   10    102    1   1032   1016   1016    102   0.6757   -0.016
B-n51-k7 	BT-3   51    5     51    0   1032   1497   1021     82   0.4436   -0.011
B-n51-k7 	BT-3   51    5     51    1   1032   1016   1016     51   0.3802   -0.016
B-n51-k7 	BT-3   51   17    204    0   1032   1557   1029    231   1.2065   -0.003
B-n51-k7 	BT-3   51   17    204    1   1032   1141   1020    425   1.8717   -0.012
B-n51-k7 	BT-3   51   10    102    0   1032   1497   1021    146   0.7762   -0.011
B-n51-k7 	BT-3   51   10    102    1   1032   1016   1016    102   0.6740   -0.016
B-n51-k7 	BT-3   51    5     51    0   1032   1497   1021     90   0.4494   -0.011
B-n51-k7 	BT-3   51    5     51    1   1032   1016   1016     51   0.3860   -0.016
B-n51-k7 	BT-3   51   17    204    0   1032   1557   1018    275   1.3372   -0.014
B-n51-k7 	BT-3   51   17    204    1   1032   1141   1026    230   1.2136   -0.006
B-n51-k7 	BT-3   51   10    102    0   1032   1497   1021    159   0.8060   -0.011
B-n51-k7 	BT-3   51   10    102    1   1032   1016   1016    102   0.6783   -0.016
B-n51-k7 	BT-3   51    5     51    0   1032   1497   1024     68   0.4170   -0.008
B-n51-k7 	BT-3   51    5     51    1   1032   1016   1016     51   0.3795   -0.016
B-n51-k7 	BT-3   51   17    204    0   1032   1557   1018    278   1.3441   -0.014
B-n51-k7 	BT-3   51   17    204    1   1032   1141   1023    580   2.1144   -0.009
B-n51-k7 	BT-3   51   10    102    0   1032   1497   1021    212   0.9571   -0.011
B-n51-k7 	BT-3   51   10    102    1   1032   1016   1016    102   0.6913   -0.016
B-n51-k7 	BT-3   51    5     51    0   1032   1497   1019    216   0.8222   -0.013
B-n51-k7 	BT-3   51    5     51    1   1032   1016   1016     51   0.3786   -0.016
B-n51-k7 	BT-3   51   17    204    0   1032   1557   1027    228   1.2112   -0.005
B-n51-k7 	BT-3   51   17    204    1   1032   1141   1023    232   1.2167   -0.009
B-n51-k7 	BT-3   51   10    102    0   1032   1497   1034    117   0.6943    0.002
B-n51-k7 	BT-3   51   10    102    1   1032   1016   1016    102   0.6876   -0.016
B-n51-k7 	BT-3   51    5     51    0   1032   1497   1016    115   0.5000   -0.016
B-n51-k7 	BT-3   51    5     51    1   1032   1016   1016     51   0.3779   -0.016
B-n51-k7 	BT-3   51   17    204    0   1032   1557   1027    228   1.2191   -0.005
B-n51-k7 	BT-3   51   17    204    1   1032   1141   1020    305   1.4003   -0.012
B-n51-k7 	BT-3   51   10    102    0   1032   1497   1023    127   0.7279   -0.009
B-n51-k7 	BT-3   51   10    102    1   1032   1016   1016    102   0.6777   -0.016
B-n51-k7 	BT-3   51    5     51    0   1032   1497   1016    112   0.4977   -0.016
B-n51-k7 	BT-3   51    5     51    1   1032   1016   1016     51   0.3810   -0.016
B-n51-k7 	BT-3   51   17    204    0   1032   1557   1018    246   1.2408   -0.014
B-n51-k7 	BT-3   51   17    204    1   1032   1141   1026    230   1.2143   -0.006
B-n51-k7 	BT-3   51   10    102    0   1032   1497   1020    235   1.0277   -0.012
B-n51-k7 	BT-3   51   10    102    1   1032   1016   1016    102   0.6765   -0.016
B-n51-k7 	BT-3   51    5     51    0   1032   1497   1016    131   0.5610   -0.016
B-n51-k7 	BT-3   51    5     51    1   1032   1016   1016     51   0.3826   -0.016
B-n51-k7 	BT-3   51   17    204    0   1032   1557   1019    239   1.2286   -0.013
B-n51-k7 	BT-3   51   17    204    1   1032   1141   1026    230   1.2037   -0.006
B-n51-k7 	BT-3   51   10    102    0   1032   1497   1022    132   0.7424   -0.010
B-n51-k7 	BT-3   51   10    102    1   1032   1016   1016    102   0.6832   -0.016
B-n51-k7 	BT-3   51    5     51    0   1032   1497   1023     94   0.4792   -0.009
B-n51-k7 	BT-3   51    5     51    1   1032   1016   1016     51   0.3805   -0.016
B-n51-k7 	BT-3   51   17    204    0   1032   1557   1018    256   1.2857   -0.014
B-n51-k7 	BT-3   51   17    204    1   1032   1141   1017    366   1.5286   -0.015
B-n51-k7 	BT-3   51   10    102    0   1032   1497   1016    163   0.7933   -0.016
B-n51-k7 	BT-3   51   10    102    1   1032   1016   1016    102   0.6757   -0.016
B-n51-k7 	BT-3   51    5     51    0   1032   1497   1020     77   0.4327   -0.012
B-n51-k7 	BT-3   51    5     51    1   1032   1016   1016     51   0.3781   -0.016
B-n51-k7 	BT-3   51   17    204    0   1032   1557   1018    260   1.2461   -0.014
B-n51-k7 	BT-3   51   17    204    1   1032   1141   1027    246   1.2670   -0.005
B-n51-k7 	BT-3   51   10    102    0   1032   1497   1021    170   0.8237   -0.011
B-n51-k7 	BT-3   51   10    102    1   1032   1016   1016    102   0.6765   -0.016
B-n51-k7 	BT-3   51    5     51    0   1032   1497   1022     72   0.4494   -0.010
B-n51-k7 	BT-3   51    5     51    1   1032   1016   1016     51   0.3805   -0.016
B-n51-k7 	BT-3   51   17    204    0   1032   1557   1027    228   1.2151   -0.005
B-n51-k7 	BT-3   51   17    204    1   1032   1141   1020    365   1.5614   -0.012
B-n51-k7 	BT-3   51   10    102    0   1032   1497   1020    162   0.8188   -0.012
B-n51-k7 	BT-3   51   10    102    1   1032   1016   1016    102   0.6724   -0.016
B-n51-k7 	BT-3   51    5     51    0   1032   1497   1027     77   0.4220   -0.005
B-n51-k7 	BT-3   51    5     51    1   1032   1016   1016     51   0.3790   -0.016
B-n51-k7 	BT-3   51   17    204    0   1032   1557   1018    253   1.2482   -0.014
B-n51-k7 	BT-3   51   17    204    1   1032   1141   1026    230   1.1990   -0.006
B-n51-k7 	BT-3   51   10    102    0   1032   1497   1026    138   0.7636   -0.006
B-n51-k7 	BT-3   51   10    102    1   1032   1016   1016    102   0.6793   -0.016
B-n51-k7 	BT-3   51    5     51    0   1032   1497   1025     88   0.4815   -0.007
B-n51-k7 	BT-3   51    5     51    1   1032   1016   1016     51   0.3785   -0.016
B-n51-k7 	BT-3   51   17    204    0   1032   1557   1020    258   1.2458   -0.012
B-n51-k7 	BT-3   51   17    204    1   1032   1141   1026    230   1.2237   -0.006
B-n51-k7 	BT-3   51   10    102    0   1032   1497   1027    118   0.7226   -0.005
B-n51-k7 	BT-3   51   10    102    1   1032   1016   1016    102   0.6829   -0.016
B-n51-k7 	BT-3   51    5     51    0   1032   1497   1024    167   0.7142   -0.008
B-n51-k7 	BT-3   51    5     51    1   1032   1016   1016     51   0.3780   -0.016
B-n51-k7 	BT-3   51   17    204    0   1032   1557   1018    262   1.2435   -0.014
B-n51-k7 	BT-3   51   17    204    1   1032   1141   1020    325   1.4327   -0.012
B-n51-k7 	BT-3   51   10    102    0   1032   1497   1022    149   0.7845   -0.010
B-n51-k7 	BT-3   51   10    102    1   1032   1016   1016    102   0.6796   -0.016
B-n51-k7 	BT-3   51    5     51    0   1032   1497   1016     99   0.4824   -0.016
B-n51-k7 	BT-3   51    5     51    1   1032   1016   1016     51   0.3814   -0.016
B-n51-k7 	BT-3   51   17    204    0   1032   1557   1018    250   1.2364   -0.014
B-n51-k7 	BT-3   51   17    204    1   1032   1141   1026    230   1.2034   -0.006
B-n51-k7 	BT-3   51   10    102    0   1032   1497   1020    134   0.7355   -0.012
B-n51-k7 	BT-3   51   10    102    1   1032   1016   1016    102   0.6774   -0.016
B-n51-k7 	BT-3   51    5     51    0   1032   1497   1019    227   0.8681   -0.013
B-n51-k7 	BT-3   51    5     51    1   1032   1016   1016     51   0.3770   -0.016
B-n51-k7 	BT-3   51   17    204    0   1032   1557   1025    233   1.2157   -0.007
B-n51-k7 	BT-3   51   17    204    1   1032   1141   1026    230   1.2065   -0.006
B-n51-k7 	BT-3   51   10    102    0   1032   1497   1019    144   0.7300   -0.013
B-n51-k7 	BT-3   51   10    102    1   1032   1016   1016    102   0.6799   -0.016
B-n51-k7 	BT-3   51    5     51    0   1032   1497   1020    126   0.5529   -0.012
B-n51-k7 	BT-3   51    5     51    1   1032   1016   1016     51   0.3773   -0.016
B-n51-k7 	BT-3   51   17    204    0   1032   1557   1018    426   1.6411   -0.014
B-n51-k7 	BT-3   51   17    204    1   1032   1141   1027    249   1.2741   -0.005
B-n51-k7 	BT-3   51   10    102    0   1032   1497   1016    185   0.8790   -0.016
B-n51-k7 	BT-3   51   10    102    1   1032   1016   1016    102   0.6765   -0.016
B-n51-k7 	BT-3   51    5     51    0   1032   1497   1020     79   0.4242   -0.012
B-n51-k7 	BT-3   51    5     51    1   1032   1016   1016     51   0.3800   -0.016
B-n51-k7 	BT-3   51   17    204    0   1032   1557   1025    233   1.1989   -0.007
B-n51-k7 	BT-3   51   17    204    1   1032   1141   1018    421   1.6932   -0.014
B-n51-k7 	BT-3   51   10    102    0   1032   1497   1020    146   0.7790   -0.012
B-n51-k7 	BT-3   51   10    102    1   1032   1016   1016    102   0.6751   -0.016
B-n51-k7 	BT-3   51    5     51    0   1032   1497   1022     76   0.4297   -0.010
B-n51-k7 	BT-3   51    5     51    1   1032   1016   1016     51   0.3784   -0.016
B-n51-k7 	BT-3   51   17    204    0   1032   1557   1019    362   1.5189   -0.013
B-n51-k7 	BT-3   51   17    204    1   1032   1141   1026    230   1.2163   -0.006
B-n51-k7 	BT-3   51   10    102    0   1032   1497   1024    160   0.8160   -0.008
B-n51-k7 	BT-3   51   10    102    1   1032   1016   1016    102   0.7062   -0.016
B-n51-k7 	BT-3   51    5     51    0   1032   1497   1021    111   0.5269   -0.011
B-n51-k7 	BT-3   51    5     51    1   1032   1016   1016     51   0.3797   -0.016
B-n51-k7 	BT-3   51   17    204    0   1032   1557   1018    249   1.2207   -0.014
B-n51-k7 	BT-3   51   17    204    1   1032   1141   1019    582   2.0944   -0.013
B-n51-k7 	BT-3   51   10    102    0   1032   1497   1023    130   0.7316   -0.009
B-n51-k7 	BT-3   51   10    102    1   1032   1016   1016    102   0.6749   -0.016
B-n51-k7 	BT-3   51    5     51    0   1032   1497   1016    105   0.4764   -0.016
B-n51-k7 	BT-3   51    5     51    1   1032   1016   1016     51   0.3778   -0.016
B-n51-k7 	BT-3   51   17    204    0   1032   1557   1018    241   1.2161   -0.014
B-n51-k7 	BT-3   51   17    204    1   1032   1141   1026    230   1.2114   -0.006
B-n51-k7 	BT-3   51   10    102    0   1032   1497   1023    130   0.7571   -0.009
B-n51-k7 	BT-3   51   10    102    1   1032   1016   1016    102   0.6837   -0.016
B-n51-k7 	BT-3   51    5     51    0   1032   1497   1020     77   0.4209   -0.012
B-n51-k7 	BT-3   51    5     51    1   1032   1016   1016     51   0.3782   -0.016
B-n51-k7 	BT-3   51   17    204    0   1032   1557   1020    232   1.2214   -0.012
B-n51-k7 	BT-3   51   17    204    1   1032   1141   1025    312   1.4595   -0.007
B-n51-k7 	BT-3   51   10    102    0   1032   1497   1023    141   0.7520   -0.009
B-n51-k7 	BT-3   51   10    102    1   1032   1016   1016    102   0.6772   -0.016
B-n51-k7 	BT-3   51    5     51    0   1032   1497   1020     74   0.4239   -0.012
B-n51-k7 	BT-3   51    5     51    1   1032   1016   1016     51   0.3806   -0.016
B-n51-k7 	BT-3   51   17    204    0   1032   1557   1021    419   1.6514   -0.011
B-n51-k7 	BT-3   51   17    204    1   1032   1141   1021    247   1.2597   -0.011
B-n51-k7 	BT-3   51   10    102    0   1032   1497   1021    160   0.7792   -0.011
B-n51-k7 	BT-3   51   10    102    1   1032   1016   1016    102   0.6794   -0.016
B-n51-k7 	BT-3   51    5     51    0   1032   1497   1020    125   0.5648   -0.012
B-n51-k7 	BT-3   51    5     51    1   1032   1016   1016     51   0.3785   -0.016
B-n51-k7 	BT-3   51   17    204    0   1032   1557   1018    447   1.7484   -0.014
B-n51-k7 	BT-3   51   17    204    1   1032   1141   1016    403   1.6526   -0.016
B-n51-k7 	BT-3   51   10    102    0   1032   1497   1020    129   0.7372   -0.012
B-n51-k7 	BT-3   51   10    102    1   1032   1016   1016    102   0.6761   -0.016
B-n51-k7 	BT-3   51    5     51    0   1032   1497   1016    125   0.5528   -0.016
B-n51-k7 	BT-3   51    5     51    1   1032   1016   1016     51   0.3790   -0.016
B-n51-k7 	BT-3   51   17    204    0   1032   1557   1018    330   1.4602   -0.014
B-n51-k7 	BT-3   51   17    204    1   1032   1141   1024    263   1.2843   -0.008
B-n51-k7 	BT-3   51   10    102    0   1032   1497   1021    164   0.8112   -0.011
B-n51-k7 	BT-3   51   10    102    1   1032   1016   1016    102   0.6764   -0.016
B-n51-k7 	BT-3   51    5     51    0   1032   1497   1019    130   0.6026   -0.013
B-n51-k7 	BT-3   51    5     51    1   1032   1016   1016     51   0.3774   -0.016
B-n51-k7 	BT-3   51   17    204    0   1032   1557   1018    250   1.2293   -0.014
B-n51-k7 	BT-3   51   17    204    1   1032   1141   1016    415   1.6497   -0.016
B-n51-k7 	BT-3   51   10    102    0   1032   1497   1063    177   0.8766    0.030
B-n51-k7 	BT-3   51   10    102    1   1032   1016   1016    102   0.6775   -0.016
B-n51-k7 	BT-3   51    5     51    0   1032   1497   1034     72   0.4216    0.002
B-n51-k7 	BT-3   51    5     51    1   1032   1016   1016     51   0.3776   -0.016
B-n51-k7 	BT-3   51   17    204    0   1032   1557   1023    502   1.8524   -0.009
B-n51-k7 	BT-3   51   17    204    1   1032   1141   1026    230   1.2057   -0.006
B-n51-k7 	BT-3   51   10    102    0   1032   1497   1025    194   0.9045   -0.007
B-n51-k7 	BT-3   51   10    102    1   1032   1016   1016    102   0.6776   -0.016
B-n51-k7 	BT-3   51    5     51    0   1032   1497   1024     99   0.4791   -0.008
B-n51-k7 	BT-3   51    5     51    1   1032   1016   1016     51   0.3822   -0.016
B-n51-k7 	BT-3   51   17    204    0   1032   1557   1021    254   1.2672   -0.011
B-n51-k7 	BT-3   51   17    204    1   1032   1141   1020    340   1.4643   -0.012
B-n51-k7 	BT-3   51   10    102    0   1032   1497   1022    134   0.7595   -0.010
B-n51-k7 	BT-3   51   10    102    1   1032   1016   1016    102   0.6750   -0.016
B-n51-k7 	BT-3   51    5     51    0   1032   1497   1022    127   0.5562   -0.010
B-n51-k7 	BT-3   51    5     51    1   1032   1016   1016     51   0.3779   -0.016
B-n51-k7 	BT-3   51   17    204    0   1032   1557   1020    236   1.2024   -0.012
B-n51-k7 	BT-3   51   17    204    1   1032   1141   1020    251   1.2537   -0.012
B-n51-k7 	BT-3   51   10    102    0   1032   1497   1020    168   0.8344   -0.012
B-n51-k7 	BT-3   51   10    102    1   1032   1016   1016    102   0.6762   -0.016
B-n51-k7 	BT-3   51    5     51    0   1032   1497   1026     77   0.4460   -0.006
B-n51-k7 	BT-3   51    5     51    1   1032   1016   1016     51   0.3805   -0.016
B-n51-k7 	BT-3   51   17    204    0   1032   1557   1027    228   1.2223   -0.005
B-n51-k7 	BT-3   51   17    204    1   1032   1141   1023    256   1.2672   -0.009
B-n51-k7 	BT-3   51   10    102    0   1032   1497   1019    175   0.8378   -0.013
B-n51-k7 	BT-3   51   10    102    1   1032   1016   1016    102   0.6789   -0.016
B-n51-k7 	BT-3   51    5     51    0   1032   1497   1019     96   0.4744   -0.013
B-n51-k7 	BT-3   51    5     51    1   1032   1016   1016     51   0.3782   -0.016
B-n51-k7 	BT-3   51   17    204    0   1032   1557   1021    262   1.2595   -0.011
B-n51-k7 	BT-3   51   17    204    1   1032   1141   1020    279   1.3229   -0.012
B-n51-k7 	BT-3   51   10    102    0   1032   1497   1024    136   0.7459   -0.008
B-n51-k7 	BT-3   51   10    102    1   1032   1016   1016    102   0.6733   -0.016
B-n51-k7 	BT-3   51    5     51    0   1032   1497   1025     83   0.4259   -0.007
B-n51-k7 	BT-3   51    5     51    1   1032   1016   1016     51   0.3808   -0.016
B-n51-k7 	BT-3   51   17    204    0   1032   1557   1027    228   1.2429   -0.005
B-n51-k7 	BT-3   51   17    204    1   1032   1141   1026    230   1.2121   -0.006
B-n51-k7 	BT-3   51   10    102    0   1032   1497   1023    144   0.7587   -0.009
B-n51-k7 	BT-3   51   10    102    1   1032   1016   1016    102   0.6833   -0.016
B-n51-k7 	BT-3   51    5     51    0   1032   1497   1022     90   0.4724   -0.010
B-n51-k7 	BT-3   51    5     51    1   1032   1016   1016     51   0.3780   -0.016
B-n51-k7 	BT-3   51   17    204    0   1032   1557   1017    237   1.2116   -0.015
B-n51-k7 	BT-3   51   17    204    1   1032   1141   1023    434   1.7115   -0.009
B-n51-k7 	BT-3   51   10    102    0   1032   1497   1016    198   0.8792   -0.016
B-n51-k7 	BT-3   51   10    102    1   1032   1016   1016    102   0.6786   -0.016
B-n51-k7 	BT-3   51    5     51    0   1032   1497   1021     69   0.4091   -0.011
B-n51-k7 	BT-3   51    5     51    1   1032   1016   1016     51   0.3781   -0.016
B-n51-k7 	BT-3   51   17    204    0   1032   1557   1020    301   1.3789   -0.012
B-n51-k7 	BT-3   51   17    204    1   1032   1141   1016    357   1.5081   -0.016
B-n51-k7 	BT-3   51   10    102    0   1032   1497   1018    185   0.8604   -0.014
B-n51-k7 	BT-3   51   10    102    1   1032   1016   1016    102   0.6785   -0.016
B-n51-k7 	BT-3   51    5     51    0   1032   1497   1025    134   0.5656   -0.007
B-n51-k7 	BT-3   51    5     51    1   1032   1016   1016     51   0.3771   -0.016
B-n51-k7 	BT-3   51   17    204    0   1032   1557   1018    250   1.2866   -0.014
B-n51-k7 	BT-3   51   17    204    1   1032   1141   1026    230   1.2025   -0.006
B-n51-k7 	BT-3   51   10    102    0   1032   1497   1021    135   0.7350   -0.011
B-n51-k7 	BT-3   51   10    102    1   1032   1016   1016    102   0.6752   -0.016
B-n51-k7 	BT-3   51    5     51    0   1032   1497   1020    103   0.4991   -0.012
B-n51-k7 	BT-3   51    5     51    1   1032   1016   1016     51   0.3794   -0.016
B-n51-k7 	BT-3   51   17    204    0   1032   1557   1027    228   1.2184   -0.005
B-n51-k7 	BT-3   51   17    204    1   1032   1141   1021    255   1.2866   -0.011
B-n51-k7 	BT-3   51   10    102    0   1032   1497   1022    144   0.7689   -0.010
B-n51-k7 	BT-3   51   10    102    1   1032   1016   1016    102   0.6723   -0.016
B-n51-k7 	BT-3   51    5     51    0   1032   1497   1066     71   0.4173    0.033
B-n51-k7 	BT-3   51    5     51    1   1032   1016   1016     51   0.3796   -0.016
B-n51-k7 	BT-3   51   17    204    0   1032   1557   1018    277   1.3275   -0.014
B-n51-k7 	BT-3   51   17    204    1   1032   1141   1026    230   1.2001   -0.006
B-n51-k7 	BT-3   51   10    102    0   1032   1497   1024    141   0.7577   -0.008
B-n51-k7 	BT-3   51   10    102    1   1032   1016   1016    102   0.6784   -0.016
B-n51-k7 	BT-3   51    5     51    0   1032   1497   1022     83   0.4510   -0.010
B-n51-k7 	BT-3   51    5     51    1   1032   1016   1016     51   0.3831   -0.016
B-n51-k7 	BT-3   51   17    204    0   1032   1557   1016    417   1.6764   -0.016
B-n51-k7 	BT-3   51   17    204    1   1032   1141   1023    293   1.3759   -0.009
B-n51-k7 	BT-3   51   10    102    0   1032   1497   1020    136   0.7356   -0.012
B-n51-k7 	BT-3   51   10    102    1   1032   1016   1016    102   0.6765   -0.016
B-n51-k7 	BT-3   51    5     51    0   1032   1497   1020    139   0.5918   -0.012
B-n51-k7 	BT-3   51    5     51    1   1032   1016   1016     51   0.3766   -0.016
B-n51-k7 	BT-3   51   17    204    0   1032   1557   1016    272   1.2922   -0.016
B-n51-k7 	BT-3   51   17    204    1   1032   1141   1022    261   1.2741   -0.010
B-n51-k7 	BT-3   51   10    102    0   1032   1497   1020    147   0.7955   -0.012
B-n51-k7 	BT-3   51   10    102    1   1032   1016   1016    102   0.6800   -0.016
B-n51-k7 	BT-3   51    5     51    0   1032   1497   1017    121   0.5400   -0.015
B-n51-k7 	BT-3   51    5     51    1   1032   1016   1016     51   0.3788   -0.016
B-n51-k7 	BT-3   51   17    204    0   1032   1557   1020    257   1.2522   -0.012
B-n51-k7 	BT-3   51   17    204    1   1032   1141   1020    396   1.6571   -0.012
B-n51-k7 	BT-3   51   10    102    0   1032   1497   1016    221   1.0220   -0.016
B-n51-k7 	BT-3   51   10    102    1   1032   1016   1016    102   0.6788   -0.016
B-n51-k7 	BT-3   51    5     51    0   1032   1497   1024     70   0.4257   -0.008
B-n51-k7 	BT-3   51    5     51    1   1032   1016   1016     51   0.3800   -0.016
B-n51-k7 	BT-3   51   17    204    0   1032   1557   1027    228   1.2036   -0.005
B-n51-k7 	BT-3   51   17    204    1   1032   1141   1026    230   1.2013   -0.006
B-n51-k7 	BT-3   51   10    102    0   1032   1497   1021    163   0.8171   -0.011
B-n51-k7 	BT-3   51   10    102    1   1032   1016   1016    102   0.6765   -0.016
B-n51-k7 	BT-3   51    5     51    0   1032   1497   1016    106   0.4905   -0.016
B-n51-k7 	BT-3   51    5     51    1   1032   1016   1016     51   0.3841   -0.016
B-n51-k7 	BT-3   51   17    204    0   1032   1557   1026    262   1.2715   -0.006
B-n51-k7 	BT-3   51   17    204    1   1032   1141   1024    242   1.2469   -0.008
B-n51-k7 	BT-3   51   10    102    0   1032   1497   1022    229   1.0276   -0.010
B-n51-k7 	BT-3   51   10    102    1   1032   1016   1016    102   0.6790   -0.016
B-n51-k7 	BT-3   51    5     51    0   1032   1497   1016     89   0.4625   -0.016
B-n51-k7 	BT-3   51    5     51    1   1032   1016   1016     51   0.3767   -0.016
B-n51-k7 	BT-3   51   17    204    0   1032   1557   1028    278   1.3279   -0.004
B-n51-k7 	BT-3   51   17    204    1   1032   1141   1023    228   1.2044   -0.009
B-n51-k7 	BT-3   51   10    102    0   1032   1497   1020    148   0.7683   -0.012
B-n51-k7 	BT-3   51   10    102    1   1032   1016   1016    102   0.6759   -0.016
B-n51-k7 	BT-3   51    5     51    0   1032   1497   1021     87   0.4515   -0.011
B-n51-k7 	BT-3   51    5     51    1   1032   1016   1016     51   0.3795   -0.016
B-n51-k7 	BT-3   51   17    204    0   1032   1557   1018    282   1.3266   -0.014
B-n51-k7 	BT-3   51   17    204    1   1032   1141   1024    318   1.4453   -0.008
B-n51-k7 	BT-3   51   10    102    0   1032   1497   1023    130   0.7684   -0.009
B-n51-k7 	BT-3   51   10    102    1   1032   1016   1016    102   0.6747   -0.016
B-n51-k7 	BT-3   51    5     51    0   1032   1497   1022     72   0.4153   -0.010
B-n51-k7 	BT-3   51    5     51    1   1032   1016   1016     51   0.3757   -0.016
B-n51-k7 	BT-3   51   17    204    0   1032   1557   1018    381   1.5348   -0.014
B-n51-k7 	BT-3   51   17    204    1   1032   1141   1026    230   1.2099   -0.006
B-n51-k7 	BT-3   51   10    102    0   1032   1497   1016    161   0.8000   -0.016
B-n51-k7 	BT-3   51   10    102    1   1032   1016   1016    102   0.6761   -0.016
B-n51-k7 	BT-3   51    5     51    0   1032   1497   1019    172   0.7118   -0.013
B-n51-k7 	BT-3   51    5     51    1   1032   1016   1016     51   0.3784   -0.016
B-n51-k7 	BT-3   51   17    204    0   1032   1557   1020    251   1.2398   -0.012
B-n51-k7 	BT-3   51   17    204    1   1032   1141   1020    295   1.3603   -0.012
B-n51-k7 	BT-3   51   10    102    0   1032   1497   1020    141   0.7423   -0.012
B-n51-k7 	BT-3   51   10    102    1   1032   1016   1016    102   0.6768   -0.016
B-n51-k7 	BT-3   51    5     51    0   1032   1497   1019    190   0.7517   -0.013
B-n51-k7 	BT-3   51    5     51    1   1032   1016   1016     51   0.3792   -0.016
B-n51-k7 	BT-3   51   17    204    0   1032   1557   1024    365   1.5339   -0.008
B-n51-k7 	BT-3   51   17    204    1   1032   1141   1025    329   1.4791   -0.007
B-n51-k7 	BT-3   51   10    102    0   1032   1497   1021    146   0.7931   -0.011
B-n51-k7 	BT-3   51   10    102    1   1032   1016   1016    102   0.6756   -0.016
B-n51-k7 	BT-3   51    5     51    0   1032   1497   1021    137   0.6015   -0.011
B-n51-k7 	BT-3   51    5     51    1   1032   1016   1016     51   0.3808   -0.016
B-n51-k7 	BT-3   51   17    204    0   1032   1557   1027    228   1.2245   -0.005
B-n51-k7 	BT-3   51   17    204    1   1032   1141   1019    507   1.9099   -0.013
B-n51-k7 	BT-3   51   10    102    0   1032   1497   1016    273   1.1551   -0.016
B-n51-k7 	BT-3   51   10    102    1   1032   1016   1016    102   0.6758   -0.016
B-n51-k7 	BT-3   51    5     51    0   1032   1497   1020     89   0.4534   -0.012
B-n51-k7 	BT-3   51    5     51    1   1032   1016   1016     51   0.3776   -0.016
B-n51-k7 	BT-3   51   17    204    0   1032   1557   1017    233   1.2330   -0.015
B-n51-k7 	BT-3   51   17    204    1   1032   1141   1026    230   1.2098   -0.006
B-n51-k7 	BT-3   51   10    102    0   1032   1497   1020    128   0.7329   -0.012
B-n51-k7 	BT-3   51   10    102    1   1032   1016   1016    102   0.6773   -0.016
B-n51-k7 	BT-3   51    5     51    0   1032   1497   1024     76   0.4374   -0.008
B-n51-k7 	BT-3   51    5     51    1   1032   1016   1016     51   0.3775   -0.016
B-n51-k7 	BT-3   51   17    204    0   1032   1557   1027    228   1.2204   -0.005
B-n51-k7 	BT-3   51   17    204    1   1032   1141   1026    230   1.2032   -0.006
B-n51-k7 	BT-3   51   10    102    0   1032   1497   1020    242   1.0286   -0.012
B-n51-k7 	BT-3   51   10    102    1   1032   1016   1016    102   0.6758   -0.016
B-n51-k7 	BT-3   51    5     51    0   1032   1497   1023    123   0.5241   -0.009
B-n51-k7 	BT-3   51    5     51    1   1032   1016   1016     51   0.3807   -0.016
B-n51-k7 	BT-3   51   17    204    0   1032   1557   1027    228   1.2405   -0.005
B-n51-k7 	BT-3   51   17    204    1   1032   1141   1021    255   1.2922   -0.011
B-n51-k7 	BT-3   51   10    102    0   1032   1497   1020    143   0.7746   -0.012
B-n51-k7 	BT-3   51   10    102    1   1032   1016   1016    102   0.6738   -0.016
B-n51-k7 	BT-3   51    5     51    0   1032   1497   1022     89   0.4534   -0.010
B-n51-k7 	BT-3   51    5     51    1   1032   1016   1016     51   0.3806   -0.016
B-n51-k7 	BT-3   51   17    204    0   1032   1557   1020    259   1.2964   -0.012
B-n51-k7 	BT-3   51   17    204    1   1032   1141   1022    357   1.5328   -0.010
B-n51-k7 	BT-3   51   10    102    0   1032   1497   1024    211   0.9319   -0.008
B-n51-k7 	BT-3   51   10    102    1   1032   1016   1016    102   0.6731   -0.016
B-n51-k7 	BT-3   51    5     51    0   1032   1497   1021     80   0.4392   -0.011
B-n51-k7 	BT-3   51    5     51    1   1032   1016   1016     51   0.3807   -0.016
B-n51-k7 	BT-3   51   17    204    0   1032   1557   1027    228   1.2359   -0.005
B-n51-k7 	BT-3   51   17    204    1   1032   1141   1026    230   1.2062   -0.006
B-n51-k7 	BT-3   51   10    102    0   1032   1497   1022    172   0.8348   -0.010
B-n51-k7 	BT-3   51   10    102    1   1032   1016   1016    102   0.6757   -0.016
B-n51-k7 	BT-3   51    5     51    0   1032   1497   1020     74   0.4189   -0.012
B-n51-k7 	BT-3   51    5     51    1   1032   1016   1016     51   0.3781   -0.016
B-n51-k7 	BT-3   51   17    204    0   1032   1557   1018    251   1.2452   -0.014
B-n51-k7 	BT-3   51   17    204    1   1032   1141   1026    230   1.2031   -0.006
B-n51-k7 	BT-3   51   10    102    0   1032   1497   1020    130   0.7404   -0.012
B-n51-k7 	BT-3   51   10    102    1   1032   1016   1016    102   0.7160   -0.016
B-n51-k7 	BT-3   51    5     51    0   1032   1497   1024     70   0.4132   -0.008
B-n51-k7 	BT-3   51    5     51    1   1032   1016   1016     51   0.3838   -0.016
B-n51-k7 	BT-3   51   17    204    0   1032   1557   1022    254   1.3212   -0.010
B-n51-k7 	BT-3   51   17    204    1   1032   1141   1025    260   1.2813   -0.007
B-n51-k7 	BT-3   51   10    102    0   1032   1497   1025    143   0.7561   -0.007
B-n51-k7 	BT-3   51   10    102    1   1032   1016   1016    102   0.6756   -0.016
B-n51-k7 	BT-3   51    5     51    0   1032   1497   1020     88   0.4550   -0.012
B-n51-k7 	BT-3   51    5     51    1   1032   1016   1016     51   0.3802   -0.016
B-n51-k7 	BT-3   51   17    204    0   1032   1557   1018    245   1.2141   -0.014
B-n51-k7 	BT-3   51   17    204    1   1032   1141   1026    230   1.2010   -0.006
B-n51-k7 	BT-3   51   10    102    0   1032   1497   1016    279   1.0787   -0.016
B-n51-k7 	BT-3   51   10    102    1   1032   1016   1016    102   0.6776   -0.016
B-n51-k7 	BT-3   51    5     51    0   1032   1497   1025    166   0.7158   -0.007
B-n51-k7 	BT-3   51    5     51    1   1032   1016   1016     51   0.3786   -0.016
B-n51-k7 	BT-3   51   17    204    0   1032   1557   1018    246   1.2261   -0.014
B-n51-k7 	BT-3   51   17    204    1   1032   1141   1020    272   1.3665   -0.012
B-n51-k7 	BT-3   51   10    102    0   1032   1497   1016    215   0.9528   -0.016
B-n51-k7 	BT-3   51   10    102    1   1032   1016   1016    102   0.6779   -0.016
B-n51-k7 	BT-3   51    5     51    0   1032   1497   1051    101   0.4975    0.018
B-n51-k7 	BT-3   51    5     51    1   1032   1016   1016     51   0.3790   -0.016
B-n51-k7 	BT-3   51   17    204    0   1032   1557   1018    249   1.2183   -0.014
B-n51-k7 	BT-3   51   17    204    1   1032   1141   1026    230   1.2201   -0.006
B-n51-k7 	BT-3   51   10    102    0   1032   1497   1020    234   1.0190   -0.012
B-n51-k7 	BT-3   51   10    102    1   1032   1016   1016    102   0.6836   -0.016
B-n51-k7 	BT-3   51    5     51    0   1032   1497   1019    113   0.5114   -0.013
B-n51-k7 	BT-3   51    5     51    1   1032   1016   1016     51   0.3789   -0.016
B-n51-k7 	BT-3   51   17    204    0   1032   1557   1019    291   1.3226   -0.013
B-n51-k7 	BT-3   51   17    204    1   1032   1141   1021    264   1.3070   -0.011
B-n51-k7 	BT-3   51   10    102    0   1032   1497   1020    140   0.7720   -0.012
B-n51-k7 	BT-3   51   10    102    1   1032   1016   1016    102   0.6876   -0.016
B-n51-k7 	BT-3   51    5     51    0   1032   1497   1024    102   0.5092   -0.008
B-n51-k7 	BT-3   51    5     51    1   1032   1016   1016     51   0.3819   -0.016
B-n51-k7 	BT-3   51   17    204    0   1032   1557   1027    228   1.2274   -0.005
B-n51-k7 	BT-3   51   17    204    1   1032   1141   1024    310   1.3851   -0.008
B-n51-k7 	BT-3   51   10    102    0   1032   1497   1016    174   0.8222   -0.016
B-n51-k7 	BT-3   51   10    102    1   1032   1016   1016    102   0.6750   -0.016
B-n51-k7 	BT-3   51    5     51    0   1032   1497   1020     86   0.4360   -0.012
B-n51-k7 	BT-3   51    5     51    1   1032   1016   1016     51   0.3791   -0.016
B-n51-k7 	BT-3   51   17    204    0   1032   1557   1027    228   1.2172   -0.005
B-n51-k7 	BT-3   51   17    204    1   1032   1141   1026    230   1.2127   -0.006
B-n51-k7 	BT-3   51   10    102    0   1032   1497   1020    149   0.7649   -0.012
B-n51-k7 	BT-3   51   10    102    1   1032   1016   1016    102   0.6746   -0.016
B-n51-k7 	BT-3   51    5     51    0   1032   1497   1022     97   0.5008   -0.010
B-n51-k7 	BT-3   51    5     51    1   1032   1016   1016     51   0.3804   -0.016
B-n51-k7 	BT-3   51   17    204    0   1032   1557   1016    234   1.2282   -0.016
B-n51-k7 	BT-3   51   17    204    1   1032   1141   1020    372   1.5876   -0.012
B-n51-k7 	BT-3   51   10    102    0   1032   1497   1026    121   0.7166   -0.006
B-n51-k7 	BT-3   51   10    102    1   1032   1016   1016    102   0.6778   -0.016
B-n51-k7 	BT-3   51    5     51    0   1032   1497   1020    101   0.4920   -0.012
B-n51-k7 	BT-3   51    5     51    1   1032   1016   1016     51   0.3790   -0.016
B-n51-k7 	BT-3   51   17    204    0   1032   1557   1018    253   1.2755   -0.014
B-n51-k7 	BT-3   51   17    204    1   1032   1141   1021    238   1.2297   -0.011
B-n51-k7 	BT-3   51   10    102    0   1032   1497   1026    137   0.7736   -0.006
B-n51-k7 	BT-3   51   10    102    1   1032   1016   1016    102   0.6764   -0.016
B-n51-k7 	BT-3   51    5     51    0   1032   1497   1019    222   0.8768   -0.013
B-n51-k7 	BT-3   51    5     51    1   1032   1016   1016     51   0.3769   -0.016
B-n51-k7 	BT-3   51   17    204    0   1032   1557   1019    319   1.4228   -0.013
B-n51-k7 	BT-3   51   17    204    1   1032   1141   1026    230   1.2009   -0.006
B-n51-k7 	BT-3   51   10    102    0   1032   1497   1024    147   0.8005   -0.008
B-n51-k7 	BT-3   51   10    102    1   1032   1016   1016    102   0.6769   -0.016
B-n51-k7 	BT-3   51    5     51    0   1032   1497   1021     85   0.4473   -0.011
B-n51-k7 	BT-3   51    5     51    1   1032   1016   1016     51   0.3811   -0.016
B-n51-k7 	BT-3   51   17    204    0   1032   1557   1019    374   1.5784   -0.013
B-n51-k7 	BT-3   51   17    204    1   1032   1141   1026    230   1.2075   -0.006
B-n51-k7 	BT-3   51   10    102    0   1032   1497   1025    126   0.7407   -0.007
B-n51-k7 	BT-3   51   10    102    1   1032   1016   1016    102   0.6740   -0.016
B-n51-k7 	BT-3   51    5     51    0   1032   1497   1080     67   0.4086    0.047
B-n51-k7 	BT-3   51    5     51    1   1032   1016   1016     51   0.3791   -0.016
B-n51-k7 	BT-3   51   17    204    0   1032   1557   1018    257   1.2555   -0.014
B-n51-k7 	BT-3   51   17    204    1   1032   1141   1026    230   1.2098   -0.006
B-n51-k7 	BT-3   51   10    102    0   1032   1497   1016    194   0.8795   -0.016
B-n51-k7 	BT-3   51   10    102    1   1032   1016   1016    102   0.6773   -0.016
B-n51-k7 	BT-3   51    5     51    0   1032   1497   1016    101   0.4704   -0.016
B-n51-k7 	BT-3   51    5     51    1   1032   1016   1016     51   0.3794   -0.016
B-n51-k7 	BT-3   51   17    204    0   1032   1557   1020    278   1.2924   -0.012
B-n51-k7 	BT-3   51   17    204    1   1032   1141   1024    247   1.2430   -0.008
B-n51-k7 	BT-3   51   10    102    0   1032   1497   1020    184   0.8553   -0.012
B-n51-k7 	BT-3   51   10    102    1   1032   1016   1016    102   0.6819   -0.016
B-n51-k7 	BT-3   51    5     51    0   1032   1497   1016     87   0.4505   -0.016
B-n51-k7 	BT-3   51    5     51    1   1032   1016   1016     51   0.3772   -0.016
B-n51-k7 	BT-3   51   17    204    0   1032   1557   1024    241   1.2264   -0.008
B-n51-k7 	BT-3   51   17    204    1   1032   1141   1026    230   1.2148   -0.006
B-n51-k7 	BT-3   51   10    102    0   1032   1497   1021    153   0.8046   -0.011
B-n51-k7 	BT-3   51   10    102    1   1032   1016   1016    102   0.6847   -0.016
B-n51-k7 	BT-3   51    5     51    0   1032   1497   1018    126   0.5340   -0.014
B-n51-k7 	BT-3   51    5     51    1   1032   1016   1016     51   0.3798   -0.016
B-n51-k7 	BT-3   51   17    204    0   1032   1557   1018    246   1.2501   -0.014
B-n51-k7 	BT-3   51   17    204    1   1032   1141   1026    230   1.2102   -0.006
B-n51-k7 	BT-3   51   10    102    0   1032   1497   1027    120   0.7245   -0.005
B-n51-k7 	BT-3   51   10    102    1   1032   1016   1016    102   0.6770   -0.016
B-n51-k7 	BT-3   51    5     51    0   1032   1497   1019    120   0.5366   -0.013
B-n51-k7 	BT-3   51    5     51    1   1032   1016   1016     51   0.3830   -0.016
B-n51-k7 	BT-3   51   17    204    0   1032   1557   1018    282   1.3662   -0.014
B-n51-k7 	BT-3   51   17    204    1   1032   1141   1039    395   1.6069    0.007
B-n51-k7 	BT-3   51   10    102    0   1032   1497   1024    165   0.8046   -0.008
B-n51-k7 	BT-3   51   10    102    1   1032   1016   1016    102   0.6769   -0.016
B-n51-k7 	BT-3   51    5     51    0   1032   1497   1020     94   0.4755   -0.012
B-n51-k7 	BT-3   51    5     51    1   1032   1016   1016     51   0.3815   -0.016
B-n51-k7 	BT-3   51   17    204    0   1032   1557   1020    383   1.5635   -0.012
B-n51-k7 	BT-3   51   17    204    1   1032   1141   1026    230   1.2188   -0.006
B-n51-k7 	BT-3   51   10    102    0   1032   1497   1024    141   0.7533   -0.008
B-n51-k7 	BT-3   51   10    102    1   1032   1016   1016    102   0.6719   -0.016
B-n51-k7 	BT-3   51    5     51    0   1032   1497   1017    150   0.6219   -0.015
B-n51-k7 	BT-3   51    5     51    1   1032   1016   1016     51   0.3826   -0.016
B-n51-k7 	BT-3   51   17    204    0   1032   1557   1018    250   1.2607   -0.014
B-n51-k7 	BT-3   51   17    204    1   1032   1141   1038    350   1.4889    0.006
B-n51-k7 	BT-3   51   10    102    0   1032   1497   1072    133   0.7321    0.039
B-n51-k7 	BT-3   51   10    102    1   1032   1016   1016    102   0.6989   -0.016
B-n51-k7 	BT-3   51    5     51    0   1032   1497   1024     94   0.4581   -0.008
B-n51-k7 	BT-3   51    5     51    1   1032   1016   1016     51   0.3806   -0.016
B-n51-k7 	BT-3   51   17    204    0   1032   1557   1019    254   1.2538   -0.013
B-n51-k7 	BT-3   51   17    204    1   1032   1141   1020    393   1.6953   -0.012
B-n51-k7 	BT-3   51   10    102    0   1032   1497   1019    133   0.7384   -0.013
B-n51-k7 	BT-3   51   10    102    1   1032   1016   1016    102   0.6793   -0.016
B-n51-k7 	BT-3   51    5     51    0   1032   1497   1021    128   0.5570   -0.011
B-n51-k7 	BT-3   51    5     51    1   1032   1016   1016     51   0.3787   -0.016
B-n51-k7 	BT-3   51   17    204    0   1032   1557   1019    283   1.3210   -0.013
B-n51-k7 	BT-3   51   17    204    1   1032   1141   1024    256   1.2615   -0.008
B-n51-k7 	BT-3   51   10    102    0   1032   1497   1016    178   0.8625   -0.016
B-n51-k7 	BT-3   51   10    102    1   1032   1016   1016    102   0.6979   -0.016
B-n51-k7 	BT-3   51    5     51    0   1032   1497   1020    193   0.7793   -0.012
B-n51-k7 	BT-3   51    5     51    1   1032   1016   1016     51   0.3841   -0.016
B-n51-k7 	BT-3   51   17    204    0   1032   1557   1023    501   1.9039   -0.009
B-n51-k7 	BT-3   51   17    204    1   1032   1141   1021    241   1.2487   -0.011
B-n51-k7 	BT-3   51   10    102    0   1032   1497   1020    234   0.9846   -0.012
B-n51-k7 	BT-3   51   10    102    1   1032   1016   1016    102   0.6868   -0.016
B-n51-k7 	BT-3   51    5     51    0   1032   1497   1016     89   0.4490   -0.016
B-n51-k7 	BT-3   51    5     51    1   1032   1016   1016     51   0.3788   -0.016
B-n51-k7 	BT-3   51   17    204    0   1032   1557   1016    349   1.4774   -0.016
B-n51-k7 	BT-3   51   17    204    1   1032   1141   1026    230   1.2073   -0.006
B-n51-k7 	BT-3   51   10    102    0   1032   1497   1020    276   1.1081   -0.012
B-n51-k7 	BT-3   51   10    102    1   1032   1016   1016    102   0.6773   -0.016
B-n51-k7 	BT-3   51    5     51    0   1032   1497   1017    114   0.5223   -0.015
B-n51-k7 	BT-3   51    5     51    1   1032   1016   1016     51   0.3800   -0.016
B-n51-k7 	BT-3   51   17    204    0   1032   1557   1027    228   1.2066   -0.005
B-n51-k7 	BT-3   51   17    204    1   1032   1141   1026    237   1.2347   -0.006
B-n51-k7 	BT-3   51   10    102    0   1032   1497   1016    143   0.7679   -0.016
B-n51-k7 	BT-3   51   10    102    1   1032   1016   1016    102   0.6811   -0.016
B-n51-k7 	BT-3   51    5     51    0   1032   1497   1020     73   0.4346   -0.012
B-n51-k7 	BT-3   51    5     51    1   1032   1016   1016     51   0.3772   -0.016
B-n51-k7 	BT-3   51   17    204    0   1032   1557   1018    447   1.7487   -0.014
B-n51-k7 	BT-3   51   17    204    1   1032   1141   1025    265   1.2994   -0.007
B-n51-k7 	BT-3   51   10    102    0   1032   1497   1020    150   0.7844   -0.012
B-n51-k7 	BT-3   51   10    102    1   1032   1016   1016    102   0.6790   -0.016
B-n51-k7 	BT-3   51    5     51    0   1032   1497   1040     77   0.4368    0.008
B-n51-k7 	BT-3   51    5     51    1   1032   1016   1016     51   0.3873   -0.016
B-n51-k7 	BT-3   51   17    204    0   1032   1557   1018    302   1.3535   -0.014
B-n51-k7 	BT-3   51   17    204    1   1032   1141   1020    488   1.8494   -0.012
B-n51-k7 	BT-3   51   10    102    0   1032   1497   1034    128   0.7342    0.002
B-n51-k7 	BT-3   51   10    102    1   1032   1016   1016    102   0.6795   -0.016
B-n51-k7 	BT-3   51    5     51    0   1032   1497   1022     79   0.4094   -0.010
B-n51-k7 	BT-3   51    5     51    1   1032   1016   1016     51   0.3805   -0.016
B-n51-k7 	BT-3   51   17    204    0   1032   1557   1018    241   1.2617   -0.014
B-n51-k7 	BT-3   51   17    204    1   1032   1141   1020    555   2.0362   -0.012
B-n51-k7 	BT-3   51   10    102    0   1032   1497   1038    241   0.9718    0.006
B-n51-k7 	BT-3   51   10    102    1   1032   1016   1016    102   0.6780   -0.016
B-n51-k7 	BT-3   51    5     51    0   1032   1497   1016    146   0.6421   -0.016
B-n51-k7 	BT-3   51    5     51    1   1032   1016   1016     51   0.3801   -0.016
