A-n37-k6 	BT-1   37   12    148    0    949   1334    970    167   0.1827    0.022
A-n37-k6 	BT-1   37   12    148    1    949   1334    982    161   0.1738    0.035
A-n37-k6 	BT-1   37    6     74    0    949    993    970     75   0.0883    0.022
A-n37-k6 	BT-1   37    6     74    1    949    970    970     74   0.0843    0.022
A-n37-k6 	BT-1   37    3     74    0    949    993    970     75   0.0884    0.022
A-n37-k6 	BT-1   37    3     74    1    949    970    970     74   0.0840    0.022
A-n37-k6 	BT-2   37   12    148    0    949   1334    987    245   0.2449    0.040
A-n37-k6 	BT-2   37   12    148    1    949   1334   1015    201   0.2079    0.070
A-n37-k6 	BT-2   37    6     74    0    949   1016    982     81   0.0926    0.035
A-n37-k6 	BT-2   37    6     74    1    949    987    974     83   0.0952    0.026
A-n37-k6 	BT-2   37    3     74    0    949    992    974     82   0.0933    0.026
A-n37-k6 	BT-2   37    3     74    1    949    974    974     74   0.0859    0.026
A-n37-k6 	BT-3   37   12    148    0    949   1334   1034    170   0.1775    0.090
A-n37-k6 	BT-3   37   12    148    1    949   1334    988    169   0.1711    0.041
A-n37-k6 	BT-3   37    6     74    0    949    995    982    150   0.1637    0.035
A-n37-k6 	BT-3   37    6     74    1    949    988    986     93   0.1107    0.039
A-n37-k6 	BT-3   37    3     74    0    949   1032    982     82   0.0992    0.035
A-n37-k6 	BT-3   37    3     74    1    949    982    982     74   0.0933    0.035
A-n37-k6 	BT-3   37   12    148    0    949   1334    967    301   0.2905    0.019
A-n37-k6 	BT-3   37   12    148    1    949   1334    988    169   0.1719    0.041
A-n37-k6 	BT-3   37    6     74    0    949   1022    967     81   0.0976    0.019
A-n37-k6 	BT-3   37    6     74    1    949    967    967     74   0.0920    0.019
A-n37-k6 	BT-3   37    3     74    0    949   1022    967     81   0.0968    0.019
A-n37-k6 	BT-3   37    3     74    1    949    967    967     74   0.0915    0.019
A-n37-k6 	BT-3   37   12    148    0    949   1334    951    324   0.3403    0.002
A-n37-k6 	BT-3   37   12    148    1    949   1334    982    313   0.3049    0.035
A-n37-k6 	BT-3   37    6     74    0    949    969    949    136   0.1554    0.000
A-n37-k6 	BT-3   37    6     74    1    949    951    951     74   0.0925    0.002
A-n37-k6 	BT-3   37    3     74    0    949    951    951     74   0.0940    0.002
A-n37-k6 	BT-3   37    3     74    1    949    949    949     74   0.0938    0.000
A-n37-k6 	BT-3   37   12    148    0    949   1334    998    253   0.2561    0.052
A-n37-k6 	BT-3   37   12    148    1    949   1334    982    248   0.2413    0.035
A-n37-k6 	BT-3   37    6     74    0    949    951    951     74   0.0933    0.002
A-n37-k6 	BT-3   37    6     74    1    949    949    949     74   0.0940    0.000
A-n37-k6 	BT-3   37    3     74    0    949    951    951     74   0.0926    0.002
A-n37-k6 	BT-3   37    3     74    1    949    949    949     74   0.0949    0.000
A-n37-k6 	BT-3   37   12    148    0    949   1334   1000    179   0.1819    0.054
A-n37-k6 	BT-3   37   12    148    1    949   1334    988    169   0.1690    0.041
A-n37-k6 	BT-3   37    6     74    0    949    951    951     74   0.0929    0.002
A-n37-k6 	BT-3   37    6     74    1    949    949    949     74   0.0942    0.000
A-n37-k6 	BT-3   37    3     74    0    949    951    951     74   0.0931    0.002
A-n37-k6 	BT-3   37    3     74    1    949    949    949     74   0.0942    0.000
A-n37-k6 	BT-3   37   12    148    0    949   1334    969    209   0.2111    0.021
A-n37-k6 	BT-3   37   12    148    1    949   1334    986    215   0.2136    0.039
A-n37-k6 	BT-3   37    6     74    0    949    951    951     74   0.0940    0.002
A-n37-k6 	BT-3   37    6     74    1    949    949    949     74   0.0936    0.000
A-n37-k6 	BT-3   37    3     74    0    949    951    951     74   0.0976    0.002
A-n37-k6 	BT-3   37    3     74    1    949    949    949     74   0.0951    0.000
A-n37-k6 	BT-3   37   12    148    0    949   1334    985    276   0.2705    0.038
A-n37-k6 	BT-3   37   12    148    1    949   1334    986    188   0.1915    0.039
A-n37-k6 	BT-3   37    6     74    0    949    951    951     74   0.0931    0.002
A-n37-k6 	BT-3   37    6     74    1    949    949    949     74   0.0947    0.000
A-n37-k6 	BT-3   37    3     74    0    949    951    951     74   0.0933    0.002
A-n37-k6 	BT-3   37    3     74    1    949    949    949     74   0.0943    0.000
A-n37-k6 	BT-3   37   12    148    0    949   1334   1009    202   0.2052    0.063
A-n37-k6 	BT-3   37   12    148    1    949   1334    986    188   0.1897    0.039
A-n37-k6 	BT-3   37    6     74    0    949    951    951     74   0.0928    0.002
A-n37-k6 	BT-3   37    6     74    1    949    949    949     74   0.0941    0.000
A-n37-k6 	BT-3   37    3     74    0    949    951    951     74   0.0933    0.002
A-n37-k6 	BT-3   37    3     74    1    949    949    949     74   0.0940    0.000
A-n37-k6 	BT-3   37   12    148    0    949   1334    974    456   0.4451    0.026
A-n37-k6 	BT-3   37   12    148    1    949   1334    988    169   0.1697    0.041
A-n37-k6 	BT-3   37    6     74    0    949    951    951     74   0.0929    0.002
A-n37-k6 	BT-3   37    6     74    1    949    949    949     74   0.0948    0.000
A-n37-k6 	BT-3   37    3     74    0    949    951    951     74   0.0955    0.002
A-n37-k6 	BT-3   37    3     74    1    949    949    949     74   0.0944    0.000
A-n37-k6 	BT-3   37   12    148    0    949   1334    996    196   0.1997    0.050
A-n37-k6 	BT-3   37   12    148    1    949   1334    982    404   0.3921    0.035
A-n37-k6 	BT-3   37    6     74    0    949    951    951     74   0.0938    0.002
A-n37-k6 	BT-3   37    6     74    1    949    949    949     74   0.0943    0.000
A-n37-k6 	BT-3   37    3     74    0    949    951    951     74   0.0937    0.002
A-n37-k6 	BT-3   37    3     74    1    949    949    949     74   0.0946    0.000
A-n37-k6 	BT-3   37   12    148    0    949   1334    991    217   0.2210    0.044
A-n37-k6 	BT-3   37   12    148    1    949   1334    996    185   0.1828    0.050
A-n37-k6 	BT-3   37    6     74    0    949    951    951     74   0.0941    0.002
A-n37-k6 	BT-3   37    6     74    1    949    949    949     74   0.0948    0.000
A-n37-k6 	BT-3   37    3     74    0    949    951    951     74   0.0932    0.002
A-n37-k6 	BT-3   37    3     74    1    949    949    949     74   0.0993    0.000
A-n37-k6 	BT-3   37   12    148    0    949   1334    992    358   0.3608    0.045
A-n37-k6 	BT-3   37   12    148    1    949   1334    986    198   0.1965    0.039
A-n37-k6 	BT-3   37    6     74    0    949    951    951     74   0.0926    0.002
A-n37-k6 	BT-3   37    6     74    1    949    949    949     74   0.0941    0.000
A-n37-k6 	BT-3   37    3     74    0    949    951    951     74   0.0929    0.002
A-n37-k6 	BT-3   37    3     74    1    949    949    949     74   0.0942    0.000
A-n37-k6 	BT-3   37   12    148    0    949   1334    977    376   0.3644    0.030
A-n37-k6 	BT-3   37   12    148    1    949   1334    988    169   0.1689    0.041
A-n37-k6 	BT-3   37    6     74    0    949    951    951     74   0.0939    0.002
A-n37-k6 	BT-3   37    6     74    1    949    949    949     74   0.0933    0.000
A-n37-k6 	BT-3   37    3     74    0    949    951    951     74   0.0934    0.002
A-n37-k6 	BT-3   37    3     74    1    949    949    949     74   0.0941    0.000
A-n37-k6 	BT-3   37   12    148    0    949   1334    996    351   0.3503    0.050
A-n37-k6 	BT-3   37   12    148    1    949   1334    982    317   0.3185    0.035
A-n37-k6 	BT-3   37    6     74    0    949    951    951     74   0.0936    0.002
A-n37-k6 	BT-3   37    6     74    1    949    949    949     74   0.0937    0.000
A-n37-k6 	BT-3   37    3     74    0    949    951    951     74   0.0932    0.002
A-n37-k6 	BT-3   37    3     74    1    949    949    949     74   0.0945    0.000
A-n37-k6 	BT-3   37   12    148    0    949   1334    969    411   0.3999    0.021
A-n37-k6 	BT-3   37   12    148    1    949   1334    988    169   0.1750    0.041
A-n37-k6 	BT-3   37    6     74    0    949    951    951     74   0.1012    0.002
A-n37-k6 	BT-3   37    6     74    1    949    949    949     74   0.0936    0.000
A-n37-k6 	BT-3   37    3     74    0    949    951    951     74   0.0931    0.002
A-n37-k6 	BT-3   37    3     74    1    949    949    949     74   0.0943    0.000
A-n37-k6 	BT-3   37   12    148    0    949   1334   1019    172   0.1754    0.074
A-n37-k6 	BT-3   37   12    148    1    949   1334    982    336   0.3328    0.035
A-n37-k6 	BT-3   37    6     74    0    949    951    951     74   0.0951    0.002
A-n37-k6 	BT-3   37    6     74    1    949    949    949     74   0.0936    0.000
A-n37-k6 	BT-3   37    3     74    0    949    951    951     74   0.0934    0.002
A-n37-k6 	BT-3   37    3     74    1    949    949    949     74   0.0953    0.000
A-n37-k6 	BT-3   37   12    148    0    949   1334    992    273   0.2702    0.045
A-n37-k6 	BT-3   37   12    148    1    949   1334    982    293   0.2887    0.035
A-n37-k6 	BT-3   37    6     74    0    949    951    951     74   0.0950    0.002
A-n37-k6 	BT-3   37    6     74    1    949    949    949     74   0.0930    0.000
A-n37-k6 	BT-3   37    3     74    0    949    951    951     74   0.0935    0.002
A-n37-k6 	BT-3   37    3     74    1    949    949    949     74   0.0949    0.000
A-n37-k6 	BT-3   37   12    148    0    949   1334    984    168   0.1770    0.037
A-n37-k6 	BT-3   37   12    148    1    949   1334    982    287   0.2812    0.035
A-n37-k6 	BT-3   37    6     74    0    949    951    951     74   0.0938    0.002
A-n37-k6 	BT-3   37    6     74    1    949    949    949     74   0.0944    0.000
A-n37-k6 	BT-3   37    3     74    0    949    951    951     74   0.0936    0.002
A-n37-k6 	BT-3   37    3     74    1    949    949    949     74   0.0945    0.000
A-n37-k6 	BT-3   37   12    148    0    949   1334   1020    304   0.3043    0.075
A-n37-k6 	BT-3   37   12    148    1    949   1334    984    228   0.2209    0.037
A-n37-k6 	BT-3   37    6     74    0    949    951    951     74   0.0940    0.002
A-n37-k6 	BT-3   37    6     74    1    949    949    949     74   0.0942    0.000
A-n37-k6 	BT-3   37    3     74    0    949    951    951     74   0.0930    0.002
A-n37-k6 	BT-3   37    3     74    1    949    949    949     74   0.0944    0.000
A-n37-k6 	BT-3   37   12    148    0    949   1334    960    285   0.2753    0.012
A-n37-k6 	BT-3   37   12    148    1    949   1334    986    240   0.2434    0.039
A-n37-k6 	BT-3   37    6     74    0    949    951    951     74   0.0933    0.002
A-n37-k6 	BT-3   37    6     74    1    949    949    949     74   0.0931    0.000
A-n37-k6 	BT-3   37    3     74    0    949    951    951     74   0.0933    0.002
A-n37-k6 	BT-3   37    3     74    1    949    949    949     74   0.0953    0.000
A-n37-k6 	BT-3   37   12    148    0    949   1334    984    168   0.1737    0.037
A-n37-k6 	BT-3   37   12    148    1    949   1334    988    169   0.1704    0.041
A-n37-k6 	BT-3   37    6     74    0    949    951    951     74   0.0948    0.002
A-n37-k6 	BT-3   37    6     74    1    949    949    949     74   0.0945    0.000
A-n37-k6 	BT-3   37    3     74    0    949    951    951     74   0.0950    0.002
A-n37-k6 	BT-3   37    3     74    1    949    949    949     74   0.0938    0.000
A-n37-k6 	BT-3   37   12    148    0    949   1334    979    331   0.3284    0.032
A-n37-k6 	BT-3   37   12    148    1    949   1334    988    169   0.1712    0.041
A-n37-k6 	BT-3   37    6     74    0    949    951    951     74   0.0937    0.002
A-n37-k6 	BT-3   37    6     74    1    949    949    949     74   0.0931    0.000
A-n37-k6 	BT-3   37    3     74    0    949    951    951     74   0.0940    0.002
A-n37-k6 	BT-3   37    3     74    1    949    949    949     74   0.0943    0.000
A-n37-k6 	BT-3   37   12    148    0    949   1334    994    308   0.2989    0.047
A-n37-k6 	BT-3   37   12    148    1    949   1334    986    267   0.2599    0.039
A-n37-k6 	BT-3   37    6     74    0    949    951    951     74   0.0948    0.002
A-n37-k6 	BT-3   37    6     74    1    949    949    949     74   0.0932    0.000
A-n37-k6 	BT-3   37    3     74    0    949    951    951     74   0.0932    0.002
A-n37-k6 	BT-3   37    3     74    1    949    949    949     74   0.0941    0.000
A-n37-k6 	BT-3   37   12    148    0    949   1334    952    248   0.2491    0.003
A-n37-k6 	BT-3   37   12    148    1    949   1334    988    169   0.1691    0.041
A-n37-k6 	BT-3   37    6     74    0    949    951    951     74   0.0943    0.002
A-n37-k6 	BT-3   37    6     74    1    949    949    949     74   0.0941    0.000
A-n37-k6 	BT-3   37    3     74    0    949    951    951     74   0.0932    0.002
A-n37-k6 	BT-3   37    3     74    1    949    949    949     74   0.0946    0.000
A-n37-k6 	BT-3   37   12    148    0    949   1334    964    397   0.3818    0.016
A-n37-k6 	BT-3   37   12    148    1    949   1334    986    191   0.1892    0.039
A-n37-k6 	BT-3   37    6     74    0    949    951    951     74   0.0945    0.002
A-n37-k6 	BT-3   37    6     74    1    949    949    949     74   0.0943    0.000
A-n37-k6 	BT-3   37    3     74    0    949    951    951     74   0.0933    0.002
A-n37-k6 	BT-3   37    3     74    1    949    949    949     74   0.0938    0.000
A-n37-k6 	BT-3   37   12    148    0    949   1334   1001    209   0.2075    0.055
A-n37-k6 	BT-3   37   12    148    1    949   1334    982    239   0.2353    0.035
A-n37-k6 	BT-3   37    6     74    0    949    951    951     74   0.0940    0.002
A-n37-k6 	BT-3   37    6     74    1    949    949    949     74   0.0942    0.000
A-n37-k6 	BT-3   37    3     74    0    949    951    951     74   0.1128    0.002
A-n37-k6 	BT-3   37    3     74    1    949    949    949     74   0.0946    0.000
A-n37-k6 	BT-3   37   12    148    0    949   1334    972    425   0.4171    0.024
A-n37-k6 	BT-3   37   12    148    1    949   1334    986    234   0.2320    0.039
A-n37-k6 	BT-3   37    6     74    0    949    951    951     74   0.0951    0.002
A-n37-k6 	BT-3   37    6     74    1    949    949    949     74   0.0933    0.000
A-n37-k6 	BT-3   37    3     74    0    949    951    951     74   0.0951    0.002
A-n37-k6 	BT-3   37    3     74    1    949    949    949     74   0.0955    0.000
A-n37-k6 	BT-3   37   12    148    0    949   1334    989    286   0.2821    0.042
A-n37-k6 	BT-3   37   12    148    1    949   1334    986    189   0.1903    0.039
A-n37-k6 	BT-3   37    6     74    0    949    951    951     74   0.0938    0.002
A-n37-k6 	BT-3   37    6     74    1    949    949    949     74   0.0939    0.000
A-n37-k6 	BT-3   37    3     74    0    949    951    951     74   0.0938    0.002
A-n37-k6 	BT-3   37    3     74    1    949    949    949     74   0.0954    0.000
A-n37-k6 	BT-3   37   12    148    0    949   1334   1026    296   0.2904    0.081
A-n37-k6 	BT-3   37   12    148    1    949   1334    988    169   0.1697    0.041
A-n37-k6 	BT-3   37    6     74    0    949    951    951     74   0.0947    0.002
A-n37-k6 	BT-3   37    6     74    1    949    949    949     74   0.0928    0.000
A-n37-k6 	BT-3   37    3     74    0    949    951    951     74   0.0931    0.002
A-n37-k6 	BT-3   37    3     74    1    949    949    949     74   0.0938    0.000
A-n37-k6 	BT-3   37   12    148    0    949   1334    989    242   0.2375    0.042
A-n37-k6 	BT-3   37   12    148    1    949   1334    988    169   0.1710    0.041
A-n37-k6 	BT-3   37    6     74    0    949    951    951     74   0.0945    0.002
A-n37-k6 	BT-3   37    6     74    1    949    949    949     74   0.0936    0.000
A-n37-k6 	BT-3   37    3     74    0    949    951    951     74   0.0936    0.002
A-n37-k6 	BT-3   37    3     74    1    949    949    949     74   0.0938    0.000
A-n37-k6 	BT-3   37   12    148    0    949   1334   1000    181   0.1814    0.054
A-n37-k6 	BT-3   37   12    148    1    949   1334    985    343   0.3328    0.038
A-n37-k6 	BT-3   37    6     74    0    949    951    951     74   0.0926    0.002
A-n37-k6 	BT-3   37    6     74    1    949    949    949     74   0.0941    0.000
A-n37-k6 	BT-3   37    3     74    0    949    951    951     74   0.0940    0.002
A-n37-k6 	BT-3   37    3     74    1    949    949    949     74   0.0944    0.000
A-n37-k6 	BT-3   37   12    148    0    949   1334    986    365   0.3565    0.039
A-n37-k6 	BT-3   37   12    148    1    949   1334    986    238   0.2356    0.039
A-n37-k6 	BT-3   37    6     74    0    949    951    951     74   0.0942    0.002
A-n37-k6 	BT-3   37    6     74    1    949    949    949     74   0.0942    0.000
A-n37-k6 	BT-3   37    3     74    0    949    951    951     74   0.0934    0.002
A-n37-k6 	BT-3   37    3     74    1    949    949    949     74   0.0940    0.000
A-n37-k6 	BT-3   37   12    148    0    949   1334   1009    186   0.1899    0.063
A-n37-k6 	BT-3   37   12    148    1    949   1334    986    234   0.2331    0.039
A-n37-k6 	BT-3   37    6     74    0    949    951    951     74   0.0937    0.002
A-n37-k6 	BT-3   37    6     74    1    949    949    949     74   0.0931    0.000
A-n37-k6 	BT-3   37    3     74    0    949    951    951     74   0.0930    0.002
A-n37-k6 	BT-3   37    3     74    1    949    949    949     74   0.0944    0.000
A-n37-k6 	BT-3   37   12    148    0    949   1334    993    261   0.2601    0.046
A-n37-k6 	BT-3   37   12    148    1    949   1334    986    202   0.2019    0.039
A-n37-k6 	BT-3   37    6     74    0    949    951    951     74   0.0926    0.002
A-n37-k6 	BT-3   37    6     74    1    949    949    949     74   0.0938    0.000
A-n37-k6 	BT-3   37    3     74    0    949    951    951     74   0.0929    0.002
A-n37-k6 	BT-3   37    3     74    1    949    949    949     74   0.0945    0.000
A-n37-k6 	BT-3   37   12    148    0    949   1334    963    296   0.2860    0.015
A-n37-k6 	BT-3   37   12    148    1    949   1334    982    406   0.3964    0.035
A-n37-k6 	BT-3   37    6     74    0    949    951    951     74   0.0944    0.002
A-n37-k6 	BT-3   37    6     74    1    949    949    949     74   0.0937    0.000
A-n37-k6 	BT-3   37    3     74    0    949    951    951     74   0.0936    0.002
A-n37-k6 	BT-3   37    3     74    1    949    949    949     74   0.0952    0.000
A-n37-k6 	BT-3   37   12    148    0    949   1334   1021    306   0.3021    0.076
A-n37-k6 	BT-3   37   12    148    1    949   1334    988    169   0.1703    0.041
A-n37-k6 	BT-3   37    6     74    0    949    951    951     74   0.0939    0.002
A-n37-k6 	BT-3   37    6     74    1    949    949    949     74   0.0990    0.000
A-n37-k6 	BT-3   37    3     74    0    949    951    951     74   0.0960    0.002
A-n37-k6 	BT-3   37    3     74    1    949    949    949     74   0.0958    0.000
A-n37-k6 	BT-3   37   12    148    0    949   1334    974    256   0.2568    0.026
A-n37-k6 	BT-3   37   12    148    1    949   1334    986    242   0.2380    0.039
A-n37-k6 	BT-3   37    6     74    0    949    951    951     74   0.0944    0.002
A-n37-k6 	BT-3   37    6     74    1    949    949    949     74   0.0934    0.000
A-n37-k6 	BT-3   37    3     74    0    949    951    951     74   0.0936    0.002
A-n37-k6 	BT-3   37    3     74    1    949    949    949     74   0.0944    0.000
A-n37-k6 	BT-3   37   12    148    0    949   1334    979    281   0.2794    0.032
A-n37-k6 	BT-3   37   12    148    1    949   1334    986    201   0.1996    0.039
A-n37-k6 	BT-3   37    6     74    0    949    951    951     74   0.0937    0.002
A-n37-k6 	BT-3   37    6     74    1    949    949    949     74   0.0935    0.000
A-n37-k6 	BT-3   37    3     74    0    949    951    951     74   0.0929    0.002
A-n37-k6 	BT-3   37    3     74    1    949    949    949     74   0.0944    0.000
A-n37-k6 	BT-3   37   12    148    0    949   1334    963    245   0.2465    0.015
A-n37-k6 	BT-3   37   12    148    1    949   1334    986    202   0.2197    0.039
A-n37-k6 	BT-3   37    6     74    0    949    951    951     74   0.0941    0.002
A-n37-k6 	BT-3   37    6     74    1    949    949    949     74   0.0956    0.000
A-n37-k6 	BT-3   37    3     74    0    949    951    951     74   0.0931    0.002
A-n37-k6 	BT-3   37    3     74    1    949    949    949     74   0.0948    0.000
A-n37-k6 	BT-3   37   12    148    0    949   1334    986    296   0.3147    0.039
A-n37-k6 	BT-3   37   12    148    1    949   1334    982    357   0.3714    0.035
A-n37-k6 	BT-3   37    6     74    0    949    951    951     74   0.0934    0.002
A-n37-k6 	BT-3   37    6     74    1    949    949    949     74   0.0938    0.000
A-n37-k6 	BT-3   37    3     74    0    949    951    951     74   0.0932    0.002
A-n37-k6 	BT-3   37    3     74    1    949    949    949     74   0.0945    0.000
A-n37-k6 	BT-3   37   12    148    0    949   1334   1011    207   0.2139    0.065
A-n37-k6 	BT-3   37   12    148    1    949   1334    986    217   0.2161    0.039
A-n37-k6 	BT-3   37    6     74    0    949    951    951     74   0.0944    0.002
A-n37-k6 	BT-3   37    6     74    1    949    949    949     74   0.0962    0.000
A-n37-k6 	BT-3   37    3     74    0    949    951    951     74   0.0945    0.002
A-n37-k6 	BT-3   37    3     74    1    949    949    949     74   0.0954    0.000
A-n37-k6 	BT-3   37   12    148    0    949   1334    995    330   0.3298    0.048
A-n37-k6 	BT-3   37   12    148    1    949   1334    986    199   0.1971    0.039
A-n37-k6 	BT-3   37    6     74    0    949    951    951     74   0.0939    0.002
A-n37-k6 	BT-3   37    6     74    1    949    949    949     74   0.0940    0.000
A-n37-k6 	BT-3   37    3     74    0    949    951    951     74   0.0934    0.002
A-n37-k6 	BT-3   37    3     74    1    949    949    949     74   0.0944    0.000
A-n37-k6 	BT-3   37   12    148    0    949   1334    994    427   0.4207    0.047
A-n37-k6 	BT-3   37   12    148    1    949   1334    982    405   0.3954    0.035
A-n37-k6 	BT-3   37    6     74    0    949    951    951     74   0.0954    0.002
A-n37-k6 	BT-3   37    6     74    1    949    949    949     74   0.0957    0.000
A-n37-k6 	BT-3   37    3     74    0    949    951    951     74   0.0940    0.002
A-n37-k6 	BT-3   37    3     74    1    949    949    949     74   0.0945    0.000
A-n37-k6 	BT-3   37   12    148    0    949   1334   1003    262   0.2601    0.057
A-n37-k6 	BT-3   37   12    148    1    949   1334    984    272   0.2645    0.037
A-n37-k6 	BT-3   37    6     74    0    949    951    951     74   0.0930    0.002
A-n37-k6 	BT-3   37    6     74    1    949    949    949     74   0.0947    0.000
A-n37-k6 	BT-3   37    3     74    0    949    951    951     74   0.0930    0.002
A-n37-k6 	BT-3   37    3     74    1    949    949    949     74   0.0935    0.000
A-n37-k6 	BT-3   37   12    148    0    949   1334   1003    189   0.1910    0.057
A-n37-k6 	BT-3   37   12    148    1    949   1334    988    169   0.1711    0.041
A-n37-k6 	BT-3   37    6     74    0    949    951    951     74   0.0945    0.002
A-n37-k6 	BT-3   37    6     74    1    949    949    949     74   0.0940    0.000
A-n37-k6 	BT-3   37    3     74    0    949    951    951     74   0.0935    0.002
A-n37-k6 	BT-3   37    3     74    1    949    949    949     74   0.0946    0.000
A-n37-k6 	BT-3   37   12    148    0    949   1334   1032    185   0.1915    0.087
A-n37-k6 	BT-3   37   12    148    1    949   1334    986    234   0.2328    0.039
A-n37-k6 	BT-3   37    6     74    0    949    951    951     74   0.0940    0.002
A-n37-k6 	BT-3   37    6     74    1    949    949    949     74   0.0944    0.000
A-n37-k6 	BT-3   37    3     74    0    949    951    951     74   0.0965    0.002
A-n37-k6 	BT-3   37    3     74    1    949    949    949     74   0.1073    0.000
A-n37-k6 	BT-3   37   12    148    0    949   1334   1001    311   0.3536    0.055
A-n37-k6 	BT-3   37   12    148    1    949   1334    982    357   0.4088    0.035
A-n37-k6 	BT-3   37    6     74    0    949    951    951     74   0.1056    0.002
A-n37-k6 	BT-3   37    6     74    1    949    949    949     74   0.1097    0.000
A-n37-k6 	BT-3   37    3     74    0    949    951    951     74   0.1060    0.002
A-n37-k6 	BT-3   37    3     74    1    949    949    949     74   0.1091    0.000
A-n37-k6 	BT-3   37   12    148    0    949   1334    973    256   0.3234    0.025
A-n37-k6 	BT-3   37   12    148    1    949   1334    982    382   0.4659    0.035
A-n37-k6 	BT-3   37    6     74    0    949    951    951     74   0.1000    0.002
A-n37-k6 	BT-3   37    6     74    1    949    949    949     74   0.0978    0.000
A-n37-k6 	BT-3   37    3     74    0    949    951    951     74   0.0964    0.002
A-n37-k6 	BT-3   37    3     74    1    949    949    949     74   0.0980    0.000
A-n37-k6 	BT-3   37   12    148    0    949   1334    996    448   0.4916    0.050
A-n37-k6 	BT-3   37   12    148    1    949   1334    986    188   0.2113    0.039
A-n37-k6 	BT-3   37    6     74    0    949    951    951     74   0.1043    0.002
A-n37-k6 	BT-3   37    6     74    1    949    949    949     74   0.1070    0.000
A-n37-k6 	BT-3   37    3     74    0    949    951    951     74   0.1156    0.002
A-n37-k6 	BT-3   37    3     74    1    949    949    949     74   0.1125    0.000
A-n37-k6 	BT-3   37   12    148    0    949   1334   1038    232   0.2494    0.094
A-n37-k6 	BT-3   37   12    148    1    949   1334    988    169   0.2005    0.041
A-n37-k6 	BT-3   37    6     74    0    949    951    951     74   0.1228    0.002
A-n37-k6 	BT-3   37    6     74    1    949    949    949     74   0.1078    0.000
A-n37-k6 	BT-3   37    3     74    0    949    951    951     74   0.0986    0.002
A-n37-k6 	BT-3   37    3     74    1    949    949    949     74   0.0960    0.000
A-n37-k6 	BT-3   37   12    148    0    949   1334    988    323   0.3183    0.041
A-n37-k6 	BT-3   37   12    148    1    949   1334    986    215   0.2190    0.039
A-n37-k6 	BT-3   37    6     74    0    949    951    951     74   0.1072    0.002
A-n37-k6 	BT-3   37    6     74    1    949    949    949     74   0.1101    0.000
A-n37-k6 	BT-3   37    3     74    0    949    951    951     74   0.0982    0.002
A-n37-k6 	BT-3   37    3     74    1    949    949    949     74   0.0971    0.000
A-n37-k6 	BT-3   37   12    148    0    949   1334    997    297   0.3221    0.051
A-n37-k6 	BT-3   37   12    148    1    949   1334    988    169   0.1944    0.041
A-n37-k6 	BT-3   37    6     74    0    949    951    951     74   0.0984    0.002
A-n37-k6 	BT-3   37    6     74    1    949    949    949     74   0.0958    0.000
A-n37-k6 	BT-3   37    3     74    0    949    951    951     74   0.0932    0.002
A-n37-k6 	BT-3   37    3     74    1    949    949    949     74   0.0947    0.000
A-n37-k6 	BT-3   37   12    148    0    949   1334    983    279   0.2875    0.036
A-n37-k6 	BT-3   37   12    148    1    949   1334    986    241   0.2538    0.039
A-n37-k6 	BT-3   37    6     74    0    949    951    951     74   0.0980    0.002
A-n37-k6 	BT-3   37    6     74    1    949    949    949     74   0.0989    0.000
A-n37-k6 	BT-3   37    3     74    0    949    951    951     74   0.0951    0.002
A-n37-k6 	BT-3   37    3     74    1    949    949    949     74   0.0939    0.000
A-n37-k6 	BT-3   37   12    148    0    949   1334    995    272   0.2769    0.048
A-n37-k6 	BT-3   37   12    148    1    949   1334    982    281   0.2802    0.035
A-n37-k6 	BT-3   37    6     74    0    949    951    951     74   0.0972    0.002
A-n37-k6 	BT-3   37    6     74    1    949    949    949     74   0.0953    0.000
A-n37-k6 	BT-3   37    3     74    0    949    951    951     74   0.1223    0.002
A-n37-k6 	BT-3   37    3     74    1    949    949    949     74   0.1255    0.000
A-n37-k6 	BT-3   37   12    148    0    949   1334   1005    310   0.3207    0.059
A-n37-k6 	BT-3   37   12    148    1    949   1334    986    201   0.1984    0.039
A-n37-k6 	BT-3   37    6     74    0    949    951    951     74   0.0927    0.002
A-n37-k6 	BT-3   37    6     74    1    949    949    949     74   0.0944    0.000
A-n37-k6 	BT-3   37    3     74    0    949    951    951     74   0.0930    0.002
A-n37-k6 	BT-3   37    3     74    1    949    949    949     74   0.0947    0.000
A-n37-k6 	BT-3   37   12    148    0    949   1334   1033    209   0.2133    0.089
A-n37-k6 	BT-3   37   12    148    1    949   1334    982    305   0.3043    0.035
A-n37-k6 	BT-3   37    6     74    0    949    951    951     74   0.0968    0.002
A-n37-k6 	BT-3   37    6     74    1    949    949    949     74   0.1086    0.000
A-n37-k6 	BT-3   37    3     74    0    949    951    951     74   0.1004    0.002
A-n37-k6 	BT-3   37    3     74    1    949    949    949     74   0.1068    0.000
A-n37-k6 	BT-3   37   12    148    0    949   1334    984    168   0.2082    0.037
A-n37-k6 	BT-3   37   12    148    1    949   1334    986    199   0.2235    0.039
A-n37-k6 	BT-3   37    6     74    0    949    951    951     74   0.0991    0.002
A-n37-k6 	BT-3   37    6     74    1    949    949    949     74   0.0973    0.000
A-n37-k6 	BT-3   37    3     74    0    949    951    951     74   0.0992    0.002
A-n37-k6 	BT-3   37    3     74    1    949    949    949     74   0.0983    0.000
A-n37-k6 	BT-3   37   12    148    0    949   1334   1024    327   0.3240    0.079
A-n37-k6 	BT-3   37   12    148    1    949   1334    982    334   0.3296    0.035
A-n37-k6 	BT-3   37    6     74    0    949    951    951     74   0.0982    0.002
A-n37-k6 	BT-3   37    6     74    1    949    949    949     74   0.0960    0.000
A-n37-k6 	BT-3   37    3     74    0    949    951    951     74   0.0988    0.002
A-n37-k6 	BT-3   37    3     74    1    949    949    949     74   0.1061    0.000
A-n37-k6 	BT-3   37   12    148    0    949   1334    989    192   0.2139    0.042
A-n37-k6 	BT-3   37   12    148    1    949   1334    982    352   0.3466    0.035
A-n37-k6 	BT-3   37    6     74    0    949    951    951     74   0.0949    0.002
A-n37-k6 	BT-3   37    6     74    1    949    949    949     74   0.0942    0.000
A-n37-k6 	BT-3   37    3     74    0    949    951    951     74   0.0941    0.002
A-n37-k6 	BT-3   37    3     74    1    949    949    949     74   0.0996    0.000
A-n37-k6 	BT-3   37   12    148    0    949   1334    983    276   0.2733    0.036
A-n37-k6 	BT-3   37   12    148    1    949   1334    986    201   0.2005    0.039
A-n37-k6 	BT-3   37    6     74    0    949    951    951     74   0.0937    0.002
A-n37-k6 	BT-3   37    6     74    1    949    949    949     74   0.0930    0.000
A-n37-k6 	BT-3   37    3     74    0    949    951    951     74   0.0934    0.002
A-n37-k6 	BT-3   37    3     74    1    949    949    949     74   0.0942    0.000
A-n37-k6 	BT-3   37   12    148    0    949   1334    954    262   0.2588    0.005
A-n37-k6 	BT-3   37   12    148    1    949   1334    988    169   0.1711    0.041
A-n37-k6 	BT-3   37    6     74    0    949    951    951     74   0.0951    0.002
A-n37-k6 	BT-3   37    6     74    1    949    949    949     74   0.0929    0.000
A-n37-k6 	BT-3   37    3     74    0    949    951    951     74   0.0930    0.002
A-n37-k6 	BT-3   37    3     74    1    949    949    949     74   0.0956    0.000
A-n37-k6 	BT-3   37   12    148    0    949   1334    975    298   0.2980    0.027
A-n37-k6 	BT-3   37   12    148    1    949   1334    982    317   0.3251    0.035
A-n37-k6 	BT-3   37    6     74    0    949    951    951     74   0.0950    0.002
A-n37-k6 	BT-3   37    6     74    1    949    949    949     74   0.0959    0.000
A-n37-k6 	BT-3   37    3     74    0    949    951    951     74   0.0930    0.002
A-n37-k6 	BT-3   37    3     74    1    949    949    949     74   0.0939    0.000
A-n37-k6 	BT-3   37   12    148    0    949   1334    984    350   0.3491    0.037
A-n37-k6 	BT-3   37   12    148    1    949   1334    986    201   0.2009    0.039
A-n37-k6 	BT-3   37    6     74    0    949    951    951     74   0.0953    0.002
A-n37-k6 	BT-3   37    6     74    1    949    949    949     74   0.0951    0.000
A-n37-k6 	BT-3   37    3     74    0    949    951    951     74   0.0931    0.002
A-n37-k6 	BT-3   37    3     74    1    949    949    949     74   0.0961    0.000
A-n37-k6 	BT-3   37   12    148    0    949   1334    958    363   0.3523    0.009
A-n37-k6 	BT-3   37   12    148    1    949   1334    988    169   0.1700    0.041
A-n37-k6 	BT-3   37    6     74    0    949    951    951     74   0.0943    0.002
A-n37-k6 	BT-3   37    6     74    1    949    949    949     74   0.0945    0.000
A-n37-k6 	BT-3   37    3     74    0    949    951    951     74   0.0945    0.002
A-n37-k6 	BT-3   37    3     74    1    949    949    949     74   0.0948    0.000
A-n37-k6 	BT-3   37   12    148    0    949   1334   1019    282   0.2767    0.074
A-n37-k6 	BT-3   37   12    148    1    949   1334    986    194   0.1931    0.039
A-n37-k6 	BT-3   37    6     74    0    949    951    949    128   0.1437    0.000
A-n37-k6 	BT-3   37    6     74    1    949    949    949     74   0.0932    0.000
A-n37-k6 	BT-3   37    3     74    0    949    951    951     74   0.0937    0.002
A-n37-k6 	BT-3   37    3     74    1    949    949    949     74   0.0956    0.000
A-n37-k6 	BT-3   37   12    148    0    949   1334    965    193   0.2167    0.017
A-n37-k6 	BT-3   37   12    148    1    949   1334    986    188   0.1898    0.039
A-n37-k6 	BT-3   37    6     74    0    949    951    951     74   0.0945    0.002
A-n37-k6 	BT-3   37    6     74    1    949    949    949     74   0.0938    0.000
A-n37-k6 	BT-3   37    3     74    0    949    951    951     74   0.0933    0.002
A-n37-k6 	BT-3   37    3     74    1    949    949    949     74   0.0947    0.000
A-n37-k6 	BT-3   37   12    148    0    949   1334   1020    245   0.2457    0.075
A-n37-k6 	BT-3   37   12    148    1    949   1334    982    329   0.3187    0.035
A-n37-k6 	BT-3   37    6     74    0    949    951    951     74   0.0939    0.002
A-n37-k6 	BT-3   37    6     74    1    949    949    949     74   0.0941    0.000
A-n37-k6 	BT-3   37    3     74    0    949    951    951     74   0.0932    0.002
A-n37-k6 	BT-3   37    3     74    1    949    949    949     74   0.0945    0.000
A-n37-k6 	BT-3   37   12    148    0    949   1334    951    366   0.3492    0.002
A-n37-k6 	BT-3   37   12    148    1    949   1334    982    266   0.2608    0.035
A-n37-k6 	BT-3   37    6     74    0    949    951    951     74   0.0955    0.002
A-n37-k6 	BT-3   37    6     74    1    949    949    949     74   0.1050    0.000
A-n37-k6 	BT-3   37    3     74    0    949    951    951     74   0.0938    0.002
A-n37-k6 	BT-3   37    3     74    1    949    949    949     74   0.0942    0.000
A-n37-k6 	BT-3   37   12    148    0    949   1334    995    243   0.2538    0.048
A-n37-k6 	BT-3   37   12    148    1    949   1334    988    169   0.1739    0.041
A-n37-k6 	BT-3   37    6     74    0    949    951    951     74   0.0991    0.002
A-n37-k6 	BT-3   37    6     74    1    949    949    949     74   0.0945    0.000
A-n37-k6 	BT-3   37    3     74    0    949    951    951     74   0.0980    0.002
A-n37-k6 	BT-3   37    3     74    1    949    949    949     74   0.0950    0.000
A-n37-k6 	BT-3   37   12    148    0    949   1334    994    253   0.2512    0.047
A-n37-k6 	BT-3   37   12    148    1    949   1334    985    279   0.2735    0.038
A-n37-k6 	BT-3   37    6     74    0    949    951    951     74   0.0946    0.002
A-n37-k6 	BT-3   37    6     74    1    949    949    949     74   0.0960    0.000
A-n37-k6 	BT-3   37    3     74    0    949    951    951     74   0.0946    0.002
A-n37-k6 	BT-3   37    3     74    1    949    949    949     74   0.0951    0.000
A-n37-k6 	BT-3   37   12    148    0    949   1334    987    283   0.2838    0.040
A-n37-k6 	BT-3   37   12    148    1    949   1334    988    169   0.1716    0.041
A-n37-k6 	BT-3   37    6     74    0    949    951    951     74   0.0952    0.002
A-n37-k6 	BT-3   37    6     74    1    949    949    949     74   0.0987    0.000
A-n37-k6 	BT-3   37    3     74    0    949    951    951     74   0.0931    0.002
A-n37-k6 	BT-3   37    3     74    1    949    949    949     74   0.0949    0.000
A-n37-k6 	BT-3   37   12    148    0    949   1334    954    438   0.4278    0.005
A-n37-k6 	BT-3   37   12    148    1    949   1334    984    278   0.2715    0.037
A-n37-k6 	BT-3   37    6     74    0    949    951    951     74   0.0937    0.002
A-n37-k6 	BT-3   37    6     74    1    949    949    949     74   0.0940    0.000
A-n37-k6 	BT-3   37    3     74    0    949    951    951     74   0.0932    0.002
A-n37-k6 	BT-3   37    3     74    1    949    949    949     74   0.0949    0.000
A-n37-k6 	BT-3   37   12    148    0    949   1334    969    411   0.3943    0.021
A-n37-k6 	BT-3   37   12    148    1    949   1334    986    200   0.1984    0.039
A-n37-k6 	BT-3   37    6     74    0    949    951    951     74   0.0947    0.002
A-n37-k6 	BT-3   37    6     74    1    949    949    949     74   0.0940    0.000
A-n37-k6 	BT-3   37    3     74    0    949    951    951     74   0.0929    0.002
A-n37-k6 	BT-3   37    3     74    1    949    949    949     74   0.0946    0.000
A-n37-k6 	BT-3   37   12    148    0    949   1334    994    357   0.3481    0.047
A-n37-k6 	BT-3   37   12    148    1    949   1334    986    207   0.2055    0.039
A-n37-k6 	BT-3   37    6     74    0    949    951    951     74   0.0943    0.002
A-n37-k6 	BT-3   37    6     74    1    949    949    949     74   0.0946    0.000
A-n37-k6 	BT-3   37    3     74    0    949    951    951     74   0.0940    0.002
A-n37-k6 	BT-3   37    3     74    1    949    949    949     74   0.0942    0.000
A-n37-k6 	BT-3   37   12    148    0    949   1334    991    250   0.2533    0.044
A-n37-k6 	BT-3   37   12    148    1    949   1334    987    252   0.2453    0.040
A-n37-k6 	BT-3   37    6     74    0    949    951    951     74   0.0965    0.002
A-n37-k6 	BT-3   37    6     74    1    949    949    949     74   0.0950    0.000
A-n37-k6 	BT-3   37    3     74    0    949    951    951     74   0.0937    0.002
A-n37-k6 	BT-3   37    3     74    1    949    949    949     74   0.0947    0.000
A-n37-k6 	BT-3   37   12    148    0    949   1334    984    218   0.2125    0.037
A-n37-k6 	BT-3   37   12    148    1    949   1334    988    169   0.1703    0.041
A-n37-k6 	BT-3   37    6     74    0    949    951    951     74   0.0944    0.002
A-n37-k6 	BT-3   37    6     74    1    949    949    949     74   0.0953    0.000
A-n37-k6 	BT-3   37    3     74    0    949    951    951     74   0.0934    0.002
A-n37-k6 	BT-3   37    3     74    1    949    949    949     74   0.0945    0.000
A-n37-k6 	BT-3   37   12    148    0    949   1334   1019    305   0.3032    0.074
A-n37-k6 	BT-3   37   12    148    1    949   1334    986    187   0.1875    0.039
A-n37-k6 	BT-3   37    6     74    0    949    951    951     74   0.0950    0.002
A-n37-k6 	BT-3   37    6     74    1    949    949    949     74   0.0937    0.000
A-n37-k6 	BT-3   37    3     74    0    949    951    951     74   0.0952    0.002
A-n37-k6 	BT-3   37    3     74    1    949    949    949     74   0.0936    0.000
A-n37-k6 	BT-3   37   12    148    0    949   1334    971    491   0.4703    0.023
A-n37-k6 	BT-3   37   12    148    1    949   1334    988    169   0.1690    0.041
A-n37-k6 	BT-3   37    6     74    0    949    951    951     74   0.0946    0.002
A-n37-k6 	BT-3   37    6     74    1    949    949    949     74   0.0936    0.000
A-n37-k6 	BT-3   37    3     74    0    949    951    951     74   0.0931    0.002
A-n37-k6 	BT-3   37    3     74    1    949    949    949     74   0.0943    0.000
A-n37-k6 	BT-3   37   12    148    0    949   1334    988    206   0.2082    0.041
A-n37-k6 	BT-3   37   12    148    1    949   1334    986    259   0.2681    0.039
A-n37-k6 	BT-3   37    6     74    0    949    951    951     74   0.1283    0.002
A-n37-k6 	BT-3   37    6     74    1    949    949    949     74   0.0931    0.000
A-n37-k6 	BT-3   37    3     74    0    949    951    951     74   0.0933    0.002
A-n37-k6 	BT-3   37    3     74    1    949    949    949     74   0.0947    0.000
A-n37-k6 	BT-3   37   12    148    0    949   1334    987    197   0.2054    0.040
A-n37-k6 	BT-3   37   12    148    1    949   1334    988    169   0.1699    0.041
A-n37-k6 	BT-3   37    6     74    0    949    951    951     74   0.0927    0.002
A-n37-k6 	BT-3   37    6     74    1    949    949    949     74   0.0928    0.000
A-n37-k6 	BT-3   37    3     74    0    949    951    951     74   0.0931    0.002
A-n37-k6 	BT-3   37    3     74    1    949    949    949     74   0.0951    0.000
A-n37-k6 	BT-3   37   12    148    0    949   1334    968    382   0.3755    0.020
A-n37-k6 	BT-3   37   12    148    1    949   1334    988    169   0.1696    0.041
A-n37-k6 	BT-3   37    6     74    0    949    951    951     74   0.0951    0.002
A-n37-k6 	BT-3   37    6     74    1    949    949    949     74   0.0934    0.000
A-n37-k6 	BT-3   37    3     74    0    949    951    951     74   0.0935    0.002
A-n37-k6 	BT-3   37    3     74    1    949    949    949     74   0.0948    0.000
A-n37-k6 	BT-3   37   12    148    0    949   1334    984    168   0.1731    0.037
A-n37-k6 	BT-3   37   12    148    1    949   1334    986    196   0.2034    0.039
A-n37-k6 	BT-3   37    6     74    0    949    951    951     74   0.0960    0.002
A-n37-k6 	BT-3   37    6     74    1    949    949    949     74   0.0932    0.000
A-n37-k6 	BT-3   37    3     74    0    949    951    951     74   0.0930    0.002
A-n37-k6 	BT-3   37    3     74    1    949    949    949     74   0.0938    0.000
A-n37-k6 	BT-3   37   12    148    0    949   1334    971    454   0.4438    0.023
A-n37-k6 	BT-3   37   12    148    1    949   1334    988    169   0.1724    0.041
A-n37-k6 	BT-3   37    6     74    0    949    951    951     74   0.0946    0.002
A-n37-k6 	BT-3   37    6     74    1    949    949    949     74   0.0940    0.000
A-n37-k6 	BT-3   37    3     74    0    949    951    951     74   0.0929    0.002
A-n37-k6 	BT-3   37    3     74    1    949    949    949     74   0.0953    0.000
A-n37-k6 	BT-3   37   12    148    0    949   1334    991    267   0.2695    0.044
A-n37-k6 	BT-3   37   12    148    1    949   1334    986    195   0.1962    0.039
A-n37-k6 	BT-3   37    6     74    0    949    951    951     74   0.0962    0.002
A-n37-k6 	BT-3   37    6     74    1    949    949    949     74   0.0951    0.000
A-n37-k6 	BT-3   37    3     74    0    949    951    951     74   0.0936    0.002
A-n37-k6 	BT-3   37    3     74    1    949    949    949     74   0.0938    0.000
A-n37-k6 	BT-3   37   12    148    0    949   1334    984    168   0.1854    0.037
A-n37-k6 	BT-3   37   12    148    1    949   1334    988    169   0.1688    0.041
A-n37-k6 	BT-3   37    6     74    0    949    951    951     74   0.0939    0.002
A-n37-k6 	BT-3   37    6     74    1    949    949    949     74   0.0951    0.000
A-n37-k6 	BT-3   37    3     74    0    949    951    951     74   0.0939    0.002
A-n37-k6 	BT-3   37    3     74    1    949    949    949     74   0.0935    0.000
A-n37-k6 	BT-3   37   12    148    0    949   1334    986    236   0.2317    0.039
A-n37-k6 	BT-3   37   12    148    1    949   1334    982    319   0.3110    0.035
A-n37-k6 	BT-3   37    6     74    0    949    951    951     74   0.0946    0.002
A-n37-k6 	BT-3   37    6     74    1    949    949    949     74   0.0937    0.000
A-n37-k6 	BT-3   37    3     74    0    949    951    951     74   0.0932    0.002
A-n37-k6 	BT-3   37    3     74    1    949    949    949     74   0.0934    0.000
A-n37-k6 	BT-3   37   12    148    0    949   1334    974    614   0.5981    0.026
A-n37-k6 	BT-3   37   12    148    1    949   1334    986    203   0.2061    0.039
A-n37-k6 	BT-3   37    6     74    0    949    951    951     74   0.0940    0.002
A-n37-k6 	BT-3   37    6     74    1    949    949    949     74   0.0928    0.000
A-n37-k6 	BT-3   37    3     74    0    949    951    951     74   0.0934    0.002
A-n37-k6 	BT-3   37    3     74    1    949    949    949     74   0.0972    0.000
A-n37-k6 	BT-3   37   12    148    0    949   1334    970    307   0.2946    0.022
A-n37-k6 	BT-3   37   12    148    1    949   1334    982    282   0.2792    0.035
A-n37-k6 	BT-3   37    6     74    0    949    951    951     74   0.0948    0.002
A-n37-k6 	BT-3   37    6     74    1    949    949    949     74   0.0947    0.000
A-n37-k6 	BT-3   37    3     74    0    949    951    951     74   0.0949    0.002
A-n37-k6 	BT-3   37    3     74    1    949    949    949     74   0.0949    0.000
A-n37-k6 	BT-3   37   12    148    0    949   1334   1032    195   0.2029    0.087
A-n37-k6 	BT-3   37   12    148    1    949   1334    996    185   0.1853    0.050
A-n37-k6 	BT-3   37    6     74    0    949    951    951     74   0.0942    0.002
A-n37-k6 	BT-3   37    6     74    1    949    949    949     74   0.0932    0.000
A-n37-k6 	BT-3   37    3     74    0    949    951    951     74   0.0929    0.002
A-n37-k6 	BT-3   37    3     74    1    949    949    949     74   0.0941    0.000
A-n37-k6 	BT-3   37   12    148    0    949   1334    984    168   0.1728    0.037
A-n37-k6 	BT-3   37   12    148    1    949   1334    986    198   0.1998    0.039
A-n37-k6 	BT-3   37    6     74    0    949    951    951     74   0.0922    0.002
A-n37-k6 	BT-3   37    6     74    1    949    949    949     74   0.0945    0.000
A-n37-k6 	BT-3   37    3     74    0    949    951    951     74   0.0937    0.002
A-n37-k6 	BT-3   37    3     74    1    949    949    949     74   0.0945    0.000
A-n37-k6 	BT-3   37   12    148    0    949   1334    979    348   0.3407    0.032
A-n37-k6 	BT-3   37   12    148    1    949   1334    982    293   0.2868    0.035
A-n37-k6 	BT-3   37    6     74    0    949    951    951     74   0.0940    0.002
A-n37-k6 	BT-3   37    6     74    1    949    949    949     74   0.0944    0.000
A-n37-k6 	BT-3   37    3     74    0    949    951    951     74   0.0938    0.002
A-n37-k6 	BT-3   37    3     74    1    949    949    949     74   0.0948    0.000
A-n37-k6 	BT-3   37   12    148    0    949   1334    990    396   0.4026    0.043
A-n37-k6 	BT-3   37   12    148    1    949   1334    986    201   0.2009    0.039
A-n37-k6 	BT-3   37    6     74    0    949    951    951     74   0.0942    0.002
A-n37-k6 	BT-3   37    6     74    1    949    949    949     74   0.0932    0.000
A-n37-k6 	BT-3   37    3     74    0    949    951    951     74   0.0932    0.002
A-n37-k6 	BT-3   37    3     74    1    949    949    949     74   0.0943    0.000
A-n37-k6 	BT-3   37   12    148    0    949   1334   1019    363   0.3559    0.074
A-n37-k6 	BT-3   37   12    148    1    949   1334    986    230   0.2297    0.039
A-n37-k6 	BT-3   37    6     74    0    949    951    951     74   0.0972    0.002
A-n37-k6 	BT-3   37    6     74    1    949    949    949     74   0.0947    0.000
A-n37-k6 	BT-3   37    3     74    0    949    951    951     74   0.0952    0.002
A-n37-k6 	BT-3   37    3     74    1    949    949    949     74   0.0950    0.000
A-n37-k6 	BT-3   37   12    148    0    949   1334   1003    215   0.2204    0.057
A-n37-k6 	BT-3   37   12    148    1    949   1334    982    234   0.2570    0.035
A-n37-k6 	BT-3   37    6     74    0    949    951    949    146   0.1628    0.000
A-n37-k6 	BT-3   37    6     74    1    949    949    949     74   0.0940    0.000
A-n37-k6 	BT-3   37    3     74    0    949    951    951     74   0.0941    0.002
A-n37-k6 	BT-3   37    3     74    1    949    949    949     74   0.0958    0.000
A-n37-k6 	BT-3   37   12    148    0    949   1334    991    424   0.4055    0.044
A-n37-k6 	BT-3   37   12    148    1    949   1334    988    169   0.1729    0.041
A-n37-k6 	BT-3   37    6     74    0    949    951    951     74   0.0958    0.002
A-n37-k6 	BT-3   37    6     74    1    949    949    949     74   0.0945    0.000
A-n37-k6 	BT-3   37    3     74    0    949    951    951     74   0.0949    0.002
A-n37-k6 	BT-3   37    3     74    1    949    949    949     74   0.0939    0.000
A-n37-k6 	BT-3   37   12    148    0    949   1334    970    226   0.2262    0.022
A-n37-k6 	BT-3   37   12    148    1    949   1334    988    169   0.1717    0.041
A-n37-k6 	BT-3   37    6     74    0    949    951    951     74   0.0929    0.002
A-n37-k6 	BT-3   37    6     74    1    949    949    949     74   0.0953    0.000
A-n37-k6 	BT-3   37    3     74    0    949    951    951     74   0.0928    0.002
A-n37-k6 	BT-3   37    3     74    1    949    949    949     74   0.0987    0.000
A-n37-k6 	BT-3   37   12    148    0    949   1334    991    269   0.2690    0.044
A-n37-k6 	BT-3   37   12    148    1    949   1334    986    213   0.2108    0.039
A-n37-k6 	BT-3   37    6     74    0    949    951    951     74   0.0937    0.002
A-n37-k6 	BT-3   37    6     74    1    949    949    949     74   0.0941    0.000
A-n37-k6 	BT-3   37    3     74    0    949    951    951     74   0.0937    0.002
A-n37-k6 	BT-3   37    3     74    1    949    949    949     74   0.0935    0.000
A-n37-k6 	BT-3   37   12    148    0    949   1334    976    321   0.3140    0.028
A-n37-k6 	BT-3   37   12    148    1    949   1334    986    206   0.2075    0.039
A-n37-k6 	BT-3   37    6     74    0    949    951    951     74   0.0945    0.002
A-n37-k6 	BT-3   37    6     74    1    949    949    949     74   0.0933    0.000
A-n37-k6 	BT-3   37    3     74    0    949    951    951     74   0.0933    0.002
A-n37-k6 	BT-3   37    3     74    1    949    949    949     74   0.0943    0.000
A-n37-k6 	BT-3   37   12    148    0    949   1334   1019    239   0.2352    0.074
A-n37-k6 	BT-3   37   12    148    1    949   1334    982    352   0.3509    0.035
A-n37-k6 	BT-3   37    6     74    0    949    951    951     74   0.0970    0.002
A-n37-k6 	BT-3   37    6     74    1    949    949    949     74   0.0943    0.000
A-n37-k6 	BT-3   37    3     74    0    949    951    951     74   0.0932    0.002
A-n37-k6 	BT-3   37    3     74    1    949    949    949     74   0.0947    0.000
A-n37-k6 	BT-3   37   12    148    0    949   1334    990    338   0.3386    0.043
A-n37-k6 	BT-3   37   12    148    1    949   1334    986    189   0.1943    0.039
A-n37-k6 	BT-3   37    6     74    0    949    951    951     74   0.0962    0.002
A-n37-k6 	BT-3   37    6     74    1    949    949    949     74   0.0937    0.000
A-n37-k6 	BT-3   37    3     74    0    949    951    951     74   0.0954    0.002
A-n37-k6 	BT-3   37    3     74    1    949    949    949     74   0.0956    0.000
