A-n34-k5 	BT-1   34   11    136    0    778   1109    790    149   0.1203    0.015
A-n34-k5 	BT-1   34   11    136    1    778   1112    790    149   0.1364    0.015
A-n34-k5 	BT-1   34    5     68    0    778    790    787     86   0.0701    0.012
A-n34-k5 	BT-1   34    5     68    1    778    790    787     85   0.0756    0.012
A-n34-k5 	BT-1   34    3     68    0    778    787    787     68   0.0532    0.012
A-n34-k5 	BT-1   34    3     68    1    778    787    787     68   0.0554    0.012
A-n34-k5 	BT-2   34   11    136    0    778   1109    787    149   0.1113    0.012
A-n34-k5 	BT-2   34   11    136    1    778   1112    797    148   0.1142    0.024
A-n34-k5 	BT-2   34    5     68    0    778    787    787     68   0.0539    0.012
A-n34-k5 	BT-2   34    5     68    1    778    787    787     68   0.0559    0.012
A-n34-k5 	BT-2   34    3     68    0    778    787    787     68   0.0535    0.012
A-n34-k5 	BT-2   34    3     68    1    778    787    787     68   0.0558    0.012
A-n34-k5 	BT-3   34   11    136    0    778   1109    789    157   0.1130    0.014
A-n34-k5 	BT-3   34   11    136    1    778   1112    794    154   0.1116    0.021
A-n34-k5 	BT-3   34    5     68    0    778    789    789     68   0.0604    0.014
A-n34-k5 	BT-3   34    5     68    1    778    789    789     68   0.0603    0.014
A-n34-k5 	BT-3   34    3     68    0    778    789    789     68   0.0608    0.014
A-n34-k5 	BT-3   34    3     68    1    778    789    789     68   0.0600    0.014
A-n34-k5 	BT-3   34   11    136    0    778   1109    789    157   0.1162    0.014
A-n34-k5 	BT-3   34   11    136    1    778   1112    794    154   0.1126    0.021
A-n34-k5 	BT-3   34    5     68    0    778    789    789     68   0.0606    0.014
A-n34-k5 	BT-3   34    5     68    1    778    789    789     68   0.0613    0.014
A-n34-k5 	BT-3   34    3     68    0    778    789    789     68   0.0605    0.014
A-n34-k5 	BT-3   34    3     68    1    778    789    789     68   0.0600    0.014
A-n34-k5 	BT-3   34   11    136    0    778   1109    789    157   0.1147    0.014
A-n34-k5 	BT-3   34   11    136    1    778   1112    794    154   0.1135    0.021
A-n34-k5 	BT-3   34    5     68    0    778    789    789     68   0.0607    0.014
A-n34-k5 	BT-3   34    5     68    1    778    789    789     68   0.0613    0.014
A-n34-k5 	BT-3   34    3     68    0    778    789    789     68   0.0605    0.014
A-n34-k5 	BT-3   34    3     68    1    778    789    789     68   0.0609    0.014
A-n34-k5 	BT-3   34   11    136    0    778   1109    789    157   0.1136    0.014
A-n34-k5 	BT-3   34   11    136    1    778   1112    794    154   0.1109    0.021
A-n34-k5 	BT-3   34    5     68    0    778    789    789     68   0.0615    0.014
A-n34-k5 	BT-3   34    5     68    1    778    789    789     68   0.0619    0.014
A-n34-k5 	BT-3   34    3     68    0    778    789    789     68   0.0607    0.014
A-n34-k5 	BT-3   34    3     68    1    778    789    789     68   0.0601    0.014
A-n34-k5 	BT-3   34   11    136    0    778   1109    789    157   0.1129    0.014
A-n34-k5 	BT-3   34   11    136    1    778   1112    794    154   0.1124    0.021
A-n34-k5 	BT-3   34    5     68    0    778    789    789     68   0.0609    0.014
A-n34-k5 	BT-3   34    5     68    1    778    789    789     68   0.0601    0.014
A-n34-k5 	BT-3   34    3     68    0    778    789    789     68   0.0609    0.014
A-n34-k5 	BT-3   34    3     68    1    778    789    789     68   0.0596    0.014
A-n34-k5 	BT-3   34   11    136    0    778   1109    789    157   0.1137    0.014
A-n34-k5 	BT-3   34   11    136    1    778   1112    790    238   0.1707    0.015
A-n34-k5 	BT-3   34    5     68    0    778    789    789     68   0.0597    0.014
A-n34-k5 	BT-3   34    5     68    1    778    789    789     68   0.0605    0.014
A-n34-k5 	BT-3   34    3     68    0    778    789    789     68   0.0608    0.014
A-n34-k5 	BT-3   34    3     68    1    778    789    789     68   0.0614    0.014
A-n34-k5 	BT-3   34   11    136    0    778   1109    789    157   0.1138    0.014
A-n34-k5 	BT-3   34   11    136    1    778   1112    794    154   0.1137    0.021
A-n34-k5 	BT-3   34    5     68    0    778    789    789     68   0.0616    0.014
A-n34-k5 	BT-3   34    5     68    1    778    789    789     68   0.0606    0.014
A-n34-k5 	BT-3   34    3     68    0    778    789    789     68   0.0598    0.014
A-n34-k5 	BT-3   34    3     68    1    778    789    789     68   0.0600    0.014
A-n34-k5 	BT-3   34   11    136    0    778   1109    789    157   0.1141    0.014
A-n34-k5 	BT-3   34   11    136    1    778   1112    794    154   0.1128    0.021
A-n34-k5 	BT-3   34    5     68    0    778    789    789     68   0.0600    0.014
A-n34-k5 	BT-3   34    5     68    1    778    789    789     68   0.0606    0.014
A-n34-k5 	BT-3   34    3     68    0    778    789    789     68   0.0601    0.014
A-n34-k5 	BT-3   34    3     68    1    778    789    789     68   0.0601    0.014
A-n34-k5 	BT-3   34   11    136    0    778   1109    789    157   0.1142    0.014
A-n34-k5 	BT-3   34   11    136    1    778   1112    794    154   0.1126    0.021
A-n34-k5 	BT-3   34    5     68    0    778    789    789     68   0.0606    0.014
A-n34-k5 	BT-3   34    5     68    1    778    789    789     68   0.0654    0.014
A-n34-k5 	BT-3   34    3     68    0    778    789    789     68   0.0609    0.014
A-n34-k5 	BT-3   34    3     68    1    778    789    789     68   0.0607    0.014
A-n34-k5 	BT-3   34   11    136    0    778   1109    789    157   0.1131    0.014
A-n34-k5 	BT-3   34   11    136    1    778   1112    794    154   0.1124    0.021
A-n34-k5 	BT-3   34    5     68    0    778    789    789     68   0.0611    0.014
A-n34-k5 	BT-3   34    5     68    1    778    789    789     68   0.0601    0.014
A-n34-k5 	BT-3   34    3     68    0    778    789    789     68   0.0610    0.014
A-n34-k5 	BT-3   34    3     68    1    778    789    789     68   0.0596    0.014
A-n34-k5 	BT-3   34   11    136    0    778   1109    789    157   0.1145    0.014
A-n34-k5 	BT-3   34   11    136    1    778   1112    786    270   0.1942    0.010
A-n34-k5 	BT-3   34    5     68    0    778    786    786     68   0.0602    0.010
A-n34-k5 	BT-3   34    5     68    1    778    786    786     68   0.0604    0.010
A-n34-k5 	BT-3   34    3     68    0    778    786    786     68   0.0605    0.010
A-n34-k5 	BT-3   34    3     68    1    778    786    786     68   0.0605    0.010
A-n34-k5 	BT-3   34   11    136    0    778   1109    789    157   0.1149    0.014
A-n34-k5 	BT-3   34   11    136    1    778   1112    792    251   0.1800    0.018
A-n34-k5 	BT-3   34    5     68    0    778    786    786     68   0.0603    0.010
A-n34-k5 	BT-3   34    5     68    1    778    786    786     68   0.0613    0.010
A-n34-k5 	BT-3   34    3     68    0    778    786    786     68   0.0607    0.010
A-n34-k5 	BT-3   34    3     68    1    778    786    786     68   0.0602    0.010
A-n34-k5 	BT-3   34   11    136    0    778   1109    789    157   0.1137    0.014
A-n34-k5 	BT-3   34   11    136    1    778   1112    794    154   0.1141    0.021
A-n34-k5 	BT-3   34    5     68    0    778    786    786     68   0.0596    0.010
A-n34-k5 	BT-3   34    5     68    1    778    786    786     68   0.0596    0.010
A-n34-k5 	BT-3   34    3     68    0    778    786    786     68   0.0605    0.010
A-n34-k5 	BT-3   34    3     68    1    778    786    786     68   0.0646    0.010
A-n34-k5 	BT-3   34   11    136    0    778   1109    789    157   0.1153    0.014
A-n34-k5 	BT-3   34   11    136    1    778   1112    786    191   0.1371    0.010
A-n34-k5 	BT-3   34    5     68    0    778    786    786     68   0.0604    0.010
A-n34-k5 	BT-3   34    5     68    1    778    786    786     68   0.0603    0.010
A-n34-k5 	BT-3   34    3     68    0    778    786    786     68   0.0600    0.010
A-n34-k5 	BT-3   34    3     68    1    778    786    786     68   0.0614    0.010
A-n34-k5 	BT-3   34   11    136    0    778   1109    789    157   0.1155    0.014
A-n34-k5 	BT-3   34   11    136    1    778   1112    789    303   0.2161    0.014
A-n34-k5 	BT-3   34    5     68    0    778    786    786     68   0.0601    0.010
A-n34-k5 	BT-3   34    5     68    1    778    786    786     68   0.0604    0.010
A-n34-k5 	BT-3   34    3     68    0    778    786    786     68   0.0600    0.010
A-n34-k5 	BT-3   34    3     68    1    778    786    786     68   0.0603    0.010
A-n34-k5 	BT-3   34   11    136    0    778   1109    789    157   0.1209    0.014
A-n34-k5 	BT-3   34   11    136    1    778   1112    794    154   0.1141    0.021
A-n34-k5 	BT-3   34    5     68    0    778    786    786     68   0.0604    0.010
A-n34-k5 	BT-3   34    5     68    1    778    786    786     68   0.0606    0.010
A-n34-k5 	BT-3   34    3     68    0    778    786    786     68   0.0600    0.010
A-n34-k5 	BT-3   34    3     68    1    778    786    786     68   0.0601    0.010
A-n34-k5 	BT-3   34   11    136    0    778   1109    789    157   0.1133    0.014
A-n34-k5 	BT-3   34   11    136    1    778   1112    794    154   0.1115    0.021
A-n34-k5 	BT-3   34    5     68    0    778    786    786     68   0.0595    0.010
A-n34-k5 	BT-3   34    5     68    1    778    786    786     68   0.0597    0.010
A-n34-k5 	BT-3   34    3     68    0    778    786    786     68   0.0610    0.010
A-n34-k5 	BT-3   34    3     68    1    778    786    786     68   0.0604    0.010
A-n34-k5 	BT-3   34   11    136    0    778   1109    789    157   0.1141    0.014
A-n34-k5 	BT-3   34   11    136    1    778   1112    794    154   0.1188    0.021
A-n34-k5 	BT-3   34    5     68    0    778    786    786     68   0.0606    0.010
A-n34-k5 	BT-3   34    5     68    1    778    786    786     68   0.0602    0.010
A-n34-k5 	BT-3   34    3     68    0    778    786    786     68   0.0623    0.010
A-n34-k5 	BT-3   34    3     68    1    778    786    786     68   0.0616    0.010
A-n34-k5 	BT-3   34   11    136    0    778   1109    789    157   0.1145    0.014
A-n34-k5 	BT-3   34   11    136    1    778   1112    794    154   0.1149    0.021
A-n34-k5 	BT-3   34    5     68    0    778    786    786     68   0.0593    0.010
A-n34-k5 	BT-3   34    5     68    1    778    786    786     68   0.0601    0.010
A-n34-k5 	BT-3   34    3     68    0    778    786    786     68   0.0608    0.010
A-n34-k5 	BT-3   34    3     68    1    778    786    786     68   0.0599    0.010
A-n34-k5 	BT-3   34   11    136    0    778   1109    789    157   0.1127    0.014
A-n34-k5 	BT-3   34   11    136    1    778   1112    788    238   0.1716    0.013
A-n34-k5 	BT-3   34    5     68    0    778    786    786     68   0.0605    0.010
A-n34-k5 	BT-3   34    5     68    1    778    786    786     68   0.0605    0.010
A-n34-k5 	BT-3   34    3     68    0    778    786    786     68   0.0604    0.010
A-n34-k5 	BT-3   34    3     68    1    778    786    786     68   0.0599    0.010
A-n34-k5 	BT-3   34   11    136    0    778   1109    789    157   0.1140    0.014
A-n34-k5 	BT-3   34   11    136    1    778   1112    794    154   0.1127    0.021
A-n34-k5 	BT-3   34    5     68    0    778    786    786     68   0.0591    0.010
A-n34-k5 	BT-3   34    5     68    1    778    786    786     68   0.0603    0.010
A-n34-k5 	BT-3   34    3     68    0    778    786    786     68   0.0607    0.010
A-n34-k5 	BT-3   34    3     68    1    778    786    786     68   0.0601    0.010
A-n34-k5 	BT-3   34   11    136    0    778   1109    789    157   0.1149    0.014
A-n34-k5 	BT-3   34   11    136    1    778   1112    794    154   0.1135    0.021
A-n34-k5 	BT-3   34    5     68    0    778    786    786     68   0.0597    0.010
A-n34-k5 	BT-3   34    5     68    1    778    786    786     68   0.0602    0.010
A-n34-k5 	BT-3   34    3     68    0    778    786    786     68   0.0601    0.010
A-n34-k5 	BT-3   34    3     68    1    778    786    786     68   0.0646    0.010
A-n34-k5 	BT-3   34   11    136    0    778   1109    789    157   0.1133    0.014
A-n34-k5 	BT-3   34   11    136    1    778   1112    794    154   0.1136    0.021
A-n34-k5 	BT-3   34    5     68    0    778    786    786     68   0.0599    0.010
A-n34-k5 	BT-3   34    5     68    1    778    786    786     68   0.0596    0.010
A-n34-k5 	BT-3   34    3     68    0    778    786    786     68   0.0601    0.010
A-n34-k5 	BT-3   34    3     68    1    778    786    786     68   0.0595    0.010
A-n34-k5 	BT-3   34   11    136    0    778   1109    789    157   0.1136    0.014
A-n34-k5 	BT-3   34   11    136    1    778   1112    786    198   0.1419    0.010
A-n34-k5 	BT-3   34    5     68    0    778    786    786     68   0.0605    0.010
A-n34-k5 	BT-3   34    5     68    1    778    786    786     68   0.0606    0.010
A-n34-k5 	BT-3   34    3     68    0    778    786    786     68   0.0600    0.010
A-n34-k5 	BT-3   34    3     68    1    778    786    786     68   0.0610    0.010
A-n34-k5 	BT-3   34   11    136    0    778   1109    789    157   0.1146    0.014
A-n34-k5 	BT-3   34   11    136    1    778   1112    792    248   0.1788    0.018
A-n34-k5 	BT-3   34    5     68    0    778    786    786     68   0.0604    0.010
A-n34-k5 	BT-3   34    5     68    1    778    786    786     68   0.0596    0.010
A-n34-k5 	BT-3   34    3     68    0    778    786    786     68   0.0601    0.010
A-n34-k5 	BT-3   34    3     68    1    778    786    786     68   0.0604    0.010
A-n34-k5 	BT-3   34   11    136    0    778   1109    789    157   0.1150    0.014
A-n34-k5 	BT-3   34   11    136    1    778   1112    794    154   0.1155    0.021
A-n34-k5 	BT-3   34    5     68    0    778    786    786     68   0.0599    0.010
A-n34-k5 	BT-3   34    5     68    1    778    786    786     68   0.0608    0.010
A-n34-k5 	BT-3   34    3     68    0    778    786    786     68   0.0600    0.010
A-n34-k5 	BT-3   34    3     68    1    778    786    786     68   0.0608    0.010
A-n34-k5 	BT-3   34   11    136    0    778   1109    789    157   0.1126    0.014
A-n34-k5 	BT-3   34   11    136    1    778   1112    789    260   0.1888    0.014
A-n34-k5 	BT-3   34    5     68    0    778    786    786     68   0.0604    0.010
A-n34-k5 	BT-3   34    5     68    1    778    786    786     68   0.0603    0.010
A-n34-k5 	BT-3   34    3     68    0    778    786    786     68   0.0608    0.010
A-n34-k5 	BT-3   34    3     68    1    778    786    786     68   0.0603    0.010
A-n34-k5 	BT-3   34   11    136    0    778   1109    789    157   0.1150    0.014
A-n34-k5 	BT-3   34   11    136    1    778   1112    785    276   0.1959    0.009
A-n34-k5 	BT-3   34    5     68    0    778    785    785     68   0.0603    0.009
A-n34-k5 	BT-3   34    5     68    1    778    785    785     68   0.0597    0.009
A-n34-k5 	BT-3   34    3     68    0    778    785    785     68   0.0595    0.009
A-n34-k5 	BT-3   34    3     68    1    778    785    785     68   0.0605    0.009
A-n34-k5 	BT-3   34   11    136    0    778   1109    789    157   0.1134    0.014
A-n34-k5 	BT-3   34   11    136    1    778   1112    787    226   0.1643    0.012
A-n34-k5 	BT-3   34    5     68    0    778    785    785     68   0.0652    0.009
A-n34-k5 	BT-3   34    5     68    1    778    785    785     68   0.0594    0.009
A-n34-k5 	BT-3   34    3     68    0    778    785    785     68   0.0598    0.009
A-n34-k5 	BT-3   34    3     68    1    778    785    785     68   0.0597    0.009
A-n34-k5 	BT-3   34   11    136    0    778   1109    789    157   0.1158    0.014
A-n34-k5 	BT-3   34   11    136    1    778   1112    794    154   0.1138    0.021
A-n34-k5 	BT-3   34    5     68    0    778    785    785     68   0.0603    0.009
A-n34-k5 	BT-3   34    5     68    1    778    785    785     68   0.0598    0.009
A-n34-k5 	BT-3   34    3     68    0    778    785    785     68   0.0603    0.009
A-n34-k5 	BT-3   34    3     68    1    778    785    785     68   0.0597    0.009
A-n34-k5 	BT-3   34   11    136    0    778   1109    789    157   0.1148    0.014
A-n34-k5 	BT-3   34   11    136    1    778   1112    794    154   0.1129    0.021
A-n34-k5 	BT-3   34    5     68    0    778    785    785     68   0.0647    0.009
A-n34-k5 	BT-3   34    5     68    1    778    785    785     68   0.0602    0.009
A-n34-k5 	BT-3   34    3     68    0    778    785    785     68   0.0610    0.009
A-n34-k5 	BT-3   34    3     68    1    778    785    785     68   0.0601    0.009
A-n34-k5 	BT-3   34   11    136    0    778   1109    789    157   0.1129    0.014
A-n34-k5 	BT-3   34   11    136    1    778   1112    794    154   0.1128    0.021
A-n34-k5 	BT-3   34    5     68    0    778    785    785     68   0.0603    0.009
A-n34-k5 	BT-3   34    5     68    1    778    785    785     68   0.0601    0.009
A-n34-k5 	BT-3   34    3     68    0    778    785    785     68   0.0606    0.009
A-n34-k5 	BT-3   34    3     68    1    778    785    785     68   0.0598    0.009
A-n34-k5 	BT-3   34   11    136    0    778   1109    789    157   0.1166    0.014
A-n34-k5 	BT-3   34   11    136    1    778   1112    794    154   0.1131    0.021
A-n34-k5 	BT-3   34    5     68    0    778    785    785     68   0.0604    0.009
A-n34-k5 	BT-3   34    5     68    1    778    785    785     68   0.0597    0.009
A-n34-k5 	BT-3   34    3     68    0    778    785    785     68   0.0599    0.009
A-n34-k5 	BT-3   34    3     68    1    778    785    785     68   0.0711    0.009
A-n34-k5 	BT-3   34   11    136    0    778   1109    789    157   0.1353    0.014
A-n34-k5 	BT-3   34   11    136    1    778   1112    794    154   0.1123    0.021
A-n34-k5 	BT-3   34    5     68    0    778    785    785     68   0.0599    0.009
A-n34-k5 	BT-3   34    5     68    1    778    785    785     68   0.0595    0.009
A-n34-k5 	BT-3   34    3     68    0    778    785    785     68   0.0603    0.009
A-n34-k5 	BT-3   34    3     68    1    778    785    785     68   0.0595    0.009
A-n34-k5 	BT-3   34   11    136    0    778   1109    789    157   0.1148    0.014
A-n34-k5 	BT-3   34   11    136    1    778   1112    790    230   0.1664    0.015
A-n34-k5 	BT-3   34    5     68    0    778    785    785     68   0.0602    0.009
A-n34-k5 	BT-3   34    5     68    1    778    785    785     68   0.0596    0.009
A-n34-k5 	BT-3   34    3     68    0    778    785    785     68   0.0602    0.009
A-n34-k5 	BT-3   34    3     68    1    778    785    785     68   0.0597    0.009
A-n34-k5 	BT-3   34   11    136    0    778   1109    789    157   0.1177    0.014
A-n34-k5 	BT-3   34   11    136    1    778   1112    794    154   0.1121    0.021
A-n34-k5 	BT-3   34    5     68    0    778    785    785     68   0.0598    0.009
A-n34-k5 	BT-3   34    5     68    1    778    785    785     68   0.0594    0.009
A-n34-k5 	BT-3   34    3     68    0    778    785    785     68   0.0605    0.009
A-n34-k5 	BT-3   34    3     68    1    778    785    785     68   0.0596    0.009
A-n34-k5 	BT-3   34   11    136    0    778   1109    789    157   0.1121    0.014
A-n34-k5 	BT-3   34   11    136    1    778   1112    794    154   0.1138    0.021
A-n34-k5 	BT-3   34    5     68    0    778    785    785     68   0.0604    0.009
A-n34-k5 	BT-3   34    5     68    1    778    785    785     68   0.0596    0.009
A-n34-k5 	BT-3   34    3     68    0    778    785    785     68   0.0605    0.009
A-n34-k5 	BT-3   34    3     68    1    778    785    785     68   0.0609    0.009
A-n34-k5 	BT-3   34   11    136    0    778   1109    789    157   0.1146    0.014
A-n34-k5 	BT-3   34   11    136    1    778   1112    794    154   0.1146    0.021
A-n34-k5 	BT-3   34    5     68    0    778    785    785     68   0.0603    0.009
A-n34-k5 	BT-3   34    5     68    1    778    785    785     68   0.0607    0.009
A-n34-k5 	BT-3   34    3     68    0    778    785    785     68   0.0599    0.009
A-n34-k5 	BT-3   34    3     68    1    778    785    785     68   0.0599    0.009
A-n34-k5 	BT-3   34   11    136    0    778   1109    789    157   0.1140    0.014
A-n34-k5 	BT-3   34   11    136    1    778   1112    794    154   0.1132    0.021
A-n34-k5 	BT-3   34    5     68    0    778    785    785     68   0.0598    0.009
A-n34-k5 	BT-3   34    5     68    1    778    785    785     68   0.0597    0.009
A-n34-k5 	BT-3   34    3     68    0    778    785    780    128   0.1015    0.003
A-n34-k5 	BT-3   34    3     68    1    778    785    785     68   0.0601    0.009
A-n34-k5 	BT-3   34   11    136    0    778   1109    789    157   0.1152    0.014
A-n34-k5 	BT-3   34   11    136    1    778   1112    794    154   0.1130    0.021
A-n34-k5 	BT-3   34    5     68    0    778    780    778    109   0.0903    0.000
A-n34-k5 	BT-3   34    5     68    1    778    780    778     98   0.0814    0.000
A-n34-k5 	BT-3   34    3     68    0    778    778    778     68   0.0618    0.000
A-n34-k5 	BT-3   34    3     68    1    778    778    778     68   0.0598    0.000
A-n34-k5 	BT-3   34   11    136    0    778   1109    789    157   0.1157    0.014
A-n34-k5 	BT-3   34   11    136    1    778   1112    786    263   0.1879    0.010
A-n34-k5 	BT-3   34    5     68    0    778    778    778     68   0.0597    0.000
A-n34-k5 	BT-3   34    5     68    1    778    778    778     68   0.0601    0.000
A-n34-k5 	BT-3   34    3     68    0    778    778    778     68   0.0609    0.000
A-n34-k5 	BT-3   34    3     68    1    778    778    778     68   0.0593    0.000
A-n34-k5 	BT-3   34   11    136    0    778   1109    789    157   0.1155    0.014
A-n34-k5 	BT-3   34   11    136    1    778   1112    794    154   0.1124    0.021
A-n34-k5 	BT-3   34    5     68    0    778    778    778     68   0.0601    0.000
A-n34-k5 	BT-3   34    5     68    1    778    778    778     68   0.0603    0.000
A-n34-k5 	BT-3   34    3     68    0    778    778    778     68   0.0598    0.000
A-n34-k5 	BT-3   34    3     68    1    778    778    778     68   0.0610    0.000
A-n34-k5 	BT-3   34   11    136    0    778   1109    789    157   0.1124    0.014
A-n34-k5 	BT-3   34   11    136    1    778   1112    794    154   0.1121    0.021
A-n34-k5 	BT-3   34    5     68    0    778    778    778     68   0.0603    0.000
A-n34-k5 	BT-3   34    5     68    1    778    778    778     68   0.0599    0.000
A-n34-k5 	BT-3   34    3     68    0    778    778    778     68   0.0602    0.000
A-n34-k5 	BT-3   34    3     68    1    778    778    778     68   0.0601    0.000
A-n34-k5 	BT-3   34   11    136    0    778   1109    789    157   0.1141    0.014
A-n34-k5 	BT-3   34   11    136    1    778   1112    794    154   0.1120    0.021
A-n34-k5 	BT-3   34    5     68    0    778    778    778     68   0.0607    0.000
A-n34-k5 	BT-3   34    5     68    1    778    778    778     68   0.0604    0.000
A-n34-k5 	BT-3   34    3     68    0    778    778    778     68   0.0602    0.000
A-n34-k5 	BT-3   34    3     68    1    778    778    778     68   0.0598    0.000
A-n34-k5 	BT-3   34   11    136    0    778   1109    789    157   0.1181    0.014
A-n34-k5 	BT-3   34   11    136    1    778   1112    793    180   0.1316    0.019
A-n34-k5 	BT-3   34    5     68    0    778    778    778     68   0.0597    0.000
A-n34-k5 	BT-3   34    5     68    1    778    778    778     68   0.0598    0.000
A-n34-k5 	BT-3   34    3     68    0    778    778    778     68   0.0603    0.000
A-n34-k5 	BT-3   34    3     68    1    778    778    778     68   0.0599    0.000
A-n34-k5 	BT-3   34   11    136    0    778   1109    789    157   0.1142    0.014
A-n34-k5 	BT-3   34   11    136    1    778   1112    794    154   0.1129    0.021
A-n34-k5 	BT-3   34    5     68    0    778    778    778     68   0.0611    0.000
A-n34-k5 	BT-3   34    5     68    1    778    778    778     68   0.0605    0.000
A-n34-k5 	BT-3   34    3     68    0    778    778    778     68   0.0596    0.000
A-n34-k5 	BT-3   34    3     68    1    778    778    778     68   0.0602    0.000
A-n34-k5 	BT-3   34   11    136    0    778   1109    789    157   0.1131    0.014
A-n34-k5 	BT-3   34   11    136    1    778   1112    794    154   0.1157    0.021
A-n34-k5 	BT-3   34    5     68    0    778    778    778     68   0.0607    0.000
A-n34-k5 	BT-3   34    5     68    1    778    778    778     68   0.0612    0.000
A-n34-k5 	BT-3   34    3     68    0    778    778    778     68   0.0601    0.000
A-n34-k5 	BT-3   34    3     68    1    778    778    778     68   0.0602    0.000
A-n34-k5 	BT-3   34   11    136    0    778   1109    789    157   0.1141    0.014
A-n34-k5 	BT-3   34   11    136    1    778   1112    786    266   0.1935    0.010
A-n34-k5 	BT-3   34    5     68    0    778    778    778     68   0.0601    0.000
A-n34-k5 	BT-3   34    5     68    1    778    778    778     68   0.0600    0.000
A-n34-k5 	BT-3   34    3     68    0    778    778    778     68   0.0603    0.000
A-n34-k5 	BT-3   34    3     68    1    778    778    778     68   0.0604    0.000
A-n34-k5 	BT-3   34   11    136    0    778   1109    789    157   0.1141    0.014
A-n34-k5 	BT-3   34   11    136    1    778   1112    794    154   0.1123    0.021
A-n34-k5 	BT-3   34    5     68    0    778    778    778     68   0.0598    0.000
A-n34-k5 	BT-3   34    5     68    1    778    778    778     68   0.0601    0.000
A-n34-k5 	BT-3   34    3     68    0    778    778    778     68   0.0611    0.000
A-n34-k5 	BT-3   34    3     68    1    778    778    778     68   0.0597    0.000
A-n34-k5 	BT-3   34   11    136    0    778   1109    789    157   0.1144    0.014
A-n34-k5 	BT-3   34   11    136    1    778   1112    792    265   0.1890    0.018
A-n34-k5 	BT-3   34    5     68    0    778    778    778     68   0.0597    0.000
A-n34-k5 	BT-3   34    5     68    1    778    778    778     68   0.0602    0.000
A-n34-k5 	BT-3   34    3     68    0    778    778    778     68   0.0604    0.000
A-n34-k5 	BT-3   34    3     68    1    778    778    778     68   0.0595    0.000
A-n34-k5 	BT-3   34   11    136    0    778   1109    789    157   0.1133    0.014
A-n34-k5 	BT-3   34   11    136    1    778   1112    786    275   0.1925    0.010
A-n34-k5 	BT-3   34    5     68    0    778    778    778     68   0.0604    0.000
A-n34-k5 	BT-3   34    5     68    1    778    778    778     68   0.0602    0.000
A-n34-k5 	BT-3   34    3     68    0    778    778    778     68   0.0620    0.000
A-n34-k5 	BT-3   34    3     68    1    778    778    778     68   0.0598    0.000
A-n34-k5 	BT-3   34   11    136    0    778   1109    789    157   0.1164    0.014
A-n34-k5 	BT-3   34   11    136    1    778   1112    794    154   0.1127    0.021
A-n34-k5 	BT-3   34    5     68    0    778    778    778     68   0.0621    0.000
A-n34-k5 	BT-3   34    5     68    1    778    778    778     68   0.0606    0.000
A-n34-k5 	BT-3   34    3     68    0    778    778    778     68   0.0598    0.000
A-n34-k5 	BT-3   34    3     68    1    778    778    778     68   0.0599    0.000
A-n34-k5 	BT-3   34   11    136    0    778   1109    789    157   0.1158    0.014
A-n34-k5 	BT-3   34   11    136    1    778   1112    794    154   0.1126    0.021
A-n34-k5 	BT-3   34    5     68    0    778    778    778     68   0.0600    0.000
A-n34-k5 	BT-3   34    5     68    1    778    778    778     68   0.0603    0.000
A-n34-k5 	BT-3   34    3     68    0    778    778    778     68   0.0601    0.000
A-n34-k5 	BT-3   34    3     68    1    778    778    778     68   0.0650    0.000
A-n34-k5 	BT-3   34   11    136    0    778   1109    788    283   0.2003    0.013
A-n34-k5 	BT-3   34   11    136    1    778   1112    786    200   0.1438    0.010
A-n34-k5 	BT-3   34    5     68    0    778    778    778     68   0.0599    0.000
A-n34-k5 	BT-3   34    5     68    1    778    778    778     68   0.0595    0.000
A-n34-k5 	BT-3   34    3     68    0    778    778    778     68   0.0604    0.000
A-n34-k5 	BT-3   34    3     68    1    778    778    778     68   0.0606    0.000
A-n34-k5 	BT-3   34   11    136    0    778   1109    789    157   0.1132    0.014
A-n34-k5 	BT-3   34   11    136    1    778   1112    790    243   0.1763    0.015
A-n34-k5 	BT-3   34    5     68    0    778    778    778     68   0.0611    0.000
A-n34-k5 	BT-3   34    5     68    1    778    778    778     68   0.0600    0.000
A-n34-k5 	BT-3   34    3     68    0    778    778    778     68   0.0612    0.000
A-n34-k5 	BT-3   34    3     68    1    778    778    778     68   0.0605    0.000
A-n34-k5 	BT-3   34   11    136    0    778   1109    788    258   0.1864    0.013
A-n34-k5 	BT-3   34   11    136    1    778   1112    794    154   0.1122    0.021
A-n34-k5 	BT-3   34    5     68    0    778    778    778     68   0.0597    0.000
A-n34-k5 	BT-3   34    5     68    1    778    778    778     68   0.0599    0.000
A-n34-k5 	BT-3   34    3     68    0    778    778    778     68   0.0601    0.000
A-n34-k5 	BT-3   34    3     68    1    778    778    778     68   0.0607    0.000
A-n34-k5 	BT-3   34   11    136    0    778   1109    789    157   0.1142    0.014
A-n34-k5 	BT-3   34   11    136    1    778   1112    794    154   0.1108    0.021
A-n34-k5 	BT-3   34    5     68    0    778    778    778     68   0.0608    0.000
A-n34-k5 	BT-3   34    5     68    1    778    778    778     68   0.0603    0.000
A-n34-k5 	BT-3   34    3     68    0    778    778    778     68   0.0608    0.000
A-n34-k5 	BT-3   34    3     68    1    778    778    778     68   0.0604    0.000
A-n34-k5 	BT-3   34   11    136    0    778   1109    789    157   0.1185    0.014
A-n34-k5 	BT-3   34   11    136    1    778   1112    786    287   0.2041    0.010
A-n34-k5 	BT-3   34    5     68    0    778    778    778     68   0.0597    0.000
A-n34-k5 	BT-3   34    5     68    1    778    778    778     68   0.0603    0.000
A-n34-k5 	BT-3   34    3     68    0    778    778    778     68   0.0611    0.000
A-n34-k5 	BT-3   34    3     68    1    778    778    778     68   0.0592    0.000
A-n34-k5 	BT-3   34   11    136    0    778   1109    788    291   0.2064    0.013
A-n34-k5 	BT-3   34   11    136    1    778   1112    794    154   0.1125    0.021
A-n34-k5 	BT-3   34    5     68    0    778    778    778     68   0.0596    0.000
A-n34-k5 	BT-3   34    5     68    1    778    778    778     68   0.0602    0.000
A-n34-k5 	BT-3   34    3     68    0    778    778    778     68   0.0603    0.000
A-n34-k5 	BT-3   34    3     68    1    778    778    778     68   0.0597    0.000
A-n34-k5 	BT-3   34   11    136    0    778   1109    789    157   0.1150    0.014
A-n34-k5 	BT-3   34   11    136    1    778   1112    794    154   0.1127    0.021
A-n34-k5 	BT-3   34    5     68    0    778    778    778     68   0.0599    0.000
A-n34-k5 	BT-3   34    5     68    1    778    778    778     68   0.0605    0.000
A-n34-k5 	BT-3   34    3     68    0    778    778    778     68   0.0599    0.000
A-n34-k5 	BT-3   34    3     68    1    778    778    778     68   0.0598    0.000
A-n34-k5 	BT-3   34   11    136    0    778   1109    789    157   0.1141    0.014
A-n34-k5 	BT-3   34   11    136    1    778   1112    794    154   0.1115    0.021
A-n34-k5 	BT-3   34    5     68    0    778    778    778     68   0.0601    0.000
A-n34-k5 	BT-3   34    5     68    1    778    778    778     68   0.0601    0.000
A-n34-k5 	BT-3   34    3     68    0    778    778    778     68   0.0615    0.000
A-n34-k5 	BT-3   34    3     68    1    778    778    778     68   0.0595    0.000
A-n34-k5 	BT-3   34   11    136    0    778   1109    789    157   0.1140    0.014
A-n34-k5 	BT-3   34   11    136    1    778   1112    794    154   0.1193    0.021
A-n34-k5 	BT-3   34    5     68    0    778    778    778     68   0.0614    0.000
A-n34-k5 	BT-3   34    5     68    1    778    778    778     68   0.0605    0.000
A-n34-k5 	BT-3   34    3     68    0    778    778    778     68   0.0596    0.000
A-n34-k5 	BT-3   34    3     68    1    778    778    778     68   0.0606    0.000
A-n34-k5 	BT-3   34   11    136    0    778   1109    789    157   0.1154    0.014
A-n34-k5 	BT-3   34   11    136    1    778   1112    793    234   0.1657    0.019
A-n34-k5 	BT-3   34    5     68    0    778    778    778     68   0.0599    0.000
A-n34-k5 	BT-3   34    5     68    1    778    778    778     68   0.0598    0.000
A-n34-k5 	BT-3   34    3     68    0    778    778    778     68   0.0599    0.000
A-n34-k5 	BT-3   34    3     68    1    778    778    778     68   0.0594    0.000
A-n34-k5 	BT-3   34   11    136    0    778   1109    789    157   0.1124    0.014
A-n34-k5 	BT-3   34   11    136    1    778   1112    794    154   0.1136    0.021
A-n34-k5 	BT-3   34    5     68    0    778    778    778     68   0.0607    0.000
A-n34-k5 	BT-3   34    5     68    1    778    778    778     68   0.0606    0.000
A-n34-k5 	BT-3   34    3     68    0    778    778    778     68   0.0611    0.000
A-n34-k5 	BT-3   34    3     68    1    778    778    778     68   0.0592    0.000
A-n34-k5 	BT-3   34   11    136    0    778   1109    788    282   0.1990    0.013
A-n34-k5 	BT-3   34   11    136    1    778   1112    794    154   0.1119    0.021
A-n34-k5 	BT-3   34    5     68    0    778    778    778     68   0.0595    0.000
A-n34-k5 	BT-3   34    5     68    1    778    778    778     68   0.0599    0.000
A-n34-k5 	BT-3   34    3     68    0    778    778    778     68   0.0607    0.000
A-n34-k5 	BT-3   34    3     68    1    778    778    778     68   0.0601    0.000
A-n34-k5 	BT-3   34   11    136    0    778   1109    789    157   0.1146    0.014
A-n34-k5 	BT-3   34   11    136    1    778   1112    794    154   0.1140    0.021
A-n34-k5 	BT-3   34    5     68    0    778    778    778     68   0.0604    0.000
A-n34-k5 	BT-3   34    5     68    1    778    778    778     68   0.0607    0.000
A-n34-k5 	BT-3   34    3     68    0    778    778    778     68   0.0607    0.000
A-n34-k5 	BT-3   34    3     68    1    778    778    778     68   0.0610    0.000
A-n34-k5 	BT-3   34   11    136    0    778   1109    789    157   0.1144    0.014
A-n34-k5 	BT-3   34   11    136    1    778   1112    794    154   0.1100    0.021
A-n34-k5 	BT-3   34    5     68    0    778    778    778     68   0.0602    0.000
A-n34-k5 	BT-3   34    5     68    1    778    778    778     68   0.0599    0.000
A-n34-k5 	BT-3   34    3     68    0    778    778    778     68   0.0610    0.000
A-n34-k5 	BT-3   34    3     68    1    778    778    778     68   0.0604    0.000
A-n34-k5 	BT-3   34   11    136    0    778   1109    789    157   0.1145    0.014
A-n34-k5 	BT-3   34   11    136    1    778   1112    794    154   0.1139    0.021
A-n34-k5 	BT-3   34    5     68    0    778    778    778     68   0.0597    0.000
A-n34-k5 	BT-3   34    5     68    1    778    778    778     68   0.0597    0.000
A-n34-k5 	BT-3   34    3     68    0    778    778    778     68   0.0605    0.000
A-n34-k5 	BT-3   34    3     68    1    778    778    778     68   0.0604    0.000
A-n34-k5 	BT-3   34   11    136    0    778   1109    788    194   0.1398    0.013
A-n34-k5 	BT-3   34   11    136    1    778   1112    794    154   0.1121    0.021
A-n34-k5 	BT-3   34    5     68    0    778    778    778     68   0.0598    0.000
A-n34-k5 	BT-3   34    5     68    1    778    778    778     68   0.0606    0.000
A-n34-k5 	BT-3   34    3     68    0    778    778    778     68   0.0594    0.000
A-n34-k5 	BT-3   34    3     68    1    778    778    778     68   0.0604    0.000
A-n34-k5 	BT-3   34   11    136    0    778   1109    789    157   0.1151    0.014
A-n34-k5 	BT-3   34   11    136    1    778   1112    794    154   0.1134    0.021
A-n34-k5 	BT-3   34    5     68    0    778    778    778     68   0.0604    0.000
A-n34-k5 	BT-3   34    5     68    1    778    778    778     68   0.0601    0.000
A-n34-k5 	BT-3   34    3     68    0    778    778    778     68   0.0603    0.000
A-n34-k5 	BT-3   34    3     68    1    778    778    778     68   0.0603    0.000
A-n34-k5 	BT-3   34   11    136    0    778   1109    789    157   0.1149    0.014
A-n34-k5 	BT-3   34   11    136    1    778   1112    790    288   0.2074    0.015
A-n34-k5 	BT-3   34    5     68    0    778    778    778     68   0.0606    0.000
A-n34-k5 	BT-3   34    5     68    1    778    778    778     68   0.0601    0.000
A-n34-k5 	BT-3   34    3     68    0    778    778    778     68   0.0609    0.000
A-n34-k5 	BT-3   34    3     68    1    778    778    778     68   0.0598    0.000
A-n34-k5 	BT-3   34   11    136    0    778   1109    789    157   0.1130    0.014
A-n34-k5 	BT-3   34   11    136    1    778   1112    794    154   0.1122    0.021
A-n34-k5 	BT-3   34    5     68    0    778    778    778     68   0.0602    0.000
A-n34-k5 	BT-3   34    5     68    1    778    778    778     68   0.0604    0.000
A-n34-k5 	BT-3   34    3     68    0    778    778    778     68   0.0609    0.000
A-n34-k5 	BT-3   34    3     68    1    778    778    778     68   0.0598    0.000
A-n34-k5 	BT-3   34   11    136    0    778   1109    789    157   0.1130    0.014
A-n34-k5 	BT-3   34   11    136    1    778   1112    786    215   0.1557    0.010
A-n34-k5 	BT-3   34    5     68    0    778    778    778     68   0.0606    0.000
A-n34-k5 	BT-3   34    5     68    1    778    778    778     68   0.0603    0.000
A-n34-k5 	BT-3   34    3     68    0    778    778    778     68   0.0604    0.000
A-n34-k5 	BT-3   34    3     68    1    778    778    778     68   0.0595    0.000
A-n34-k5 	BT-3   34   11    136    0    778   1109    789    157   0.1143    0.014
A-n34-k5 	BT-3   34   11    136    1    778   1112    794    154   0.1132    0.021
A-n34-k5 	BT-3   34    5     68    0    778    778    778     68   0.0598    0.000
A-n34-k5 	BT-3   34    5     68    1    778    778    778     68   0.0600    0.000
A-n34-k5 	BT-3   34    3     68    0    778    778    778     68   0.0603    0.000
A-n34-k5 	BT-3   34    3     68    1    778    778    778     68   0.0604    0.000
A-n34-k5 	BT-3   34   11    136    0    778   1109    789    157   0.1128    0.014
A-n34-k5 	BT-3   34   11    136    1    778   1112    794    154   0.1124    0.021
A-n34-k5 	BT-3   34    5     68    0    778    778    778     68   0.0603    0.000
A-n34-k5 	BT-3   34    5     68    1    778    778    778     68   0.0610    0.000
A-n34-k5 	BT-3   34    3     68    0    778    778    778     68   0.0613    0.000
A-n34-k5 	BT-3   34    3     68    1    778    778    778     68   0.0609    0.000
A-n34-k5 	BT-3   34   11    136    0    778   1109    789    157   0.1144    0.014
A-n34-k5 	BT-3   34   11    136    1    778   1112    794    154   0.1136    0.021
A-n34-k5 	BT-3   34    5     68    0    778    778    778     68   0.0596    0.000
A-n34-k5 	BT-3   34    5     68    1    778    778    778     68   0.0600    0.000
A-n34-k5 	BT-3   34    3     68    0    778    778    778     68   0.0601    0.000
A-n34-k5 	BT-3   34    3     68    1    778    778    778     68   0.0601    0.000
A-n34-k5 	BT-3   34   11    136    0    778   1109    789    157   0.1149    0.014
A-n34-k5 	BT-3   34   11    136    1    778   1112    787    279   0.1965    0.012
A-n34-k5 	BT-3   34    5     68    0    778    778    778     68   0.0598    0.000
A-n34-k5 	BT-3   34    5     68    1    778    778    778     68   0.0597    0.000
A-n34-k5 	BT-3   34    3     68    0    778    778    778     68   0.0679    0.000
A-n34-k5 	BT-3   34    3     68    1    778    778    778     68   0.0764    0.000
A-n34-k5 	BT-3   34   11    136    0    778   1109    789    157   0.1158    0.014
A-n34-k5 	BT-3   34   11    136    1    778   1112    794    154   0.1137    0.021
A-n34-k5 	BT-3   34    5     68    0    778    778    778     68   0.0603    0.000
A-n34-k5 	BT-3   34    5     68    1    778    778    778     68   0.0600    0.000
A-n34-k5 	BT-3   34    3     68    0    778    778    778     68   0.0602    0.000
A-n34-k5 	BT-3   34    3     68    1    778    778    778     68   0.0594    0.000
A-n34-k5 	BT-3   34   11    136    0    778   1109    789    157   0.1135    0.014
A-n34-k5 	BT-3   34   11    136    1    778   1112    794    154   0.1125    0.021
A-n34-k5 	BT-3   34    5     68    0    778    778    778     68   0.0597    0.000
A-n34-k5 	BT-3   34    5     68    1    778    778    778     68   0.0601    0.000
A-n34-k5 	BT-3   34    3     68    0    778    778    778     68   0.0603    0.000
A-n34-k5 	BT-3   34    3     68    1    778    778    778     68   0.0591    0.000
A-n34-k5 	BT-3   34   11    136    0    778   1109    789    157   0.1167    0.014
A-n34-k5 	BT-3   34   11    136    1    778   1112    790    181   0.1309    0.015
A-n34-k5 	BT-3   34    5     68    0    778    778    778     68   0.0598    0.000
A-n34-k5 	BT-3   34    5     68    1    778    778    778     68   0.0603    0.000
A-n34-k5 	BT-3   34    3     68    0    778    778    778     68   0.0600    0.000
A-n34-k5 	BT-3   34    3     68    1    778    778    778     68   0.0601    0.000
A-n34-k5 	BT-3   34   11    136    0    778   1109    789    157   0.1131    0.014
A-n34-k5 	BT-3   34   11    136    1    778   1112    794    154   0.1127    0.021
A-n34-k5 	BT-3   34    5     68    0    778    778    778     68   0.0612    0.000
A-n34-k5 	BT-3   34    5     68    1    778    778    778     68   0.0601    0.000
A-n34-k5 	BT-3   34    3     68    0    778    778    778     68   0.0600    0.000
A-n34-k5 	BT-3   34    3     68    1    778    778    778     68   0.0599    0.000
A-n34-k5 	BT-3   34   11    136    0    778   1109    789    157   0.1141    0.014
A-n34-k5 	BT-3   34   11    136    1    778   1112    790    275   0.1983    0.015
A-n34-k5 	BT-3   34    5     68    0    778    778    778     68   0.0605    0.000
A-n34-k5 	BT-3   34    5     68    1    778    778    778     68   0.0601    0.000
A-n34-k5 	BT-3   34    3     68    0    778    778    778     68   0.0603    0.000
A-n34-k5 	BT-3   34    3     68    1    778    778    778     68   0.0602    0.000
A-n34-k5 	BT-3   34   11    136    0    778   1109    789    157   0.1132    0.014
A-n34-k5 	BT-3   34   11    136    1    778   1112    786    335   0.2394    0.010
A-n34-k5 	BT-3   34    5     68    0    778    778    778     68   0.0603    0.000
A-n34-k5 	BT-3   34    5     68    1    778    778    778     68   0.0602    0.000
A-n34-k5 	BT-3   34    3     68    0    778    778    778     68   0.0597    0.000
A-n34-k5 	BT-3   34    3     68    1    778    778    778     68   0.0599    0.000
A-n34-k5 	BT-3   34   11    136    0    778   1109    789    157   0.1141    0.014
A-n34-k5 	BT-3   34   11    136    1    778   1112    794    154   0.1126    0.021
A-n34-k5 	BT-3   34    5     68    0    778    778    778     68   0.0615    0.000
A-n34-k5 	BT-3   34    5     68    1    778    778    778     68   0.0605    0.000
A-n34-k5 	BT-3   34    3     68    0    778    778    778     68   0.0612    0.000
A-n34-k5 	BT-3   34    3     68    1    778    778    778     68   0.0612    0.000
A-n34-k5 	BT-3   34   11    136    0    778   1109    789    157   0.1156    0.014
A-n34-k5 	BT-3   34   11    136    1    778   1112    794    154   0.1147    0.021
A-n34-k5 	BT-3   34    5     68    0    778    778    778     68   0.0603    0.000
A-n34-k5 	BT-3   34    5     68    1    778    778    778     68   0.0599    0.000
A-n34-k5 	BT-3   34    3     68    0    778    778    778     68   0.0608    0.000
A-n34-k5 	BT-3   34    3     68    1    778    778    778     68   0.0599    0.000
A-n34-k5 	BT-3   34   11    136    0    778   1109    788    264   0.1888    0.013
A-n34-k5 	BT-3   34   11    136    1    778   1112    794    154   0.1132    0.021
A-n34-k5 	BT-3   34    5     68    0    778    778    778     68   0.0603    0.000
A-n34-k5 	BT-3   34    5     68    1    778    778    778     68   0.0601    0.000
A-n34-k5 	BT-3   34    3     68    0    778    778    778     68   0.0608    0.000
A-n34-k5 	BT-3   34    3     68    1    778    778    778     68   0.0605    0.000
A-n34-k5 	BT-3   34   11    136    0    778   1109    789    157   0.1138    0.014
A-n34-k5 	BT-3   34   11    136    1    778   1112    789    218   0.1569    0.014
A-n34-k5 	BT-3   34    5     68    0    778    778    778     68   0.0600    0.000
A-n34-k5 	BT-3   34    5     68    1    778    778    778     68   0.0597    0.000
A-n34-k5 	BT-3   34    3     68    0    778    778    778     68   0.0610    0.000
A-n34-k5 	BT-3   34    3     68    1    778    778    778     68   0.0606    0.000
A-n34-k5 	BT-3   34   11    136    0    778   1109    789    157   0.1130    0.014
A-n34-k5 	BT-3   34   11    136    1    778   1112    794    154   0.1123    0.021
A-n34-k5 	BT-3   34    5     68    0    778    778    778     68   0.0610    0.000
A-n34-k5 	BT-3   34    5     68    1    778    778    778     68   0.0606    0.000
A-n34-k5 	BT-3   34    3     68    0    778    778    778     68   0.0604    0.000
A-n34-k5 	BT-3   34    3     68    1    778    778    778     68   0.0596    0.000
A-n34-k5 	BT-3   34   11    136    0    778   1109    789    157   0.1143    0.014
A-n34-k5 	BT-3   34   11    136    1    778   1112    794    154   0.1122    0.021
A-n34-k5 	BT-3   34    5     68    0    778    778    778     68   0.0598    0.000
A-n34-k5 	BT-3   34    5     68    1    778    778    778     68   0.0603    0.000
A-n34-k5 	BT-3   34    3     68    0    778    778    778     68   0.0601    0.000
A-n34-k5 	BT-3   34    3     68    1    778    778    778     68   0.0596    0.000
A-n34-k5 	BT-3   34   11    136    0    778   1109    789    157   0.1134    0.014
A-n34-k5 	BT-3   34   11    136    1    778   1112    794    154   0.1135    0.021
A-n34-k5 	BT-3   34    5     68    0    778    778    778     68   0.0611    0.000
A-n34-k5 	BT-3   34    5     68    1    778    778    778     68   0.0599    0.000
A-n34-k5 	BT-3   34    3     68    0    778    778    778     68   0.0603    0.000
A-n34-k5 	BT-3   34    3     68    1    778    778    778     68   0.0600    0.000
A-n34-k5 	BT-3   34   11    136    0    778   1109    789    157   0.1167    0.014
A-n34-k5 	BT-3   34   11    136    1    778   1112    792    274   0.1964    0.018
A-n34-k5 	BT-3   34    5     68    0    778    778    778     68   0.0597    0.000
A-n34-k5 	BT-3   34    5     68    1    778    778    778     68   0.0600    0.000
A-n34-k5 	BT-3   34    3     68    0    778    778    778     68   0.0604    0.000
A-n34-k5 	BT-3   34    3     68    1    778    778    778     68   0.0600    0.000
A-n34-k5 	BT-3   34   11    136    0    778   1109    789    157   0.1150    0.014
A-n34-k5 	BT-3   34   11    136    1    778   1112    794    154   0.1124    0.021
A-n34-k5 	BT-3   34    5     68    0    778    778    778     68   0.0606    0.000
A-n34-k5 	BT-3   34    5     68    1    778    778    778     68   0.0605    0.000
A-n34-k5 	BT-3   34    3     68    0    778    778    778     68   0.0606    0.000
A-n34-k5 	BT-3   34    3     68    1    778    778    778     68   0.0596    0.000
A-n34-k5 	BT-3   34   11    136    0    778   1109    789    157   0.1134    0.014
A-n34-k5 	BT-3   34   11    136    1    778   1112    794    154   0.1123    0.021
A-n34-k5 	BT-3   34    5     68    0    778    778    778     68   0.0617    0.000
A-n34-k5 	BT-3   34    5     68    1    778    778    778     68   0.0602    0.000
A-n34-k5 	BT-3   34    3     68    0    778    778    778     68   0.0600    0.000
A-n34-k5 	BT-3   34    3     68    1    778    778    778     68   0.0598    0.000
A-n34-k5 	BT-3   34   11    136    0    778   1109    789    157   0.1153    0.014
A-n34-k5 	BT-3   34   11    136    1    778   1112    794    154   0.1135    0.021
A-n34-k5 	BT-3   34    5     68    0    778    778    778     68   0.0604    0.000
A-n34-k5 	BT-3   34    5     68    1    778    778    778     68   0.0607    0.000
A-n34-k5 	BT-3   34    3     68    0    778    778    778     68   0.0602    0.000
A-n34-k5 	BT-3   34    3     68    1    778    778    778     68   0.0606    0.000
A-n34-k5 	BT-3   34   11    136    0    778   1109    789    157   0.1290    0.014
A-n34-k5 	BT-3   34   11    136    1    778   1112    794    154   0.1112    0.021
A-n34-k5 	BT-3   34    5     68    0    778    778    778     68   0.0662    0.000
A-n34-k5 	BT-3   34    5     68    1    778    778    778     68   0.0599    0.000
A-n34-k5 	BT-3   34    3     68    0    778    778    778     68   0.0609    0.000
A-n34-k5 	BT-3   34    3     68    1    778    778    778     68   0.0596    0.000
A-n34-k5 	BT-3   34   11    136    0    778   1109    789    157   0.1152    0.014
A-n34-k5 	BT-3   34   11    136    1    778   1112    794    154   0.1123    0.021
A-n34-k5 	BT-3   34    5     68    0    778    778    778     68   0.0600    0.000
A-n34-k5 	BT-3   34    5     68    1    778    778    778     68   0.0600    0.000
A-n34-k5 	BT-3   34    3     68    0    778    778    778     68   0.0605    0.000
A-n34-k5 	BT-3   34    3     68    1    778    778    778     68   0.0598    0.000
A-n34-k5 	BT-3   34   11    136    0    778   1109    789    157   0.1129    0.014
A-n34-k5 	BT-3   34   11    136    1    778   1112    794    154   0.1119    0.021
A-n34-k5 	BT-3   34    5     68    0    778    778    778     68   0.0596    0.000
A-n34-k5 	BT-3   34    5     68    1    778    778    778     68   0.0601    0.000
A-n34-k5 	BT-3   34    3     68    0    778    778    778     68   0.0599    0.000
A-n34-k5 	BT-3   34    3     68    1    778    778    778     68   0.0612    0.000
A-n34-k5 	BT-3   34   11    136    0    778   1109    789    157   0.1171    0.014
A-n34-k5 	BT-3   34   11    136    1    778   1112    794    154   0.1117    0.021
A-n34-k5 	BT-3   34    5     68    0    778    778    778     68   0.0603    0.000
A-n34-k5 	BT-3   34    5     68    1    778    778    778     68   0.0600    0.000
A-n34-k5 	BT-3   34    3     68    0    778    778    778     68   0.0603    0.000
A-n34-k5 	BT-3   34    3     68    1    778    778    778     68   0.0602    0.000
A-n34-k5 	BT-3   34   11    136    0    778   1109    789    157   0.1124    0.014
A-n34-k5 	BT-3   34   11    136    1    778   1112    794    154   0.1121    0.021
A-n34-k5 	BT-3   34    5     68    0    778    778    778     68   0.0596    0.000
A-n34-k5 	BT-3   34    5     68    1    778    778    778     68   0.0598    0.000
A-n34-k5 	BT-3   34    3     68    0    778    778    778     68   0.0614    0.000
A-n34-k5 	BT-3   34    3     68    1    778    778    778     68   0.0601    0.000
A-n34-k5 	BT-3   34   11    136    0    778   1109    789    157   0.1136    0.014
A-n34-k5 	BT-3   34   11    136    1    778   1112    794    154   0.1121    0.021
A-n34-k5 	BT-3   34    5     68    0    778    778    778     68   0.0603    0.000
A-n34-k5 	BT-3   34    5     68    1    778    778    778     68   0.0599    0.000
A-n34-k5 	BT-3   34    3     68    0    778    778    778     68   0.0602    0.000
A-n34-k5 	BT-3   34    3     68    1    778    778    778     68   0.0600    0.000
