B-n31-k5 	BT-1   31   10    124    0    672    764    678    140   0.0815    0.009
B-n31-k5 	BT-1   31   10    124    1    672    753    672    259   0.1404    0.000
B-n31-k5 	BT-1   31    6     62    0    672    784    672     63   0.0380    0.000
B-n31-k5 	BT-1   31    6     62    1    672    672    672     62   0.0373    0.000
B-n31-k5 	BT-1   31    3     31    0    672    784    672     32   0.0216    0.000
B-n31-k5 	BT-1   31    3     31    1    672    672    672     31   0.0212    0.000
B-n31-k5 	BT-2   31   10    124    0    672    764    677    290   0.1931    0.007
B-n31-k5 	BT-2   31   10    124    1    672    753    673    130   0.0798    0.001
B-n31-k5 	BT-2   31    6     62    0    672    758    672     69   0.0644    0.000
B-n31-k5 	BT-2   31    6     62    1    672    673    673     62   0.0402    0.001
B-n31-k5 	BT-2   31    3     31    0    672    738    677     39   0.0260    0.007
B-n31-k5 	BT-2   31    3     31    1    672    672    672     31   0.0211    0.000
B-n31-k5 	BT-3   31   10    124    0    672    764    672    147   0.1191    0.000
B-n31-k5 	BT-3   31   10    124    1    672    753    672    136   0.1150    0.000
B-n31-k5 	BT-3   31    6     62    0    672    719    675     70   0.0691    0.004
B-n31-k5 	BT-3   31    6     62    1    672    672    672     62   0.0639    0.000
B-n31-k5 	BT-3   31    3     31    0    672    719    672     46   0.0423    0.000
B-n31-k5 	BT-3   31    3     31    1    672    672    672     31   0.0357    0.000
B-n31-k5 	BT-3   31   10    124    0    672    764    672    142   0.1165    0.000
B-n31-k5 	BT-3   31   10    124    1    672    753    672    136   0.1166    0.000
B-n31-k5 	BT-3   31    6     62    0    672    719    672     72   0.0676    0.000
B-n31-k5 	BT-3   31    6     62    1    672    672    672     62   0.0632    0.000
B-n31-k5 	BT-3   31    3     31    0    672    719    673     39   0.0412    0.001
B-n31-k5 	BT-3   31    3     31    1    672    672    672     31   0.0358    0.000
B-n31-k5 	BT-3   31   10    124    0    672    764    672    137   0.1152    0.000
B-n31-k5 	BT-3   31   10    124    1    672    753    672    136   0.1156    0.000
B-n31-k5 	BT-3   31    6     62    0    672    719    676     72   0.0698    0.006
B-n31-k5 	BT-3   31    6     62    1    672    672    672     62   0.0640    0.000
B-n31-k5 	BT-3   31    3     31    0    672    719    672     59   0.0492    0.000
B-n31-k5 	BT-3   31    3     31    1    672    672    672     31   0.0356    0.000
B-n31-k5 	BT-3   31   10    124    0    672    764    672    185   0.1421    0.000
B-n31-k5 	BT-3   31   10    124    1    672    753    676    150   0.1216    0.006
B-n31-k5 	BT-3   31    6     62    0    672    719    672     78   0.0713    0.000
B-n31-k5 	BT-3   31    6     62    1    672    672    672     62   0.0646    0.000
B-n31-k5 	BT-3   31    3     31    0    672    719    672     40   0.0396    0.000
B-n31-k5 	BT-3   31    3     31    1    672    672    672     31   0.0360    0.000
B-n31-k5 	BT-3   31   10    124    0    672    764    672    138   0.1165    0.000
B-n31-k5 	BT-3   31   10    124    1    672    753    672    136   0.1156    0.000
B-n31-k5 	BT-3   31    6     62    0    672    719    686     72   0.0687    0.021
B-n31-k5 	BT-3   31    6     62    1    672    672    672     62   0.0635    0.000
B-n31-k5 	BT-3   31    3     31    0    672    719    672     44   0.0418    0.000
B-n31-k5 	BT-3   31    3     31    1    672    672    672     31   0.0360    0.000
B-n31-k5 	BT-3   31   10    124    0    672    764    672    137   0.1159    0.000
B-n31-k5 	BT-3   31   10    124    1    672    753    672    144   0.1168    0.000
B-n31-k5 	BT-3   31    6     62    0    672    719    675     81   0.0740    0.004
B-n31-k5 	BT-3   31    6     62    1    672    672    672     62   0.0633    0.000
B-n31-k5 	BT-3   31    3     31    0    672    719    675     39   0.0401    0.004
B-n31-k5 	BT-3   31    3     31    1    672    672    672     31   0.0357    0.000
B-n31-k5 	BT-3   31   10    124    0    672    764    672    155   0.1256    0.000
B-n31-k5 	BT-3   31   10    124    1    672    753    672    136   0.1155    0.000
B-n31-k5 	BT-3   31    6     62    0    672    719    672     80   0.0721    0.000
B-n31-k5 	BT-3   31    6     62    1    672    672    672     62   0.0637    0.000
B-n31-k5 	BT-3   31    3     31    0    672    719    672     41   0.0401    0.000
B-n31-k5 	BT-3   31    3     31    1    672    672    672     31   0.0358    0.000
B-n31-k5 	BT-3   31   10    124    0    672    764    672    150   0.1238    0.000
B-n31-k5 	BT-3   31   10    124    1    672    753    672    136   0.1158    0.000
B-n31-k5 	BT-3   31    6     62    0    672    719    672    135   0.1012    0.000
B-n31-k5 	BT-3   31    6     62    1    672    672    672     62   0.0631    0.000
B-n31-k5 	BT-3   31    3     31    0    672    719    672     67   0.0526    0.000
B-n31-k5 	BT-3   31    3     31    1    672    672    672     31   0.0355    0.000
B-n31-k5 	BT-3   31   10    124    0    672    764    672    137   0.1147    0.000
B-n31-k5 	BT-3   31   10    124    1    672    753    672    136   0.1201    0.000
B-n31-k5 	BT-3   31    6     62    0    672    719    675     77   0.0714    0.004
B-n31-k5 	BT-3   31    6     62    1    672    672    672     62   0.0636    0.000
B-n31-k5 	BT-3   31    3     31    0    672    719    675     39   0.0404    0.004
B-n31-k5 	BT-3   31    3     31    1    672    672    672     31   0.0357    0.000
B-n31-k5 	BT-3   31   10    124    0    672    764    672    137   0.1154    0.000
B-n31-k5 	BT-3   31   10    124    1    672    753    672    215   0.1571    0.000
B-n31-k5 	BT-3   31    6     62    0    672    719    677     97   0.0803    0.007
B-n31-k5 	BT-3   31    6     62    1    672    672    672     62   0.0634    0.000
B-n31-k5 	BT-3   31    3     31    0    672    719    672     44   0.0413    0.000
B-n31-k5 	BT-3   31    3     31    1    672    672    672     31   0.0361    0.000
B-n31-k5 	BT-3   31   10    124    0    672    764    672    137   0.1158    0.000
B-n31-k5 	BT-3   31   10    124    1    672    753    672    136   0.1162    0.000
B-n31-k5 	BT-3   31    6     62    0    672    719    672     79   0.0714    0.000
B-n31-k5 	BT-3   31    6     62    1    672    672    672     62   0.0633    0.000
B-n31-k5 	BT-3   31    3     31    0    672    719    672     46   0.0423    0.000
B-n31-k5 	BT-3   31    3     31    1    672    672    672     31   0.0358    0.000
B-n31-k5 	BT-3   31   10    124    0    672    764    672    137   0.1277    0.000
B-n31-k5 	BT-3   31   10    124    1    672    753    672    137   0.1144    0.000
B-n31-k5 	BT-3   31    6     62    0    672    719    675     83   0.0747    0.004
B-n31-k5 	BT-3   31    6     62    1    672    672    672     62   0.0633    0.000
B-n31-k5 	BT-3   31    3     31    0    672    719    672     46   0.0425    0.000
B-n31-k5 	BT-3   31    3     31    1    672    672    672     31   0.0357    0.000
B-n31-k5 	BT-3   31   10    124    0    672    764    672    137   0.1157    0.000
B-n31-k5 	BT-3   31   10    124    1    672    753    672    156   0.1266    0.000
B-n31-k5 	BT-3   31    6     62    0    672    719    672     81   0.0723    0.000
B-n31-k5 	BT-3   31    6     62    1    672    672    672     62   0.0636    0.000
B-n31-k5 	BT-3   31    3     31    0    672    719    672     47   0.0425    0.000
B-n31-k5 	BT-3   31    3     31    1    672    672    672     31   0.0357    0.000
B-n31-k5 	BT-3   31   10    124    0    672    764    672    137   0.1162    0.000
B-n31-k5 	BT-3   31   10    124    1    672    753    672    136   0.1159    0.000
B-n31-k5 	BT-3   31    6     62    0    672    719    672     91   0.0770    0.000
B-n31-k5 	BT-3   31    6     62    1    672    672    672     62   0.0635    0.000
B-n31-k5 	BT-3   31    3     31    0    672    719    679     44   0.0437    0.010
B-n31-k5 	BT-3   31    3     31    1    672    672    672     31   0.0357    0.000
B-n31-k5 	BT-3   31   10    124    0    672    764    672    137   0.1170    0.000
B-n31-k5 	BT-3   31   10    124    1    672    753    672    136   0.1163    0.000
B-n31-k5 	BT-3   31    6     62    0    672    719    682     75   0.0713    0.015
B-n31-k5 	BT-3   31    6     62    1    672    672    672     62   0.0638    0.000
B-n31-k5 	BT-3   31    3     31    0    672    719    672     39   0.0381    0.000
B-n31-k5 	BT-3   31    3     31    1    672    672    672     31   0.0357    0.000
B-n31-k5 	BT-3   31   10    124    0    672    764    672    137   0.1166    0.000
B-n31-k5 	BT-3   31   10    124    1    672    753    672    136   0.1171    0.000
B-n31-k5 	BT-3   31    6     62    0    672    719    675     85   0.0779    0.004
B-n31-k5 	BT-3   31    6     62    1    672    672    672     62   0.0631    0.000
B-n31-k5 	BT-3   31    3     31    0    672    719    672     47   0.0408    0.000
B-n31-k5 	BT-3   31    3     31    1    672    672    672     31   0.0358    0.000
B-n31-k5 	BT-3   31   10    124    0    672    764    672    254   0.1744    0.000
B-n31-k5 	BT-3   31   10    124    1    672    753    672    136   0.1152    0.000
B-n31-k5 	BT-3   31    6     62    0    672    719    676     72   0.0691    0.006
B-n31-k5 	BT-3   31    6     62    1    672    672    672     62   0.0636    0.000
B-n31-k5 	BT-3   31    3     31    0    672    719    672     48   0.0436    0.000
B-n31-k5 	BT-3   31    3     31    1    672    672    672     31   0.0357    0.000
B-n31-k5 	BT-3   31   10    124    0    672    764    672    137   0.1159    0.000
B-n31-k5 	BT-3   31   10    124    1    672    753    672    136   0.1156    0.000
B-n31-k5 	BT-3   31    6     62    0    672    719    672     78   0.0716    0.000
B-n31-k5 	BT-3   31    6     62    1    672    672    672     62   0.0641    0.000
B-n31-k5 	BT-3   31    3     31    0    672    719    672     41   0.0390    0.000
B-n31-k5 	BT-3   31    3     31    1    672    672    672     31   0.0357    0.000
B-n31-k5 	BT-3   31   10    124    0    672    764    672    137   0.1157    0.000
B-n31-k5 	BT-3   31   10    124    1    672    753    672    144   0.1188    0.000
B-n31-k5 	BT-3   31    6     62    0    672    719    672     80   0.0725    0.000
B-n31-k5 	BT-3   31    6     62    1    672    672    672     62   0.0639    0.000
B-n31-k5 	BT-3   31    3     31    0    672    719    672     54   0.0441    0.000
B-n31-k5 	BT-3   31    3     31    1    672    672    672     31   0.0358    0.000
B-n31-k5 	BT-3   31   10    124    0    672    764    672    137   0.1153    0.000
B-n31-k5 	BT-3   31   10    124    1    672    753    672    136   0.1166    0.000
B-n31-k5 	BT-3   31    6     62    0    672    719    672     80   0.0722    0.000
B-n31-k5 	BT-3   31    6     62    1    672    672    672     62   0.0636    0.000
B-n31-k5 	BT-3   31    3     31    0    672    719    672     46   0.0422    0.000
B-n31-k5 	BT-3   31    3     31    1    672    672    672     31   0.0357    0.000
B-n31-k5 	BT-3   31   10    124    0    672    764    672    137   0.1154    0.000
B-n31-k5 	BT-3   31   10    124    1    672    753    672    180   0.1390    0.000
B-n31-k5 	BT-3   31    6     62    0    672    719    672     71   0.0666    0.000
B-n31-k5 	BT-3   31    6     62    1    672    672    672     62   0.0634    0.000
B-n31-k5 	BT-3   31    3     31    0    672    719    672     49   0.0438    0.000
B-n31-k5 	BT-3   31    3     31    1    672    672    672     31   0.0356    0.000
B-n31-k5 	BT-3   31   10    124    0    672    764    672    137   0.1160    0.000
B-n31-k5 	BT-3   31   10    124    1    672    753    672    136   0.1156    0.000
B-n31-k5 	BT-3   31    6     62    0    672    719    672     74   0.0688    0.000
B-n31-k5 	BT-3   31    6     62    1    672    672    672     62   0.0637    0.000
B-n31-k5 	BT-3   31    3     31    0    672    719    672     47   0.0426    0.000
B-n31-k5 	BT-3   31    3     31    1    672    672    672     31   0.0356    0.000
B-n31-k5 	BT-3   31   10    124    0    672    764    672    145   0.1176    0.000
B-n31-k5 	BT-3   31   10    124    1    672    753    672    136   0.1198    0.000
B-n31-k5 	BT-3   31    6     62    0    672    719    675     80   0.0727    0.004
B-n31-k5 	BT-3   31    6     62    1    672    672    672     62   0.0636    0.000
B-n31-k5 	BT-3   31    3     31    0    672    719    675     39   0.0412    0.004
B-n31-k5 	BT-3   31    3     31    1    672    672    672     31   0.0357    0.000
B-n31-k5 	BT-3   31   10    124    0    672    764    672    188   0.1423    0.000
B-n31-k5 	BT-3   31   10    124    1    672    753    672    136   0.1158    0.000
B-n31-k5 	BT-3   31    6     62    0    672    719    672     79   0.0717    0.000
B-n31-k5 	BT-3   31    6     62    1    672    672    672     62   0.0631    0.000
B-n31-k5 	BT-3   31    3     31    0    672    719    675     39   0.0395    0.004
B-n31-k5 	BT-3   31    3     31    1    672    672    672     31   0.0358    0.000
B-n31-k5 	BT-3   31   10    124    0    672    764    672    137   0.1157    0.000
B-n31-k5 	BT-3   31   10    124    1    672    753    672    136   0.1165    0.000
B-n31-k5 	BT-3   31    6     62    0    672    719    672     83   0.0732    0.000
B-n31-k5 	BT-3   31    6     62    1    672    672    672     62   0.0637    0.000
B-n31-k5 	BT-3   31    3     31    0    672    719    672     49   0.0445    0.000
B-n31-k5 	BT-3   31    3     31    1    672    672    672     31   0.0357    0.000
B-n31-k5 	BT-3   31   10    124    0    672    764    672    137   0.1149    0.000
B-n31-k5 	BT-3   31   10    124    1    672    753    672    136   0.1162    0.000
B-n31-k5 	BT-3   31    6     62    0    672    719    672     72   0.0677    0.000
B-n31-k5 	BT-3   31    6     62    1    672    672    672     62   0.0633    0.000
B-n31-k5 	BT-3   31    3     31    0    672    719    672     46   0.0424    0.000
B-n31-k5 	BT-3   31    3     31    1    672    672    672     31   0.0357    0.000
B-n31-k5 	BT-3   31   10    124    0    672    764    672    137   0.1160    0.000
B-n31-k5 	BT-3   31   10    124    1    672    753    672    137   0.1162    0.000
B-n31-k5 	BT-3   31    6     62    0    672    719    672    156   0.1144    0.000
B-n31-k5 	BT-3   31    6     62    1    672    672    672     62   0.0632    0.000
B-n31-k5 	BT-3   31    3     31    0    672    719    672     39   0.0383    0.000
B-n31-k5 	BT-3   31    3     31    1    672    672    672     31   0.0357    0.000
B-n31-k5 	BT-3   31   10    124    0    672    764    672    137   0.1277    0.000
B-n31-k5 	BT-3   31   10    124    1    672    753    672    136   0.1222    0.000
B-n31-k5 	BT-3   31    6     62    0    672    719    672     80   0.0721    0.000
B-n31-k5 	BT-3   31    6     62    1    672    672    672     62   0.0640    0.000
B-n31-k5 	BT-3   31    3     31    0    672    719    672     48   0.0444    0.000
B-n31-k5 	BT-3   31    3     31    1    672    672    672     31   0.0358    0.000
B-n31-k5 	BT-3   31   10    124    0    672    764    672    137   0.1160    0.000
B-n31-k5 	BT-3   31   10    124    1    672    753    672    136   0.1153    0.000
B-n31-k5 	BT-3   31    6     62    0    672    719    672     71   0.0668    0.000
B-n31-k5 	BT-3   31    6     62    1    672    672    672     62   0.0639    0.000
B-n31-k5 	BT-3   31    3     31    0    672    719    672     46   0.0423    0.000
B-n31-k5 	BT-3   31    3     31    1    672    672    672     31   0.0357    0.000
B-n31-k5 	BT-3   31   10    124    0    672    764    672    135   0.1155    0.000
B-n31-k5 	BT-3   31   10    124    1    672    753    672    136   0.1161    0.000
B-n31-k5 	BT-3   31    6     62    0    672    719    672     78   0.0713    0.000
B-n31-k5 	BT-3   31    6     62    1    672    672    672     62   0.0630    0.000
B-n31-k5 	BT-3   31    3     31    0    672    719    672     42   0.0403    0.000
B-n31-k5 	BT-3   31    3     31    1    672    672    672     31   0.0357    0.000
B-n31-k5 	BT-3   31   10    124    0    672    764    672    137   0.1159    0.000
B-n31-k5 	BT-3   31   10    124    1    672    753    672    136   0.1152    0.000
B-n31-k5 	BT-3   31    6     62    0    672    719    672     80   0.0724    0.000
B-n31-k5 	BT-3   31    6     62    1    672    672    672     62   0.0632    0.000
B-n31-k5 	BT-3   31    3     31    0    672    719    672     43   0.0410    0.000
B-n31-k5 	BT-3   31    3     31    1    672    672    672     31   0.0356    0.000
B-n31-k5 	BT-3   31   10    124    0    672    764    672    137   0.1166    0.000
B-n31-k5 	BT-3   31   10    124    1    672    753    672    136   0.1154    0.000
B-n31-k5 	BT-3   31    6     62    0    672    719    675     81   0.0706    0.004
B-n31-k5 	BT-3   31    6     62    1    672    672    672     62   0.0633    0.000
B-n31-k5 	BT-3   31    3     31    0    672    719    676     46   0.0437    0.006
B-n31-k5 	BT-3   31    3     31    1    672    672    672     31   0.0403    0.000
B-n31-k5 	BT-3   31   10    124    0    672    764    672    137   0.1156    0.000
B-n31-k5 	BT-3   31   10    124    1    672    753    672    136   0.1152    0.000
B-n31-k5 	BT-3   31    6     62    0    672    719    676    110   0.0880    0.006
B-n31-k5 	BT-3   31    6     62    1    672    672    672     62   0.0633    0.000
B-n31-k5 	BT-3   31    3     31    0    672    719    672     46   0.0424    0.000
B-n31-k5 	BT-3   31    3     31    1    672    672    672     31   0.0357    0.000
B-n31-k5 	BT-3   31   10    124    0    672    764    672    156   0.1264    0.000
B-n31-k5 	BT-3   31   10    124    1    672    753    672    136   0.1162    0.000
B-n31-k5 	BT-3   31    6     62    0    672    719    676     72   0.0691    0.006
B-n31-k5 	BT-3   31    6     62    1    672    672    672     62   0.0636    0.000
B-n31-k5 	BT-3   31    3     31    0    672    719    672     40   0.0394    0.000
B-n31-k5 	BT-3   31    3     31    1    672    672    672     31   0.0356    0.000
B-n31-k5 	BT-3   31   10    124    0    672    764    672    169   0.1300    0.000
B-n31-k5 	BT-3   31   10    124    1    672    753    672    136   0.1151    0.000
B-n31-k5 	BT-3   31    6     62    0    672    719    675     83   0.0747    0.004
B-n31-k5 	BT-3   31    6     62    1    672    672    672     62   0.0632    0.000
B-n31-k5 	BT-3   31    3     31    0    672    719    685     67   0.0536    0.019
B-n31-k5 	BT-3   31    3     31    1    672    672    672     31   0.0358    0.000
B-n31-k5 	BT-3   31   10    124    0    672    764    672    137   0.1154    0.000
B-n31-k5 	BT-3   31   10    124    1    672    753    672    136   0.1162    0.000
B-n31-k5 	BT-3   31    6     62    0    672    719    672    136   0.1020    0.000
B-n31-k5 	BT-3   31    6     62    1    672    672    672     62   0.0638    0.000
B-n31-k5 	BT-3   31    3     31    0    672    719    673     40   0.0412    0.001
B-n31-k5 	BT-3   31    3     31    1    672    672    672     31   0.0357    0.000
B-n31-k5 	BT-3   31   10    124    0    672    764    672    137   0.1157    0.000
B-n31-k5 	BT-3   31   10    124    1    672    753    672    210   0.1577    0.000
B-n31-k5 	BT-3   31    6     62    0    672    719    673     72   0.0712    0.001
B-n31-k5 	BT-3   31    6     62    1    672    672    672     62   0.0635    0.000
B-n31-k5 	BT-3   31    3     31    0    672    719    676     39   0.0398    0.006
B-n31-k5 	BT-3   31    3     31    1    672    672    672     31   0.0357    0.000
B-n31-k5 	BT-3   31   10    124    0    672    764    672    137   0.1164    0.000
B-n31-k5 	BT-3   31   10    124    1    672    753    672    136   0.1147    0.000
B-n31-k5 	BT-3   31    6     62    0    672    719    675     84   0.0754    0.004
B-n31-k5 	BT-3   31    6     62    1    672    672    672     62   0.0632    0.000
B-n31-k5 	BT-3   31    3     31    0    672    719    672     44   0.0413    0.000
B-n31-k5 	BT-3   31    3     31    1    672    672    672     31   0.0357    0.000
B-n31-k5 	BT-3   31   10    124    0    672    764    672    137   0.1178    0.000
B-n31-k5 	BT-3   31   10    124    1    672    753    672    136   0.1160    0.000
B-n31-k5 	BT-3   31    6     62    0    672    719    672     89   0.0770    0.000
B-n31-k5 	BT-3   31    6     62    1    672    672    672     62   0.0627    0.000
B-n31-k5 	BT-3   31    3     31    0    672    719    676     40   0.0405    0.006
B-n31-k5 	BT-3   31    3     31    1    672    672    672     31   0.0358    0.000
B-n31-k5 	BT-3   31   10    124    0    672    764    672    137   0.1274    0.000
B-n31-k5 	BT-3   31   10    124    1    672    753    672    136   0.1154    0.000
B-n31-k5 	BT-3   31    6     62    0    672    719    672     81   0.0718    0.000
B-n31-k5 	BT-3   31    6     62    1    672    672    672     62   0.0645    0.000
B-n31-k5 	BT-3   31    3     31    0    672    719    672     46   0.0425    0.000
B-n31-k5 	BT-3   31    3     31    1    672    672    672     31   0.0356    0.000
B-n31-k5 	BT-3   31   10    124    0    672    764    672    137   0.1146    0.000
B-n31-k5 	BT-3   31   10    124    1    672    753    672    175   0.1363    0.000
B-n31-k5 	BT-3   31    6     62    0    672    719    675     93   0.0801    0.004
B-n31-k5 	BT-3   31    6     62    1    672    672    672     62   0.0636    0.000
B-n31-k5 	BT-3   31    3     31    0    672    719    672     46   0.0421    0.000
B-n31-k5 	BT-3   31    3     31    1    672    672    672     31   0.0355    0.000
B-n31-k5 	BT-3   31   10    124    0    672    764    672    137   0.1202    0.000
B-n31-k5 	BT-3   31   10    124    1    672    753    672    155   0.1259    0.000
B-n31-k5 	BT-3   31    6     62    0    672    719    672     81   0.0727    0.000
B-n31-k5 	BT-3   31    6     62    1    672    672    672     62   0.0636    0.000
B-n31-k5 	BT-3   31    3     31    0    672    719    676     57   0.0494    0.006
B-n31-k5 	BT-3   31    3     31    1    672    672    672     31   0.0356    0.000
B-n31-k5 	BT-3   31   10    124    0    672    764    672    137   0.1156    0.000
B-n31-k5 	BT-3   31   10    124    1    672    753    672    135   0.1153    0.000
B-n31-k5 	BT-3   31    6     62    0    672    719    672     81   0.0726    0.000
B-n31-k5 	BT-3   31    6     62    1    672    672    672     62   0.0636    0.000
B-n31-k5 	BT-3   31    3     31    0    672    719    672     40   0.0396    0.000
B-n31-k5 	BT-3   31    3     31    1    672    672    672     31   0.0358    0.000
B-n31-k5 	BT-3   31   10    124    0    672    764    672    137   0.1160    0.000
B-n31-k5 	BT-3   31   10    124    1    672    753    672    136   0.1160    0.000
B-n31-k5 	BT-3   31    6     62    0    672    719    672     82   0.0733    0.000
B-n31-k5 	BT-3   31    6     62    1    672    672    672     62   0.0630    0.000
B-n31-k5 	BT-3   31    3     31    0    672    719    672     44   0.0418    0.000
B-n31-k5 	BT-3   31    3     31    1    672    672    672     31   0.0356    0.000
B-n31-k5 	BT-3   31   10    124    0    672    764    672    137   0.1163    0.000
B-n31-k5 	BT-3   31   10    124    1    672    753    672    136   0.1149    0.000
B-n31-k5 	BT-3   31    6     62    0    672    719    672     78   0.0714    0.000
B-n31-k5 	BT-3   31    6     62    1    672    672    672     62   0.0638    0.000
B-n31-k5 	BT-3   31    3     31    0    672    719    672     41   0.0397    0.000
B-n31-k5 	BT-3   31    3     31    1    672    672    672     31   0.0357    0.000
B-n31-k5 	BT-3   31   10    124    0    672    764    672    137   0.1170    0.000
B-n31-k5 	BT-3   31   10    124    1    672    753    672    155   0.1255    0.000
B-n31-k5 	BT-3   31    6     62    0    672    719    672     71   0.0671    0.000
B-n31-k5 	BT-3   31    6     62    1    672    672    672     62   0.0635    0.000
B-n31-k5 	BT-3   31    3     31    0    672    719    681     41   0.0393    0.013
B-n31-k5 	BT-3   31    3     31    1    672    672    672     31   0.0357    0.000
B-n31-k5 	BT-3   31   10    124    0    672    764    672    135   0.1158    0.000
B-n31-k5 	BT-3   31   10    124    1    672    753    672    136   0.1152    0.000
B-n31-k5 	BT-3   31    6     62    0    672    719    673     70   0.0703    0.001
B-n31-k5 	BT-3   31    6     62    1    672    672    672     62   0.0630    0.000
B-n31-k5 	BT-3   31    3     31    0    672    719    672     41   0.0397    0.000
B-n31-k5 	BT-3   31    3     31    1    672    672    672     31   0.0357    0.000
B-n31-k5 	BT-3   31   10    124    0    672    764    672    137   0.1163    0.000
B-n31-k5 	BT-3   31   10    124    1    672    753    672    135   0.1161    0.000
B-n31-k5 	BT-3   31    6     62    0    672    719    684     92   0.0791    0.018
B-n31-k5 	BT-3   31    6     62    1    672    672    672     62   0.0635    0.000
B-n31-k5 	BT-3   31    3     31    0    672    719    672     50   0.0445    0.000
B-n31-k5 	BT-3   31    3     31    1    672    672    672     31   0.0358    0.000
B-n31-k5 	BT-3   31   10    124    0    672    764    672    137   0.1153    0.000
B-n31-k5 	BT-3   31   10    124    1    672    753    672    136   0.1151    0.000
B-n31-k5 	BT-3   31    6     62    0    672    719    672     71   0.0667    0.000
B-n31-k5 	BT-3   31    6     62    1    672    672    672     62   0.0640    0.000
B-n31-k5 	BT-3   31    3     31    0    672    719    672     44   0.0419    0.000
B-n31-k5 	BT-3   31    3     31    1    672    672    672     31   0.0357    0.000
B-n31-k5 	BT-3   31   10    124    0    672    764    672    137   0.1162    0.000
B-n31-k5 	BT-3   31   10    124    1    672    753    672    136   0.1172    0.000
B-n31-k5 	BT-3   31    6     62    0    672    719    672     80   0.0728    0.000
B-n31-k5 	BT-3   31    6     62    1    672    672    672     62   0.0633    0.000
B-n31-k5 	BT-3   31    3     31    0    672    719    675     52   0.0452    0.004
B-n31-k5 	BT-3   31    3     31    1    672    672    672     31   0.0360    0.000
B-n31-k5 	BT-3   31   10    124    0    672    764    672    137   0.1148    0.000
B-n31-k5 	BT-3   31   10    124    1    672    753    672    136   0.1152    0.000
B-n31-k5 	BT-3   31    6     62    0    672    719    672     74   0.0688    0.000
B-n31-k5 	BT-3   31    6     62    1    672    672    672     62   0.0642    0.000
B-n31-k5 	BT-3   31    3     31    0    672    719    672     44   0.0405    0.000
B-n31-k5 	BT-3   31    3     31    1    672    672    672     31   0.0358    0.000
B-n31-k5 	BT-3   31   10    124    0    672    764    678    136   0.1178    0.009
B-n31-k5 	BT-3   31   10    124    1    672    753    672    136   0.1161    0.000
B-n31-k5 	BT-3   31    6     62    0    672    719    675     80   0.0723    0.004
B-n31-k5 	BT-3   31    6     62    1    672    672    672     62   0.0639    0.000
B-n31-k5 	BT-3   31    3     31    0    672    719    672     49   0.0436    0.000
B-n31-k5 	BT-3   31    3     31    1    672    672    672     31   0.0358    0.000
B-n31-k5 	BT-3   31   10    124    0    672    764    672    138   0.1165    0.000
B-n31-k5 	BT-3   31   10    124    1    672    753    672    136   0.1168    0.000
B-n31-k5 	BT-3   31    6     62    0    672    719    675    124   0.0951    0.004
B-n31-k5 	BT-3   31    6     62    1    672    672    672     62   0.0630    0.000
B-n31-k5 	BT-3   31    3     31    0    672    719    673     45   0.0435    0.001
B-n31-k5 	BT-3   31    3     31    1    672    672    672     31   0.0358    0.000
B-n31-k5 	BT-3   31   10    124    0    672    764    672    137   0.1332    0.000
B-n31-k5 	BT-3   31   10    124    1    672    753    672    136   0.1157    0.000
B-n31-k5 	BT-3   31    6     62    0    672    719    672     81   0.0725    0.000
B-n31-k5 	BT-3   31    6     62    1    672    672    672     62   0.0636    0.000
B-n31-k5 	BT-3   31    3     31    0    672    719    672     49   0.0436    0.000
B-n31-k5 	BT-3   31    3     31    1    672    672    672     31   0.0357    0.000
B-n31-k5 	BT-3   31   10    124    0    672    764    672    156   0.1261    0.000
B-n31-k5 	BT-3   31   10    124    1    672    753    672    136   0.1147    0.000
B-n31-k5 	BT-3   31    6     62    0    672    719    675     94   0.0820    0.004
B-n31-k5 	BT-3   31    6     62    1    672    672    672     62   0.0635    0.000
B-n31-k5 	BT-3   31    3     31    0    672    719    672     50   0.0440    0.000
B-n31-k5 	BT-3   31    3     31    1    672    672    672     31   0.0357    0.000
B-n31-k5 	BT-3   31   10    124    0    672    764    672    137   0.1150    0.000
B-n31-k5 	BT-3   31   10    124    1    672    753    672    136   0.1199    0.000
B-n31-k5 	BT-3   31    6     62    0    672    719    676    104   0.0843    0.006
B-n31-k5 	BT-3   31    6     62    1    672    672    672     62   0.0633    0.000
B-n31-k5 	BT-3   31    3     31    0    672    719    672     59   0.0487    0.000
B-n31-k5 	BT-3   31    3     31    1    672    672    672     31   0.0357    0.000
B-n31-k5 	BT-3   31   10    124    0    672    764    672    137   0.1157    0.000
B-n31-k5 	BT-3   31   10    124    1    672    753    672    175   0.1364    0.000
B-n31-k5 	BT-3   31    6     62    0    672    719    672     80   0.0720    0.000
B-n31-k5 	BT-3   31    6     62    1    672    672    672     62   0.0638    0.000
B-n31-k5 	BT-3   31    3     31    0    672    719    672     46   0.0431    0.000
B-n31-k5 	BT-3   31    3     31    1    672    672    672     31   0.0358    0.000
B-n31-k5 	BT-3   31   10    124    0    672    764    672    137   0.1160    0.000
B-n31-k5 	BT-3   31   10    124    1    672    753    672    136   0.1156    0.000
B-n31-k5 	BT-3   31    6     62    0    672    719    672     87   0.0751    0.000
B-n31-k5 	BT-3   31    6     62    1    672    672    672     62   0.0631    0.000
B-n31-k5 	BT-3   31    3     31    0    672    719    672     46   0.0425    0.000
B-n31-k5 	BT-3   31    3     31    1    672    672    672     31   0.0357    0.000
B-n31-k5 	BT-3   31   10    124    0    672    764    672    137   0.1152    0.000
B-n31-k5 	BT-3   31   10    124    1    672    753    672    136   0.1159    0.000
B-n31-k5 	BT-3   31    6     62    0    672    719    672     73   0.0684    0.000
B-n31-k5 	BT-3   31    6     62    1    672    672    672     62   0.0639    0.000
B-n31-k5 	BT-3   31    3     31    0    672    719    672     46   0.0424    0.000
B-n31-k5 	BT-3   31    3     31    1    672    672    672     31   0.0356    0.000
B-n31-k5 	BT-3   31   10    124    0    672    764    672    137   0.1167    0.000
B-n31-k5 	BT-3   31   10    124    1    672    753    672    136   0.1158    0.000
B-n31-k5 	BT-3   31    6     62    0    672    719    672     80   0.0722    0.000
B-n31-k5 	BT-3   31    6     62    1    672    672    672     62   0.0628    0.000
B-n31-k5 	BT-3   31    3     31    0    672    719    675     50   0.0453    0.004
B-n31-k5 	BT-3   31    3     31    1    672    672    672     31   0.0358    0.000
B-n31-k5 	BT-3   31   10    124    0    672    764    672    137   0.1162    0.000
B-n31-k5 	BT-3   31   10    124    1    672    753    672    136   0.1150    0.000
B-n31-k5 	BT-3   31    6     62    0    672    719    672    170   0.1206    0.000
B-n31-k5 	BT-3   31    6     62    1    672    672    672     62   0.0636    0.000
B-n31-k5 	BT-3   31    3     31    0    672    719    672     42   0.0405    0.000
B-n31-k5 	BT-3   31    3     31    1    672    672    672     31   0.0358    0.000
B-n31-k5 	BT-3   31   10    124    0    672    764    672    137   0.1149    0.000
B-n31-k5 	BT-3   31   10    124    1    672    753    672    137   0.1157    0.000
B-n31-k5 	BT-3   31    6     62    0    672    719    676     69   0.0679    0.006
B-n31-k5 	BT-3   31    6     62    1    672    672    672     62   0.0631    0.000
B-n31-k5 	BT-3   31    3     31    0    672    719    676     70   0.0569    0.006
B-n31-k5 	BT-3   31    3     31    1    672    672    672     31   0.0358    0.000
B-n31-k5 	BT-3   31   10    124    0    672    764    672    137   0.1154    0.000
B-n31-k5 	BT-3   31   10    124    1    672    753    672    136   0.1153    0.000
B-n31-k5 	BT-3   31    6     62    0    672    719    672     81   0.0727    0.000
B-n31-k5 	BT-3   31    6     62    1    672    672    672     62   0.0633    0.000
B-n31-k5 	BT-3   31    3     31    0    672    719    672     42   0.0403    0.000
B-n31-k5 	BT-3   31    3     31    1    672    672    672     31   0.0357    0.000
B-n31-k5 	BT-3   31   10    124    0    672    764    672    137   0.1160    0.000
B-n31-k5 	BT-3   31   10    124    1    672    753    672    136   0.1160    0.000
B-n31-k5 	BT-3   31    6     62    0    672    719    672     81   0.0726    0.000
B-n31-k5 	BT-3   31    6     62    1    672    672    672     62   0.0631    0.000
B-n31-k5 	BT-3   31    3     31    0    672    719    672     41   0.0403    0.000
B-n31-k5 	BT-3   31    3     31    1    672    672    672     31   0.0360    0.000
B-n31-k5 	BT-3   31   10    124    0    672    764    672    137   0.1147    0.000
B-n31-k5 	BT-3   31   10    124    1    672    753    672    136   0.1159    0.000
B-n31-k5 	BT-3   31    6     62    0    672    719    672     82   0.0705    0.000
B-n31-k5 	BT-3   31    6     62    1    672    672    672     62   0.0638    0.000
B-n31-k5 	BT-3   31    3     31    0    672    719    684     74   0.0597    0.018
B-n31-k5 	BT-3   31    3     31    1    672    672    672     31   0.0357    0.000
B-n31-k5 	BT-3   31   10    124    0    672    764    672    155   0.1245    0.000
B-n31-k5 	BT-3   31   10    124    1    672    753    672    136   0.1156    0.000
B-n31-k5 	BT-3   31    6     62    0    672    719    673     75   0.0727    0.001
B-n31-k5 	BT-3   31    6     62    1    672    672    672     62   0.0629    0.000
B-n31-k5 	BT-3   31    3     31    0    672    719    676     56   0.0472    0.006
B-n31-k5 	BT-3   31    3     31    1    672    672    672     31   0.0357    0.000
B-n31-k5 	BT-3   31   10    124    0    672    764    672    137   0.1161    0.000
B-n31-k5 	BT-3   31   10    124    1    672    753    672    136   0.1164    0.000
B-n31-k5 	BT-3   31    6     62    0    672    719    672     80   0.0727    0.000
B-n31-k5 	BT-3   31    6     62    1    672    672    672     62   0.0639    0.000
B-n31-k5 	BT-3   31    3     31    0    672    719    672     44   0.0430    0.000
B-n31-k5 	BT-3   31    3     31    1    672    672    672     31   0.0357    0.000
B-n31-k5 	BT-3   31   10    124    0    672    764    672    135   0.1157    0.000
B-n31-k5 	BT-3   31   10    124    1    672    753    672    168   0.1311    0.000
B-n31-k5 	BT-3   31    6     62    0    672    719    673     74   0.0735    0.001
B-n31-k5 	BT-3   31    6     62    1    672    672    672     62   0.0636    0.000
B-n31-k5 	BT-3   31    3     31    0    672    719    672     44   0.0413    0.000
B-n31-k5 	BT-3   31    3     31    1    672    672    672     31   0.0357    0.000
B-n31-k5 	BT-3   31   10    124    0    672    764    672    137   0.1161    0.000
B-n31-k5 	BT-3   31   10    124    1    672    753    672    136   0.1164    0.000
B-n31-k5 	BT-3   31    6     62    0    672    719    672     83   0.0743    0.000
B-n31-k5 	BT-3   31    6     62    1    672    672    672     62   0.0634    0.000
B-n31-k5 	BT-3   31    3     31    0    672    719    672     46   0.0422    0.000
B-n31-k5 	BT-3   31    3     31    1    672    672    672     31   0.0360    0.000
B-n31-k5 	BT-3   31   10    124    0    672    764    672    137   0.1154    0.000
B-n31-k5 	BT-3   31   10    124    1    672    753    672    136   0.1152    0.000
B-n31-k5 	BT-3   31    6     62    0    672    719    672     80   0.0724    0.000
B-n31-k5 	BT-3   31    6     62    1    672    672    672     62   0.0645    0.000
B-n31-k5 	BT-3   31    3     31    0    672    719    672     47   0.0408    0.000
B-n31-k5 	BT-3   31    3     31    1    672    672    672     31   0.0358    0.000
B-n31-k5 	BT-3   31   10    124    0    672    764    672    137   0.1155    0.000
B-n31-k5 	BT-3   31   10    124    1    672    753    672    144   0.1181    0.000
B-n31-k5 	BT-3   31    6     62    0    672    719    672     80   0.0730    0.000
B-n31-k5 	BT-3   31    6     62    1    672    672    672     62   0.0632    0.000
B-n31-k5 	BT-3   31    3     31    0    672    719    672     46   0.0424    0.000
B-n31-k5 	BT-3   31    3     31    1    672    672    672     31   0.0361    0.000
B-n31-k5 	BT-3   31   10    124    0    672    764    673    224   0.1605    0.001
B-n31-k5 	BT-3   31   10    124    1    672    753    672    136   0.1169    0.000
B-n31-k5 	BT-3   31    6     62    0    672    719    672     73   0.0684    0.000
B-n31-k5 	BT-3   31    6     62    1    672    672    672     62   0.0658    0.000
B-n31-k5 	BT-3   31    3     31    0    672    719    673     43   0.0433    0.001
B-n31-k5 	BT-3   31    3     31    1    672    672    672     31   0.0357    0.000
B-n31-k5 	BT-3   31   10    124    0    672    764    672    137   0.1163    0.000
B-n31-k5 	BT-3   31   10    124    1    672    753    672    136   0.1230    0.000
B-n31-k5 	BT-3   31    6     62    0    672    719    675     87   0.0764    0.004
B-n31-k5 	BT-3   31    6     62    1    672    672    672     62   0.0629    0.000
B-n31-k5 	BT-3   31    3     31    0    672    719    672     43   0.0409    0.000
B-n31-k5 	BT-3   31    3     31    1    672    672    672     31   0.0358    0.000
B-n31-k5 	BT-3   31   10    124    0    672    764    672    137   0.1163    0.000
B-n31-k5 	BT-3   31   10    124    1    672    753    672    136   0.1193    0.000
B-n31-k5 	BT-3   31    6     62    0    672    719    687     69   0.0667    0.022
B-n31-k5 	BT-3   31    6     62    1    672    672    672     62   0.0638    0.000
B-n31-k5 	BT-3   31    3     31    0    672    719    672     49   0.0436    0.000
B-n31-k5 	BT-3   31    3     31    1    672    672    672     31   0.0357    0.000
B-n31-k5 	BT-3   31   10    124    0    672    764    672    137   0.1205    0.000
B-n31-k5 	BT-3   31   10    124    1    672    753    672    136   0.1153    0.000
B-n31-k5 	BT-3   31    6     62    0    672    719    672     88   0.0766    0.000
B-n31-k5 	BT-3   31    6     62    1    672    672    672     62   0.0635    0.000
B-n31-k5 	BT-3   31    3     31    0    672    719    672     43   0.0406    0.000
B-n31-k5 	BT-3   31    3     31    1    672    672    672     31   0.0357    0.000
B-n31-k5 	BT-3   31   10    124    0    672    764    672    137   0.1178    0.000
B-n31-k5 	BT-3   31   10    124    1    672    753    672    136   0.1153    0.000
B-n31-k5 	BT-3   31    6     62    0    672    719    675     83   0.0750    0.004
B-n31-k5 	BT-3   31    6     62    1    672    672    672     62   0.0699    0.000
B-n31-k5 	BT-3   31    3     31    0    672    719    675     77   0.0582    0.004
B-n31-k5 	BT-3   31    3     31    1    672    672    672     31   0.0396    0.000
B-n31-k5 	BT-3   31   10    124    0    672    764    672    137   0.1157    0.000
B-n31-k5 	BT-3   31   10    124    1    672    753    672    137   0.1356    0.000
B-n31-k5 	BT-3   31    6     62    0    672    719    675    106   0.0894    0.004
B-n31-k5 	BT-3   31    6     62    1    672    672    672     62   0.0639    0.000
B-n31-k5 	BT-3   31    3     31    0    672    719    672     41   0.0399    0.000
B-n31-k5 	BT-3   31    3     31    1    672    672    672     31   0.0356    0.000
B-n31-k5 	BT-3   31   10    124    0    672    764    672    137   0.1151    0.000
B-n31-k5 	BT-3   31   10    124    1    672    753    672    136   0.1155    0.000
B-n31-k5 	BT-3   31    6     62    0    672    719    672     73   0.0687    0.000
B-n31-k5 	BT-3   31    6     62    1    672    672    672     62   0.0631    0.000
B-n31-k5 	BT-3   31    3     31    0    672    719    675     39   0.0404    0.004
B-n31-k5 	BT-3   31    3     31    1    672    672    672     31   0.0380    0.000
B-n31-k5 	BT-3   31   10    124    0    672    764    672    146   0.1203    0.000
B-n31-k5 	BT-3   31   10    124    1    672    753    672    136   0.1153    0.000
B-n31-k5 	BT-3   31    6     62    0    672    719    672     80   0.0723    0.000
B-n31-k5 	BT-3   31    6     62    1    672    672    672     62   0.0648    0.000
B-n31-k5 	BT-3   31    3     31    0    672    719    672     41   0.0391    0.000
B-n31-k5 	BT-3   31    3     31    1    672    672    672     31   0.0356    0.000
B-n31-k5 	BT-3   31   10    124    0    672    764    672    137   0.1156    0.000
B-n31-k5 	BT-3   31   10    124    1    672    753    672    136   0.1159    0.000
B-n31-k5 	BT-3   31    6     62    0    672    719    675    173   0.1212    0.004
B-n31-k5 	BT-3   31    6     62    1    672    672    672     62   0.0630    0.000
B-n31-k5 	BT-3   31    3     31    0    672    719    672     46   0.0422    0.000
B-n31-k5 	BT-3   31    3     31    1    672    672    672     31   0.0357    0.000
B-n31-k5 	BT-3   31   10    124    0    672    764    672    137   0.1167    0.000
B-n31-k5 	BT-3   31   10    124    1    672    753    672    136   0.1151    0.000
B-n31-k5 	BT-3   31    6     62    0    672    719    672     81   0.0726    0.000
B-n31-k5 	BT-3   31    6     62    1    672    672    672     62   0.0636    0.000
B-n31-k5 	BT-3   31    3     31    0    672    719    672     47   0.0408    0.000
B-n31-k5 	BT-3   31    3     31    1    672    672    672     31   0.0360    0.000
B-n31-k5 	BT-3   31   10    124    0    672    764    672    137   0.1158    0.000
B-n31-k5 	BT-3   31   10    124    1    672    753    672    136   0.1159    0.000
B-n31-k5 	BT-3   31    6     62    0    672    719    672    110   0.0881    0.000
B-n31-k5 	BT-3   31    6     62    1    672    672    672     62   0.0638    0.000
B-n31-k5 	BT-3   31    3     31    0    672    719    672     46   0.0423    0.000
B-n31-k5 	BT-3   31    3     31    1    672    672    672     31   0.0359    0.000
B-n31-k5 	BT-3   31   10    124    0    672    764    672    137   0.1158    0.000
B-n31-k5 	BT-3   31   10    124    1    672    753    672    136   0.1155    0.000
B-n31-k5 	BT-3   31    6     62    0    672    719    672     82   0.0778    0.000
B-n31-k5 	BT-3   31    6     62    1    672    672    672     62   0.0659    0.000
B-n31-k5 	BT-3   31    3     31    0    672    719    672     48   0.0418    0.000
B-n31-k5 	BT-3   31    3     31    1    672    672    672     31   0.0397    0.000
B-n31-k5 	BT-3   31   10    124    0    672    764    672    137   0.1154    0.000
B-n31-k5 	BT-3   31   10    124    1    672    753    672    136   0.1209    0.000
B-n31-k5 	BT-3   31    6     62    0    672    719    672     72   0.0679    0.000
B-n31-k5 	BT-3   31    6     62    1    672    672    672     62   0.0643    0.000
B-n31-k5 	BT-3   31    3     31    0    672    719    672     47   0.0403    0.000
B-n31-k5 	BT-3   31    3     31    1    672    672    672     31   0.0357    0.000
B-n31-k5 	BT-3   31   10    124    0    672    764    672    145   0.1178    0.000
B-n31-k5 	BT-3   31   10    124    1    672    753    672    164   0.1283    0.000
B-n31-k5 	BT-3   31    6     62    0    672    719    675     86   0.0763    0.004
B-n31-k5 	BT-3   31    6     62    1    672    672    672     62   0.0634    0.000
B-n31-k5 	BT-3   31    3     31    0    672    719    672     46   0.0430    0.000
B-n31-k5 	BT-3   31    3     31    1    672    672    672     31   0.0361    0.000
B-n31-k5 	BT-3   31   10    124    0    672    764    672    137   0.1163    0.000
B-n31-k5 	BT-3   31   10    124    1    672    753    672    136   0.1152    0.000
B-n31-k5 	BT-3   31    6     62    0    672    719    672     80   0.0732    0.000
B-n31-k5 	BT-3   31    6     62    1    672    672    672     62   0.0634    0.000
B-n31-k5 	BT-3   31    3     31    0    672    719    672     40   0.0394    0.000
B-n31-k5 	BT-3   31    3     31    1    672    672    672     31   0.0357    0.000
B-n31-k5 	BT-3   31   10    124    0    672    764    680    181   0.1393    0.012
B-n31-k5 	BT-3   31   10    124    1    672    753    672    136   0.1158    0.000
B-n31-k5 	BT-3   31    6     62    0    672    719    672     73   0.0684    0.000
B-n31-k5 	BT-3   31    6     62    1    672    672    672     62   0.0633    0.000
B-n31-k5 	BT-3   31    3     31    0    672    719    675     46   0.0437    0.004
B-n31-k5 	BT-3   31    3     31    1    672    672    672     31   0.0355    0.000
B-n31-k5 	BT-3   31   10    124    0    672    764    675    253   0.1803    0.004
B-n31-k5 	BT-3   31   10    124    1    672    753    672    136   0.1161    0.000
B-n31-k5 	BT-3   31    6     62    0    672    719    672     79   0.0721    0.000
B-n31-k5 	BT-3   31    6     62    1    672    672    672     62   0.0635    0.000
B-n31-k5 	BT-3   31    3     31    0    672    719    672     46   0.0469    0.000
B-n31-k5 	BT-3   31    3     31    1    672    672    672     31   0.0356    0.000
B-n31-k5 	BT-3   31   10    124    0    672    764    672    137   0.1156    0.000
B-n31-k5 	BT-3   31   10    124    1    672    753    672    136   0.1153    0.000
B-n31-k5 	BT-3   31    6     62    0    672    719    672     80   0.0724    0.000
B-n31-k5 	BT-3   31    6     62    1    672    672    672     62   0.0635    0.000
B-n31-k5 	BT-3   31    3     31    0    672    719    675     69   0.0596    0.004
B-n31-k5 	BT-3   31    3     31    1    672    672    672     31   0.0357    0.000
B-n31-k5 	BT-3   31   10    124    0    672    764    672    137   0.1155    0.000
B-n31-k5 	BT-3   31   10    124    1    672    753    672    167   0.1301    0.000
B-n31-k5 	BT-3   31    6     62    0    672    719    672    139   0.1002    0.000
B-n31-k5 	BT-3   31    6     62    1    672    672    672     62   0.0635    0.000
B-n31-k5 	BT-3   31    3     31    0    672    719    672     44   0.0413    0.000
B-n31-k5 	BT-3   31    3     31    1    672    672    672     31   0.0356    0.000
B-n31-k5 	BT-3   31   10    124    0    672    764    672    178   0.1377    0.000
B-n31-k5 	BT-3   31   10    124    1    672    753    672    136   0.1155    0.000
B-n31-k5 	BT-3   31    6     62    0    672    719    675     80   0.0729    0.004
B-n31-k5 	BT-3   31    6     62    1    672    672    672     62   0.0633    0.000
B-n31-k5 	BT-3   31    3     31    0    672    719    672     61   0.0491    0.000
B-n31-k5 	BT-3   31    3     31    1    672    672    672     31   0.0356    0.000
B-n31-k5 	BT-3   31   10    124    0    672    764    672    137   0.1160    0.000
B-n31-k5 	BT-3   31   10    124    1    672    753    672    136   0.1153    0.000
B-n31-k5 	BT-3   31    6     62    0    672    719    672     71   0.0670    0.000
B-n31-k5 	BT-3   31    6     62    1    672    672    672     62   0.0633    0.000
B-n31-k5 	BT-3   31    3     31    0    672    719    672     46   0.0426    0.000
B-n31-k5 	BT-3   31    3     31    1    672    672    672     31   0.0357    0.000
B-n31-k5 	BT-3   31   10    124    0    672    764    672    137   0.1148    0.000
B-n31-k5 	BT-3   31   10    124    1    672    753    672    136   0.1160    0.000
B-n31-k5 	BT-3   31    6     62    0    672    719    672     86   0.0758    0.000
B-n31-k5 	BT-3   31    6     62    1    672    672    672     62   0.0726    0.000
B-n31-k5 	BT-3   31    3     31    0    672    719    673     39   0.0399    0.001
B-n31-k5 	BT-3   31    3     31    1    672    672    672     31   0.0357    0.000
B-n31-k5 	BT-3   31   10    124    0    672    764    672    137   0.1150    0.000
B-n31-k5 	BT-3   31   10    124    1    672    753    672    136   0.1154    0.000
B-n31-k5 	BT-3   31    6     62    0    672    719    676     83   0.0751    0.006
B-n31-k5 	BT-3   31    6     62    1    672    672    672     62   0.0634    0.000
B-n31-k5 	BT-3   31    3     31    0    672    719    672     46   0.0423    0.000
B-n31-k5 	BT-3   31    3     31    1    672    672    672     31   0.0358    0.000
B-n31-k5 	BT-3   31   10    124    0    672    764    672    137   0.1158    0.000
B-n31-k5 	BT-3   31   10    124    1    672    753    672    136   0.1234    0.000
B-n31-k5 	BT-3   31    6     62    0    672    719    672     82   0.0736    0.000
B-n31-k5 	BT-3   31    6     62    1    672    672    672     62   0.0644    0.000
B-n31-k5 	BT-3   31    3     31    0    672    719    672     50   0.0589    0.000
B-n31-k5 	BT-3   31    3     31    1    672    672    672     31   0.0432    0.000
B-n31-k5 	BT-3   31   10    124    0    672    764    672    145   0.1239    0.000
B-n31-k5 	BT-3   31   10    124    1    672    753    672    136   0.1156    0.000
B-n31-k5 	BT-3   31    6     62    0    672    719    672     82   0.0728    0.000
B-n31-k5 	BT-3   31    6     62    1    672    672    672     62   0.0633    0.000
B-n31-k5 	BT-3   31    3     31    0    672    719    672     46   0.0423    0.000
B-n31-k5 	BT-3   31    3     31    1    672    672    672     31   0.0357    0.000
B-n31-k5 	BT-3   31   10    124    0    672    764    672    137   0.1157    0.000
B-n31-k5 	BT-3   31   10    124    1    672    753    672    136   0.1160    0.000
B-n31-k5 	BT-3   31    6     62    0    672    719    672     78   0.0712    0.000
B-n31-k5 	BT-3   31    6     62    1    672    672    672     62   0.0633    0.000
B-n31-k5 	BT-3   31    3     31    0    672    719    672     46   0.0425    0.000
B-n31-k5 	BT-3   31    3     31    1    672    672    672     31   0.0356    0.000
B-n31-k5 	BT-3   31   10    124    0    672    764    672    137   0.1152    0.000
B-n31-k5 	BT-3   31   10    124    1    672    753    672    136   0.1158    0.000
B-n31-k5 	BT-3   31    6     62    0    672    719    676     72   0.0696    0.006
B-n31-k5 	BT-3   31    6     62    1    672    672    672     62   0.0640    0.000
B-n31-k5 	BT-3   31    3     31    0    672    719    672     42   0.0404    0.000
B-n31-k5 	BT-3   31    3     31    1    672    672    672     31   0.0362    0.000
B-n31-k5 	BT-3   31   10    124    0    672    764    672    137   0.1155    0.000
B-n31-k5 	BT-3   31   10    124    1    672    753    672    136   0.1158    0.000
B-n31-k5 	BT-3   31    6     62    0    672    719    672    138   0.1031    0.000
B-n31-k5 	BT-3   31    6     62    1    672    672    672     62   0.0638    0.000
B-n31-k5 	BT-3   31    3     31    0    672    719    672     44   0.0415    0.000
B-n31-k5 	BT-3   31    3     31    1    672    672    672     31   0.0359    0.000
B-n31-k5 	BT-3   31   10    124    0    672    764    672    137   0.1164    0.000
B-n31-k5 	BT-3   31   10    124    1    672    753    672    195   0.1459    0.000
B-n31-k5 	BT-3   31    6     62    0    672    719    672    102   0.0826    0.000
B-n31-k5 	BT-3   31    6     62    1    672    672    672     62   0.0636    0.000
B-n31-k5 	BT-3   31    3     31    0    672    719    672     46   0.0403    0.000
B-n31-k5 	BT-3   31    3     31    1    672    672    672     31   0.0359    0.000
