B-n45-k5 	BT-1   45   15    180    0    751   1070    755    267   0.5036    0.005
B-n45-k5 	BT-1   45   15    180    1    751    985    762    272   0.4738    0.015
B-n45-k5 	BT-1   45    9     90    0    751    782    755     91   0.1595    0.005
B-n45-k5 	BT-1   45    9     90    1    751    755    755     90   0.1643    0.005
B-n45-k5 	BT-1   45    4     45    0    751    782    755     46   0.0908    0.005
B-n45-k5 	BT-1   45    4     45    1    751    755    755     45   0.0887    0.005
B-n45-k5 	BT-2   45   15    180    0    751   1070    769    268   0.4362    0.024
B-n45-k5 	BT-2   45   15    180    1    751    985    802    200   0.3299    0.068
B-n45-k5 	BT-2   45    9     90    0    751    770    770     90   0.1629    0.025
B-n45-k5 	BT-2   45    9     90    1    751    769    769     90   0.1715    0.024
B-n45-k5 	BT-2   45    4     45    0    751    770    769     84   0.1502    0.024
B-n45-k5 	BT-2   45    4     45    1    751    769    769     45   0.0886    0.024
B-n45-k5 	BT-3   45   15    180    0    751   1070    774    200   0.6193    0.031
B-n45-k5 	BT-3   45   15    180    1    751    985    767    218   0.6406    0.021
B-n45-k5 	BT-3   45    9     90    0    751    772    767     91   0.3529    0.021
B-n45-k5 	BT-3   45    9     90    1    751    767    767     90   0.3543    0.021
B-n45-k5 	BT-3   45    4     45    0    751    772    761     56   0.2035    0.013
B-n45-k5 	BT-3   45    4     45    1    751    767    765     57   0.2001    0.019
B-n45-k5 	BT-3   45   15    180    0    751   1070    760    221   0.6375    0.012
B-n45-k5 	BT-3   45   15    180    1    751    985    761    222   0.6432    0.013
B-n45-k5 	BT-3   45    9     90    0    751    764    760     91   0.3493    0.012
B-n45-k5 	BT-3   45    9     90    1    751    760    755     98   0.3613    0.005
B-n45-k5 	BT-3   45    4     45    0    751    759    755     46   0.1879    0.005
B-n45-k5 	BT-3   45    4     45    1    751    755    755     45   0.1826    0.005
B-n45-k5 	BT-3   45   15    180    0    751   1070    763    210   0.6285    0.016
B-n45-k5 	BT-3   45   15    180    1    751    985    787    201   0.6245    0.048
B-n45-k5 	BT-3   45    9     90    0    751    759    755     91   0.3615    0.005
B-n45-k5 	BT-3   45    9     90    1    751    755    755     90   0.3571    0.005
B-n45-k5 	BT-3   45    4     45    0    751    759    755     46   0.1839    0.005
B-n45-k5 	BT-3   45    4     45    1    751    755    755     45   0.1840    0.005
B-n45-k5 	BT-3   45   15    180    0    751   1070    785    204   0.6313    0.045
B-n45-k5 	BT-3   45   15    180    1    751    985    761    222   0.6495    0.013
B-n45-k5 	BT-3   45    9     90    0    751    759    755     91   0.3624    0.005
B-n45-k5 	BT-3   45    9     90    1    751    755    755     90   0.3653    0.005
B-n45-k5 	BT-3   45    4     45    0    751    759    755     46   0.1840    0.005
B-n45-k5 	BT-3   45    4     45    1    751    755    755     45   0.1923    0.005
B-n45-k5 	BT-3   45   15    180    0    751   1070    763    210   0.6241    0.016
B-n45-k5 	BT-3   45   15    180    1    751    985    761    222   0.6593    0.013
B-n45-k5 	BT-3   45    9     90    0    751    759    755     91   0.3580    0.005
B-n45-k5 	BT-3   45    9     90    1    751    755    755     90   0.3589    0.005
B-n45-k5 	BT-3   45    4     45    0    751    759    755     46   0.1846    0.005
B-n45-k5 	BT-3   45    4     45    1    751    755    755     45   0.1839    0.005
B-n45-k5 	BT-3   45   15    180    0    751   1070    763    210   0.6296    0.016
B-n45-k5 	BT-3   45   15    180    1    751    985    761    215   0.6148    0.013
B-n45-k5 	BT-3   45    9     90    0    751    759    755     91   0.3805    0.005
B-n45-k5 	BT-3   45    9     90    1    751    755    755     90   0.3607    0.005
B-n45-k5 	BT-3   45    4     45    0    751    759    755     46   0.1871    0.005
B-n45-k5 	BT-3   45    4     45    1    751    755    755     45   0.1832    0.005
B-n45-k5 	BT-3   45   15    180    0    751   1070    763    210   0.6346    0.016
B-n45-k5 	BT-3   45   15    180    1    751    985    770    279   0.7266    0.025
B-n45-k5 	BT-3   45    9     90    0    751    759    755     91   0.3503    0.005
B-n45-k5 	BT-3   45    9     90    1    751    755    755     90   0.3472    0.005
B-n45-k5 	BT-3   45    4     45    0    751    759    755     46   0.1842    0.005
B-n45-k5 	BT-3   45    4     45    1    751    755    755     45   0.1875    0.005
B-n45-k5 	BT-3   45   15    180    0    751   1070    761    225   0.6677    0.013
B-n45-k5 	BT-3   45   15    180    1    751    985    761    222   0.6856    0.013
B-n45-k5 	BT-3   45    9     90    0    751    759    755     91   0.3495    0.005
B-n45-k5 	BT-3   45    9     90    1    751    755    755     90   0.3658    0.005
B-n45-k5 	BT-3   45    4     45    0    751    759    755     46   0.1849    0.005
B-n45-k5 	BT-3   45    4     45    1    751    755    755     45   0.1834    0.005
B-n45-k5 	BT-3   45   15    180    0    751   1070    761    225   0.6455    0.013
B-n45-k5 	BT-3   45   15    180    1    751    985    761    222   0.6465    0.013
B-n45-k5 	BT-3   45    9     90    0    751    759    755     91   0.3524    0.005
B-n45-k5 	BT-3   45    9     90    1    751    755    755     90   0.3472    0.005
B-n45-k5 	BT-3   45    4     45    0    751    759    755     46   0.1895    0.005
B-n45-k5 	BT-3   45    4     45    1    751    755    755     45   0.1882    0.005
B-n45-k5 	BT-3   45   15    180    0    751   1070    763    209   0.6300    0.016
B-n45-k5 	BT-3   45   15    180    1    751    985    762    332   0.8107    0.015
B-n45-k5 	BT-3   45    9     90    0    751    759    755     91   0.3480    0.005
B-n45-k5 	BT-3   45    9     90    1    751    755    755     90   0.3486    0.005
B-n45-k5 	BT-3   45    4     45    0    751    759    755     46   0.1841    0.005
B-n45-k5 	BT-3   45    4     45    1    751    755    755     45   0.1957    0.005
B-n45-k5 	BT-3   45   15    180    0    751   1070    763    210   0.6288    0.016
B-n45-k5 	BT-3   45   15    180    1    751    985    761    222   0.6480    0.013
B-n45-k5 	BT-3   45    9     90    0    751    759    755     91   0.3502    0.005
B-n45-k5 	BT-3   45    9     90    1    751    755    755     90   0.3480    0.005
B-n45-k5 	BT-3   45    4     45    0    751    759    755     46   0.1846    0.005
B-n45-k5 	BT-3   45    4     45    1    751    755    755     45   0.1839    0.005
B-n45-k5 	BT-3   45   15    180    0    751   1070    761    225   0.6667    0.013
B-n45-k5 	BT-3   45   15    180    1    751    985    761    222   0.6626    0.013
B-n45-k5 	BT-3   45    9     90    0    751    759    755     91   0.3592    0.005
B-n45-k5 	BT-3   45    9     90    1    751    755    755     90   0.3475    0.005
B-n45-k5 	BT-3   45    4     45    0    751    759    755     46   0.1847    0.005
B-n45-k5 	BT-3   45    4     45    1    751    755    755     45   0.1837    0.005
B-n45-k5 	BT-3   45   15    180    0    751   1070    765    368   0.9019    0.019
B-n45-k5 	BT-3   45   15    180    1    751    985    761    222   0.6474    0.013
B-n45-k5 	BT-3   45    9     90    0    751    759    755     91   0.3515    0.005
B-n45-k5 	BT-3   45    9     90    1    751    755    755     90   0.3874    0.005
B-n45-k5 	BT-3   45    4     45    0    751    759    755     46   0.2038    0.005
B-n45-k5 	BT-3   45    4     45    1    751    755    755     45   0.2076    0.005
B-n45-k5 	BT-3   45   15    180    0    751   1070    761    365   0.9084    0.013
B-n45-k5 	BT-3   45   15    180    1    751    985    762    221   0.6429    0.015
B-n45-k5 	BT-3   45    9     90    0    751    759    755     91   0.3828    0.005
B-n45-k5 	BT-3   45    9     90    1    751    755    755     90   0.3804    0.005
B-n45-k5 	BT-3   45    4     45    0    751    759    755     46   0.2046    0.005
B-n45-k5 	BT-3   45    4     45    1    751    755    755     45   0.1829    0.005
B-n45-k5 	BT-3   45   15    180    0    751   1070    759    223   0.6399    0.011
B-n45-k5 	BT-3   45   15    180    1    751    985    761    222   0.6460    0.013
B-n45-k5 	BT-3   45    9     90    0    751    759    759     90   0.3583    0.011
B-n45-k5 	BT-3   45    9     90    1    751    755    755     90   0.3602    0.005
B-n45-k5 	BT-3   45    4     45    0    751    759    755     46   0.1849    0.005
B-n45-k5 	BT-3   45    4     45    1    751    755    755     45   0.1834    0.005
B-n45-k5 	BT-3   45   15    180    0    751   1070    763    210   0.6287    0.016
B-n45-k5 	BT-3   45   15    180    1    751    985    758    387   0.9053    0.009
B-n45-k5 	BT-3   45    9     90    0    751    759    755     91   0.3795    0.005
B-n45-k5 	BT-3   45    9     90    1    751    755    755     90   0.3597    0.005
B-n45-k5 	BT-3   45    4     45    0    751    759    755     46   0.1854    0.005
B-n45-k5 	BT-3   45    4     45    1    751    755    755     45   0.1829    0.005
B-n45-k5 	BT-3   45   15    180    0    751   1070    761    225   0.6804    0.013
B-n45-k5 	BT-3   45   15    180    1    751    985    762    217   0.6430    0.015
B-n45-k5 	BT-3   45    9     90    0    751    759    755     91   0.3482    0.005
B-n45-k5 	BT-3   45    9     90    1    751    755    755     90   0.3486    0.005
B-n45-k5 	BT-3   45    4     45    0    751    759    755     46   0.1842    0.005
B-n45-k5 	BT-3   45    4     45    1    751    755    755     45   0.1838    0.005
B-n45-k5 	BT-3   45   15    180    0    751   1070    762    225   0.6855    0.015
B-n45-k5 	BT-3   45   15    180    1    751    985    761    222   0.6652    0.013
B-n45-k5 	BT-3   45    9     90    0    751    759    755     91   0.3505    0.005
B-n45-k5 	BT-3   45    9     90    1    751    755    755     90   0.3487    0.005
B-n45-k5 	BT-3   45    4     45    0    751    759    755     46   0.1837    0.005
B-n45-k5 	BT-3   45    4     45    1    751    755    755     45   0.1866    0.005
B-n45-k5 	BT-3   45   15    180    0    751   1070    763    210   0.6284    0.016
B-n45-k5 	BT-3   45   15    180    1    751    985    765    553   1.1668    0.019
B-n45-k5 	BT-3   45    9     90    0    751    759    755     91   0.3523    0.005
B-n45-k5 	BT-3   45    9     90    1    751    755    755     90   0.3467    0.005
B-n45-k5 	BT-3   45    4     45    0    751    759    755     46   0.1893    0.005
B-n45-k5 	BT-3   45    4     45    1    751    755    755     45   0.1885    0.005
B-n45-k5 	BT-3   45   15    180    0    751   1070    761    225   0.6484    0.013
B-n45-k5 	BT-3   45   15    180    1    751    985    761    222   0.6469    0.013
B-n45-k5 	BT-3   45    9     90    0    751    759    755     91   0.3491    0.005
B-n45-k5 	BT-3   45    9     90    1    751    755    755     90   0.3502    0.005
B-n45-k5 	BT-3   45    4     45    0    751    759    755     71   0.2235    0.005
B-n45-k5 	BT-3   45    4     45    1    751    755    755     45   0.1955    0.005
B-n45-k5 	BT-3   45   15    180    0    751   1070    762    215   0.6374    0.015
B-n45-k5 	BT-3   45   15    180    1    751    985    761    222   0.6438    0.013
B-n45-k5 	BT-3   45    9     90    0    751    759    755     91   0.3484    0.005
B-n45-k5 	BT-3   45    9     90    1    751    755    755     90   0.3490    0.005
B-n45-k5 	BT-3   45    4     45    0    751    759    755     46   0.1841    0.005
B-n45-k5 	BT-3   45    4     45    1    751    755    755     45   0.1840    0.005
B-n45-k5 	BT-3   45   15    180    0    751   1070    766    218   0.6624    0.020
B-n45-k5 	BT-3   45   15    180    1    751    985    774    215   0.6838    0.031
B-n45-k5 	BT-3   45    9     90    0    751    759    756    104   0.3780    0.007
B-n45-k5 	BT-3   45    9     90    1    751    755    755     90   0.3506    0.005
B-n45-k5 	BT-3   45    4     45    0    751    759    755     46   0.1838    0.005
B-n45-k5 	BT-3   45    4     45    1    751    755    755     45   0.1824    0.005
B-n45-k5 	BT-3   45   15    180    0    751   1070    761    225   0.6458    0.013
B-n45-k5 	BT-3   45   15    180    1    751    985    770    234   0.6555    0.025
B-n45-k5 	BT-3   45    9     90    0    751    759    755     91   0.3491    0.005
B-n45-k5 	BT-3   45    9     90    1    751    755    755     90   0.3465    0.005
B-n45-k5 	BT-3   45    4     45    0    751    759    759     45   0.1873    0.011
B-n45-k5 	BT-3   45    4     45    1    751    755    755     45   0.1880    0.005
B-n45-k5 	BT-3   45   15    180    0    751   1070    763    210   0.6278    0.016
B-n45-k5 	BT-3   45   15    180    1    751    985    760    311   0.7791    0.012
B-n45-k5 	BT-3   45    9     90    0    751    759    755     91   0.3483    0.005
B-n45-k5 	BT-3   45    9     90    1    751    755    755     90   0.3438    0.005
B-n45-k5 	BT-3   45    4     45    0    751    759    755     46   0.1850    0.005
B-n45-k5 	BT-3   45    4     45    1    751    755    755     45   0.1830    0.005
B-n45-k5 	BT-3   45   15    180    0    751   1070    757    211   0.6278    0.008
B-n45-k5 	BT-3   45   15    180    1    751    985    761    243   0.6743    0.013
B-n45-k5 	BT-3   45    9     90    0    751    759    755     91   0.3610    0.005
B-n45-k5 	BT-3   45    9     90    1    751    755    755     90   0.3840    0.005
B-n45-k5 	BT-3   45    4     45    0    751    759    755     46   0.1874    0.005
B-n45-k5 	BT-3   45    4     45    1    751    755    755     45   0.1829    0.005
B-n45-k5 	BT-3   45   15    180    0    751   1070    761    225   0.6446    0.013
B-n45-k5 	BT-3   45   15    180    1    751    985    761    222   0.6492    0.013
B-n45-k5 	BT-3   45    9     90    0    751    759    755     91   0.3485    0.005
B-n45-k5 	BT-3   45    9     90    1    751    755    755     90   0.3502    0.005
B-n45-k5 	BT-3   45    4     45    0    751    759    755     46   0.1839    0.005
B-n45-k5 	BT-3   45    4     45    1    751    755    755     45   0.1832    0.005
B-n45-k5 	BT-3   45   15    180    0    751   1070    755    379   0.9479    0.005
B-n45-k5 	BT-3   45   15    180    1    751    985    780    219   0.6716    0.039
B-n45-k5 	BT-3   45    9     90    0    751    759    755     91   0.3521    0.005
B-n45-k5 	BT-3   45    9     90    1    751    755    755     90   0.3518    0.005
B-n45-k5 	BT-3   45    4     45    0    751    759    755     46   0.1915    0.005
B-n45-k5 	BT-3   45    4     45    1    751    755    755     45   0.1840    0.005
B-n45-k5 	BT-3   45   15    180    0    751   1070    761    225   0.6578    0.013
B-n45-k5 	BT-3   45   15    180    1    751    985    761    222   0.6395    0.013
B-n45-k5 	BT-3   45    9     90    0    751    759    755     91   0.3478    0.005
B-n45-k5 	BT-3   45    9     90    1    751    755    755     90   0.3488    0.005
B-n45-k5 	BT-3   45    4     45    0    751    759    755     46   0.1910    0.005
B-n45-k5 	BT-3   45    4     45    1    751    755    755     45   0.1885    0.005
B-n45-k5 	BT-3   45   15    180    0    751   1070    761    212   0.6379    0.013
B-n45-k5 	BT-3   45   15    180    1    751    985    761    222   0.6447    0.013
B-n45-k5 	BT-3   45    9     90    0    751    759    755     91   0.3480    0.005
B-n45-k5 	BT-3   45    9     90    1    751    755    755     90   0.3502    0.005
B-n45-k5 	BT-3   45    4     45    0    751    759    755     46   0.1841    0.005
B-n45-k5 	BT-3   45    4     45    1    751    755    755     45   0.1835    0.005
B-n45-k5 	BT-3   45   15    180    0    751   1070    763    210   0.6310    0.016
B-n45-k5 	BT-3   45   15    180    1    751    985    782    270   0.7572    0.041
B-n45-k5 	BT-3   45    9     90    0    751    759    755     91   0.3581    0.005
B-n45-k5 	BT-3   45    9     90    1    751    755    755     90   0.3587    0.005
B-n45-k5 	BT-3   45    4     45    0    751    759    755     46   0.1840    0.005
B-n45-k5 	BT-3   45    4     45    1    751    755    755     45   0.1835    0.005
B-n45-k5 	BT-3   45   15    180    0    751   1070    754    241   0.6702    0.004
B-n45-k5 	BT-3   45   15    180    1    751    985    762    217   0.6386    0.015
B-n45-k5 	BT-3   45    9     90    0    751    766    754     91   0.3500    0.004
B-n45-k5 	BT-3   45    9     90    1    751    754    754     90   0.3496    0.004
B-n45-k5 	BT-3   45    4     45    0    751    766    754     46   0.1862    0.004
B-n45-k5 	BT-3   45    4     45    1    751    754    754     45   0.1859    0.004
B-n45-k5 	BT-3   45   15    180    0    751   1070    763    210   0.6540    0.016
B-n45-k5 	BT-3   45   15    180    1    751    985    770    386   0.9205    0.025
B-n45-k5 	BT-3   45    9     90    0    751    766    754     91   0.3545    0.004
B-n45-k5 	BT-3   45    9     90    1    751    754    754     90   0.3435    0.004
B-n45-k5 	BT-3   45    4     45    0    751    766    754     46   0.1880    0.004
B-n45-k5 	BT-3   45    4     45    1    751    754    754     45   0.1809    0.004
B-n45-k5 	BT-3   45   15    180    0    751   1070    761    225   0.6486    0.013
B-n45-k5 	BT-3   45   15    180    1    751    985    761    222   0.6449    0.013
B-n45-k5 	BT-3   45    9     90    0    751    766    754     91   0.3522    0.004
B-n45-k5 	BT-3   45    9     90    1    751    754    754     90   0.3424    0.004
B-n45-k5 	BT-3   45    4     45    0    751    766    754     46   0.1924    0.004
B-n45-k5 	BT-3   45    4     45    1    751    754    754     45   0.1879    0.004
B-n45-k5 	BT-3   45   15    180    0    751   1070    763    210   0.6259    0.016
B-n45-k5 	BT-3   45   15    180    1    751    985    768    215   0.6494    0.023
B-n45-k5 	BT-3   45    9     90    0    751    766    754     91   0.3492    0.004
B-n45-k5 	BT-3   45    9     90    1    751    754    754     90   0.3459    0.004
B-n45-k5 	BT-3   45    4     45    0    751    766    754     46   0.1861    0.004
B-n45-k5 	BT-3   45    4     45    1    751    754    754     45   0.1827    0.004
B-n45-k5 	BT-3   45   15    180    0    751   1070    763    210   0.6343    0.016
B-n45-k5 	BT-3   45   15    180    1    751    985    795    212   0.6164    0.059
B-n45-k5 	BT-3   45    9     90    0    751    766    754     91   0.3627    0.004
B-n45-k5 	BT-3   45    9     90    1    751    754    754     90   0.3577    0.004
B-n45-k5 	BT-3   45    4     45    0    751    766    754     46   0.1882    0.004
B-n45-k5 	BT-3   45    4     45    1    751    754    754     45   0.1820    0.004
B-n45-k5 	BT-3   45   15    180    0    751   1070    763    210   0.6285    0.016
B-n45-k5 	BT-3   45   15    180    1    751    985    768    219   0.6332    0.023
B-n45-k5 	BT-3   45    9     90    0    751    766    754     91   0.3525    0.004
B-n45-k5 	BT-3   45    9     90    1    751    754    753    100   0.3572    0.003
B-n45-k5 	BT-3   45    4     45    0    751    757    753     47   0.1870    0.003
B-n45-k5 	BT-3   45    4     45    1    751    753    753     45   0.1808    0.003
B-n45-k5 	BT-3   45   15    180    0    751   1070    770    207   0.6420    0.025
B-n45-k5 	BT-3   45   15    180    1    751    985    767    232   0.6762    0.021
B-n45-k5 	BT-3   45    9     90    0    751    757    753     92   0.3525    0.003
B-n45-k5 	BT-3   45    9     90    1    751    753    753     90   0.3432    0.003
B-n45-k5 	BT-3   45    4     45    0    751    757    753     47   0.1880    0.003
B-n45-k5 	BT-3   45    4     45    1    751    753    753     45   0.1855    0.003
B-n45-k5 	BT-3   45   15    180    0    751   1070    763    206   0.6242    0.016
B-n45-k5 	BT-3   45   15    180    1    751    985    761    222   0.6686    0.013
B-n45-k5 	BT-3   45    9     90    0    751    757    753     92   0.3514    0.003
B-n45-k5 	BT-3   45    9     90    1    751    753    753     90   0.3464    0.003
B-n45-k5 	BT-3   45    4     45    0    751    757    757     45   0.1902    0.008
B-n45-k5 	BT-3   45    4     45    1    751    753    753     45   0.1888    0.003
B-n45-k5 	BT-3   45   15    180    0    751   1070    763    210   0.6294    0.016
B-n45-k5 	BT-3   45   15    180    1    751    985    762    217   0.6375    0.015
B-n45-k5 	BT-3   45    9     90    0    751    757    753     92   0.3520    0.003
B-n45-k5 	BT-3   45    9     90    1    751    753    753     90   0.3478    0.003
B-n45-k5 	BT-3   45    4     45    0    751    757    753     47   0.1884    0.003
B-n45-k5 	BT-3   45    4     45    1    751    753    753     45   0.1816    0.003
B-n45-k5 	BT-3   45   15    180    0    751   1070    760    372   0.8990    0.012
B-n45-k5 	BT-3   45   15    180    1    751    985    798    214   0.6310    0.063
B-n45-k5 	BT-3   45    9     90    0    751    757    753     92   0.3664    0.003
B-n45-k5 	BT-3   45    9     90    1    751    753    753     90   0.3577    0.003
B-n45-k5 	BT-3   45    4     45    0    751    757    753     47   0.1873    0.003
B-n45-k5 	BT-3   45    4     45    1    751    753    753     45   0.1821    0.003
B-n45-k5 	BT-3   45   15    180    0    751   1070    763    210   0.6324    0.016
B-n45-k5 	BT-3   45   15    180    1    751    985    761    222   0.6533    0.013
B-n45-k5 	BT-3   45    9     90    0    751    757    753     92   0.3673    0.003
B-n45-k5 	BT-3   45    9     90    1    751    753    753     90   0.3574    0.003
B-n45-k5 	BT-3   45    4     45    0    751    757    753     47   0.1880    0.003
B-n45-k5 	BT-3   45    4     45    1    751    753    753     45   0.1830    0.003
B-n45-k5 	BT-3   45   15    180    0    751   1070    762    222   0.6504    0.015
B-n45-k5 	BT-3   45   15    180    1    751    985    761    222   0.6392    0.013
B-n45-k5 	BT-3   45    9     90    0    751    757    753     92   0.3623    0.003
B-n45-k5 	BT-3   45    9     90    1    751    753    753     90   0.3577    0.003
B-n45-k5 	BT-3   45    4     45    0    751    757    753     47   0.1878    0.003
B-n45-k5 	BT-3   45    4     45    1    751    753    753     45   0.1807    0.003
B-n45-k5 	BT-3   45   15    180    0    751   1070    761    225   0.6847    0.013
B-n45-k5 	BT-3   45   15    180    1    751    985    761    222   0.6509    0.013
B-n45-k5 	BT-3   45    9     90    0    751    757    753     92   0.3529    0.003
B-n45-k5 	BT-3   45    9     90    1    751    753    753     90   0.3465    0.003
B-n45-k5 	BT-3   45    4     45    0    751    757    753     47   0.1877    0.003
B-n45-k5 	BT-3   45    4     45    1    751    753    753     45   0.1807    0.003
B-n45-k5 	BT-3   45   15    180    0    751   1070    763    210   0.6504    0.016
B-n45-k5 	BT-3   45   15    180    1    751    985    758    552   1.2237    0.009
B-n45-k5 	BT-3   45    9     90    0    751    757    754     91   0.3529    0.004
B-n45-k5 	BT-3   45    9     90    1    751    753    753     90   0.3445    0.003
B-n45-k5 	BT-3   45    4     45    0    751    757    753     47   0.1871    0.003
B-n45-k5 	BT-3   45    4     45    1    751    753    753     45   0.1805    0.003
B-n45-k5 	BT-3   45   15    180    0    751   1070    763    210   0.6334    0.016
B-n45-k5 	BT-3   45   15    180    1    751    985    762    217   0.6438    0.015
B-n45-k5 	BT-3   45    9     90    0    751    757    757     90   0.3522    0.008
B-n45-k5 	BT-3   45    9     90    1    751    753    753     90   0.3454    0.003
B-n45-k5 	BT-3   45    4     45    0    751    757    753     47   0.1878    0.003
B-n45-k5 	BT-3   45    4     45    1    751    753    753     45   0.1804    0.003
B-n45-k5 	BT-3   45   15    180    0    751   1070    761    225   0.6447    0.013
B-n45-k5 	BT-3   45   15    180    1    751    985    761    222   0.6508    0.013
B-n45-k5 	BT-3   45    9     90    0    751    757    753     92   0.3642    0.003
B-n45-k5 	BT-3   45    9     90    1    751    753    753     90   0.3566    0.003
B-n45-k5 	BT-3   45    4     45    0    751    757    753     47   0.1879    0.003
B-n45-k5 	BT-3   45    4     45    1    751    753    753     45   0.1831    0.003
B-n45-k5 	BT-3   45   15    180    0    751   1070    763    210   0.6322    0.016
B-n45-k5 	BT-3   45   15    180    1    751    985    761    222   0.6481    0.013
B-n45-k5 	BT-3   45    9     90    0    751    757    753     92   0.3648    0.003
B-n45-k5 	BT-3   45    9     90    1    751    753    753     90   0.3582    0.003
B-n45-k5 	BT-3   45    4     45    0    751    757    753     47   0.1867    0.003
B-n45-k5 	BT-3   45    4     45    1    751    753    753     45   0.1832    0.003
B-n45-k5 	BT-3   45   15    180    0    751   1070    761    225   0.6625    0.013
B-n45-k5 	BT-3   45   15    180    1    751    985    761    222   0.6481    0.013
B-n45-k5 	BT-3   45    9     90    0    751    757    753     92   0.3524    0.003
B-n45-k5 	BT-3   45    9     90    1    751    753    753     90   0.3500    0.003
B-n45-k5 	BT-3   45    4     45    0    751    757    753     47   0.1880    0.003
B-n45-k5 	BT-3   45    4     45    1    751    753    753     45   0.1817    0.003
B-n45-k5 	BT-3   45   15    180    0    751   1070    760    377   0.9130    0.012
B-n45-k5 	BT-3   45   15    180    1    751    985    772    230   0.6686    0.028
B-n45-k5 	BT-3   45    9     90    0    751    757    753     92   0.3539    0.003
B-n45-k5 	BT-3   45    9     90    1    751    753    753     90   0.3455    0.003
B-n45-k5 	BT-3   45    4     45    0    751    757    753     47   0.1924    0.003
B-n45-k5 	BT-3   45    4     45    1    751    753    753     45   0.1812    0.003
B-n45-k5 	BT-3   45   15    180    0    751   1070    761    225   0.6456    0.013
B-n45-k5 	BT-3   45   15    180    1    751    985    761    222   0.6474    0.013
B-n45-k5 	BT-3   45    9     90    0    751    757    753     92   0.3524    0.003
B-n45-k5 	BT-3   45    9     90    1    751    753    753     90   0.3470    0.003
B-n45-k5 	BT-3   45    4     45    0    751    757    753     47   0.1941    0.003
B-n45-k5 	BT-3   45    4     45    1    751    753    753     45   0.1865    0.003
B-n45-k5 	BT-3   45   15    180    0    751   1070    763    210   0.6280    0.016
B-n45-k5 	BT-3   45   15    180    1    751    985    787    201   0.6253    0.048
B-n45-k5 	BT-3   45    9     90    0    751    757    754     91   0.3590    0.004
B-n45-k5 	BT-3   45    9     90    1    751    753    753     90   0.3440    0.003
B-n45-k5 	BT-3   45    4     45    0    751    757    753     47   0.1936    0.003
B-n45-k5 	BT-3   45    4     45    1    751    753    753     45   0.1866    0.003
B-n45-k5 	BT-3   45   15    180    0    751   1070    765    209   0.6216    0.019
B-n45-k5 	BT-3   45   15    180    1    751    985    761    222   0.6450    0.013
B-n45-k5 	BT-3   45    9     90    0    751    757    753     92   0.3522    0.003
B-n45-k5 	BT-3   45    9     90    1    751    753    753     90   0.3430    0.003
B-n45-k5 	BT-3   45    4     45    0    751    757    753     47   0.1877    0.003
B-n45-k5 	BT-3   45    4     45    1    751    753    753     45   0.1816    0.003
B-n45-k5 	BT-3   45   15    180    0    751   1070    763    210   0.6290    0.016
B-n45-k5 	BT-3   45   15    180    1    751    985    761    222   0.6644    0.013
B-n45-k5 	BT-3   45    9     90    0    751    757    753     92   0.3519    0.003
B-n45-k5 	BT-3   45    9     90    1    751    753    753     90   0.3438    0.003
B-n45-k5 	BT-3   45    4     45    0    751    757    753     47   0.1880    0.003
B-n45-k5 	BT-3   45    4     45    1    751    753    753     45   0.1824    0.003
B-n45-k5 	BT-3   45   15    180    0    751   1070    761    225   0.6711    0.013
B-n45-k5 	BT-3   45   15    180    1    751    985    762    217   0.6608    0.015
B-n45-k5 	BT-3   45    9     90    0    751    757    753     92   0.3531    0.003
B-n45-k5 	BT-3   45    9     90    1    751    753    753     90   0.3428    0.003
B-n45-k5 	BT-3   45    4     45    0    751    757    753     47   0.1874    0.003
B-n45-k5 	BT-3   45    4     45    1    751    753    753     45   0.1830    0.003
B-n45-k5 	BT-3   45   15    180    0    751   1070    763    210   0.6286    0.016
B-n45-k5 	BT-3   45   15    180    1    751    985    756    212   0.6265    0.007
B-n45-k5 	BT-3   45    9     90    0    751    757    753     92   0.3552    0.003
B-n45-k5 	BT-3   45    9     90    1    751    753    753     90   0.3438    0.003
B-n45-k5 	BT-3   45    4     45    0    751    757    753     47   0.1956    0.003
B-n45-k5 	BT-3   45    4     45    1    751    753    752     62   0.2142    0.001
B-n45-k5 	BT-3   45   15    180    0    751   1070    779    215   0.6343    0.037
B-n45-k5 	BT-3   45   15    180    1    751    985    761    222   0.6493    0.013
B-n45-k5 	BT-3   45    9     90    0    751    757    752     91   0.3515    0.001
B-n45-k5 	BT-3   45    9     90    1    751    752    752     90   0.3458    0.001
B-n45-k5 	BT-3   45    4     45    0    751    757    752     46   0.1869    0.001
B-n45-k5 	BT-3   45    4     45    1    751    752    752     45   0.1818    0.001
B-n45-k5 	BT-3   45   15    180    0    751   1070    763    210   0.6523    0.016
B-n45-k5 	BT-3   45   15    180    1    751    985    761    222   0.6450    0.013
B-n45-k5 	BT-3   45    9     90    0    751    757    752     91   0.3548    0.001
B-n45-k5 	BT-3   45    9     90    1    751    752    752     90   0.3422    0.001
B-n45-k5 	BT-3   45    4     45    0    751    757    752     46   0.1864    0.001
B-n45-k5 	BT-3   45    4     45    1    751    752    752     45   0.1822    0.001
B-n45-k5 	BT-3   45   15    180    0    751   1070    761    225   0.6665    0.013
B-n45-k5 	BT-3   45   15    180    1    751    985    761    222   0.6689    0.013
B-n45-k5 	BT-3   45    9     90    0    751    757    752     91   0.3520    0.001
B-n45-k5 	BT-3   45    9     90    1    751    752    752     90   0.3430    0.001
B-n45-k5 	BT-3   45    4     45    0    751    757    757     45   0.1851    0.008
B-n45-k5 	BT-3   45    4     45    1    751    752    752     45   0.1813    0.001
B-n45-k5 	BT-3   45   15    180    0    751   1070    762    208   0.6530    0.015
B-n45-k5 	BT-3   45   15    180    1    751    985    761    222   0.6614    0.013
B-n45-k5 	BT-3   45    9     90    0    751    757    752     91   0.3528    0.001
B-n45-k5 	BT-3   45    9     90    1    751    752    752     90   0.3449    0.001
B-n45-k5 	BT-3   45    4     45    0    751    757    757     45   0.1861    0.008
B-n45-k5 	BT-3   45    4     45    1    751    752    752     45   0.1811    0.001
B-n45-k5 	BT-3   45   15    180    0    751   1070    763    210   0.6506    0.016
B-n45-k5 	BT-3   45   15    180    1    751    985    767    394   0.9600    0.021
B-n45-k5 	BT-3   45    9     90    0    751    757    752     91   0.3549    0.001
B-n45-k5 	BT-3   45    9     90    1    751    752    752     90   0.3430    0.001
B-n45-k5 	BT-3   45    4     45    0    751    757    752     46   0.1870    0.001
B-n45-k5 	BT-3   45    4     45    1    751    752    752     45   0.1817    0.001
B-n45-k5 	BT-3   45   15    180    0    751   1070    763    210   0.6291    0.016
B-n45-k5 	BT-3   45   15    180    1    751    985    761    222   0.6504    0.013
B-n45-k5 	BT-3   45    9     90    0    751    757    752     91   0.3519    0.001
B-n45-k5 	BT-3   45    9     90    1    751    752    752     90   0.3425    0.001
B-n45-k5 	BT-3   45    4     45    0    751    757    752     46   0.1922    0.001
B-n45-k5 	BT-3   45    4     45    1    751    752    752     45   0.1898    0.001
B-n45-k5 	BT-3   45   15    180    0    751   1070    776    218   0.6474    0.033
B-n45-k5 	BT-3   45   15    180    1    751    985    759    546   1.1554    0.011
B-n45-k5 	BT-3   45    9     90    0    751    757    752     91   0.3534    0.001
B-n45-k5 	BT-3   45    9     90    1    751    752    752     90   0.3419    0.001
B-n45-k5 	BT-3   45    4     45    0    751    757    752     46   0.1906    0.001
B-n45-k5 	BT-3   45    4     45    1    751    752    752     45   0.1809    0.001
B-n45-k5 	BT-3   45   15    180    0    751   1070    763    210   0.6280    0.016
B-n45-k5 	BT-3   45   15    180    1    751    985    761    222   0.6405    0.013
B-n45-k5 	BT-3   45    9     90    0    751    757    752     91   0.3519    0.001
B-n45-k5 	BT-3   45    9     90    1    751    752    752     90   0.3442    0.001
B-n45-k5 	BT-3   45    4     45    0    751    757    752     46   0.1869    0.001
B-n45-k5 	BT-3   45    4     45    1    751    752    752     45   0.1815    0.001
B-n45-k5 	BT-3   45   15    180    0    751   1070    759    384   0.9309    0.011
B-n45-k5 	BT-3   45   15    180    1    751    985    753    234   0.6698    0.003
B-n45-k5 	BT-3   45    9     90    0    751    757    752     91   0.3545    0.001
B-n45-k5 	BT-3   45    9     90    1    751    752    752     90   0.3425    0.001
B-n45-k5 	BT-3   45    4     45    0    751    757    752     46   0.1871    0.001
B-n45-k5 	BT-3   45    4     45    1    751    752    752     45   0.1810    0.001
B-n45-k5 	BT-3   45   15    180    0    751   1070    774    205   0.6236    0.031
B-n45-k5 	BT-3   45   15    180    1    751    985    761    222   0.6502    0.013
B-n45-k5 	BT-3   45    9     90    0    751    757    752     91   0.3523    0.001
B-n45-k5 	BT-3   45    9     90    1    751    752    752     90   0.3431    0.001
B-n45-k5 	BT-3   45    4     45    0    751    757    757     45   0.2042    0.008
B-n45-k5 	BT-3   45    4     45    1    751    752    752     45   0.1973    0.001
B-n45-k5 	BT-3   45   15    180    0    751   1070    770    207   0.6241    0.025
B-n45-k5 	BT-3   45   15    180    1    751    985    762    293   0.7485    0.015
B-n45-k5 	BT-3   45    9     90    0    751    757    751    114   0.3852    0.000
B-n45-k5 	BT-3   45    9     90    1    751    752    752     90   0.3456    0.001
B-n45-k5 	BT-3   45    4     45    0    751    755    751     46   0.1845    0.000
B-n45-k5 	BT-3   45    4     45    1    751    751    751     45   0.1839    0.000
B-n45-k5 	BT-3   45   15    180    0    751   1070    761    225   0.6481    0.013
B-n45-k5 	BT-3   45   15    180    1    751    985    761    222   0.6473    0.013
B-n45-k5 	BT-3   45    9     90    0    751    755    751     91   0.3553    0.000
B-n45-k5 	BT-3   45    9     90    1    751    751    751     90   0.3597    0.000
B-n45-k5 	BT-3   45    4     45    0    751    755    751     46   0.1825    0.000
B-n45-k5 	BT-3   45    4     45    1    751    751    751     45   0.1841    0.000
B-n45-k5 	BT-3   45   15    180    0    751   1070    760    302   0.7738    0.012
B-n45-k5 	BT-3   45   15    180    1    751    985    761    222   0.6486    0.013
B-n45-k5 	BT-3   45    9     90    0    751    755    751     91   0.3452    0.000
B-n45-k5 	BT-3   45    9     90    1    751    751    751     90   0.3482    0.000
B-n45-k5 	BT-3   45    4     45    0    751    755    751     46   0.1902    0.000
B-n45-k5 	BT-3   45    4     45    1    751    751    751     45   0.1838    0.000
B-n45-k5 	BT-3   45   15    180    0    751   1070    763    210   0.6551    0.016
B-n45-k5 	BT-3   45   15    180    1    751    985    758    387   0.9315    0.009
B-n45-k5 	BT-3   45    9     90    0    751    755    751     91   0.3489    0.000
B-n45-k5 	BT-3   45    9     90    1    751    751    751     90   0.3533    0.000
B-n45-k5 	BT-3   45    4     45    0    751    755    751     46   0.1827    0.000
B-n45-k5 	BT-3   45    4     45    1    751    751    751     45   0.1834    0.000
B-n45-k5 	BT-3   45   15    180    0    751   1070    766    218   0.6664    0.020
B-n45-k5 	BT-3   45   15    180    1    751    985    764    228   0.6446    0.017
B-n45-k5 	BT-3   45    9     90    0    751    755    751     91   0.3445    0.000
B-n45-k5 	BT-3   45    9     90    1    751    751    751     90   0.3470    0.000
B-n45-k5 	BT-3   45    4     45    0    751    755    751     46   0.1881    0.000
B-n45-k5 	BT-3   45    4     45    1    751    751    751     45   0.1887    0.000
B-n45-k5 	BT-3   45   15    180    0    751   1070    772    211   0.6340    0.028
B-n45-k5 	BT-3   45   15    180    1    751    985    761    222   0.6506    0.013
B-n45-k5 	BT-3   45    9     90    0    751    755    751     91   0.3446    0.000
B-n45-k5 	BT-3   45    9     90    1    751    751    751     90   0.3463    0.000
B-n45-k5 	BT-3   45    4     45    0    751    755    751     46   0.1837    0.000
B-n45-k5 	BT-3   45    4     45    1    751    751    751     45   0.1838    0.000
B-n45-k5 	BT-3   45   15    180    0    751   1070    761    225   0.6461    0.013
B-n45-k5 	BT-3   45   15    180    1    751    985    761    222   0.6471    0.013
B-n45-k5 	BT-3   45    9     90    0    751    755    751     91   0.3571    0.000
B-n45-k5 	BT-3   45    9     90    1    751    751    751     90   0.3588    0.000
B-n45-k5 	BT-3   45    4     45    0    751    755    751     46   0.1837    0.000
B-n45-k5 	BT-3   45    4     45    1    751    751    751     45   0.1849    0.000
B-n45-k5 	BT-3   45   15    180    0    751   1070    763    210   0.6286    0.016
B-n45-k5 	BT-3   45   15    180    1    751    985    761    222   0.6396    0.013
B-n45-k5 	BT-3   45    9     90    0    751    755    751     91   0.3571    0.000
B-n45-k5 	BT-3   45    9     90    1    751    751    751     90   0.3587    0.000
B-n45-k5 	BT-3   45    4     45    0    751    755    751     46   0.1827    0.000
B-n45-k5 	BT-3   45    4     45    1    751    751    751     45   0.1836    0.000
B-n45-k5 	BT-3   45   15    180    0    751   1070    757    211   0.6331    0.008
B-n45-k5 	BT-3   45   15    180    1    751    985    761    222   0.6465    0.013
B-n45-k5 	BT-3   45    9     90    0    751    755    751     91   0.3713    0.000
B-n45-k5 	BT-3   45    9     90    1    751    751    751     90   0.3514    0.000
B-n45-k5 	BT-3   45    4     45    0    751    755    751     46   0.1828    0.000
B-n45-k5 	BT-3   45    4     45    1    751    751    751     45   0.1836    0.000
B-n45-k5 	BT-3   45   15    180    0    751   1070    766    218   0.6646    0.020
B-n45-k5 	BT-3   45   15    180    1    751    985    760    261   0.7226    0.012
B-n45-k5 	BT-3   45    9     90    0    751    755    751     91   0.3467    0.000
B-n45-k5 	BT-3   45    9     90    1    751    751    751     90   0.3480    0.000
B-n45-k5 	BT-3   45    4     45    0    751    755    751     46   0.1876    0.000
B-n45-k5 	BT-3   45    4     45    1    751    751    751     45   0.1835    0.000
B-n45-k5 	BT-3   45   15    180    0    751   1070    757    221   0.6432    0.008
B-n45-k5 	BT-3   45   15    180    1    751    985    761    222   0.6512    0.013
B-n45-k5 	BT-3   45    9     90    0    751    755    751     91   0.3445    0.000
B-n45-k5 	BT-3   45    9     90    1    751    751    751     90   0.3471    0.000
B-n45-k5 	BT-3   45    4     45    0    751    755    751     46   0.1879    0.000
B-n45-k5 	BT-3   45    4     45    1    751    751    751     45   0.1899    0.000
B-n45-k5 	BT-3   45   15    180    0    751   1070    763    210   0.6247    0.016
B-n45-k5 	BT-3   45   15    180    1    751    985    761    222   0.6425    0.013
B-n45-k5 	BT-3   45    9     90    0    751    755    751     91   0.3442    0.000
B-n45-k5 	BT-3   45    9     90    1    751    751    751     90   0.3502    0.000
B-n45-k5 	BT-3   45    4     45    0    751    755    751     46   0.1829    0.000
B-n45-k5 	BT-3   45    4     45    1    751    751    751     45   0.1838    0.000
B-n45-k5 	BT-3   45   15    180    0    751   1070    755    320   0.8087    0.005
B-n45-k5 	BT-3   45   15    180    1    751    985    761    222   0.6656    0.013
B-n45-k5 	BT-3   45    9     90    0    751    755    751     91   0.3572    0.000
B-n45-k5 	BT-3   45    9     90    1    751    751    751     90   0.3585    0.000
B-n45-k5 	BT-3   45    4     45    0    751    755    751     46   0.1828    0.000
B-n45-k5 	BT-3   45    4     45    1    751    751    751     45   0.1841    0.000
B-n45-k5 	BT-3   45   15    180    0    751   1070    765    197   0.6217    0.019
B-n45-k5 	BT-3   45   15    180    1    751    985    776    221   0.6679    0.033
B-n45-k5 	BT-3   45    9     90    0    751    755    751     91   0.3443    0.000
B-n45-k5 	BT-3   45    9     90    1    751    751    751     90   0.3486    0.000
B-n45-k5 	BT-3   45    4     45    0    751    755    751     46   0.1832    0.000
B-n45-k5 	BT-3   45    4     45    1    751    751    751     45   0.1885    0.000
B-n45-k5 	BT-3   45   15    180    0    751   1070    763    210   0.6496    0.016
B-n45-k5 	BT-3   45   15    180    1    751    985    761    222   0.6677    0.013
B-n45-k5 	BT-3   45    9     90    0    751    755    751     91   0.3455    0.000
B-n45-k5 	BT-3   45    9     90    1    751    751    751     90   0.3471    0.000
B-n45-k5 	BT-3   45    4     45    0    751    755    751     46   0.1842    0.000
B-n45-k5 	BT-3   45    4     45    1    751    751    751     45   0.1837    0.000
B-n45-k5 	BT-3   45   15    180    0    751   1070    755    218   0.6430    0.005
B-n45-k5 	BT-3   45   15    180    1    751    985    761    222   0.6473    0.013
B-n45-k5 	BT-3   45    9     90    0    751    755    751     91   0.3471    0.000
B-n45-k5 	BT-3   45    9     90    1    751    751    751     90   0.3485    0.000
B-n45-k5 	BT-3   45    4     45    0    751    755    751     46   0.1881    0.000
B-n45-k5 	BT-3   45    4     45    1    751    751    751     45   0.1899    0.000
B-n45-k5 	BT-3   45   15    180    0    751   1070    763    210   0.6313    0.016
B-n45-k5 	BT-3   45   15    180    1    751    985    761    222   0.6444    0.013
B-n45-k5 	BT-3   45    9     90    0    751    755    751     91   0.3447    0.000
B-n45-k5 	BT-3   45    9     90    1    751    751    751     90   0.3472    0.000
B-n45-k5 	BT-3   45    4     45    0    751    755    751     46   0.1829    0.000
B-n45-k5 	BT-3   45    4     45    1    751    751    751     45   0.1923    0.000
B-n45-k5 	BT-3   45   15    180    0    751   1070    761    225   0.6474    0.013
B-n45-k5 	BT-3   45   15    180    1    751    985    762    217   0.6468    0.015
B-n45-k5 	BT-3   45    9     90    0    751    755    751     91   0.3551    0.000
B-n45-k5 	BT-3   45    9     90    1    751    751    751     90   0.3638    0.000
B-n45-k5 	BT-3   45    4     45    0    751    755    751     46   0.1821    0.000
B-n45-k5 	BT-3   45    4     45    1    751    751    751     45   0.1836    0.000
B-n45-k5 	BT-3   45   15    180    0    751   1070    763    210   0.6309    0.016
B-n45-k5 	BT-3   45   15    180    1    751    985    793    220   0.6358    0.056
B-n45-k5 	BT-3   45    9     90    0    751    755    751     91   0.3451    0.000
B-n45-k5 	BT-3   45    9     90    1    751    751    751     90   0.3479    0.000
B-n45-k5 	BT-3   45    4     45    0    751    755    751     46   0.1839    0.000
B-n45-k5 	BT-3   45    4     45    1    751    751    751     45   0.1837    0.000
B-n45-k5 	BT-3   45   15    180    0    751   1070    761    213   0.6491    0.013
B-n45-k5 	BT-3   45   15    180    1    751    985    761    222   0.6665    0.013
B-n45-k5 	BT-3   45    9     90    0    751    755    751     91   0.3445    0.000
B-n45-k5 	BT-3   45    9     90    1    751    751    751     90   0.3482    0.000
B-n45-k5 	BT-3   45    4     45    0    751    755    751     46   0.1831    0.000
B-n45-k5 	BT-3   45    4     45    1    751    751    751     45   0.1843    0.000
B-n45-k5 	BT-3   45   15    180    0    751   1070    762    222   0.6444    0.015
B-n45-k5 	BT-3   45   15    180    1    751    985    767    219   0.6682    0.021
B-n45-k5 	BT-3   45    9     90    0    751    755    751     91   0.3490    0.000
B-n45-k5 	BT-3   45    9     90    1    751    751    751     90   0.3476    0.000
B-n45-k5 	BT-3   45    4     45    0    751    755    751     46   0.1881    0.000
B-n45-k5 	BT-3   45    4     45    1    751    751    751     45   0.1903    0.000
B-n45-k5 	BT-3   45   15    180    0    751   1070    763    210   0.6297    0.016
B-n45-k5 	BT-3   45   15    180    1    751    985    761    222   0.6508    0.013
B-n45-k5 	BT-3   45    9     90    0    751    755    751     91   0.3451    0.000
B-n45-k5 	BT-3   45    9     90    1    751    751    751     90   0.3470    0.000
B-n45-k5 	BT-3   45    4     45    0    751    755    751     46   0.1834    0.000
B-n45-k5 	BT-3   45    4     45    1    751    751    751     45   0.1836    0.000
B-n45-k5 	BT-3   45   15    180    0    751   1070    761    225   0.6464    0.013
B-n45-k5 	BT-3   45   15    180    1    751    985    761    222   0.6467    0.013
B-n45-k5 	BT-3   45    9     90    0    751    755    751     91   0.3561    0.000
B-n45-k5 	BT-3   45    9     90    1    751    751    751     90   0.3630    0.000
B-n45-k5 	BT-3   45    4     45    0    751    755    751     46   0.1846    0.000
B-n45-k5 	BT-3   45    4     45    1    751    751    751     45   0.1840    0.000
B-n45-k5 	BT-3   45   15    180    0    751   1070    761    225   0.6439    0.013
B-n45-k5 	BT-3   45   15    180    1    751    985    761    222   0.6451    0.013
B-n45-k5 	BT-3   45    9     90    0    751    755    751     91   0.3443    0.000
B-n45-k5 	BT-3   45    9     90    1    751    751    751     90   0.3480    0.000
B-n45-k5 	BT-3   45    4     45    0    751    755    751     46   0.1822    0.000
B-n45-k5 	BT-3   45    4     45    1    751    751    751     45   0.1841    0.000
B-n45-k5 	BT-3   45   15    180    0    751   1070    761    225   0.6727    0.013
B-n45-k5 	BT-3   45   15    180    1    751    985    761    222   0.6654    0.013
B-n45-k5 	BT-3   45    9     90    0    751    755    751     91   0.3460    0.000
B-n45-k5 	BT-3   45    9     90    1    751    751    751     90   0.3479    0.000
B-n45-k5 	BT-3   45    4     45    0    751    755    751     46   0.1826    0.000
B-n45-k5 	BT-3   45    4     45    1    751    751    751     45   0.1849    0.000
B-n45-k5 	BT-3   45   15    180    0    751   1070    761    225   0.6465    0.013
B-n45-k5 	BT-3   45   15    180    1    751    985    756    232   0.6821    0.007
B-n45-k5 	BT-3   45    9     90    0    751    755    751     91   0.3556    0.000
B-n45-k5 	BT-3   45    9     90    1    751    751    751     90   0.3493    0.000
B-n45-k5 	BT-3   45    4     45    0    751    755    751     46   0.1884    0.000
B-n45-k5 	BT-3   45    4     45    1    751    751    751     45   0.1893    0.000
B-n45-k5 	BT-3   45   15    180    0    751   1070    763    210   0.6323    0.016
B-n45-k5 	BT-3   45   15    180    1    751    985    762    214   0.6287    0.015
B-n45-k5 	BT-3   45    9     90    0    751    755    751     91   0.3459    0.000
B-n45-k5 	BT-3   45    9     90    1    751    751    751     90   0.3469    0.000
B-n45-k5 	BT-3   45    4     45    0    751    755    751     46   0.1840    0.000
B-n45-k5 	BT-3   45    4     45    1    751    751    751     45   0.1854    0.000
B-n45-k5 	BT-3   45   15    180    0    751   1070    771    213   0.6319    0.027
B-n45-k5 	BT-3   45   15    180    1    751    985    766    263   0.7122    0.020
B-n45-k5 	BT-3   45    9     90    0    751    755    751     91   0.3447    0.000
B-n45-k5 	BT-3   45    9     90    1    751    751    751     90   0.3490    0.000
B-n45-k5 	BT-3   45    4     45    0    751    755    751     46   0.1825    0.000
B-n45-k5 	BT-3   45    4     45    1    751    751    751     45   0.1847    0.000
B-n45-k5 	BT-3   45   15    180    0    751   1070    755    379   0.9439    0.005
B-n45-k5 	BT-3   45   15    180    1    751    985    761    222   0.6690    0.013
B-n45-k5 	BT-3   45    9     90    0    751    755    751     91   0.3433    0.000
B-n45-k5 	BT-3   45    9     90    1    751    751    751     90   0.3568    0.000
B-n45-k5 	BT-3   45    4     45    0    751    755    751     46   0.1836    0.000
B-n45-k5 	BT-3   45    4     45    1    751    751    751     45   0.1855    0.000
B-n45-k5 	BT-3   45   15    180    0    751   1070    760    377   0.9345    0.012
B-n45-k5 	BT-3   45   15    180    1    751    985    763    217   0.6394    0.016
B-n45-k5 	BT-3   45    9     90    0    751    755    751     91   0.3446    0.000
B-n45-k5 	BT-3   45    9     90    1    751    751    751     90   0.3497    0.000
B-n45-k5 	BT-3   45    4     45    0    751    755    751     46   0.1876    0.000
B-n45-k5 	BT-3   45    4     45    1    751    751    751     45   0.1893    0.000
B-n45-k5 	BT-3   45   15    180    0    751   1070    765    197   0.6203    0.019
B-n45-k5 	BT-3   45   15    180    1    751    985    767    245   0.6588    0.021
B-n45-k5 	BT-3   45    9     90    0    751    755    751     91   0.3479    0.000
B-n45-k5 	BT-3   45    9     90    1    751    751    751     90   0.3464    0.000
B-n45-k5 	BT-3   45    4     45    0    751    755    751     46   0.1822    0.000
B-n45-k5 	BT-3   45    4     45    1    751    751    751     45   0.1893    0.000
B-n45-k5 	BT-3   45   15    180    0    751   1070    766    206   0.6205    0.020
B-n45-k5 	BT-3   45   15    180    1    751    985    761    222   0.6462    0.013
B-n45-k5 	BT-3   45    9     90    0    751    755    751     91   0.3464    0.000
B-n45-k5 	BT-3   45    9     90    1    751    751    751     90   0.3543    0.000
B-n45-k5 	BT-3   45    4     45    0    751    755    751     46   0.1824    0.000
B-n45-k5 	BT-3   45    4     45    1    751    751    751     45   0.1829    0.000
B-n45-k5 	BT-3   45   15    180    0    751   1070    763    210   0.6521    0.016
B-n45-k5 	BT-3   45   15    180    1    751    985    794    377   0.9204    0.057
B-n45-k5 	BT-3   45    9     90    0    751    755    751     91   0.3478    0.000
B-n45-k5 	BT-3   45    9     90    1    751    751    751     90   0.3513    0.000
B-n45-k5 	BT-3   45    4     45    0    751    755    751     46   0.1822    0.000
B-n45-k5 	BT-3   45    4     45    1    751    751    751     45   0.1837    0.000
B-n45-k5 	BT-3   45   15    180    0    751   1070    763    210   0.6398    0.016
B-n45-k5 	BT-3   45   15    180    1    751    985    787    201   0.6245    0.048
B-n45-k5 	BT-3   45    9     90    0    751    755    751     91   0.3439    0.000
B-n45-k5 	BT-3   45    9     90    1    751    751    751     90   0.3469    0.000
B-n45-k5 	BT-3   45    4     45    0    751    755    751     46   0.1881    0.000
B-n45-k5 	BT-3   45    4     45    1    751    751    751     45   0.2147    0.000
B-n45-k5 	BT-3   45   15    180    0    751   1070    755    204   0.6247    0.005
B-n45-k5 	BT-3   45   15    180    1    751    985    762    217   0.6462    0.015
B-n45-k5 	BT-3   45    9     90    0    751    755    751     91   0.3436    0.000
B-n45-k5 	BT-3   45    9     90    1    751    751    751     90   0.3454    0.000
B-n45-k5 	BT-3   45    4     45    0    751    755    751     46   0.1834    0.000
B-n45-k5 	BT-3   45    4     45    1    751    751    751     45   0.1833    0.000
