B-n50-k8 	BT-1   50   16    200    0   1313   1465   1349    247   0.6965    0.027
B-n50-k8 	BT-1   50   16    200    1   1313   1438   1382    213   0.5509    0.053
B-n50-k8 	BT-1   50   10    100    0   1313   1349   1342    236   0.6129    0.022
B-n50-k8 	BT-1   50   10    100    1   1313   1349   1344    156   0.4390    0.024
B-n50-k8 	BT-1   50    5     50    0   1313   1342   1342     50   0.1619    0.022
B-n50-k8 	BT-1   50    5     50    1   1313   1342   1342     50   0.1624    0.022
B-n50-k8 	BT-2   50   16    200    0   1313   1465   1348    286   0.7162    0.027
B-n50-k8 	BT-2   50   16    200    1   1313   1438   1327    319   0.7995    0.011
B-n50-k8 	BT-2   50   10    100    0   1313   1327   1327    100   0.2876    0.011
B-n50-k8 	BT-2   50   10    100    1   1313   1327   1327    100   0.2914    0.011
B-n50-k8 	BT-2   50    5     50    0   1313   1327   1327     50   0.1592    0.011
B-n50-k8 	BT-2   50    5     50    1   1313   1327   1327     50   0.1670    0.011
B-n50-k8 	BT-3   50   16    200    0   1313   1465   1331    469   2.1345    0.014
B-n50-k8 	BT-3   50   16    200    1   1313   1438   1332    323   1.3151    0.014
B-n50-k8 	BT-3   50   10    100    0   1313   1331   1331    100   0.6674    0.014
B-n50-k8 	BT-3   50   10    100    1   1313   1331   1331    100   0.6738    0.014
B-n50-k8 	BT-3   50    5     50    0   1313   1331   1331     50   0.3465    0.014
B-n50-k8 	BT-3   50    5     50    1   1313   1331   1331     50   0.3589    0.014
B-n50-k8 	BT-3   50   16    200    0   1313   1465   1330    512   1.7872    0.013
B-n50-k8 	BT-3   50   16    200    1   1313   1438   1334    226   1.1840    0.016
B-n50-k8 	BT-3   50   10    100    0   1313   1330   1330    100   0.6453    0.013
B-n50-k8 	BT-3   50   10    100    1   1313   1330   1318    131   0.7072    0.004
B-n50-k8 	BT-3   50    5     50    0   1313   1318   1318     50   0.3598    0.004
B-n50-k8 	BT-3   50    5     50    1   1313   1318   1318     50   0.3588    0.004
B-n50-k8 	BT-3   50   16    200    0   1313   1465   1335    441   1.6973    0.017
B-n50-k8 	BT-3   50   16    200    1   1313   1438   1331    224   1.1644    0.014
B-n50-k8 	BT-3   50   10    100    0   1313   1318   1318    100   0.6381    0.004
B-n50-k8 	BT-3   50   10    100    1   1313   1318   1318    100   0.6431    0.004
B-n50-k8 	BT-3   50    5     50    0   1313   1318   1318     50   0.3551    0.004
B-n50-k8 	BT-3   50    5     50    1   1313   1318   1318     50   0.3546    0.004
B-n50-k8 	BT-3   50   16    200    0   1313   1465   1339    566   1.9301    0.020
B-n50-k8 	BT-3   50   16    200    1   1313   1438   1331    594   2.1151    0.014
B-n50-k8 	BT-3   50   10    100    0   1313   1318   1318    100   0.7031    0.004
B-n50-k8 	BT-3   50   10    100    1   1313   1318   1318    100   0.7222    0.004
B-n50-k8 	BT-3   50    5     50    0   1313   1318   1318     50   0.3793    0.004
B-n50-k8 	BT-3   50    5     50    1   1313   1318   1318     50   0.3924    0.004
B-n50-k8 	BT-3   50   16    200    0   1313   1465   1341    257   1.2222    0.021
B-n50-k8 	BT-3   50   16    200    1   1313   1438   1331    375   1.4729    0.014
B-n50-k8 	BT-3   50   10    100    0   1313   1318   1318    100   0.6368    0.004
B-n50-k8 	BT-3   50   10    100    1   1313   1318   1318    100   0.6339    0.004
B-n50-k8 	BT-3   50    5     50    0   1313   1318   1318     50   0.3685    0.004
B-n50-k8 	BT-3   50    5     50    1   1313   1318   1318     50   0.3539    0.004
B-n50-k8 	BT-3   50   16    200    0   1313   1465   1355    273   1.2144    0.032
B-n50-k8 	BT-3   50   16    200    1   1313   1438   1331    249   1.1690    0.014
B-n50-k8 	BT-3   50   10    100    0   1313   1318   1318    100   0.6425    0.004
B-n50-k8 	BT-3   50   10    100    1   1313   1318   1318    100   0.6391    0.004
B-n50-k8 	BT-3   50    5     50    0   1313   1318   1318     50   0.3534    0.004
B-n50-k8 	BT-3   50    5     50    1   1313   1318   1318     50   0.3542    0.004
B-n50-k8 	BT-3   50   16    200    0   1313   1465   1338    285   1.3443    0.019
B-n50-k8 	BT-3   50   16    200    1   1313   1438   1332    287   1.3418    0.014
B-n50-k8 	BT-3   50   10    100    0   1313   1318   1318    100   0.6318    0.004
B-n50-k8 	BT-3   50   10    100    1   1313   1318   1318    100   0.6462    0.004
B-n50-k8 	BT-3   50    5     50    0   1313   1318   1318     50   0.3565    0.004
B-n50-k8 	BT-3   50    5     50    1   1313   1318   1318     50   0.3550    0.004
B-n50-k8 	BT-3   50   16    200    0   1313   1465   1343    300   1.2779    0.023
B-n50-k8 	BT-3   50   16    200    1   1313   1438   1331    594   2.0832    0.014
B-n50-k8 	BT-3   50   10    100    0   1313   1318   1318    100   0.6364    0.004
B-n50-k8 	BT-3   50   10    100    1   1313   1318   1318    100   0.6327    0.004
B-n50-k8 	BT-3   50    5     50    0   1313   1318   1318     50   0.3752    0.004
B-n50-k8 	BT-3   50    5     50    1   1313   1318   1318     50   0.3750    0.004
B-n50-k8 	BT-3   50   16    200    0   1313   1465   1332    276   1.2002    0.014
B-n50-k8 	BT-3   50   16    200    1   1313   1438   1330    288   1.2802    0.013
B-n50-k8 	BT-3   50   10    100    0   1313   1318   1318    100   0.6378    0.004
B-n50-k8 	BT-3   50   10    100    1   1313   1318   1318    100   0.6339    0.004
B-n50-k8 	BT-3   50    5     50    0   1313   1318   1318     50   0.3794    0.004
B-n50-k8 	BT-3   50    5     50    1   1313   1318   1318     50   0.3559    0.004
B-n50-k8 	BT-3   50   16    200    0   1313   1465   1353    407   1.5357    0.030
B-n50-k8 	BT-3   50   16    200    1   1313   1438   1331    594   2.0479    0.014
B-n50-k8 	BT-3   50   10    100    0   1313   1318   1318    100   0.6456    0.004
B-n50-k8 	BT-3   50   10    100    1   1313   1318   1318    100   0.6319    0.004
B-n50-k8 	BT-3   50    5     50    0   1313   1318   1318     50   0.3553    0.004
B-n50-k8 	BT-3   50    5     50    1   1313   1318   1318     50   0.3547    0.004
B-n50-k8 	BT-3   50   16    200    0   1313   1465   1346    352   1.4662    0.025
B-n50-k8 	BT-3   50   16    200    1   1313   1438   1331    400   1.6261    0.014
B-n50-k8 	BT-3   50   10    100    0   1313   1318   1318    100   0.6387    0.004
B-n50-k8 	BT-3   50   10    100    1   1313   1318   1318    100   0.6465    0.004
B-n50-k8 	BT-3   50    5     50    0   1313   1318   1318     50   0.3579    0.004
B-n50-k8 	BT-3   50    5     50    1   1313   1318   1318     50   0.3534    0.004
B-n50-k8 	BT-3   50   16    200    0   1313   1465   1342    313   1.3161    0.022
B-n50-k8 	BT-3   50   16    200    1   1313   1438   1331    594   2.0494    0.014
B-n50-k8 	BT-3   50   10    100    0   1313   1318   1318    100   0.6326    0.004
B-n50-k8 	BT-3   50   10    100    1   1313   1318   1318    100   0.6381    0.004
B-n50-k8 	BT-3   50    5     50    0   1313   1318   1318     50   0.3730    0.004
B-n50-k8 	BT-3   50    5     50    1   1313   1318   1318     50   0.3734    0.004
B-n50-k8 	BT-3   50   16    200    0   1313   1465   1356    293   1.2652    0.033
B-n50-k8 	BT-3   50   16    200    1   1313   1438   1339    288   1.2969    0.020
B-n50-k8 	BT-3   50   10    100    0   1313   1318   1318    100   0.6374    0.004
B-n50-k8 	BT-3   50   10    100    1   1313   1318   1318    100   0.6334    0.004
B-n50-k8 	BT-3   50    5     50    0   1313   1318   1318     50   0.3570    0.004
B-n50-k8 	BT-3   50    5     50    1   1313   1318   1318     50   0.3559    0.004
B-n50-k8 	BT-3   50   16    200    0   1313   1465   1336    334   1.3714    0.018
B-n50-k8 	BT-3   50   16    200    1   1313   1438   1331    594   2.0426    0.014
B-n50-k8 	BT-3   50   10    100    0   1313   1318   1318    100   0.6488    0.004
B-n50-k8 	BT-3   50   10    100    1   1313   1318   1318    100   0.6327    0.004
B-n50-k8 	BT-3   50    5     50    0   1313   1318   1318     50   0.3560    0.004
B-n50-k8 	BT-3   50    5     50    1   1313   1318   1318     50   0.3557    0.004
B-n50-k8 	BT-3   50   16    200    0   1313   1465   1349    224   1.1394    0.027
B-n50-k8 	BT-3   50   16    200    1   1313   1438   1331    594   2.1877    0.014
B-n50-k8 	BT-3   50   10    100    0   1313   1318   1318    100   0.6361    0.004
B-n50-k8 	BT-3   50   10    100    1   1313   1318   1318    100   0.6425    0.004
B-n50-k8 	BT-3   50    5     50    0   1313   1318   1318     50   0.3623    0.004
B-n50-k8 	BT-3   50    5     50    1   1313   1318   1318     50   0.3531    0.004
B-n50-k8 	BT-3   50   16    200    0   1313   1465   1328    312   1.3042    0.011
B-n50-k8 	BT-3   50   16    200    1   1313   1438   1331    594   2.0579    0.014
B-n50-k8 	BT-3   50   10    100    0   1313   1318   1318    100   0.6358    0.004
B-n50-k8 	BT-3   50   10    100    1   1313   1318   1318    100   0.6377    0.004
B-n50-k8 	BT-3   50    5     50    0   1313   1318   1318     50   0.3789    0.004
B-n50-k8 	BT-3   50    5     50    1   1313   1318   1318     50   0.3734    0.004
B-n50-k8 	BT-3   50   16    200    0   1313   1465   1329    278   1.1972    0.012
B-n50-k8 	BT-3   50   16    200    1   1313   1438   1343    228   1.1072    0.023
B-n50-k8 	BT-3   50   10    100    0   1313   1318   1318    100   0.6440    0.004
B-n50-k8 	BT-3   50   10    100    1   1313   1318   1318    100   0.6346    0.004
B-n50-k8 	BT-3   50    5     50    0   1313   1318   1318     50   0.3624    0.004
B-n50-k8 	BT-3   50    5     50    1   1313   1318   1318     50   0.3563    0.004
B-n50-k8 	BT-3   50   16    200    0   1313   1465   1327    407   1.5505    0.011
B-n50-k8 	BT-3   50   16    200    1   1313   1438   1331    594   2.0399    0.014
B-n50-k8 	BT-3   50   10    100    0   1313   1318   1318    100   0.6705    0.004
B-n50-k8 	BT-3   50   10    100    1   1313   1318   1318    100   0.6715    0.004
B-n50-k8 	BT-3   50    5     50    0   1313   1318   1318     50   0.3547    0.004
B-n50-k8 	BT-3   50    5     50    1   1313   1318   1318     50   0.3615    0.004
B-n50-k8 	BT-3   50   16    200    0   1313   1465   1329    575   2.0808    0.012
B-n50-k8 	BT-3   50   16    200    1   1313   1438   1331    224   1.1342    0.014
B-n50-k8 	BT-3   50   10    100    0   1313   1318   1318    100   0.6418    0.004
B-n50-k8 	BT-3   50   10    100    1   1313   1318   1318    100   0.6344    0.004
B-n50-k8 	BT-3   50    5     50    0   1313   1318   1318     50   0.3557    0.004
B-n50-k8 	BT-3   50    5     50    1   1313   1318   1318     50   0.3567    0.004
B-n50-k8 	BT-3   50   16    200    0   1313   1465   1335    317   1.3756    0.017
B-n50-k8 	BT-3   50   16    200    1   1313   1438   1328    233   1.1581    0.011
B-n50-k8 	BT-3   50   10    100    0   1313   1318   1318    100   0.6365    0.004
B-n50-k8 	BT-3   50   10    100    1   1313   1318   1318    100   0.6428    0.004
B-n50-k8 	BT-3   50    5     50    0   1313   1318   1318     50   0.3572    0.004
B-n50-k8 	BT-3   50    5     50    1   1313   1318   1318     50   0.3558    0.004
B-n50-k8 	BT-3   50   16    200    0   1313   1465   1340    351   1.4403    0.021
B-n50-k8 	BT-3   50   16    200    1   1313   1438   1331    594   2.0506    0.014
B-n50-k8 	BT-3   50   10    100    0   1313   1318   1318    100   0.6336    0.004
B-n50-k8 	BT-3   50   10    100    1   1313   1318   1318    100   0.6328    0.004
B-n50-k8 	BT-3   50    5     50    0   1313   1318   1318     50   0.3719    0.004
B-n50-k8 	BT-3   50    5     50    1   1313   1318   1318     50   0.3732    0.004
B-n50-k8 	BT-3   50   16    200    0   1313   1465   1332    318   1.3331    0.014
B-n50-k8 	BT-3   50   16    200    1   1313   1438   1331    251   1.1872    0.014
B-n50-k8 	BT-3   50   10    100    0   1313   1318   1318    100   0.6409    0.004
B-n50-k8 	BT-3   50   10    100    1   1313   1318   1318    100   0.6349    0.004
B-n50-k8 	BT-3   50    5     50    0   1313   1318   1318     50   0.3645    0.004
B-n50-k8 	BT-3   50    5     50    1   1313   1318   1318     50   0.3547    0.004
B-n50-k8 	BT-3   50   16    200    0   1313   1465   1338    310   1.3026    0.019
B-n50-k8 	BT-3   50   16    200    1   1313   1438   1331    594   2.0638    0.014
B-n50-k8 	BT-3   50   10    100    0   1313   1318   1318    100   0.6358    0.004
B-n50-k8 	BT-3   50   10    100    1   1313   1318   1318    100   0.6358    0.004
B-n50-k8 	BT-3   50    5     50    0   1313   1318   1318     50   0.3542    0.004
B-n50-k8 	BT-3   50    5     50    1   1313   1318   1318     50   0.3557    0.004
B-n50-k8 	BT-3   50   16    200    0   1313   1465   1340    259   1.2332    0.021
B-n50-k8 	BT-3   50   16    200    1   1313   1438   1331    594   2.1801    0.014
B-n50-k8 	BT-3   50   10    100    0   1313   1318   1318    100   0.6334    0.004
B-n50-k8 	BT-3   50   10    100    1   1313   1318   1318    100   0.6408    0.004
B-n50-k8 	BT-3   50    5     50    0   1313   1318   1318     50   0.3547    0.004
B-n50-k8 	BT-3   50    5     50    1   1313   1318   1318     50   0.3569    0.004
B-n50-k8 	BT-3   50   16    200    0   1313   1465   1351    258   1.1879    0.029
B-n50-k8 	BT-3   50   16    200    1   1313   1438   1332    413   1.6061    0.014
B-n50-k8 	BT-3   50   10    100    0   1313   1318   1318    100   0.6804    0.004
B-n50-k8 	BT-3   50   10    100    1   1313   1318   1318    100   0.6409    0.004
B-n50-k8 	BT-3   50    5     50    0   1313   1318   1318     50   0.3787    0.004
B-n50-k8 	BT-3   50    5     50    1   1313   1318   1318     50   0.3729    0.004
B-n50-k8 	BT-3   50   16    200    0   1313   1465   1346    405   1.5180    0.025
B-n50-k8 	BT-3   50   16    200    1   1313   1438   1331    594   2.0725    0.014
B-n50-k8 	BT-3   50   10    100    0   1313   1318   1318    100   0.6303    0.004
B-n50-k8 	BT-3   50   10    100    1   1313   1318   1318    100   0.6364    0.004
B-n50-k8 	BT-3   50    5     50    0   1313   1318   1318     50   0.3587    0.004
B-n50-k8 	BT-3   50    5     50    1   1313   1318   1318     50   0.3580    0.004
B-n50-k8 	BT-3   50   16    200    0   1313   1465   1330    361   1.4031    0.013
B-n50-k8 	BT-3   50   16    200    1   1313   1438   1328    431   1.6318    0.011
B-n50-k8 	BT-3   50   10    100    0   1313   1318   1318    100   0.6442    0.004
B-n50-k8 	BT-3   50   10    100    1   1313   1318   1318    100   0.6571    0.004
B-n50-k8 	BT-3   50    5     50    0   1313   1318   1318     50   0.3551    0.004
B-n50-k8 	BT-3   50    5     50    1   1313   1318   1318     50   0.3538    0.004
B-n50-k8 	BT-3   50   16    200    0   1313   1465   1349    273   1.2505    0.027
B-n50-k8 	BT-3   50   16    200    1   1313   1438   1330    262   1.2644    0.013
B-n50-k8 	BT-3   50   10    100    0   1313   1318   1318    100   0.6403    0.004
B-n50-k8 	BT-3   50   10    100    1   1313   1318   1318    100   0.6416    0.004
B-n50-k8 	BT-3   50    5     50    0   1313   1318   1318     50   0.3542    0.004
B-n50-k8 	BT-3   50    5     50    1   1313   1318   1318     50   0.3608    0.004
B-n50-k8 	BT-3   50   16    200    0   1313   1465   1333    374   1.4507    0.015
B-n50-k8 	BT-3   50   16    200    1   1313   1438   1331    594   2.0580    0.014
B-n50-k8 	BT-3   50   10    100    0   1313   1318   1318    100   0.6373    0.004
B-n50-k8 	BT-3   50   10    100    1   1313   1318   1318    100   0.6369    0.004
B-n50-k8 	BT-3   50    5     50    0   1313   1318   1318     50   0.3786    0.004
B-n50-k8 	BT-3   50    5     50    1   1313   1318   1318     50   0.3838    0.004
B-n50-k8 	BT-3   50   16    200    0   1313   1465   1355    440   1.6124    0.032
B-n50-k8 	BT-3   50   16    200    1   1313   1438   1332    414   1.6424    0.014
B-n50-k8 	BT-3   50   10    100    0   1313   1318   1318    100   0.6385    0.004
B-n50-k8 	BT-3   50   10    100    1   1313   1318   1318    100   0.6352    0.004
B-n50-k8 	BT-3   50    5     50    0   1313   1318   1318     50   0.3610    0.004
B-n50-k8 	BT-3   50    5     50    1   1313   1318   1318     50   0.3568    0.004
B-n50-k8 	BT-3   50   16    200    0   1313   1465   1330    485   1.6932    0.013
B-n50-k8 	BT-3   50   16    200    1   1313   1438   1331    594   2.0793    0.014
B-n50-k8 	BT-3   50   10    100    0   1313   1318   1318    100   0.6675    0.004
B-n50-k8 	BT-3   50   10    100    1   1313   1318   1318    100   0.6700    0.004
B-n50-k8 	BT-3   50    5     50    0   1313   1318   1318     50   0.3547    0.004
B-n50-k8 	BT-3   50    5     50    1   1313   1318   1318     50   0.3607    0.004
B-n50-k8 	BT-3   50   16    200    0   1313   1465   1336    269   1.1923    0.018
B-n50-k8 	BT-3   50   16    200    1   1313   1438   1332    412   1.6088    0.014
B-n50-k8 	BT-3   50   10    100    0   1313   1318   1318    100   0.6659    0.004
B-n50-k8 	BT-3   50   10    100    1   1313   1318   1318    100   0.6678    0.004
B-n50-k8 	BT-3   50    5     50    0   1313   1318   1318     50   0.3554    0.004
B-n50-k8 	BT-3   50    5     50    1   1313   1318   1318     50   0.3581    0.004
B-n50-k8 	BT-3   50   16    200    0   1313   1465   1354    263   1.1986    0.031
B-n50-k8 	BT-3   50   16    200    1   1313   1438   1332    414   1.6602    0.014
B-n50-k8 	BT-3   50   10    100    0   1313   1318   1318    100   0.6678    0.004
B-n50-k8 	BT-3   50   10    100    1   1313   1318   1318    100   0.6669    0.004
B-n50-k8 	BT-3   50    5     50    0   1313   1318   1318     50   0.3536    0.004
B-n50-k8 	BT-3   50    5     50    1   1313   1318   1318     50   0.3601    0.004
B-n50-k8 	BT-3   50   16    200    0   1313   1465   1337    305   1.2670    0.018
B-n50-k8 	BT-3   50   16    200    1   1313   1438   1331    594   2.0450    0.014
B-n50-k8 	BT-3   50   10    100    0   1313   1318   1318    100   0.6722    0.004
B-n50-k8 	BT-3   50   10    100    1   1313   1318   1318    100   0.6670    0.004
B-n50-k8 	BT-3   50    5     50    0   1313   1318   1318     50   0.3558    0.004
B-n50-k8 	BT-3   50    5     50    1   1313   1318   1318     50   0.3596    0.004
B-n50-k8 	BT-3   50   16    200    0   1313   1465   1343    469   1.6722    0.023
B-n50-k8 	BT-3   50   16    200    1   1313   1438   1331    594   2.0666    0.014
B-n50-k8 	BT-3   50   10    100    0   1313   1318   1318    100   0.6641    0.004
B-n50-k8 	BT-3   50   10    100    1   1313   1318   1318    100   0.6706    0.004
B-n50-k8 	BT-3   50    5     50    0   1313   1318   1318     50   0.3547    0.004
B-n50-k8 	BT-3   50    5     50    1   1313   1318   1318     50   0.3599    0.004
B-n50-k8 	BT-3   50   16    200    0   1313   1465   1334    355   1.4140    0.016
B-n50-k8 	BT-3   50   16    200    1   1313   1438   1331    594   2.0489    0.014
B-n50-k8 	BT-3   50   10    100    0   1313   1318   1318    100   0.6644    0.004
B-n50-k8 	BT-3   50   10    100    1   1313   1318   1318    100   0.6664    0.004
B-n50-k8 	BT-3   50    5     50    0   1313   1318   1318     50   0.3542    0.004
B-n50-k8 	BT-3   50    5     50    1   1313   1318   1318     50   0.3639    0.004
B-n50-k8 	BT-3   50   16    200    0   1313   1465   1344    346   1.3903    0.024
B-n50-k8 	BT-3   50   16    200    1   1313   1438   1331    594   2.0721    0.014
B-n50-k8 	BT-3   50   10    100    0   1313   1318   1318    100   0.6666    0.004
B-n50-k8 	BT-3   50   10    100    1   1313   1318   1318    100   0.6690    0.004
B-n50-k8 	BT-3   50    5     50    0   1313   1318   1318     50   0.3547    0.004
B-n50-k8 	BT-3   50    5     50    1   1313   1318   1318     50   0.3593    0.004
B-n50-k8 	BT-3   50   16    200    0   1313   1465   1330    291   1.2232    0.013
B-n50-k8 	BT-3   50   16    200    1   1313   1438   1331    594   2.0622    0.014
B-n50-k8 	BT-3   50   10    100    0   1313   1318   1318    100   0.6412    0.004
B-n50-k8 	BT-3   50   10    100    1   1313   1318   1318    100   0.6337    0.004
B-n50-k8 	BT-3   50    5     50    0   1313   1318   1318     50   0.3641    0.004
B-n50-k8 	BT-3   50    5     50    1   1313   1318   1318     50   0.3544    0.004
B-n50-k8 	BT-3   50   16    200    0   1313   1465   1334    434   1.6614    0.016
B-n50-k8 	BT-3   50   16    200    1   1313   1438   1331    415   1.6941    0.014
B-n50-k8 	BT-3   50   10    100    0   1313   1318   1318    100   0.6356    0.004
B-n50-k8 	BT-3   50   10    100    1   1313   1318   1318    100   0.6406    0.004
B-n50-k8 	BT-3   50    5     50    0   1313   1318   1318     50   0.3546    0.004
B-n50-k8 	BT-3   50    5     50    1   1313   1318   1318     50   0.3560    0.004
B-n50-k8 	BT-3   50   16    200    0   1313   1465   1332    350   1.3876    0.014
B-n50-k8 	BT-3   50   16    200    1   1313   1438   1334    239   1.1326    0.016
B-n50-k8 	BT-3   50   10    100    0   1313   1318   1318    100   0.6425    0.004
B-n50-k8 	BT-3   50   10    100    1   1313   1318   1318    100   0.6334    0.004
B-n50-k8 	BT-3   50    5     50    0   1313   1318   1318     50   0.3756    0.004
B-n50-k8 	BT-3   50    5     50    1   1313   1318   1318     50   0.3721    0.004
B-n50-k8 	BT-3   50   16    200    0   1313   1465   1344    258   1.1720    0.024
B-n50-k8 	BT-3   50   16    200    1   1313   1438   1334    238   1.1480    0.016
B-n50-k8 	BT-3   50   10    100    0   1313   1318   1318    100   0.6326    0.004
B-n50-k8 	BT-3   50   10    100    1   1313   1318   1318    100   0.6348    0.004
B-n50-k8 	BT-3   50    5     50    0   1313   1318   1318     50   0.3588    0.004
B-n50-k8 	BT-3   50    5     50    1   1313   1318   1318     50   0.3560    0.004
B-n50-k8 	BT-3   50   16    200    0   1313   1465   1340    349   1.3696    0.021
B-n50-k8 	BT-3   50   16    200    1   1313   1438   1331    777   2.5098    0.014
B-n50-k8 	BT-3   50   10    100    0   1313   1318   1318    100   0.6433    0.004
B-n50-k8 	BT-3   50   10    100    1   1313   1318   1318    100   0.6368    0.004
B-n50-k8 	BT-3   50    5     50    0   1313   1318   1318     50   0.3710    0.004
B-n50-k8 	BT-3   50    5     50    1   1313   1318   1318     50   0.3545    0.004
B-n50-k8 	BT-3   50   16    200    0   1313   1465   1385    221   1.1328    0.055
B-n50-k8 	BT-3   50   16    200    1   1313   1438   1332    412   1.6973    0.014
B-n50-k8 	BT-3   50   10    100    0   1313   1318   1318    100   0.6361    0.004
B-n50-k8 	BT-3   50   10    100    1   1313   1318   1318    100   0.6399    0.004
B-n50-k8 	BT-3   50    5     50    0   1313   1318   1318     50   0.3561    0.004
B-n50-k8 	BT-3   50    5     50    1   1313   1318   1318     50   0.3597    0.004
B-n50-k8 	BT-3   50   16    200    0   1313   1465   1332    387   1.4713    0.014
B-n50-k8 	BT-3   50   16    200    1   1313   1438   1331    594   2.0387    0.014
B-n50-k8 	BT-3   50   10    100    0   1313   1318   1318    100   0.6443    0.004
B-n50-k8 	BT-3   50   10    100    1   1313   1318   1318    100   0.6367    0.004
B-n50-k8 	BT-3   50    5     50    0   1313   1318   1318     50   0.3768    0.004
B-n50-k8 	BT-3   50    5     50    1   1313   1318   1318     50   0.3733    0.004
B-n50-k8 	BT-3   50   16    200    0   1313   1465   1339    509   2.0435    0.020
B-n50-k8 	BT-3   50   16    200    1   1313   1438   1331    594   2.1960    0.014
B-n50-k8 	BT-3   50   10    100    0   1313   1318   1318    100   0.6355    0.004
B-n50-k8 	BT-3   50   10    100    1   1313   1318   1318    100   0.6332    0.004
B-n50-k8 	BT-3   50    5     50    0   1313   1318   1318     50   0.3607    0.004
B-n50-k8 	BT-3   50    5     50    1   1313   1318   1318     50   0.3557    0.004
B-n50-k8 	BT-3   50   16    200    0   1313   1465   1332    444   1.6024    0.014
B-n50-k8 	BT-3   50   16    200    1   1313   1438   1328    345   1.4091    0.011
B-n50-k8 	BT-3   50   10    100    0   1313   1318   1318    100   0.6464    0.004
B-n50-k8 	BT-3   50   10    100    1   1313   1318   1318    100   0.6708    0.004
B-n50-k8 	BT-3   50    5     50    0   1313   1318   1318     50   0.3539    0.004
B-n50-k8 	BT-3   50    5     50    1   1313   1318   1318     50   0.3550    0.004
B-n50-k8 	BT-3   50   16    200    0   1313   1465   1356    273   1.2735    0.033
B-n50-k8 	BT-3   50   16    200    1   1313   1438   1324    327   1.4179    0.008
B-n50-k8 	BT-3   50   10    100    0   1313   1318   1318    100   0.6330    0.004
B-n50-k8 	BT-3   50   10    100    1   1313   1318   1318    100   0.6431    0.004
B-n50-k8 	BT-3   50    5     50    0   1313   1318   1318     50   0.3561    0.004
B-n50-k8 	BT-3   50    5     50    1   1313   1318   1318     50   0.3550    0.004
B-n50-k8 	BT-3   50   16    200    0   1313   1465   1326    264   1.2004    0.010
B-n50-k8 	BT-3   50   16    200    1   1313   1438   1329    252   1.1544    0.012
B-n50-k8 	BT-3   50   10    100    0   1313   1318   1318    100   0.6452    0.004
B-n50-k8 	BT-3   50   10    100    1   1313   1318   1318    100   0.6321    0.004
B-n50-k8 	BT-3   50    5     50    0   1313   1318   1318     50   0.3734    0.004
B-n50-k8 	BT-3   50    5     50    1   1313   1318   1318     50   0.3753    0.004
B-n50-k8 	BT-3   50   16    200    0   1313   1465   1324    480   1.7132    0.008
B-n50-k8 	BT-3   50   16    200    1   1313   1438   1325    420   1.5877    0.009
B-n50-k8 	BT-3   50   10    100    0   1313   1318   1318    100   0.6399    0.004
B-n50-k8 	BT-3   50   10    100    1   1313   1318   1318    100   0.6349    0.004
B-n50-k8 	BT-3   50    5     50    0   1313   1318   1318     50   0.3605    0.004
B-n50-k8 	BT-3   50    5     50    1   1313   1318   1318     50   0.3555    0.004
B-n50-k8 	BT-3   50   16    200    0   1313   1465   1332    340   1.3545    0.014
B-n50-k8 	BT-3   50   16    200    1   1313   1438   1331    594   2.0295    0.014
B-n50-k8 	BT-3   50   10    100    0   1313   1318   1318    100   0.6402    0.004
B-n50-k8 	BT-3   50   10    100    1   1313   1318   1318    100   0.6603    0.004
B-n50-k8 	BT-3   50    5     50    0   1313   1318   1318     50   0.3589    0.004
B-n50-k8 	BT-3   50    5     50    1   1313   1318   1318     50   0.3557    0.004
B-n50-k8 	BT-3   50   16    200    0   1313   1465   1334    290   1.2981    0.016
B-n50-k8 	BT-3   50   16    200    1   1313   1438   1331    594   2.1558    0.014
B-n50-k8 	BT-3   50   10    100    0   1313   1318   1318    100   0.6327    0.004
B-n50-k8 	BT-3   50   10    100    1   1313   1318   1318    100   0.6439    0.004
B-n50-k8 	BT-3   50    5     50    0   1313   1318   1318     50   0.3592    0.004
B-n50-k8 	BT-3   50    5     50    1   1313   1318   1318     50   0.3580    0.004
B-n50-k8 	BT-3   50   16    200    0   1313   1465   1326    475   1.6818    0.010
B-n50-k8 	BT-3   50   16    200    1   1313   1438   1330    553   1.9018    0.013
B-n50-k8 	BT-3   50   10    100    0   1313   1318   1318    100   0.6360    0.004
B-n50-k8 	BT-3   50   10    100    1   1313   1318   1318    100   0.6349    0.004
B-n50-k8 	BT-3   50    5     50    0   1313   1318   1318     50   0.3777    0.004
B-n50-k8 	BT-3   50    5     50    1   1313   1318   1318     50   0.3717    0.004
B-n50-k8 	BT-3   50   16    200    0   1313   1465   1340    413   1.5373    0.021
B-n50-k8 	BT-3   50   16    200    1   1313   1438   1330    423   1.6265    0.013
B-n50-k8 	BT-3   50   10    100    0   1313   1318   1318    100   0.6391    0.004
B-n50-k8 	BT-3   50   10    100    1   1313   1318   1318    100   0.6393    0.004
B-n50-k8 	BT-3   50    5     50    0   1313   1318   1318     50   0.3625    0.004
B-n50-k8 	BT-3   50    5     50    1   1313   1318   1318     50   0.3542    0.004
B-n50-k8 	BT-3   50   16    200    0   1313   1465   1331    566   1.9120    0.014
B-n50-k8 	BT-3   50   16    200    1   1313   1438   1331    594   2.0403    0.014
B-n50-k8 	BT-3   50   10    100    0   1313   1318   1318    100   0.6623    0.004
B-n50-k8 	BT-3   50   10    100    1   1313   1318   1318    100   0.6671    0.004
B-n50-k8 	BT-3   50    5     50    0   1313   1318   1318     50   0.3559    0.004
B-n50-k8 	BT-3   50    5     50    1   1313   1318   1318     50   0.3618    0.004
B-n50-k8 	BT-3   50   16    200    0   1313   1465   1321    687   2.1884    0.006
B-n50-k8 	BT-3   50   16    200    1   1313   1438   1326    290   1.2713    0.010
B-n50-k8 	BT-3   50   10    100    0   1313   1318   1318    100   0.6451    0.004
B-n50-k8 	BT-3   50   10    100    1   1313   1318   1318    100   0.6338    0.004
B-n50-k8 	BT-3   50    5     50    0   1313   1318   1318     50   0.3556    0.004
B-n50-k8 	BT-3   50    5     50    1   1313   1318   1318     50   0.3563    0.004
B-n50-k8 	BT-3   50   16    200    0   1313   1465   1347    400   1.6002    0.026
B-n50-k8 	BT-3   50   16    200    1   1313   1438   1333    416   1.6914    0.015
B-n50-k8 	BT-3   50   10    100    0   1313   1318   1318    100   0.6299    0.004
B-n50-k8 	BT-3   50   10    100    1   1313   1318   1318    100   0.6392    0.004
B-n50-k8 	BT-3   50    5     50    0   1313   1318   1318     50   0.3555    0.004
B-n50-k8 	BT-3   50    5     50    1   1313   1318   1318     50   0.3555    0.004
B-n50-k8 	BT-3   50   16    200    0   1313   1465   1341    302   1.2808    0.021
B-n50-k8 	BT-3   50   16    200    1   1313   1438   1331    238   1.1424    0.014
B-n50-k8 	BT-3   50   10    100    0   1313   1318   1318    100   0.6366    0.004
B-n50-k8 	BT-3   50   10    100    1   1313   1318   1318    100   0.6362    0.004
B-n50-k8 	BT-3   50    5     50    0   1313   1318   1318     50   0.3752    0.004
B-n50-k8 	BT-3   50    5     50    1   1313   1318   1318     50   0.3743    0.004
B-n50-k8 	BT-3   50   16    200    0   1313   1465   1341    273   1.1854    0.021
B-n50-k8 	BT-3   50   16    200    1   1313   1438   1331    594   2.0817    0.014
B-n50-k8 	BT-3   50   10    100    0   1313   1318   1318    100   0.6523    0.004
B-n50-k8 	BT-3   50   10    100    1   1313   1318   1318    100   0.6333    0.004
B-n50-k8 	BT-3   50    5     50    0   1313   1318   1318     50   0.3605    0.004
B-n50-k8 	BT-3   50    5     50    1   1313   1318   1318     50   0.3543    0.004
B-n50-k8 	BT-3   50   16    200    0   1313   1465   1332    503   1.7680    0.014
B-n50-k8 	BT-3   50   16    200    1   1313   1438   1331    594   2.0467    0.014
B-n50-k8 	BT-3   50   10    100    0   1313   1318   1318    100   0.6426    0.004
B-n50-k8 	BT-3   50   10    100    1   1313   1318   1318    100   0.6341    0.004
B-n50-k8 	BT-3   50    5     50    0   1313   1318   1318     50   0.3583    0.004
B-n50-k8 	BT-3   50    5     50    1   1313   1318   1318     50   0.3570    0.004
B-n50-k8 	BT-3   50   16    200    0   1313   1465   1330    430   1.6476    0.013
B-n50-k8 	BT-3   50   16    200    1   1313   1438   1332    234   1.2301    0.014
B-n50-k8 	BT-3   50   10    100    0   1313   1318   1318    100   0.6364    0.004
B-n50-k8 	BT-3   50   10    100    1   1313   1318   1318    100   0.6434    0.004
B-n50-k8 	BT-3   50    5     50    0   1313   1318   1318     50   0.3558    0.004
B-n50-k8 	BT-3   50    5     50    1   1313   1318   1318     50   0.3566    0.004
B-n50-k8 	BT-3   50   16    200    0   1313   1465   1337    644   2.1097    0.018
B-n50-k8 	BT-3   50   16    200    1   1313   1438   1331    594   2.0454    0.014
B-n50-k8 	BT-3   50   10    100    0   1313   1318   1318    100   0.6380    0.004
B-n50-k8 	BT-3   50   10    100    1   1313   1318   1318    100   0.6384    0.004
B-n50-k8 	BT-3   50    5     50    0   1313   1318   1318     50   0.3732    0.004
B-n50-k8 	BT-3   50    5     50    1   1313   1318   1318     50   0.3792    0.004
B-n50-k8 	BT-3   50   16    200    0   1313   1465   1336    299   1.2778    0.018
B-n50-k8 	BT-3   50   16    200    1   1313   1438   1329    362   1.4605    0.012
B-n50-k8 	BT-3   50   10    100    0   1313   1318   1318    100   0.6310    0.004
B-n50-k8 	BT-3   50   10    100    1   1313   1318   1318    100   0.6360    0.004
B-n50-k8 	BT-3   50    5     50    0   1313   1318   1318     50   0.3586    0.004
B-n50-k8 	BT-3   50    5     50    1   1313   1318   1318     50   0.3564    0.004
B-n50-k8 	BT-3   50   16    200    0   1313   1465   1377    286   1.2181    0.049
B-n50-k8 	BT-3   50   16    200    1   1313   1438   1327    251   1.1570    0.011
B-n50-k8 	BT-3   50   10    100    0   1313   1318   1318    100   0.6419    0.004
B-n50-k8 	BT-3   50   10    100    1   1313   1318   1318    100   0.6349    0.004
B-n50-k8 	BT-3   50    5     50    0   1313   1318   1318     50   0.3558    0.004
B-n50-k8 	BT-3   50    5     50    1   1313   1318   1318     50   0.3556    0.004
B-n50-k8 	BT-3   50   16    200    0   1313   1465   1342    517   1.8436    0.022
B-n50-k8 	BT-3   50   16    200    1   1313   1438   1332    234   1.2248    0.014
B-n50-k8 	BT-3   50   10    100    0   1313   1318   1318    100   0.6297    0.004
B-n50-k8 	BT-3   50   10    100    1   1313   1318   1318    100   0.6402    0.004
B-n50-k8 	BT-3   50    5     50    0   1313   1318   1318     50   0.3603    0.004
B-n50-k8 	BT-3   50    5     50    1   1313   1318   1318     50   0.3566    0.004
B-n50-k8 	BT-3   50   16    200    0   1313   1465   1341    281   1.2314    0.021
B-n50-k8 	BT-3   50   16    200    1   1313   1438   1329    602   2.0884    0.012
B-n50-k8 	BT-3   50   10    100    0   1313   1318   1318    100   0.6331    0.004
B-n50-k8 	BT-3   50   10    100    1   1313   1318   1318    100   0.6335    0.004
B-n50-k8 	BT-3   50    5     50    0   1313   1318   1318     50   0.3727    0.004
B-n50-k8 	BT-3   50    5     50    1   1313   1318   1318     50   0.3750    0.004
B-n50-k8 	BT-3   50   16    200    0   1313   1465   1338    236   1.1124    0.019
B-n50-k8 	BT-3   50   16    200    1   1313   1438   1331    224   1.1229    0.014
B-n50-k8 	BT-3   50   10    100    0   1313   1318   1318    100   0.6407    0.004
B-n50-k8 	BT-3   50   10    100    1   1313   1318   1318    100   0.6585    0.004
B-n50-k8 	BT-3   50    5     50    0   1313   1318   1318     50   0.3644    0.004
B-n50-k8 	BT-3   50    5     50    1   1313   1318   1318     50   0.3550    0.004
B-n50-k8 	BT-3   50   16    200    0   1313   1465   1341    280   1.2125    0.021
B-n50-k8 	BT-3   50   16    200    1   1313   1438   1329    601   2.0821    0.012
B-n50-k8 	BT-3   50   10    100    0   1313   1318   1318    100   0.6469    0.004
B-n50-k8 	BT-3   50   10    100    1   1313   1318   1318    100   0.6310    0.004
B-n50-k8 	BT-3   50    5     50    0   1313   1318   1318     50   0.3556    0.004
B-n50-k8 	BT-3   50    5     50    1   1313   1318   1318     50   0.3658    0.004
B-n50-k8 	BT-3   50   16    200    0   1313   1465   1350    343   1.4519    0.028
B-n50-k8 	BT-3   50   16    200    1   1313   1438   1329    602   2.1923    0.012
B-n50-k8 	BT-3   50   10    100    0   1313   1318   1318    100   0.6698    0.004
B-n50-k8 	BT-3   50   10    100    1   1313   1318   1318    100   0.6515    0.004
B-n50-k8 	BT-3   50    5     50    0   1313   1318   1318     50   0.3530    0.004
B-n50-k8 	BT-3   50    5     50    1   1313   1318   1318     50   0.3541    0.004
B-n50-k8 	BT-3   50   16    200    0   1313   1465   1347    213   1.1148    0.026
B-n50-k8 	BT-3   50   16    200    1   1313   1438   1329    425   1.7546    0.012
B-n50-k8 	BT-3   50   10    100    0   1313   1318   1318    100   0.6778    0.004
B-n50-k8 	BT-3   50   10    100    1   1313   1318   1318    100   0.6511    0.004
B-n50-k8 	BT-3   50    5     50    0   1313   1318   1318     50   0.3742    0.004
B-n50-k8 	BT-3   50    5     50    1   1313   1318   1318     50   0.3728    0.004
B-n50-k8 	BT-3   50   16    200    0   1313   1465   1358    271   1.2036    0.034
B-n50-k8 	BT-3   50   16    200    1   1313   1438   1331    594   2.0801    0.014
B-n50-k8 	BT-3   50   10    100    0   1313   1318   1318    100   0.6558    0.004
B-n50-k8 	BT-3   50   10    100    1   1313   1318   1318    100   0.6350    0.004
B-n50-k8 	BT-3   50    5     50    0   1313   1318   1318     50   0.3630    0.004
B-n50-k8 	BT-3   50    5     50    1   1313   1318   1318     50   0.3556    0.004
B-n50-k8 	BT-3   50   16    200    0   1313   1465   1329    312   1.2945    0.012
B-n50-k8 	BT-3   50   16    200    1   1313   1438   1333    321   1.3376    0.015
B-n50-k8 	BT-3   50   10    100    0   1313   1318   1318    100   0.6705    0.004
B-n50-k8 	BT-3   50   10    100    1   1313   1318   1318    100   0.6713    0.004
B-n50-k8 	BT-3   50    5     50    0   1313   1318   1318     50   0.3581    0.004
B-n50-k8 	BT-3   50    5     50    1   1313   1318   1318     50   0.3578    0.004
B-n50-k8 	BT-3   50   16    200    0   1313   1465   1342    394   1.4707    0.022
B-n50-k8 	BT-3   50   16    200    1   1313   1438   1332    411   1.6117    0.014
B-n50-k8 	BT-3   50   10    100    0   1313   1318   1318    100   0.6680    0.004
B-n50-k8 	BT-3   50   10    100    1   1313   1318   1318    100   0.6887    0.004
B-n50-k8 	BT-3   50    5     50    0   1313   1318   1318     50   0.3580    0.004
B-n50-k8 	BT-3   50    5     50    1   1313   1318   1318     50   0.3585    0.004
B-n50-k8 	BT-3   50   16    200    0   1313   1465   1338    277   1.1985    0.019
B-n50-k8 	BT-3   50   16    200    1   1313   1438   1331    594   2.0504    0.014
B-n50-k8 	BT-3   50   10    100    0   1313   1318   1318    100   0.6669    0.004
B-n50-k8 	BT-3   50   10    100    1   1313   1318   1318    100   0.6711    0.004
B-n50-k8 	BT-3   50    5     50    0   1313   1318   1318     50   0.3568    0.004
B-n50-k8 	BT-3   50    5     50    1   1313   1318   1318     50   0.3587    0.004
B-n50-k8 	BT-3   50   16    200    0   1313   1465   1339    362   1.4032    0.020
B-n50-k8 	BT-3   50   16    200    1   1313   1438   1329    250   1.1620    0.012
B-n50-k8 	BT-3   50   10    100    0   1313   1318   1318    100   0.6660    0.004
B-n50-k8 	BT-3   50   10    100    1   1313   1318   1318    100   0.6684    0.004
B-n50-k8 	BT-3   50    5     50    0   1313   1318   1318     50   0.3541    0.004
B-n50-k8 	BT-3   50    5     50    1   1313   1318   1318     50   0.3804    0.004
B-n50-k8 	BT-3   50   16    200    0   1313   1465   1325    416   1.5562    0.009
B-n50-k8 	BT-3   50   16    200    1   1313   1438   1333    301   1.2826    0.015
B-n50-k8 	BT-3   50   10    100    0   1313   1318   1318    100   0.6455    0.004
B-n50-k8 	BT-3   50   10    100    1   1313   1318   1318    100   0.6351    0.004
B-n50-k8 	BT-3   50    5     50    0   1313   1318   1318     50   0.3531    0.004
B-n50-k8 	BT-3   50    5     50    1   1313   1318   1318     50   0.3533    0.004
B-n50-k8 	BT-3   50   16    200    0   1313   1465   1331    491   1.8379    0.014
B-n50-k8 	BT-3   50   16    200    1   1313   1438   1331    594   2.1971    0.014
B-n50-k8 	BT-3   50   10    100    0   1313   1318   1318    100   0.6383    0.004
B-n50-k8 	BT-3   50   10    100    1   1313   1318   1318    100   0.6406    0.004
B-n50-k8 	BT-3   50    5     50    0   1313   1318   1318     50   0.3544    0.004
B-n50-k8 	BT-3   50    5     50    1   1313   1318   1318     50   0.3538    0.004
B-n50-k8 	BT-3   50   16    200    0   1313   1465   1332    578   1.9504    0.014
B-n50-k8 	BT-3   50   16    200    1   1313   1438   1331    594   2.0542    0.014
B-n50-k8 	BT-3   50   10    100    0   1313   1318   1318    100   0.6370    0.004
B-n50-k8 	BT-3   50   10    100    1   1313   1318   1318    100   0.6348    0.004
B-n50-k8 	BT-3   50    5     50    0   1313   1318   1318     50   0.3793    0.004
B-n50-k8 	BT-3   50    5     50    1   1313   1318   1318     50   0.3720    0.004
B-n50-k8 	BT-3   50   16    200    0   1313   1465   1338    387   1.4617    0.019
B-n50-k8 	BT-3   50   16    200    1   1313   1438   1332    305   1.3652    0.014
B-n50-k8 	BT-3   50   10    100    0   1313   1318   1318    100   0.6333    0.004
B-n50-k8 	BT-3   50   10    100    1   1313   1318   1318    100   0.6337    0.004
B-n50-k8 	BT-3   50    5     50    0   1313   1318   1318     50   0.3605    0.004
B-n50-k8 	BT-3   50    5     50    1   1313   1318   1318     50   0.3575    0.004
B-n50-k8 	BT-3   50   16    200    0   1313   1465   1354    365   1.3856    0.031
B-n50-k8 	BT-3   50   16    200    1   1313   1438   1331    594   2.0462    0.014
B-n50-k8 	BT-3   50   10    100    0   1313   1318   1318    100   0.6482    0.004
B-n50-k8 	BT-3   50   10    100    1   1313   1318   1318    100   0.6348    0.004
B-n50-k8 	BT-3   50    5     50    0   1313   1318   1318     50   0.3544    0.004
B-n50-k8 	BT-3   50    5     50    1   1313   1318   1318     50   0.3581    0.004
B-n50-k8 	BT-3   50   16    200    0   1313   1465   1385    243   1.2028    0.055
B-n50-k8 	BT-3   50   16    200    1   1313   1438   1326    682   2.4210    0.010
B-n50-k8 	BT-3   50   10    100    0   1313   1318   1318    100   0.6477    0.004
B-n50-k8 	BT-3   50   10    100    1   1313   1318   1318    100   0.6416    0.004
B-n50-k8 	BT-3   50    5     50    0   1313   1318   1318     50   0.3621    0.004
B-n50-k8 	BT-3   50    5     50    1   1313   1318   1318     50   0.3542    0.004
B-n50-k8 	BT-3   50   16    200    0   1313   1465   1335    486   1.7159    0.017
B-n50-k8 	BT-3   50   16    200    1   1313   1438   1342    225   1.0812    0.022
B-n50-k8 	BT-3   50   10    100    0   1313   1318   1318    100   0.6381    0.004
B-n50-k8 	BT-3   50   10    100    1   1313   1318   1318    100   0.6299    0.004
B-n50-k8 	BT-3   50    5     50    0   1313   1318   1318     50   0.3818    0.004
B-n50-k8 	BT-3   50    5     50    1   1313   1318   1318     50   0.3749    0.004
B-n50-k8 	BT-3   50   16    200    0   1313   1465   1337    303   1.2728    0.018
B-n50-k8 	BT-3   50   16    200    1   1313   1438   1331    777   2.5535    0.014
B-n50-k8 	BT-3   50   10    100    0   1313   1318   1318    100   0.6405    0.004
B-n50-k8 	BT-3   50   10    100    1   1313   1318   1318    100   0.6357    0.004
B-n50-k8 	BT-3   50    5     50    0   1313   1318   1318     50   0.3577    0.004
B-n50-k8 	BT-3   50    5     50    1   1313   1318   1318     50   0.3536    0.004
B-n50-k8 	BT-3   50   16    200    0   1313   1465   1323    331   1.3152    0.008
B-n50-k8 	BT-3   50   16    200    1   1313   1438   1331    594   2.0514    0.014
B-n50-k8 	BT-3   50   10    100    0   1313   1318   1318    100   0.6679    0.004
B-n50-k8 	BT-3   50   10    100    1   1313   1318   1318    100   0.6845    0.004
B-n50-k8 	BT-3   50    5     50    0   1313   1318   1318     50   0.3582    0.004
B-n50-k8 	BT-3   50    5     50    1   1313   1318   1318     50   0.3589    0.004
B-n50-k8 	BT-3   50   16    200    0   1313   1465   1331    292   1.2462    0.014
B-n50-k8 	BT-3   50   16    200    1   1313   1438   1331    594   2.0222    0.014
B-n50-k8 	BT-3   50   10    100    0   1313   1318   1318    100   0.6437    0.004
B-n50-k8 	BT-3   50   10    100    1   1313   1318   1318    100   0.6537    0.004
B-n50-k8 	BT-3   50    5     50    0   1313   1318   1318     50   0.3581    0.004
B-n50-k8 	BT-3   50    5     50    1   1313   1318   1318     50   0.3576    0.004
B-n50-k8 	BT-3   50   16    200    0   1313   1465   1325    308   1.3566    0.009
B-n50-k8 	BT-3   50   16    200    1   1313   1438   1361    218   1.1313    0.037
B-n50-k8 	BT-3   50   10    100    0   1313   1318   1318    100   0.6334    0.004
B-n50-k8 	BT-3   50   10    100    1   1313   1318   1318    100   0.6465    0.004
B-n50-k8 	BT-3   50    5     50    0   1313   1318   1318     50   0.3560    0.004
B-n50-k8 	BT-3   50    5     50    1   1313   1318   1318     50   0.3568    0.004
B-n50-k8 	BT-3   50   16    200    0   1313   1465   1340    406   1.5464    0.021
B-n50-k8 	BT-3   50   16    200    1   1313   1438   1328    254   1.1603    0.011
B-n50-k8 	BT-3   50   10    100    0   1313   1318   1318    100   0.6356    0.004
B-n50-k8 	BT-3   50   10    100    1   1313   1318   1318    100   0.6480    0.004
B-n50-k8 	BT-3   50    5     50    0   1313   1318   1318     50   0.3717    0.004
B-n50-k8 	BT-3   50    5     50    1   1313   1318   1318     50   0.3733    0.004
B-n50-k8 	BT-3   50   16    200    0   1313   1465   1327    441   1.6511    0.011
B-n50-k8 	BT-3   50   16    200    1   1313   1438   1331    594   2.0823    0.014
B-n50-k8 	BT-3   50   10    100    0   1313   1318   1318    100   0.6409    0.004
B-n50-k8 	BT-3   50   10    100    1   1313   1318   1318    100   0.6349    0.004
B-n50-k8 	BT-3   50    5     50    0   1313   1318   1318     50   0.3573    0.004
B-n50-k8 	BT-3   50    5     50    1   1313   1318   1318     50   0.3565    0.004
B-n50-k8 	BT-3   50   16    200    0   1313   1465   1333    391   1.4707    0.015
B-n50-k8 	BT-3   50   16    200    1   1313   1438   1331    594   2.0545    0.014
B-n50-k8 	BT-3   50   10    100    0   1313   1318   1318    100   0.6432    0.004
B-n50-k8 	BT-3   50   10    100    1   1313   1318   1318    100   0.6339    0.004
B-n50-k8 	BT-3   50    5     50    0   1313   1318   1318     50   0.3719    0.004
B-n50-k8 	BT-3   50    5     50    1   1313   1318   1318     50   0.3547    0.004
B-n50-k8 	BT-3   50   16    200    0   1313   1465   1331    435   1.6532    0.014
B-n50-k8 	BT-3   50   16    200    1   1313   1438   1333    414   1.6631    0.015
B-n50-k8 	BT-3   50   10    100    0   1313   1318   1318    100   0.6335    0.004
B-n50-k8 	BT-3   50   10    100    1   1313   1318   1318    100   0.6407    0.004
B-n50-k8 	BT-3   50    5     50    0   1313   1318   1318     50   0.3570    0.004
B-n50-k8 	BT-3   50    5     50    1   1313   1318   1318     50   0.3551    0.004
B-n50-k8 	BT-3   50   16    200    0   1313   1465   1350    254   1.1707    0.028
B-n50-k8 	BT-3   50   16    200    1   1313   1438   1331    594   2.0852    0.014
B-n50-k8 	BT-3   50   10    100    0   1313   1318   1318    100   0.6380    0.004
B-n50-k8 	BT-3   50   10    100    1   1313   1318   1318    100   0.6335    0.004
B-n50-k8 	BT-3   50    5     50    0   1313   1318   1318     50   0.3751    0.004
B-n50-k8 	BT-3   50    5     50    1   1313   1318   1318     50   0.3715    0.004
B-n50-k8 	BT-3   50   16    200    0   1313   1465   1347    287   1.2607    0.026
B-n50-k8 	BT-3   50   16    200    1   1313   1438   1331    594   2.0680    0.014
B-n50-k8 	BT-3   50   10    100    0   1313   1318   1318    100   0.6394    0.004
B-n50-k8 	BT-3   50   10    100    1   1313   1318   1318    100   0.6320    0.004
B-n50-k8 	BT-3   50    5     50    0   1313   1318   1318     50   0.3646    0.004
B-n50-k8 	BT-3   50    5     50    1   1313   1318   1318     50   0.3557    0.004
B-n50-k8 	BT-3   50   16    200    0   1313   1465   1326    576   1.9334    0.010
B-n50-k8 	BT-3   50   16    200    1   1313   1438   1331    594   2.0332    0.014
B-n50-k8 	BT-3   50   10    100    0   1313   1318   1318    100   0.6739    0.004
B-n50-k8 	BT-3   50   10    100    1   1313   1318   1318    100   0.6756    0.004
B-n50-k8 	BT-3   50    5     50    0   1313   1318   1318     50   0.3554    0.004
B-n50-k8 	BT-3   50    5     50    1   1313   1318   1318     50   0.3585    0.004
B-n50-k8 	BT-3   50   16    200    0   1313   1465   1349    242   1.0928    0.027
B-n50-k8 	BT-3   50   16    200    1   1313   1438   1329    218   1.0787    0.012
B-n50-k8 	BT-3   50   10    100    0   1313   1318   1318    100   0.6679    0.004
B-n50-k8 	BT-3   50   10    100    1   1313   1318   1318    100   0.6667    0.004
B-n50-k8 	BT-3   50    5     50    0   1313   1318   1318     50   0.3557    0.004
B-n50-k8 	BT-3   50    5     50    1   1313   1318   1318     50   0.3584    0.004
B-n50-k8 	BT-3   50   16    200    0   1313   1465   1336    269   1.1775    0.018
B-n50-k8 	BT-3   50   16    200    1   1313   1438   1331    594   2.0666    0.014
B-n50-k8 	BT-3   50   10    100    0   1313   1318   1318    100   0.6814    0.004
B-n50-k8 	BT-3   50   10    100    1   1313   1318   1318    100   0.6740    0.004
B-n50-k8 	BT-3   50    5     50    0   1313   1318   1318     50   0.3548    0.004
B-n50-k8 	BT-3   50    5     50    1   1313   1318   1318     50   0.3593    0.004
B-n50-k8 	BT-3   50   16    200    0   1313   1465   1329    305   1.2709    0.012
B-n50-k8 	BT-3   50   16    200    1   1313   1438   1328    271   1.2376    0.011
B-n50-k8 	BT-3   50   10    100    0   1313   1318   1318    100   0.6660    0.004
B-n50-k8 	BT-3   50   10    100    1   1313   1318   1318    100   0.6728    0.004
B-n50-k8 	BT-3   50    5     50    0   1313   1318   1318     50   0.3535    0.004
B-n50-k8 	BT-3   50    5     50    1   1313   1318   1318     50   0.3599    0.004
B-n50-k8 	BT-3   50   16    200    0   1313   1465   1342    281   1.2038    0.022
B-n50-k8 	BT-3   50   16    200    1   1313   1438   1332    241   1.1391    0.014
B-n50-k8 	BT-3   50   10    100    0   1313   1318   1318    100   0.6708    0.004
B-n50-k8 	BT-3   50   10    100    1   1313   1318   1318    100   0.6923    0.004
B-n50-k8 	BT-3   50    5     50    0   1313   1318   1318     50   0.3548    0.004
B-n50-k8 	BT-3   50    5     50    1   1313   1318   1318     50   0.3594    0.004
B-n50-k8 	BT-3   50   16    200    0   1313   1465   1335    455   1.6193    0.017
B-n50-k8 	BT-3   50   16    200    1   1313   1438   1329    568   1.9523    0.012
B-n50-k8 	BT-3   50   10    100    0   1313   1318   1318    100   0.6690    0.004
B-n50-k8 	BT-3   50   10    100    1   1313   1318   1318    100   0.6705    0.004
B-n50-k8 	BT-3   50    5     50    0   1313   1318   1318     50   0.3553    0.004
B-n50-k8 	BT-3   50    5     50    1   1313   1318   1318     50   0.3659    0.004
B-n50-k8 	BT-3   50   16    200    0   1313   1465   1347    214   1.0509    0.026
B-n50-k8 	BT-3   50   16    200    1   1313   1438   1333    411   1.5755    0.015
B-n50-k8 	BT-3   50   10    100    0   1313   1318   1318    100   0.6717    0.004
B-n50-k8 	BT-3   50   10    100    1   1313   1318   1318    100   0.6708    0.004
B-n50-k8 	BT-3   50    5     50    0   1313   1318   1318     50   0.3558    0.004
B-n50-k8 	BT-3   50    5     50    1   1313   1318   1318     50   0.3575    0.004
B-n50-k8 	BT-3   50   16    200    0   1313   1465   1326    492   1.7165    0.010
B-n50-k8 	BT-3   50   16    200    1   1313   1438   1337    225   1.1000    0.018
B-n50-k8 	BT-3   50   10    100    0   1313   1318   1318    100   0.6402    0.004
B-n50-k8 	BT-3   50   10    100    1   1313   1318   1318    100   0.6337    0.004
B-n50-k8 	BT-3   50    5     50    0   1313   1318   1318     50   0.3539    0.004
B-n50-k8 	BT-3   50    5     50    1   1313   1318   1318     50   0.3584    0.004
B-n50-k8 	BT-3   50   16    200    0   1313   1465   1347    235   1.1810    0.026
B-n50-k8 	BT-3   50   16    200    1   1313   1438   1331    510   1.8498    0.014
B-n50-k8 	BT-3   50   10    100    0   1313   1318   1318    100   0.6332    0.004
B-n50-k8 	BT-3   50   10    100    1   1313   1318   1318    100   0.6416    0.004
B-n50-k8 	BT-3   50    5     50    0   1313   1318   1318     50   0.3534    0.004
B-n50-k8 	BT-3   50    5     50    1   1313   1318   1318     50   0.3619    0.004
