B-n45-k6 	BT-1   45   15    180    0    678    881    694    357   0.6622    0.024
B-n45-k6 	BT-1   45   15    180    1    678    845    732    192   0.3373    0.080
B-n45-k6 	BT-1   45    9     90    0    678    734    694     94   0.1755    0.024
B-n45-k6 	BT-1   45    9     90    1    678    694    692     95   0.1764    0.021
B-n45-k6 	BT-1   45    4     45    0    678    697    692     46   0.0999    0.021
B-n45-k6 	BT-1   45    4     45    1    678    692    692     45   0.0984    0.021
B-n45-k6 	BT-2   45   15    180    0    678    881    726    190   0.3298    0.071
B-n45-k6 	BT-2   45   15    180    1    678    845    726    191   0.3345    0.071
B-n45-k6 	BT-2   45    9     90    0    678    777    726     94   0.1775    0.071
B-n45-k6 	BT-2   45    9     90    1    678    726    726     90   0.1686    0.071
B-n45-k6 	BT-2   45    4     45    0    678    777    726     49   0.1058    0.071
B-n45-k6 	BT-2   45    4     45    1    678    726    726     45   0.0984    0.071
B-n45-k6 	BT-3   45   15    180    0    678    881    722    268   0.7726    0.065
B-n45-k6 	BT-3   45   15    180    1    678    845    740    217   0.7005    0.091
B-n45-k6 	BT-3   45    9     90    0    678    724    722     94   0.3711    0.065
B-n45-k6 	BT-3   45    9     90    1    678    722    722     90   0.3749    0.065
B-n45-k6 	BT-3   45    4     45    0    678    724    722     47   0.1998    0.065
B-n45-k6 	BT-3   45    4     45    1    678    722    722     45   0.2054    0.065
B-n45-k6 	BT-3   45   15    180    0    678    881    719    459   1.2343    0.060
B-n45-k6 	BT-3   45   15    180    1    678    845    740    218   0.7029    0.091
B-n45-k6 	BT-3   45    9     90    0    678    725    719     91   0.3734    0.060
B-n45-k6 	BT-3   45    9     90    1    678    719    719     90   0.3681    0.060
B-n45-k6 	BT-3   45    4     45    0    678    725    719     46   0.1967    0.060
B-n45-k6 	BT-3   45    4     45    1    678    719    719     45   0.1976    0.060
B-n45-k6 	BT-3   45   15    180    0    678    881    701    249   0.7393    0.034
B-n45-k6 	BT-3   45   15    180    1    678    845    724    275   0.7987    0.068
B-n45-k6 	BT-3   45    9     90    0    678    706    700    100   0.3771    0.032
B-n45-k6 	BT-3   45    9     90    1    678    701    701     90   0.3760    0.034
B-n45-k6 	BT-3   45    4     45    0    678    716    701     54   0.2130    0.034
B-n45-k6 	BT-3   45    4     45    1    678    700    700     45   0.1986    0.032
B-n45-k6 	BT-3   45   15    180    0    678    881    728    194   0.6614    0.074
B-n45-k6 	BT-3   45   15    180    1    678    845    738    315   0.8619    0.088
B-n45-k6 	BT-3   45    9     90    0    678    716    698     97   0.3788    0.029
B-n45-k6 	BT-3   45    9     90    1    678    700    700     90   0.3648    0.032
B-n45-k6 	BT-3   45    4     45    0    678    698    698     45   0.1961    0.029
B-n45-k6 	BT-3   45    4     45    1    678    698    698     45   0.1946    0.029
B-n45-k6 	BT-3   45   15    180    0    678    881    728    194   0.6463    0.074
B-n45-k6 	BT-3   45   15    180    1    678    845    735    568   1.2735    0.084
B-n45-k6 	BT-3   45    9     90    0    678    698    698     90   0.3723    0.029
B-n45-k6 	BT-3   45    9     90    1    678    698    698     90   0.3753    0.029
B-n45-k6 	BT-3   45    4     45    0    678    698    698     45   0.1921    0.029
B-n45-k6 	BT-3   45    4     45    1    678    698    698     45   0.1964    0.029
B-n45-k6 	BT-3   45   15    180    0    678    881    728    194   0.6446    0.074
B-n45-k6 	BT-3   45   15    180    1    678    845    740    221   0.7046    0.091
B-n45-k6 	BT-3   45    9     90    0    678    698    698     90   0.3597    0.029
B-n45-k6 	BT-3   45    9     90    1    678    698    698     90   0.3659    0.029
B-n45-k6 	BT-3   45    4     45    0    678    698    698     45   0.1921    0.029
B-n45-k6 	BT-3   45    4     45    1    678    698    698     45   0.1965    0.029
B-n45-k6 	BT-3   45   15    180    0    678    881    723    279   0.8095    0.066
B-n45-k6 	BT-3   45   15    180    1    678    845    741    218   0.7233    0.093
B-n45-k6 	BT-3   45    9     90    0    678    698    698     90   0.3599    0.029
B-n45-k6 	BT-3   45    9     90    1    678    698    698     90   0.3669    0.029
B-n45-k6 	BT-3   45    4     45    0    678    698    698     45   0.1938    0.029
B-n45-k6 	BT-3   45    4     45    1    678    698    698     45   0.1949    0.029
B-n45-k6 	BT-3   45   15    180    0    678    881    728    194   0.6543    0.074
B-n45-k6 	BT-3   45   15    180    1    678    845    740    218   0.6983    0.091
B-n45-k6 	BT-3   45    9     90    0    678    698    698     90   0.3624    0.029
B-n45-k6 	BT-3   45    9     90    1    678    698    698     90   0.3672    0.029
B-n45-k6 	BT-3   45    4     45    0    678    698    698     45   0.1980    0.029
B-n45-k6 	BT-3   45    4     45    1    678    698    698     45   0.2004    0.029
B-n45-k6 	BT-3   45   15    180    0    678    881    728    194   0.6453    0.074
B-n45-k6 	BT-3   45   15    180    1    678    845    736    332   0.8880    0.086
B-n45-k6 	BT-3   45    9     90    0    678    698    698     90   0.3750    0.029
B-n45-k6 	BT-3   45    9     90    1    678    698    698     90   0.3682    0.029
B-n45-k6 	BT-3   45    4     45    0    678    698    698     45   0.1921    0.029
B-n45-k6 	BT-3   45    4     45    1    678    698    698     45   0.1956    0.029
B-n45-k6 	BT-3   45   15    180    0    678    881    727    194   0.6734    0.072
B-n45-k6 	BT-3   45   15    180    1    678    845    735    269   0.7876    0.084
B-n45-k6 	BT-3   45    9     90    0    678    698    698     90   0.3717    0.029
B-n45-k6 	BT-3   45    9     90    1    678    698    698     90   0.3748    0.029
B-n45-k6 	BT-3   45    4     45    0    678    698    698     45   0.1929    0.029
B-n45-k6 	BT-3   45    4     45    1    678    698    698     45   0.1955    0.029
B-n45-k6 	BT-3   45   15    180    0    678    881    728    194   0.6617    0.074
B-n45-k6 	BT-3   45   15    180    1    678    845    702    258   0.7463    0.035
B-n45-k6 	BT-3   45    9     90    0    678    698    698     90   0.3739    0.029
B-n45-k6 	BT-3   45    9     90    1    678    698    698     90   0.3756    0.029
B-n45-k6 	BT-3   45    4     45    0    678    698    698     45   0.1928    0.029
B-n45-k6 	BT-3   45    4     45    1    678    698    698     45   0.1956    0.029
B-n45-k6 	BT-3   45   15    180    0    678    881    728    194   0.6477    0.074
B-n45-k6 	BT-3   45   15    180    1    678    845    734    277   0.7921    0.083
B-n45-k6 	BT-3   45    9     90    0    678    698    698     90   0.3625    0.029
B-n45-k6 	BT-3   45    9     90    1    678    698    698     90   0.3654    0.029
B-n45-k6 	BT-3   45    4     45    0    678    698    698     45   0.1922    0.029
B-n45-k6 	BT-3   45    4     45    1    678    698    698     45   0.1950    0.029
B-n45-k6 	BT-3   45   15    180    0    678    881    728    194   0.6801    0.074
B-n45-k6 	BT-3   45   15    180    1    678    845    737    256   0.7754    0.087
B-n45-k6 	BT-3   45    9     90    0    678    698    698     90   0.3629    0.029
B-n45-k6 	BT-3   45    9     90    1    678    698    698     90   0.4012    0.029
B-n45-k6 	BT-3   45    4     45    0    678    698    698     45   0.1920    0.029
B-n45-k6 	BT-3   45    4     45    1    678    698    698     45   0.1954    0.029
B-n45-k6 	BT-3   45   15    180    0    678    881    728    194   0.6402    0.074
B-n45-k6 	BT-3   45   15    180    1    678    845    740    212   0.6877    0.091
B-n45-k6 	BT-3   45    9     90    0    678    698    698     90   0.3597    0.029
B-n45-k6 	BT-3   45    9     90    1    678    698    698     90   0.3692    0.029
B-n45-k6 	BT-3   45    4     45    0    678    698    698     45   0.1965    0.029
B-n45-k6 	BT-3   45    4     45    1    678    698    698     45   0.2001    0.029
B-n45-k6 	BT-3   45   15    180    0    678    881    728    194   0.6401    0.074
B-n45-k6 	BT-3   45   15    180    1    678    845    753    294   0.8084    0.111
B-n45-k6 	BT-3   45    9     90    0    678    698    698     90   0.3655    0.029
B-n45-k6 	BT-3   45    9     90    1    678    698    698     90   0.3695    0.029
B-n45-k6 	BT-3   45    4     45    0    678    698    698     45   0.1931    0.029
B-n45-k6 	BT-3   45    4     45    1    678    698    698     45   0.1950    0.029
B-n45-k6 	BT-3   45   15    180    0    678    881    727    193   0.6473    0.072
B-n45-k6 	BT-3   45   15    180    1    678    845    740    241   0.7396    0.091
B-n45-k6 	BT-3   45    9     90    0    678    698    698     90   0.3708    0.029
B-n45-k6 	BT-3   45    9     90    1    678    698    698     90   0.3751    0.029
B-n45-k6 	BT-3   45    4     45    0    678    698    698     45   0.1939    0.029
B-n45-k6 	BT-3   45    4     45    1    678    698    698     45   0.1953    0.029
B-n45-k6 	BT-3   45   15    180    0    678    881    707    358   0.9097    0.043
B-n45-k6 	BT-3   45   15    180    1    678    845    753    222   0.7073    0.111
B-n45-k6 	BT-3   45    9     90    0    678    698    698     90   0.3630    0.029
B-n45-k6 	BT-3   45    9     90    1    678    698    698     90   0.3654    0.029
B-n45-k6 	BT-3   45    4     45    0    678    698    698     45   0.1929    0.029
B-n45-k6 	BT-3   45    4     45    1    678    698    698     45   0.1950    0.029
B-n45-k6 	BT-3   45   15    180    0    678    881    728    194   0.6606    0.074
B-n45-k6 	BT-3   45   15    180    1    678    845    692    392   1.0135    0.021
B-n45-k6 	BT-3   45    9     90    0    678    732    691    105   0.3931    0.019
B-n45-k6 	BT-3   45    9     90    1    678    692    689     98   0.3807    0.016
B-n45-k6 	BT-3   45    4     45    0    678    691    689     46   0.2005    0.016
B-n45-k6 	BT-3   45    4     45    1    678    689    689     45   0.1960    0.016
B-n45-k6 	BT-3   45   15    180    0    678    881    701    219   0.6852    0.034
B-n45-k6 	BT-3   45   15    180    1    678    845    738    225   0.7106    0.088
B-n45-k6 	BT-3   45    9     90    0    678    691    689     91   0.3770    0.016
B-n45-k6 	BT-3   45    9     90    1    678    689    689     90   0.3676    0.016
B-n45-k6 	BT-3   45    4     45    0    678    691    689     46   0.2059    0.016
B-n45-k6 	BT-3   45    4     45    1    678    689    689     45   0.2010    0.016
B-n45-k6 	BT-3   45   15    180    0    678    881    703    224   0.6944    0.037
B-n45-k6 	BT-3   45   15    180    1    678    845    739    246   0.7484    0.090
B-n45-k6 	BT-3   45    9     90    0    678    691    689     91   0.3773    0.016
B-n45-k6 	BT-3   45    9     90    1    678    689    689     90   0.3682    0.016
B-n45-k6 	BT-3   45    4     45    0    678    691    689     46   0.2010    0.016
B-n45-k6 	BT-3   45    4     45    1    678    689    689     45   0.1961    0.016
B-n45-k6 	BT-3   45   15    180    0    678    881    727    220   0.6851    0.072
B-n45-k6 	BT-3   45   15    180    1    678    845    739    283   0.7926    0.090
B-n45-k6 	BT-3   45    9     90    0    678    691    689     91   0.3872    0.016
B-n45-k6 	BT-3   45    9     90    1    678    689    689     90   0.3767    0.016
B-n45-k6 	BT-3   45    4     45    0    678    691    689     46   0.2270    0.016
B-n45-k6 	BT-3   45    4     45    1    678    689    689     45   0.1958    0.016
B-n45-k6 	BT-3   45   15    180    0    678    881    701    219   0.6837    0.034
B-n45-k6 	BT-3   45   15    180    1    678    845    701    434   1.0601    0.034
B-n45-k6 	BT-3   45    9     90    0    678    691    689     91   0.3783    0.016
B-n45-k6 	BT-3   45    9     90    1    678    689    689     90   0.3727    0.016
B-n45-k6 	BT-3   45    4     45    0    678    691    689     48   0.1994    0.016
B-n45-k6 	BT-3   45    4     45    1    678    689    689     45   0.1979    0.016
B-n45-k6 	BT-3   45   15    180    0    678    881    728    194   0.6848    0.074
B-n45-k6 	BT-3   45   15    180    1    678    845    740    218   0.7228    0.091
B-n45-k6 	BT-3   45    9     90    0    678    691    689     91   0.3800    0.016
B-n45-k6 	BT-3   45    9     90    1    678    689    689     90   0.3694    0.016
B-n45-k6 	BT-3   45    4     45    0    678    691    689     46   0.2006    0.016
B-n45-k6 	BT-3   45    4     45    1    678    689    689     45   0.1979    0.016
B-n45-k6 	BT-3   45   15    180    0    678    881    703    353   0.8987    0.037
B-n45-k6 	BT-3   45   15    180    1    678    845    695    364   0.9350    0.025
B-n45-k6 	BT-3   45    9     90    0    678    691    689     91   0.3772    0.016
B-n45-k6 	BT-3   45    9     90    1    678    689    689     90   0.3684    0.016
B-n45-k6 	BT-3   45    4     45    0    678    691    689     48   0.2052    0.016
B-n45-k6 	BT-3   45    4     45    1    678    689    689     45   0.2008    0.016
B-n45-k6 	BT-3   45   15    180    0    678    881    723    250   0.7401    0.066
B-n45-k6 	BT-3   45   15    180    1    678    845    737    248   0.7414    0.087
B-n45-k6 	BT-3   45    9     90    0    678    691    689     91   0.3775    0.016
B-n45-k6 	BT-3   45    9     90    1    678    689    689     90   0.3691    0.016
B-n45-k6 	BT-3   45    4     45    0    678    691    689     46   0.2018    0.016
B-n45-k6 	BT-3   45    4     45    1    678    689    689     45   0.1960    0.016
B-n45-k6 	BT-3   45   15    180    0    678    881    719    326   0.8885    0.060
B-n45-k6 	BT-3   45   15    180    1    678    845    753    228   0.7022    0.111
B-n45-k6 	BT-3   45    9     90    0    678    691    689     91   0.3894    0.016
B-n45-k6 	BT-3   45    9     90    1    678    689    689     90   0.3775    0.016
B-n45-k6 	BT-3   45    4     45    0    678    691    689     46   0.2005    0.016
B-n45-k6 	BT-3   45    4     45    1    678    689    689     45   0.1959    0.016
B-n45-k6 	BT-3   45   15    180    0    678    881    728    194   0.6462    0.074
B-n45-k6 	BT-3   45   15    180    1    678    845    701    430   1.0575    0.034
B-n45-k6 	BT-3   45    9     90    0    678    691    689     91   0.3852    0.016
B-n45-k6 	BT-3   45    9     90    1    678    689    689     90   0.3782    0.016
B-n45-k6 	BT-3   45    4     45    0    678    691    689     46   0.2035    0.016
B-n45-k6 	BT-3   45    4     45    1    678    689    689     45   0.1959    0.016
B-n45-k6 	BT-3   45   15    180    0    678    881    728    194   0.6538    0.074
B-n45-k6 	BT-3   45   15    180    1    678    845    723    385   0.9908    0.066
B-n45-k6 	BT-3   45    9     90    0    678    691    689     91   0.3842    0.016
B-n45-k6 	BT-3   45    9     90    1    678    689    689     90   0.3797    0.016
B-n45-k6 	BT-3   45    4     45    0    678    691    689     46   0.2043    0.016
B-n45-k6 	BT-3   45    4     45    1    678    689    689     45   0.1958    0.016
B-n45-k6 	BT-3   45   15    180    0    678    881    728    194   0.6798    0.074
B-n45-k6 	BT-3   45   15    180    1    678    845    740    212   0.6917    0.091
B-n45-k6 	BT-3   45    9     90    0    678    691    689     91   0.3811    0.016
B-n45-k6 	BT-3   45    9     90    1    678    689    689     90   0.3692    0.016
B-n45-k6 	BT-3   45    4     45    0    678    691    689     46   0.2001    0.016
B-n45-k6 	BT-3   45    4     45    1    678    689    689     45   0.1966    0.016
B-n45-k6 	BT-3   45   15    180    0    678    881    696    221   0.7008    0.027
B-n45-k6 	BT-3   45   15    180    1    678    845    740    220   0.7187    0.091
B-n45-k6 	BT-3   45    9     90    0    678    691    689     91   0.3761    0.016
B-n45-k6 	BT-3   45    9     90    1    678    689    689     90   0.3669    0.016
B-n45-k6 	BT-3   45    4     45    0    678    691    689     46   0.2010    0.016
B-n45-k6 	BT-3   45    4     45    1    678    689    689     45   0.1982    0.016
B-n45-k6 	BT-3   45   15    180    0    678    881    728    194   0.6494    0.074
B-n45-k6 	BT-3   45   15    180    1    678    845    723    372   0.9585    0.066
B-n45-k6 	BT-3   45    9     90    0    678    691    689     91   0.3848    0.016
B-n45-k6 	BT-3   45    9     90    1    678    689    689     90   0.3682    0.016
B-n45-k6 	BT-3   45    4     45    0    678    691    689     46   0.2081    0.016
B-n45-k6 	BT-3   45    4     45    1    678    689    689     45   0.2046    0.016
B-n45-k6 	BT-3   45   15    180    0    678    881    720    265   0.7676    0.062
B-n45-k6 	BT-3   45   15    180    1    678    845    740    208   0.6877    0.091
B-n45-k6 	BT-3   45    9     90    0    678    691    689     91   0.3764    0.016
B-n45-k6 	BT-3   45    9     90    1    678    689    689     90   0.3702    0.016
B-n45-k6 	BT-3   45    4     45    0    678    691    689     46   0.2021    0.016
B-n45-k6 	BT-3   45    4     45    1    678    689    689     45   0.1960    0.016
B-n45-k6 	BT-3   45   15    180    0    678    881    703    305   0.8297    0.037
B-n45-k6 	BT-3   45   15    180    1    678    845    738    219   0.7049    0.088
B-n45-k6 	BT-3   45    9     90    0    678    691    689     91   0.3864    0.016
B-n45-k6 	BT-3   45    9     90    1    678    689    689     90   0.3779    0.016
B-n45-k6 	BT-3   45    4     45    0    678    691    689     46   0.2009    0.016
B-n45-k6 	BT-3   45    4     45    1    678    689    689     45   0.1962    0.016
B-n45-k6 	BT-3   45   15    180    0    678    881    728    194   0.6549    0.074
B-n45-k6 	BT-3   45   15    180    1    678    845    701    361   0.9314    0.034
B-n45-k6 	BT-3   45    9     90    0    678    691    689     91   0.3847    0.016
B-n45-k6 	BT-3   45    9     90    1    678    689    689     90   0.3781    0.016
B-n45-k6 	BT-3   45    4     45    0    678    691    689     46   0.2011    0.016
B-n45-k6 	BT-3   45    4     45    1    678    689    689     45   0.1966    0.016
B-n45-k6 	BT-3   45   15    180    0    678    881    693    306   0.8258    0.022
B-n45-k6 	BT-3   45   15    180    1    678    845    741    212   0.6949    0.093
B-n45-k6 	BT-3   45    9     90    0    678    691    689     91   0.3794    0.016
B-n45-k6 	BT-3   45    9     90    1    678    689    689     90   0.3730    0.016
B-n45-k6 	BT-3   45    4     45    0    678    691    689     46   0.2069    0.016
B-n45-k6 	BT-3   45    4     45    1    678    689    689     45   0.1955    0.016
B-n45-k6 	BT-3   45   15    180    0    678    881    728    194   0.6615    0.074
B-n45-k6 	BT-3   45   15    180    1    678    845    740    218   0.7147    0.091
B-n45-k6 	BT-3   45    9     90    0    678    691    689     91   0.3786    0.016
B-n45-k6 	BT-3   45    9     90    1    678    689    689     90   0.3770    0.016
B-n45-k6 	BT-3   45    4     45    0    678    691    689     46   0.2006    0.016
B-n45-k6 	BT-3   45    4     45    1    678    689    689     45   0.1954    0.016
B-n45-k6 	BT-3   45   15    180    0    678    881    728    194   0.6533    0.074
B-n45-k6 	BT-3   45   15    180    1    678    845    695    364   0.9429    0.025
B-n45-k6 	BT-3   45    9     90    0    678    691    689     91   0.3748    0.016
B-n45-k6 	BT-3   45    9     90    1    678    689    689     90   0.3675    0.016
B-n45-k6 	BT-3   45    4     45    0    678    691    689     46   0.2055    0.016
B-n45-k6 	BT-3   45    4     45    1    678    689    689     45   0.2009    0.016
B-n45-k6 	BT-3   45   15    180    0    678    881    732    193   0.6339    0.080
B-n45-k6 	BT-3   45   15    180    1    678    845    743    205   0.6735    0.096
B-n45-k6 	BT-3   45    9     90    0    678    691    689     91   0.3783    0.016
B-n45-k6 	BT-3   45    9     90    1    678    689    689     90   0.3681    0.016
B-n45-k6 	BT-3   45    4     45    0    678    691    689     46   0.2011    0.016
B-n45-k6 	BT-3   45    4     45    1    678    689    689     45   0.2328    0.016
B-n45-k6 	BT-3   45   15    180    0    678    881    728    194   0.6635    0.074
B-n45-k6 	BT-3   45   15    180    1    678    845    705    263   0.7563    0.040
B-n45-k6 	BT-3   45    9     90    0    678    691    689     91   0.3769    0.016
B-n45-k6 	BT-3   45    9     90    1    678    689    689     90   0.3695    0.016
B-n45-k6 	BT-3   45    4     45    0    678    691    689     46   0.2045    0.016
B-n45-k6 	BT-3   45    4     45    1    678    689    689     45   0.1960    0.016
B-n45-k6 	BT-3   45   15    180    0    678    881    728    194   0.6748    0.074
B-n45-k6 	BT-3   45   15    180    1    678    845    764    198   0.6730    0.127
B-n45-k6 	BT-3   45    9     90    0    678    691    689     91   0.3803    0.016
B-n45-k6 	BT-3   45    9     90    1    678    689    689     90   0.3818    0.016
B-n45-k6 	BT-3   45    4     45    0    678    691    689     50   0.2153    0.016
B-n45-k6 	BT-3   45    4     45    1    678    689    689     45   0.1957    0.016
B-n45-k6 	BT-3   45   15    180    0    678    881    728    194   0.6498    0.074
B-n45-k6 	BT-3   45   15    180    1    678    845    740    219   0.7002    0.091
B-n45-k6 	BT-3   45    9     90    0    678    691    689     91   0.3848    0.016
B-n45-k6 	BT-3   45    9     90    1    678    689    689     90   0.3690    0.016
B-n45-k6 	BT-3   45    4     45    0    678    691    689     48   0.2053    0.016
B-n45-k6 	BT-3   45    4     45    1    678    689    689     45   0.2005    0.016
B-n45-k6 	BT-3   45   15    180    0    678    881    728    194   0.6500    0.074
B-n45-k6 	BT-3   45   15    180    1    678    845    733    301   0.8356    0.081
B-n45-k6 	BT-3   45    9     90    0    678    691    689     91   0.3803    0.016
B-n45-k6 	BT-3   45    9     90    1    678    689    689     90   0.3670    0.016
B-n45-k6 	BT-3   45    4     45    0    678    691    689     46   0.2008    0.016
B-n45-k6 	BT-3   45    4     45    1    678    689    689     45   0.1962    0.016
B-n45-k6 	BT-3   45   15    180    0    678    881    721    403   0.9955    0.063
B-n45-k6 	BT-3   45   15    180    1    678    845    695    364   0.9381    0.025
B-n45-k6 	BT-3   45    9     90    0    678    691    689     91   0.3761    0.016
B-n45-k6 	BT-3   45    9     90    1    678    689    689     90   0.3682    0.016
B-n45-k6 	BT-3   45    4     45    0    678    691    689     46   0.2023    0.016
B-n45-k6 	BT-3   45    4     45    1    678    689    689     45   0.1956    0.016
B-n45-k6 	BT-3   45   15    180    0    678    881    710    281   0.8188    0.047
B-n45-k6 	BT-3   45   15    180    1    678    845    704    461   1.1034    0.038
B-n45-k6 	BT-3   45    9     90    0    678    691    689     91   0.3775    0.016
B-n45-k6 	BT-3   45    9     90    1    678    689    689     90   0.3701    0.016
B-n45-k6 	BT-3   45    4     45    0    678    691    689     46   0.2028    0.016
B-n45-k6 	BT-3   45    4     45    1    678    689    689     45   0.2162    0.016
B-n45-k6 	BT-3   45   15    180    0    678    881    695    322   0.8527    0.025
B-n45-k6 	BT-3   45   15    180    1    678    845    701    498   1.1290    0.034
B-n45-k6 	BT-3   45    9     90    0    678    691    689     91   0.3806    0.016
B-n45-k6 	BT-3   45    9     90    1    678    689    689     90   0.3681    0.016
B-n45-k6 	BT-3   45    4     45    0    678    691    689     46   0.2053    0.016
B-n45-k6 	BT-3   45    4     45    1    678    689    689     45   0.2047    0.016
B-n45-k6 	BT-3   45   15    180    0    678    881    728    194   0.6465    0.074
B-n45-k6 	BT-3   45   15    180    1    678    845    728    332   0.8734    0.074
B-n45-k6 	BT-3   45    9     90    0    678    691    689     91   0.3762    0.016
B-n45-k6 	BT-3   45    9     90    1    678    689    689     90   0.3728    0.016
B-n45-k6 	BT-3   45    4     45    0    678    691    689     46   0.2005    0.016
B-n45-k6 	BT-3   45    4     45    1    678    689    689     45   0.1959    0.016
B-n45-k6 	BT-3   45   15    180    0    678    881    728    194   0.6488    0.074
B-n45-k6 	BT-3   45   15    180    1    678    845    738    218   0.6975    0.088
B-n45-k6 	BT-3   45    9     90    0    678    691    689     91   0.3893    0.016
B-n45-k6 	BT-3   45    9     90    1    678    689    689     90   0.3797    0.016
B-n45-k6 	BT-3   45    4     45    0    678    691    689     48   0.1998    0.016
B-n45-k6 	BT-3   45    4     45    1    678    689    689     45   0.1968    0.016
B-n45-k6 	BT-3   45   15    180    0    678    881    727    191   0.6477    0.072
B-n45-k6 	BT-3   45   15    180    1    678    845    694    351   0.9373    0.024
B-n45-k6 	BT-3   45    9     90    0    678    691    689     91   0.3839    0.016
B-n45-k6 	BT-3   45    9     90    1    678    689    689     90   0.3809    0.016
B-n45-k6 	BT-3   45    4     45    0    678    691    689     46   0.2010    0.016
B-n45-k6 	BT-3   45    4     45    1    678    689    689     45   0.1973    0.016
B-n45-k6 	BT-3   45   15    180    0    678    881    728    194   0.6496    0.074
B-n45-k6 	BT-3   45   15    180    1    678    845    740    216   0.6980    0.091
B-n45-k6 	BT-3   45    9     90    0    678    691    689     91   0.3742    0.016
B-n45-k6 	BT-3   45    9     90    1    678    689    689     90   0.3678    0.016
B-n45-k6 	BT-3   45    4     45    0    678    691    689     46   0.2001    0.016
B-n45-k6 	BT-3   45    4     45    1    678    689    689     45   0.1954    0.016
B-n45-k6 	BT-3   45   15    180    0    678    881    728    194   0.6704    0.074
B-n45-k6 	BT-3   45   15    180    1    678    845    741    218   0.7194    0.093
B-n45-k6 	BT-3   45    9     90    0    678    691    689     91   0.3775    0.016
B-n45-k6 	BT-3   45    9     90    1    678    689    689     90   0.3704    0.016
B-n45-k6 	BT-3   45    4     45    0    678    691    689     46   0.2011    0.016
B-n45-k6 	BT-3   45    4     45    1    678    689    689     45   0.1962    0.016
B-n45-k6 	BT-3   45   15    180    0    678    881    728    193   0.6536    0.074
B-n45-k6 	BT-3   45   15    180    1    678    845    699    401   0.9864    0.031
B-n45-k6 	BT-3   45    9     90    0    678    691    689     91   0.3758    0.016
B-n45-k6 	BT-3   45    9     90    1    678    689    689     90   0.3690    0.016
B-n45-k6 	BT-3   45    4     45    0    678    691    689     46   0.2056    0.016
B-n45-k6 	BT-3   45    4     45    1    678    689    689     45   0.2008    0.016
B-n45-k6 	BT-3   45   15    180    0    678    881    728    194   0.6588    0.074
B-n45-k6 	BT-3   45   15    180    1    678    845    736    325   0.9027    0.086
B-n45-k6 	BT-3   45    9     90    0    678    691    689     91   0.3752    0.016
B-n45-k6 	BT-3   45    9     90    1    678    689    689     90   0.3709    0.016
B-n45-k6 	BT-3   45    4     45    0    678    691    689     46   0.2010    0.016
B-n45-k6 	BT-3   45    4     45    1    678    689    689     45   0.1968    0.016
B-n45-k6 	BT-3   45   15    180    0    678    881    713    337   0.8762    0.052
B-n45-k6 	BT-3   45   15    180    1    678    845    737    247   0.7316    0.087
B-n45-k6 	BT-3   45    9     90    0    678    691    689     91   0.3852    0.016
B-n45-k6 	BT-3   45    9     90    1    678    689    689     90   0.3769    0.016
B-n45-k6 	BT-3   45    4     45    0    678    691    689     48   0.1990    0.016
B-n45-k6 	BT-3   45    4     45    1    678    689    689     45   0.1960    0.016
B-n45-k6 	BT-3   45   15    180    0    678    881    728    194   0.6535    0.074
B-n45-k6 	BT-3   45   15    180    1    678    845    723    360   0.9123    0.066
B-n45-k6 	BT-3   45    9     90    0    678    691    689     91   0.3851    0.016
B-n45-k6 	BT-3   45    9     90    1    678    689    689     90   0.3788    0.016
B-n45-k6 	BT-3   45    4     45    0    678    691    689     46   0.2014    0.016
B-n45-k6 	BT-3   45    4     45    1    678    689    689     45   0.1962    0.016
B-n45-k6 	BT-3   45   15    180    0    678    881    728    194   0.6475    0.074
B-n45-k6 	BT-3   45   15    180    1    678    845    704    263   0.7554    0.038
B-n45-k6 	BT-3   45    9     90    0    678    691    689     91   0.3881    0.016
B-n45-k6 	BT-3   45    9     90    1    678    689    689     90   0.3788    0.016
B-n45-k6 	BT-3   45    4     45    0    678    691    689     46   0.2011    0.016
B-n45-k6 	BT-3   45    4     45    1    678    689    689     45   0.2105    0.016
B-n45-k6 	BT-3   45   15    180    0    678    881    728    194   0.6595    0.074
B-n45-k6 	BT-3   45   15    180    1    678    845    696    499   1.1705    0.027
B-n45-k6 	BT-3   45    9     90    0    678    691    689     91   0.3869    0.016
B-n45-k6 	BT-3   45    9     90    1    678    689    689     90   0.3772    0.016
B-n45-k6 	BT-3   45    4     45    0    678    691    689     46   0.2009    0.016
B-n45-k6 	BT-3   45    4     45    1    678    689    689     45   0.1978    0.016
B-n45-k6 	BT-3   45   15    180    0    678    881    722    265   0.7839    0.065
B-n45-k6 	BT-3   45   15    180    1    678    845    734    381   0.9842    0.083
B-n45-k6 	BT-3   45    9     90    0    678    691    689     91   0.3753    0.016
B-n45-k6 	BT-3   45    9     90    1    678    689    689     90   0.3697    0.016
B-n45-k6 	BT-3   45    4     45    0    678    691    689     46   0.2015    0.016
B-n45-k6 	BT-3   45    4     45    1    678    689    689     45   0.1963    0.016
B-n45-k6 	BT-3   45   15    180    0    678    881    697    300   0.8219    0.028
B-n45-k6 	BT-3   45   15    180    1    678    845    727    241   0.7495    0.072
B-n45-k6 	BT-3   45    9     90    0    678    691    689     91   0.3780    0.016
B-n45-k6 	BT-3   45    9     90    1    678    689    689     90   0.3674    0.016
B-n45-k6 	BT-3   45    4     45    0    678    691    689     46   0.2013    0.016
B-n45-k6 	BT-3   45    4     45    1    678    689    689     45   0.1962    0.016
B-n45-k6 	BT-3   45   15    180    0    678    881    728    194   0.6520    0.074
B-n45-k6 	BT-3   45   15    180    1    678    845    737    259   0.7839    0.087
B-n45-k6 	BT-3   45    9     90    0    678    691    689     91   0.3757    0.016
B-n45-k6 	BT-3   45    9     90    1    678    689    689     90   0.3672    0.016
B-n45-k6 	BT-3   45    4     45    0    678    691    689     46   0.2060    0.016
B-n45-k6 	BT-3   45    4     45    1    678    689    689     45   0.2003    0.016
B-n45-k6 	BT-3   45   15    180    0    678    881    717    347   0.9055    0.058
B-n45-k6 	BT-3   45   15    180    1    678    845    735    355   0.9215    0.084
B-n45-k6 	BT-3   45    9     90    0    678    691    689     91   0.3791    0.016
B-n45-k6 	BT-3   45    9     90    1    678    689    689     90   0.3724    0.016
B-n45-k6 	BT-3   45    4     45    0    678    691    689     46   0.2002    0.016
B-n45-k6 	BT-3   45    4     45    1    678    689    689     45   0.1974    0.016
B-n45-k6 	BT-3   45   15    180    0    678    881    727    194   0.6496    0.072
B-n45-k6 	BT-3   45   15    180    1    678    845    704    257   0.7566    0.038
B-n45-k6 	BT-3   45    9     90    0    678    691    689     91   0.3769    0.016
B-n45-k6 	BT-3   45    9     90    1    678    689    689     90   0.3723    0.016
B-n45-k6 	BT-3   45    4     45    0    678    691    689     46   0.2003    0.016
B-n45-k6 	BT-3   45    4     45    1    678    689    689     45   0.1957    0.016
B-n45-k6 	BT-3   45   15    180    0    678    881    728    194   0.6755    0.074
B-n45-k6 	BT-3   45   15    180    1    678    845    721    243   0.7511    0.063
B-n45-k6 	BT-3   45    9     90    0    678    691    689     91   0.3804    0.016
B-n45-k6 	BT-3   45    9     90    1    678    689    689     90   0.3693    0.016
B-n45-k6 	BT-3   45    4     45    0    678    691    689     46   0.2012    0.016
B-n45-k6 	BT-3   45    4     45    1    678    689    689     45   0.1953    0.016
B-n45-k6 	BT-3   45   15    180    0    678    881    728    194   0.6507    0.074
B-n45-k6 	BT-3   45   15    180    1    678    845    736    338   0.8966    0.086
B-n45-k6 	BT-3   45    9     90    0    678    691    689     91   0.3931    0.016
B-n45-k6 	BT-3   45    9     90    1    678    689    689     90   0.3717    0.016
B-n45-k6 	BT-3   45    4     45    0    678    691    689     46   0.2062    0.016
B-n45-k6 	BT-3   45    4     45    1    678    689    689     45   0.2004    0.016
B-n45-k6 	BT-3   45   15    180    0    678    881    701    361   0.9074    0.034
B-n45-k6 	BT-3   45   15    180    1    678    845    730    269   0.7836    0.077
B-n45-k6 	BT-3   45    9     90    0    678    691    689     91   0.3759    0.016
B-n45-k6 	BT-3   45    9     90    1    678    689    689     90   0.3752    0.016
B-n45-k6 	BT-3   45    4     45    0    678    691    689     46   0.2020    0.016
B-n45-k6 	BT-3   45    4     45    1    678    689    689     45   0.1964    0.016
B-n45-k6 	BT-3   45   15    180    0    678    881    701    230   0.7107    0.034
B-n45-k6 	BT-3   45   15    180    1    678    845    723    462   1.0783    0.066
B-n45-k6 	BT-3   45    9     90    0    678    691    689     91   0.3912    0.016
B-n45-k6 	BT-3   45    9     90    1    678    689    689     90   0.3792    0.016
B-n45-k6 	BT-3   45    4     45    0    678    691    689     46   0.2006    0.016
B-n45-k6 	BT-3   45    4     45    1    678    689    689     45   0.1980    0.016
B-n45-k6 	BT-3   45   15    180    0    678    881    692    245   0.7393    0.021
B-n45-k6 	BT-3   45   15    180    1    678    845    738    240   0.7425    0.088
B-n45-k6 	BT-3   45    9     90    0    678    691    689     91   0.3972    0.016
B-n45-k6 	BT-3   45    9     90    1    678    689    689     90   0.3702    0.016
B-n45-k6 	BT-3   45    4     45    0    678    691    689     46   0.2007    0.016
B-n45-k6 	BT-3   45    4     45    1    678    689    689     45   0.1954    0.016
B-n45-k6 	BT-3   45   15    180    0    678    881    718    366   1.0491    0.059
B-n45-k6 	BT-3   45   15    180    1    678    845    737    206   0.7018    0.087
B-n45-k6 	BT-3   45    9     90    0    678    691    689     91   0.3798    0.016
B-n45-k6 	BT-3   45    9     90    1    678    689    689     90   0.3670    0.016
B-n45-k6 	BT-3   45    4     45    0    678    691    689     46   0.2002    0.016
B-n45-k6 	BT-3   45    4     45    1    678    689    689     45   0.1954    0.016
B-n45-k6 	BT-3   45   15    180    0    678    881    728    194   0.6474    0.074
B-n45-k6 	BT-3   45   15    180    1    678    845    729    232   0.7172    0.075
B-n45-k6 	BT-3   45    9     90    0    678    691    689     91   0.3744    0.016
B-n45-k6 	BT-3   45    9     90    1    678    689    689     90   0.3676    0.016
B-n45-k6 	BT-3   45    4     45    0    678    691    689     46   0.2059    0.016
B-n45-k6 	BT-3   45    4     45    1    678    689    689     45   0.2009    0.016
B-n45-k6 	BT-3   45   15    180    0    678    881    728    194   0.6559    0.074
B-n45-k6 	BT-3   45   15    180    1    678    845    725    396   0.9906    0.069
B-n45-k6 	BT-3   45    9     90    0    678    691    689     91   0.3769    0.016
B-n45-k6 	BT-3   45    9     90    1    678    689    689     90   0.3671    0.016
B-n45-k6 	BT-3   45    4     45    0    678    691    689     46   0.2010    0.016
B-n45-k6 	BT-3   45    4     45    1    678    689    689     45   0.1959    0.016
B-n45-k6 	BT-3   45   15    180    0    678    881    728    194   0.6448    0.074
B-n45-k6 	BT-3   45   15    180    1    678    845    701    409   1.0135    0.034
B-n45-k6 	BT-3   45    9     90    0    678    691    689     91   0.3792    0.016
B-n45-k6 	BT-3   45    9     90    1    678    689    689     90   0.3678    0.016
B-n45-k6 	BT-3   45    4     45    0    678    691    689     46   0.2007    0.016
B-n45-k6 	BT-3   45    4     45    1    678    689    689     45   0.1957    0.016
B-n45-k6 	BT-3   45   15    180    0    678    881    728    194   0.6804    0.074
B-n45-k6 	BT-3   45   15    180    1    678    845    728    383   0.9908    0.074
B-n45-k6 	BT-3   45    9     90    0    678    691    689     91   0.3740    0.016
B-n45-k6 	BT-3   45    9     90    1    678    689    689     90   0.3697    0.016
B-n45-k6 	BT-3   45    4     45    0    678    691    689     46   0.2003    0.016
B-n45-k6 	BT-3   45    4     45    1    678    689    689     45   0.1963    0.016
B-n45-k6 	BT-3   45   15    180    0    678    881    728    194   0.6496    0.074
B-n45-k6 	BT-3   45   15    180    1    678    845    734    366   0.9543    0.083
B-n45-k6 	BT-3   45    9     90    0    678    691    689     91   0.3776    0.016
B-n45-k6 	BT-3   45    9     90    1    678    689    689     90   0.3683    0.016
B-n45-k6 	BT-3   45    4     45    0    678    691    689     46   0.2056    0.016
B-n45-k6 	BT-3   45    4     45    1    678    689    689     45   0.2019    0.016
B-n45-k6 	BT-3   45   15    180    0    678    881    728    194   0.6501    0.074
B-n45-k6 	BT-3   45   15    180    1    678    845    754    215   0.6924    0.112
B-n45-k6 	BT-3   45    9     90    0    678    691    689     91   0.3866    0.016
B-n45-k6 	BT-3   45    9     90    1    678    689    689     90   0.3679    0.016
B-n45-k6 	BT-3   45    4     45    0    678    691    689     46   0.2014    0.016
B-n45-k6 	BT-3   45    4     45    1    678    689    689     45   0.2004    0.016
B-n45-k6 	BT-3   45   15    180    0    678    881    728    211   0.6612    0.074
B-n45-k6 	BT-3   45   15    180    1    678    845    753    256   0.7697    0.111
B-n45-k6 	BT-3   45    9     90    0    678    691    689    110   0.4104    0.016
B-n45-k6 	BT-3   45    9     90    1    678    689    689     90   0.4043    0.016
B-n45-k6 	BT-3   45    4     45    0    678    691    689     46   0.2003    0.016
B-n45-k6 	BT-3   45    4     45    1    678    689    689     45   0.1971    0.016
B-n45-k6 	BT-3   45   15    180    0    678    881    728    194   0.6518    0.074
B-n45-k6 	BT-3   45   15    180    1    678    845    738    252   0.7487    0.088
B-n45-k6 	BT-3   45    9     90    0    678    691    689     91   0.3803    0.016
B-n45-k6 	BT-3   45    9     90    1    678    689    689     90   0.3685    0.016
B-n45-k6 	BT-3   45    4     45    0    678    691    689     46   0.2001    0.016
B-n45-k6 	BT-3   45    4     45    1    678    689    689     45   0.1954    0.016
B-n45-k6 	BT-3   45   15    180    0    678    881    728    194   0.6677    0.074
B-n45-k6 	BT-3   45   15    180    1    678    845    740    212   0.7010    0.091
B-n45-k6 	BT-3   45    9     90    0    678    691    689     91   0.3773    0.016
B-n45-k6 	BT-3   45    9     90    1    678    689    689     90   0.3661    0.016
B-n45-k6 	BT-3   45    4     45    0    678    691    689     46   0.2008    0.016
B-n45-k6 	BT-3   45    4     45    1    678    689    689     45   0.1960    0.016
B-n45-k6 	BT-3   45   15    180    0    678    881    728    194   0.6449    0.074
B-n45-k6 	BT-3   45   15    180    1    678    845    733    230   0.7039    0.081
B-n45-k6 	BT-3   45    9     90    0    678    691    689     91   0.3785    0.016
B-n45-k6 	BT-3   45    9     90    1    678    689    689     90   0.3685    0.016
B-n45-k6 	BT-3   45    4     45    0    678    691    689     46   0.2049    0.016
B-n45-k6 	BT-3   45    4     45    1    678    689    689     45   0.2016    0.016
B-n45-k6 	BT-3   45   15    180    0    678    881    728    194   0.6399    0.074
B-n45-k6 	BT-3   45   15    180    1    678    845    701    292   0.8053    0.034
B-n45-k6 	BT-3   45    9     90    0    678    691    689     91   0.3769    0.016
B-n45-k6 	BT-3   45    9     90    1    678    689    689     90   0.3695    0.016
B-n45-k6 	BT-3   45    4     45    0    678    691    689     46   0.2009    0.016
B-n45-k6 	BT-3   45    4     45    1    678    689    689     45   0.1963    0.016
B-n45-k6 	BT-3   45   15    180    0    678    881    727    194   0.6370    0.072
B-n45-k6 	BT-3   45   15    180    1    678    845    740    222   0.7380    0.091
B-n45-k6 	BT-3   45    9     90    0    678    691    689     91   0.3881    0.016
B-n45-k6 	BT-3   45    9     90    1    678    689    689     90   0.3781    0.016
B-n45-k6 	BT-3   45    4     45    0    678    691    689     46   0.2007    0.016
B-n45-k6 	BT-3   45    4     45    1    678    689    689     45   0.1960    0.016
B-n45-k6 	BT-3   45   15    180    0    678    881    694    327   0.8576    0.024
B-n45-k6 	BT-3   45   15    180    1    678    845    728    263   0.7756    0.074
B-n45-k6 	BT-3   45    9     90    0    678    691    689     91   0.3818    0.016
B-n45-k6 	BT-3   45    9     90    1    678    689    689     90   0.3674    0.016
B-n45-k6 	BT-3   45    4     45    0    678    691    689     46   0.2006    0.016
B-n45-k6 	BT-3   45    4     45    1    678    689    689     45   0.1961    0.016
B-n45-k6 	BT-3   45   15    180    0    678    881    728    194   0.6585    0.074
B-n45-k6 	BT-3   45   15    180    1    678    845    735    328   0.9094    0.084
B-n45-k6 	BT-3   45    9     90    0    678    691    689     91   0.3752    0.016
B-n45-k6 	BT-3   45    9     90    1    678    689    689     90   0.3705    0.016
B-n45-k6 	BT-3   45    4     45    0    678    691    689     46   0.2005    0.016
B-n45-k6 	BT-3   45    4     45    1    678    689    689     45   0.1969    0.016
B-n45-k6 	BT-3   45   15    180    0    678    881    728    194   0.6502    0.074
B-n45-k6 	BT-3   45   15    180    1    678    845    724    271   0.7993    0.068
B-n45-k6 	BT-3   45    9     90    0    678    691    689     91   0.3756    0.016
B-n45-k6 	BT-3   45    9     90    1    678    689    689     90   0.3694    0.016
B-n45-k6 	BT-3   45    4     45    0    678    691    689     46   0.2064    0.016
B-n45-k6 	BT-3   45    4     45    1    678    689    689     45   0.2065    0.016
B-n45-k6 	BT-3   45   15    180    0    678    881    728    194   0.6511    0.074
B-n45-k6 	BT-3   45   15    180    1    678    845    738    256   0.7850    0.088
B-n45-k6 	BT-3   45    9     90    0    678    691    689     91   0.3768    0.016
B-n45-k6 	BT-3   45    9     90    1    678    689    689     90   0.3671    0.016
B-n45-k6 	BT-3   45    4     45    0    678    691    689     46   0.2002    0.016
B-n45-k6 	BT-3   45    4     45    1    678    689    689     45   0.1972    0.016
B-n45-k6 	BT-3   45   15    180    0    678    881    728    194   0.6432    0.074
B-n45-k6 	BT-3   45   15    180    1    678    845    711    279   0.7808    0.049
B-n45-k6 	BT-3   45    9     90    0    678    691    689     91   0.3783    0.016
B-n45-k6 	BT-3   45    9     90    1    678    689    689     90   0.3674    0.016
B-n45-k6 	BT-3   45    4     45    0    678    691    689     46   0.2004    0.016
B-n45-k6 	BT-3   45    4     45    1    678    689    689     45   0.1955    0.016
B-n45-k6 	BT-3   45   15    180    0    678    881    728    194   0.6669    0.074
B-n45-k6 	BT-3   45   15    180    1    678    845    738    223   0.7344    0.088
B-n45-k6 	BT-3   45    9     90    0    678    691    689     91   0.3758    0.016
B-n45-k6 	BT-3   45    9     90    1    678    689    689     90   0.3694    0.016
B-n45-k6 	BT-3   45    4     45    0    678    691    689     46   0.2021    0.016
B-n45-k6 	BT-3   45    4     45    1    678    689    689     45   0.1976    0.016
B-n45-k6 	BT-3   45   15    180    0    678    881    728    194   0.6484    0.074
B-n45-k6 	BT-3   45   15    180    1    678    845    736    302   0.8261    0.086
B-n45-k6 	BT-3   45    9     90    0    678    691    689     91   0.3754    0.016
B-n45-k6 	BT-3   45    9     90    1    678    689    689     90   0.3761    0.016
B-n45-k6 	BT-3   45    4     45    0    678    691    689     46   0.2067    0.016
B-n45-k6 	BT-3   45    4     45    1    678    689    689     45   0.2011    0.016
B-n45-k6 	BT-3   45   15    180    0    678    881    718    307   0.8758    0.059
B-n45-k6 	BT-3   45   15    180    1    678    845    737    295   0.8166    0.087
B-n45-k6 	BT-3   45    9     90    0    678    691    689     91   0.3762    0.016
B-n45-k6 	BT-3   45    9     90    1    678    689    689     90   0.3734    0.016
B-n45-k6 	BT-3   45    4     45    0    678    691    689     46   0.2003    0.016
B-n45-k6 	BT-3   45    4     45    1    678    689    689     45   0.1959    0.016
B-n45-k6 	BT-3   45   15    180    0    678    881    692    275   0.7958    0.021
B-n45-k6 	BT-3   45   15    180    1    678    845    689    214   0.6572    0.016
B-n45-k6 	BT-3   45    9     90    0    678    691    691     90   0.3807    0.019
B-n45-k6 	BT-3   45    9     90    1    678    689    689     90   0.3674    0.016
B-n45-k6 	BT-3   45    4     45    0    678    691    689     46   0.2003    0.016
B-n45-k6 	BT-3   45    4     45    1    678    689    689     45   0.1956    0.016
B-n45-k6 	BT-3   45   15    180    0    678    881    727    194   0.6568    0.072
B-n45-k6 	BT-3   45   15    180    1    678    845    724    289   0.8295    0.068
B-n45-k6 	BT-3   45    9     90    0    678    691    689     91   0.3774    0.016
B-n45-k6 	BT-3   45    9     90    1    678    689    689     90   0.3668    0.016
B-n45-k6 	BT-3   45    4     45    0    678    691    689     46   0.2007    0.016
B-n45-k6 	BT-3   45    4     45    1    678    689    689     45   0.1958    0.016
B-n45-k6 	BT-3   45   15    180    0    678    881    728    194   0.6490    0.074
B-n45-k6 	BT-3   45   15    180    1    678    845    734    313   0.8578    0.083
B-n45-k6 	BT-3   45    9     90    0    678    691    689     91   0.3768    0.016
B-n45-k6 	BT-3   45    9     90    1    678    689    689     90   0.3682    0.016
B-n45-k6 	BT-3   45    4     45    0    678    691    689     46   0.2049    0.016
B-n45-k6 	BT-3   45    4     45    1    678    689    689     45   0.2009    0.016
B-n45-k6 	BT-3   45   15    180    0    678    881    728    194   0.6567    0.074
B-n45-k6 	BT-3   45   15    180    1    678    845    740    218   0.6955    0.091
B-n45-k6 	BT-3   45    9     90    0    678    691    689     91   0.3775    0.016
B-n45-k6 	BT-3   45    9     90    1    678    689    689     90   0.3697    0.016
B-n45-k6 	BT-3   45    4     45    0    678    691    689     46   0.2117    0.016
B-n45-k6 	BT-3   45    4     45    1    678    689    689     45   0.1959    0.016
B-n45-k6 	BT-3   45   15    180    0    678    881    702    342   0.9006    0.035
B-n45-k6 	BT-3   45   15    180    1    678    845    723    404   1.0147    0.066
B-n45-k6 	BT-3   45    9     90    0    678    691    689     91   0.3852    0.016
B-n45-k6 	BT-3   45    9     90    1    678    689    689     90   0.3762    0.016
B-n45-k6 	BT-3   45    4     45    0    678    691    689     46   0.2016    0.016
B-n45-k6 	BT-3   45    4     45    1    678    689    689     45   0.2018    0.016
B-n45-k6 	BT-3   45   15    180    0    678    881    728    194   0.6560    0.074
B-n45-k6 	BT-3   45   15    180    1    678    845    734    314   0.8659    0.083
B-n45-k6 	BT-3   45    9     90    0    678    691    689     91   0.3795    0.016
B-n45-k6 	BT-3   45    9     90    1    678    689    689     90   0.3675    0.016
B-n45-k6 	BT-3   45    4     45    0    678    691    689     46   0.2018    0.016
B-n45-k6 	BT-3   45    4     45    1    678    689    689     45   0.1954    0.016
B-n45-k6 	BT-3   45   15    180    0    678    881    691    372   1.0392    0.019
B-n45-k6 	BT-3   45   15    180    1    678    845    753    227   0.7260    0.111
B-n45-k6 	BT-3   45    9     90    0    678    691    689     91   0.3787    0.016
B-n45-k6 	BT-3   45    9     90    1    678    689    689     90   0.3917    0.016
B-n45-k6 	BT-3   45    4     45    0    678    691    689     46   0.2002    0.016
B-n45-k6 	BT-3   45    4     45    1    678    689    689     45   0.1976    0.016
B-n45-k6 	BT-3   45   15    180    0    678    881    724    202   0.6481    0.068
B-n45-k6 	BT-3   45   15    180    1    678    845    734    338   0.9081    0.083
B-n45-k6 	BT-3   45    9     90    0    678    691    689     91   0.3767    0.016
B-n45-k6 	BT-3   45    9     90    1    678    689    689     90   0.3680    0.016
B-n45-k6 	BT-3   45    4     45    0    678    691    689     46   0.2046    0.016
B-n45-k6 	BT-3   45    4     45    1    678    689    689     45   0.2012    0.016
B-n45-k6 	BT-3   45   15    180    0    678    881    702    394   0.9629    0.035
B-n45-k6 	BT-3   45   15    180    1    678    845    767    192   0.6639    0.131
B-n45-k6 	BT-3   45    9     90    0    678    691    689     91   0.3783    0.016
B-n45-k6 	BT-3   45    9     90    1    678    689    689     90   0.3676    0.016
B-n45-k6 	BT-3   45    4     45    0    678    691    689     46   0.2012    0.016
B-n45-k6 	BT-3   45    4     45    1    678    689    689     45   0.1969    0.016
B-n45-k6 	BT-3   45   15    180    0    678    881    728    194   0.6516    0.074
B-n45-k6 	BT-3   45   15    180    1    678    845    740    217   0.7021    0.091
B-n45-k6 	BT-3   45    9     90    0    678    691    689     91   0.3928    0.016
B-n45-k6 	BT-3   45    9     90    1    678    689    689     90   0.3770    0.016
B-n45-k6 	BT-3   45    4     45    0    678    691    689     46   0.2007    0.016
B-n45-k6 	BT-3   45    4     45    1    678    689    689     45   0.1961    0.016
B-n45-k6 	BT-3   45   15    180    0    678    881    728    194   0.6472    0.074
B-n45-k6 	BT-3   45   15    180    1    678    845    736    276   0.7936    0.086
B-n45-k6 	BT-3   45    9     90    0    678    691    689     91   0.3765    0.016
B-n45-k6 	BT-3   45    9     90    1    678    689    689     90   0.3686    0.016
B-n45-k6 	BT-3   45    4     45    0    678    691    689     46   0.2012    0.016
B-n45-k6 	BT-3   45    4     45    1    678    689    689     45   0.1977    0.016
B-n45-k6 	BT-3   45   15    180    0    678    881    728    194   0.6679    0.074
B-n45-k6 	BT-3   45   15    180    1    678    845    754    247   0.7638    0.112
B-n45-k6 	BT-3   45    9     90    0    678    691    689     91   0.3979    0.016
B-n45-k6 	BT-3   45    9     90    1    678    689    689     90   0.3692    0.016
B-n45-k6 	BT-3   45    4     45    0    678    691    689     46   0.2005    0.016
B-n45-k6 	BT-3   45    4     45    1    678    689    689     45   0.1961    0.016
B-n45-k6 	BT-3   45   15    180    0    678    881    728    194   0.6453    0.074
B-n45-k6 	BT-3   45   15    180    1    678    845    741    212   0.6860    0.093
B-n45-k6 	BT-3   45    9     90    0    678    691    689     91   0.3767    0.016
B-n45-k6 	BT-3   45    9     90    1    678    689    689     90   0.3694    0.016
B-n45-k6 	BT-3   45    4     45    0    678    691    689     46   0.2059    0.016
B-n45-k6 	BT-3   45    4     45    1    678    689    689     45   0.2016    0.016
