P-n55-k8 	BT-1   55   18    220    0    576    933    610    264   1.3387    0.059
P-n55-k8 	BT-1   55   18    220    1    576    783    606    285   1.4527    0.052
P-n55-k8 	BT-1   55    9    110    0    576    628    601    172   3.6683    0.043
P-n55-k8 	BT-1   55    9    110    1    576    606    606    110   3.3557    0.052
P-n55-k8 	BT-1   55   30    110    0    576    609    601    111  10.3727    0.043
P-n55-k8 	BT-1   55   30    110    1    576    601    601    110  10.3730    0.043
P-n55-k8 	BT-2   55   18    220    0    576    933    597    403   2.0313    0.036
P-n55-k8 	BT-2   55   18    220    1    576    783    592    324   1.6621    0.028
P-n55-k8 	BT-2   55    9    110    0    576    605    585    176   4.5838    0.016
P-n55-k8 	BT-2   55    9    110    1    576    592    584    116   4.2908    0.014
P-n55-k8 	BT-2   55   30    110    0    576    601    588    218  13.6545    0.021
P-n55-k8 	BT-2   55   30    110    1    576    584    584    110  13.1201    0.014
P-n55-k8 	BT-3   55   18    220    0    576    933    612    228   1.0692    0.062
P-n55-k8 	BT-3   55   18    220    1    576    783    618    193   0.9554    0.073
P-n55-k8 	BT-3   55    9    110    0    576    618    612     78   2.4021    0.062
P-n55-k8 	BT-3   55    9    110    1    576    612    606    140   2.7438    0.052
P-n55-k8 	BT-3   55   30    110    0    576    609    608     80   7.5886    0.056
P-n55-k8 	BT-3   55   30    110    1    576    606    606     79   7.5781    0.052
P-n55-k8 	BT-3   55   18    220    0    576    933    612    229   1.0809    0.062
P-n55-k8 	BT-3   55   18    220    1    576    783    615    207   0.9838    0.068
P-n55-k8 	BT-3   55    9    110    0    576    609    606     84  24.8344    0.052
P-n55-k8 	BT-3   55    9    110    1    576    606    606     82  24.8235    0.052
P-n55-k8 	BT-3   55   30    110    0    576    609    606     84  74.4820    0.052
P-n55-k8 	BT-3   55   30    110    1    576    606    606     78  74.4645    0.052
P-n55-k8 	BT-3   55   18    220    0    576    933    612    232   1.0791    0.062
P-n55-k8 	BT-3   55   18    220    1    576    783    618    201   0.9650    0.073
P-n55-k8 	BT-3   55    9    110    0    576    609    606     85 225.4987    0.052
P-n55-k8 	BT-3   55    9    110    1    576    606    606     75 225.4333    0.052
P-n55-k8 	BT-3   55   30    110    0    576    609    608     71 676.3497    0.056
P-n55-k8 	BT-3   55   30    110    1    576    606    606     78 676.3699    0.052
P-n55-k8 	BT-3   55   18    220    0    576    933    613    277   1.2821    0.064
P-n55-k8 	BT-3   55   18    220    1    576    783    618    199   0.9752    0.073
P-n55-k8 	BT-3   55    9    110    0    576    609    606     85 2031.3929    0.052
P-n55-k8 	BT-3   55    9    110    1    576    606    606     71 2031.3208    0.052
P-n55-k8 	BT-3   55   30    110    0    576    609    608     77 1799.1006    0.056
P-n55-k8 	BT-3   55   30    110    1    576    606    606     76 1799.0936    0.052
P-n55-k8 	BT-3   55   18    220    0    576    933    612    224   1.0459    0.062
P-n55-k8 	BT-3   55   18    220    1    576    783    618    201   0.9831    0.073
P-n55-k8 	BT-3   55    9    110    0    576    609    606     81 1104.3805    0.052
P-n55-k8 	BT-3   55    9    110    1    576    606    606     74 1104.3408    0.052
P-n55-k8 	BT-3   55   30    110    0    576    609    608     72 -981.9187    0.056
P-n55-k8 	BT-3   55   30    110    1    576    606    606     75 -981.9033    0.052
P-n55-k8 	BT-3   55   18    220    0    576    933    612    228   1.0696    0.062
P-n55-k8 	BT-3   55   18    220    1    576    783    618    196   0.9507    0.073
P-n55-k8 	BT-3   55    9    110    0    576    609    608     74 1351.2600    0.056
P-n55-k8 	BT-3   55    9    110    1    576    606    606     77 1351.2703    0.052
P-n55-k8 	BT-3   55   30    110    0    576    609    606     85 -241.1278    0.052
P-n55-k8 	BT-3   55   30    110    1    576    606    606     69 -241.2085    0.052
P-n55-k8 	BT-3   55   18    220    0    576    933    612    235   1.0970    0.062
P-n55-k8 	BT-3   55   18    220    1    576    783    618    203   0.9998    0.073
P-n55-k8 	BT-3   55    9    110    0    576    609    606     82 -721.3715    0.052
P-n55-k8 	BT-3   55    9    110    1    576    606    606     78 -721.3984    0.052
P-n55-k8 	BT-3   55   30    110    0    576    609    606     79 2130.8115    0.052
P-n55-k8 	BT-3   55   30    110    1    576    606    606     75 2130.7808    0.052
P-n55-k8 	BT-3   55   18    220    0    576    933    615    214   0.9678    0.068
P-n55-k8 	BT-3   55   18    220    1    576    783    618    202   0.9752    0.073
P-n55-k8 	BT-3   55    9    110    0    576    609    608     80 2099.3818    0.056
P-n55-k8 	BT-3   55    9    110    1    576    606    606     77 2099.3674    0.052
P-n55-k8 	BT-3   55   30    110    0    576    609    608     73 2003.1215    0.056
P-n55-k8 	BT-3   55   30    110    1    576    606    606     80 2003.1559    0.052
P-n55-k8 	BT-3   55   18    220    0    576    933    612    227   1.0690    0.062
P-n55-k8 	BT-3   55   18    220    1    576    783    618    196   0.9477    0.073
P-n55-k8 	BT-3   55    9    110    0    576    609    606     80 1716.4875    0.052
P-n55-k8 	BT-3   55    9    110    1    576    606    606     77 1716.4869    0.052
P-n55-k8 	BT-3   55   30    110    0    576    609    608     82 854.5011    0.056
P-n55-k8 	BT-3   55   30    110    1    576    606    606     75 854.4725    0.052
P-n55-k8 	BT-3   55   18    220    0    576    933    597    292   1.3701    0.036
P-n55-k8 	BT-3   55   18    220    1    576    783    618    199   0.9620    0.073
P-n55-k8 	BT-3   55    9    110    0    576    619    597     76 -1729.2023    0.036
P-n55-k8 	BT-3   55    9    110    1    576    597    597     83 -1729.1663    0.036
P-n55-k8 	BT-3   55   30    110    0    576    619    597     79 -892.5862    0.036
P-n55-k8 	BT-3   55   30    110    1    576    597    597     77 -892.6003    0.036
P-n55-k8 	BT-3   55   18    220    0    576    933    620    221   1.0542    0.076
P-n55-k8 	BT-3   55   18    220    1    576    783    618    206   0.9949    0.073
P-n55-k8 	BT-3   55    9    110    0    576    619    596    134 1619.5585    0.035
P-n55-k8 	BT-3   55    9    110    1    576    597    597     80 1619.2454    0.036
P-n55-k8 	BT-3   55   30    110    0    576    601    595     90 563.1323    0.033
P-n55-k8 	BT-3   55   30    110    1    576    596    596     76 563.0627    0.035
P-n55-k8 	BT-3   55   18    220    0    576    933    620    219   1.0310    0.076
P-n55-k8 	BT-3   55   18    220    1    576    783    618    202   0.9886    0.073
P-n55-k8 	BT-3   55    9    110    0    576    601    595     80 1691.3054    0.033
P-n55-k8 	BT-3   55    9    110    1    576    595    595     77 1691.2889    0.033
P-n55-k8 	BT-3   55   30    110    0    576    601    595     73 778.8942    0.033
P-n55-k8 	BT-3   55   30    110    1    576    595    595     76 778.9034    0.033
P-n55-k8 	BT-3   55   18    220    0    576    933    621    289   1.3461    0.078
P-n55-k8 	BT-3   55   18    220    1    576    783    618    200   0.9714    0.073
P-n55-k8 	BT-3   55    9    110    0    576    601    595     78 -1955.9370    0.033
P-n55-k8 	BT-3   55    9    110    1    576    595    586    142 -1955.6216    0.017
P-n55-k8 	BT-3   55   30    110    0    576    590    586     77 -1572.5242    0.017
P-n55-k8 	BT-3   55   30    110    1    576    586    586     78 -1572.5288    0.017
P-n55-k8 	BT-3   55   18    220    0    576    933    612    229   1.0773    0.062
P-n55-k8 	BT-3   55   18    220    1    576    783    618    198   0.9631    0.073
P-n55-k8 	BT-3   55    9    110    0    576    590    586     74 -420.5795    0.017
P-n55-k8 	BT-3   55    9    110    1    576    586    586     76 -420.5606    0.017
P-n55-k8 	BT-3   55   30    110    0    576    590    586     78 -1261.6991    0.017
P-n55-k8 	BT-3   55   30    110    1    576    586    586     77 -1261.7135    0.017
P-n55-k8 	BT-3   55   18    220    0    576    933    636    205   0.9630    0.104
P-n55-k8 	BT-3   55   18    220    1    576    783    618    196   0.9639    0.073
P-n55-k8 	BT-3   55    9    110    0    576    590    586     81 511.7964    0.017
P-n55-k8 	BT-3   55    9    110    1    576    586    586     76 511.7639    0.017
P-n55-k8 	BT-3   55   30    110    0    576    590    586     81 1535.3600    0.017
P-n55-k8 	BT-3   55   30    110    1    576    586    586     86 1535.3676    0.017
P-n55-k8 	BT-3   55   18    220    0    576    933    612    227   1.0647    0.062
P-n55-k8 	BT-3   55   18    220    1    576    783    600    262   1.2732    0.042
P-n55-k8 	BT-3   55    9    110    0    576    590    586     67 313.3824    0.017
P-n55-k8 	BT-3   55    9    110    1    576    586    586     78 313.4236    0.017
P-n55-k8 	BT-3   55   30    110    0    576    590    586     78 940.2474    0.017
P-n55-k8 	BT-3   55   30    110    1    576    586    586     69 940.1932    0.017
P-n55-k8 	BT-3   55   18    220    0    576    933    621    218   1.0180    0.078
P-n55-k8 	BT-3   55   18    220    1    576    783    618    191   0.9235    0.073
P-n55-k8 	BT-3   55    9    110    0    576    590    586     84 -1472.3036    0.017
P-n55-k8 	BT-3   55    9    110    1    576    586    586     78 -1472.3545    0.017
P-n55-k8 	BT-3   55   30    110    0    576    590    586     77 -122.0407    0.017
P-n55-k8 	BT-3   55   30    110    1    576    586    586     78 -122.0436    0.017
P-n55-k8 	BT-3   55   18    220    0    576    933    612    232   1.0821    0.062
P-n55-k8 	BT-3   55   18    220    1    576    783    599    453   2.2512    0.040
P-n55-k8 	BT-3   55    9    110    0    576    590    586     74 -362.8026    0.017
P-n55-k8 	BT-3   55    9    110    1    576    586    586     73 -362.8186    0.017
P-n55-k8 	BT-3   55   30    110    0    576    590    586     88 -1088.3632    0.017
P-n55-k8 	BT-3   55   30    110    1    576    586    586     80 -1088.4073    0.017
P-n55-k8 	BT-3   55   18    220    0    576    933    612    232   1.0849    0.062
P-n55-k8 	BT-3   55   18    220    1    576    783    618    202   0.9700    0.073
P-n55-k8 	BT-3   55    9    110    0    576    590    586     71 1031.8042    0.017
P-n55-k8 	BT-3   55    9    110    1    576    586    586     77 1031.8358    0.017
P-n55-k8 	BT-3   55   30    110    0    576    590    586     84 -1199.4475    0.017
P-n55-k8 	BT-3   55   30    110    1    576    586    586     82 -1199.4644    0.017
P-n55-k8 	BT-3   55   18    220    0    576    933    608    203   0.9347    0.056
P-n55-k8 	BT-3   55   18    220    1    576    783    618    200   0.9677    0.073
P-n55-k8 	BT-3   55    9    110    0    576    590    586     82 698.4952    0.017
P-n55-k8 	BT-3   55    9    110    1    576    586    586     77 698.4645    0.017
P-n55-k8 	BT-3   55   30    110    0    576    590    586     76 2095.4285    0.017
P-n55-k8 	BT-3   55   30    110    1    576    586    586     78 2095.4312    0.017
P-n55-k8 	BT-3   55   18    220    0    576    933    612    229   1.0677    0.062
P-n55-k8 	BT-3   55   18    220    1    576    783    618    199   0.9819    0.073
P-n55-k8 	BT-3   55    9    110    0    576    590    586     81 1993.3909    0.017
P-n55-k8 	BT-3   55    9    110    1    576    586    586     74 1993.3528    0.017
P-n55-k8 	BT-3   55   30    110    0    576    590    586     79 1685.1638    0.017
P-n55-k8 	BT-3   55   30    110    1    576    586    586     77 1685.1362    0.017
P-n55-k8 	BT-3   55   18    220    0    576    933    612    225   1.0504    0.062
P-n55-k8 	BT-3   55   18    220    1    576    783    608    244   1.2206    0.056
P-n55-k8 	BT-3   55    9    110    0    576    590    586     73 762.7349    0.017
P-n55-k8 	BT-3   55    9    110    1    576    586    586     76 762.7438    0.017
P-n55-k8 	BT-3   55   30    110    0    576    590    586     79 -2006.7334    0.017
P-n55-k8 	BT-3   55   30    110    1    576    586    586     74 -2006.7471    0.017
P-n55-k8 	BT-3   55   18    220    0    576    933    612    232   1.1069    0.062
P-n55-k8 	BT-3   55   18    220    1    576    783    618    196   0.9513    0.073
P-n55-k8 	BT-3   55    9    110    0    576    590    586     79 -1723.1782    0.017
P-n55-k8 	BT-3   55    9    110    1    576    586    586     80 -1723.1840    0.017
P-n55-k8 	BT-3   55   30    110    0    576    590    586     78 -874.5790    0.017
P-n55-k8 	BT-3   55   30    110    1    576    586    586     79 -874.5859    0.017
P-n55-k8 	BT-3   55   18    220    0    576    933    612    230   1.0798    0.062
P-n55-k8 	BT-3   55   18    220    1    576    783    618    200   0.9532    0.073
P-n55-k8 	BT-3   55    9    110    0    576    590    586     73 1673.2242    0.017
P-n55-k8 	BT-3   55    9    110    1    576    586    586     71 1673.2108    0.017
P-n55-k8 	BT-3   55   30    110    0    576    590    586     72 724.6864    0.017
P-n55-k8 	BT-3   55   30    110    1    576    586    586     83 724.7335    0.017
P-n55-k8 	BT-3   55   18    220    0    576    933    613    232   1.0797    0.064
P-n55-k8 	BT-3   55   18    220    1    576    783    618    207   1.0062    0.073
P-n55-k8 	BT-3   55    9    110    0    576    590    586     70 -2118.7791    0.017
P-n55-k8 	BT-3   55    9    110    1    576    586    586     78 -2118.7422    0.017
P-n55-k8 	BT-3   55   30    110    0    576    590    586     82 -2061.2739    0.017
P-n55-k8 	BT-3   55   30    110    1    576    586    586     79 -2061.2944    0.017
P-n55-k8 	BT-3   55   18    220    0    576    933    626    212   1.0109    0.087
P-n55-k8 	BT-3   55   18    220    1    576    783    596    343   1.6698    0.035
P-n55-k8 	BT-3   55    9    110    0    576    590    586     77 -1886.2151    0.017
P-n55-k8 	BT-3   55    9    110    1    576    586    586     72 -1886.2507    0.017
P-n55-k8 	BT-3   55   30    110    0    576    590    586     78 -1363.7067    0.017
P-n55-k8 	BT-3   55   30    110    1    576    586    586     76 -1363.7269    0.017
P-n55-k8 	BT-3   55   18    220    0    576    933    612    235   1.1026    0.062
P-n55-k8 	BT-3   55   18    220    1    576    783    618    196   0.9465    0.073
P-n55-k8 	BT-3   55    9    110    0    576    590    586     78 205.8779    0.017
P-n55-k8 	BT-3   55    9    110    1    576    586    586     71 205.8317    0.017
P-n55-k8 	BT-3   55   30    110    0    576    590    586     74 617.5488    0.017
P-n55-k8 	BT-3   55   30    110    1    576    586    586     76 617.5589    0.017
P-n55-k8 	BT-3   55   18    220    0    576    933    612    228   1.0652    0.062
P-n55-k8 	BT-3   55   18    220    1    576    783    605    267   1.2848    0.050
P-n55-k8 	BT-3   55    9    110    0    576    590    586     99 1855.1403    0.017
P-n55-k8 	BT-3   55    9    110    1    576    586    586     79 1855.0431    0.017
P-n55-k8 	BT-3   55   30    110    0    576    590    586     76 1270.2443    0.017
P-n55-k8 	BT-3   55   30    110    1    576    586    586     73 1270.2222    0.017
P-n55-k8 	BT-3   55   18    220    0    576    933    612    226   1.0484    0.062
P-n55-k8 	BT-3   55   18    220    1    576    783    618    199   0.9744    0.073
P-n55-k8 	BT-3   55    9    110    0    576    590    586     78 -482.2217    0.017
P-n55-k8 	BT-3   55    9    110    1    576    586    586     73 -482.2502    0.017
P-n55-k8 	BT-3   55   30    110    0    576    590    590     76 -1446.6941    0.024
P-n55-k8 	BT-3   55   30    110    1    576    586    586     75 -1446.7096    0.017
P-n55-k8 	BT-3   55   18    220    0    576    933    613    336   1.6022    0.064
P-n55-k8 	BT-3   55   18    220    1    576    783    609    355   1.7380    0.057
P-n55-k8 	BT-3   55    9    110    0    576    590    586     77 -41.7915    0.017
P-n55-k8 	BT-3   55    9    110    1    576    586    586     81 -41.7674    0.017
P-n55-k8 	BT-3   55   30    110    0    576    590    586     81 -125.3277    0.017
P-n55-k8 	BT-3   55   30    110    1    576    586    586     76 -125.3623    0.017
P-n55-k8 	BT-3   55   18    220    0    576    933    612    221   1.0529    0.062
P-n55-k8 	BT-3   55   18    220    1    576    783    618    204   0.9808    0.073
P-n55-k8 	BT-3   55    9    110    0    576    590    586     81 -373.9814    0.017
P-n55-k8 	BT-3   55    9    110    1    576    586    586     76 -374.0197    0.017
P-n55-k8 	BT-3   55   30    110    0    576    590    586     75 -1122.0267    0.017
P-n55-k8 	BT-3   55   30    110    1    576    586    586     77 -1122.0165    0.017
P-n55-k8 	BT-3   55   18    220    0    576    933    612    233   1.0895    0.062
P-n55-k8 	BT-3   55   18    220    1    576    783    592    250   1.2466    0.028
P-n55-k8 	BT-3   55    9    110    0    576    590    586     82 931.2722    0.017
P-n55-k8 	BT-3   55    9    110    1    576    586    586     74 931.2299    0.017
P-n55-k8 	BT-3   55   30    110    0    576    590    586     75 -1501.2164    0.017
P-n55-k8 	BT-3   55   30    110    1    576    586    586     77 -1501.2233    0.017
P-n55-k8 	BT-3   55   18    220    0    576    933    612    224   1.0447    0.062
P-n55-k8 	BT-3   55   18    220    1    576    783    599    339   1.6456    0.040
P-n55-k8 	BT-3   55    9    110    0    576    590    586     81 -205.9628    0.017
P-n55-k8 	BT-3   55    9    110    1    576    586    586     77 -206.0058    0.017
P-n55-k8 	BT-3   55   30    110    0    576    590    586     80 -617.9396    0.017
P-n55-k8 	BT-3   55   30    110    1    576    586    586     77 -617.9681    0.017
P-n55-k8 	BT-3   55   18    220    0    576    933    645    208   1.0259    0.120
P-n55-k8 	BT-3   55   18    220    1    576    783    596    317   1.6444    0.035
P-n55-k8 	BT-3   55    9    110    0    576    590    586     80 -1851.1945    0.017
P-n55-k8 	BT-3   55    9    110    1    576    586    586     78 -1851.2019    0.017
P-n55-k8 	BT-3   55   30    110    0    576    590    586     77 -1258.6416    0.017
P-n55-k8 	BT-3   55   30    110    1    576    586    586     83 -1258.6125    0.017
P-n55-k8 	BT-3   55   18    220    0    576    933    599    393   1.9654    0.040
P-n55-k8 	BT-3   55   18    220    1    576    783    618    193   0.9279    0.073
P-n55-k8 	BT-3   55    9    110    0    576    590    586     74 521.9512    0.017
P-n55-k8 	BT-3   55    9    110    1    576    586    586     77 521.9629    0.017
P-n55-k8 	BT-3   55   30    110    0    576    590    586     74 1565.8945    0.017
P-n55-k8 	BT-3   55   30    110    1    576    586    586     76 1565.8951    0.017
P-n55-k8 	BT-3   55   18    220    0    576    933    612    230   1.0973    0.062
P-n55-k8 	BT-3   55   18    220    1    576    783    598    346   1.7032    0.038
P-n55-k8 	BT-3   55    9    110    0    576    590    586     79 405.5202    0.017
P-n55-k8 	BT-3   55    9    110    1    576    586    586     73 405.4867    0.017
P-n55-k8 	BT-3   55   30    110    0    576    590    586     76 1216.5074    0.017
P-n55-k8 	BT-3   55   30    110    1    576    586    586     77 1216.5105    0.017
P-n55-k8 	BT-3   55   18    220    0    576    933    612    228   1.0854    0.062
P-n55-k8 	BT-3   55   18    220    1    576    783    618    201   0.9713    0.073
P-n55-k8 	BT-3   55    9    110    0    576    590    586     74 -643.3690    0.017
P-n55-k8 	BT-3   55    9    110    1    576    586    586     78 -643.3506    0.017
P-n55-k8 	BT-3   55   30    110    0    576    590    586     79 -1930.0869    0.017
P-n55-k8 	BT-3   55   30    110    1    576    586    586     78 -1930.0962    0.017
P-n55-k8 	BT-3   55   18    220    0    576    933    591    447   2.1431    0.026
P-n55-k8 	BT-3   55   18    220    1    576    783    604    234   1.1345    0.049
P-n55-k8 	BT-3   55    9    110    0    576    590    586     83 -1491.9723    0.017
P-n55-k8 	BT-3   55    9    110    1    576    586    586     73 -1492.0363    0.017
P-n55-k8 	BT-3   55   30    110    0    576    590    586     75 -181.0868    0.017
P-n55-k8 	BT-3   55   30    110    1    576    586    586     81 -181.0618    0.017
P-n55-k8 	BT-3   55   18    220    0    576    933    612    223   1.0475    0.062
P-n55-k8 	BT-3   55   18    220    1    576    783    618    199   0.9702    0.073
P-n55-k8 	BT-3   55    9    110    0    576    590    586     74 -541.2231    0.017
P-n55-k8 	BT-3   55    9    110    1    576    586    586     77 -541.2071    0.017
P-n55-k8 	BT-3   55   30    110    0    576    590    586     75 -1623.6495    0.017
P-n55-k8 	BT-3   55   30    110    1    576    586    586     73 -1623.6683    0.017
P-n55-k8 	BT-3   55   18    220    0    576    933    634    199   0.9837    0.101
P-n55-k8 	BT-3   55   18    220    1    576    783    594    264   1.3575    0.031
P-n55-k8 	BT-3   55    9    110    0    576    590    586     80 -573.6325    0.017
P-n55-k8 	BT-3   55    9    110    1    576    586    586     74 -573.6627    0.017
P-n55-k8 	BT-3   55   30    110    0    576    590    586     73 -1720.9552    0.017
P-n55-k8 	BT-3   55   30    110    1    576    586    586     80 -1720.9358    0.017
P-n55-k8 	BT-3   55   18    220    0    576    933    620    217   1.0694    0.076
P-n55-k8 	BT-3   55   18    220    1    576    783    592    242   1.2517    0.028
P-n55-k8 	BT-3   55    9    110    0    576    590    586     79 -865.5092    0.017
P-n55-k8 	BT-3   55    9    110    1    576    586    586     74 -865.5554    0.017
P-n55-k8 	BT-3   55   30    110    0    576    590    586     76 1698.3506    0.017
P-n55-k8 	BT-3   55   30    110    1    576    586    586     78 1698.3562    0.017
P-n55-k8 	BT-3   55   18    220    0    576    933    612    226   1.1345    0.062
P-n55-k8 	BT-3   55   18    220    1    576    783    596    359   1.8856    0.035
P-n55-k8 	BT-3   55    9    110    0    576    590    586     79 803.1152    0.017
P-n55-k8 	BT-3   55    9    110    1    576    586    586     71 803.0969    0.017
P-n55-k8 	BT-3   55   30    110    0    576    590    586     81 -1885.6143    0.017
P-n55-k8 	BT-3   55   30    110    1    576    586    586     77 -1885.6344    0.017
P-n55-k8 	BT-3   55   18    220    0    576    933    599    367   1.8616    0.040
P-n55-k8 	BT-3   55   18    220    1    576    783    618    198   1.0189    0.073
P-n55-k8 	BT-3   55    9    110    0    576    590    586     81 -1358.9955    0.017
P-n55-k8 	BT-3   55    9    110    1    576    586    586     74 -1359.0690    0.017
P-n55-k8 	BT-3   55   30    110    0    576    590    586     77 217.8579    0.017
P-n55-k8 	BT-3   55   30    110    1    576    586    586     82 217.8899    0.017
P-n55-k8 	BT-3   55   18    220    0    576    933    620    230   1.0970    0.076
P-n55-k8 	BT-3   55   18    220    1    576    783    595    354   1.7189    0.033
P-n55-k8 	BT-3   55    9    110    0    576    590    586     78 656.4365    0.017
P-n55-k8 	BT-3   55    9    110    1    576    586    586     78 656.4293    0.017
P-n55-k8 	BT-3   55   30    110    0    576    590    586     76 1969.3018    0.017
P-n55-k8 	BT-3   55   30    110    1    576    586    586     86 1969.3368    0.017
P-n55-k8 	BT-3   55   18    220    0    576    933    636    208   1.0306    0.104
P-n55-k8 	BT-3   55   18    220    1    576    783    618    193   0.9250    0.073
P-n55-k8 	BT-3   55    9    110    0    576    590    586     76 1614.9314    0.017
P-n55-k8 	BT-3   55    9    110    1    576    586    586     78 1614.9221    0.017
P-n55-k8 	BT-3   55   30    110    0    576    590    586     80 549.8273    0.017
P-n55-k8 	BT-3   55   30    110    1    576    586    586     76 549.8029    0.017
P-n55-k8 	BT-3   55   18    220    0    576    933    599    367   1.7659    0.040
P-n55-k8 	BT-3   55   18    220    1    576    783    618    197   0.9482    0.073
P-n55-k8 	BT-3   55    9    110    0    576    590    586     76 1652.1666    0.017
P-n55-k8 	BT-3   55    9    110    1    576    586    586     75 1652.1483    0.017
P-n55-k8 	BT-3   55   30    110    0    576    590    586     79 661.5190    0.017
P-n55-k8 	BT-3   55   30    110    1    576    586    586     78 661.4926    0.017
P-n55-k8 	BT-3   55   18    220    0    576    933    587    343   1.6165    0.019
P-n55-k8 	BT-3   55   18    220    1    576    783    618    203   0.9851    0.073
P-n55-k8 	BT-3   55    9    110    0    576    590    586     86 1987.1742    0.017
P-n55-k8 	BT-3   55    9    110    1    576    586    586     78 1987.1171    0.017
P-n55-k8 	BT-3   55   30    110    0    576    590    586     77 1666.4580    0.017
P-n55-k8 	BT-3   55   30    110    1    576    586    586     77 1666.4482    0.017
P-n55-k8 	BT-3   55   18    220    0    576    933    606    308   1.5009    0.052
P-n55-k8 	BT-3   55   18    220    1    576    783    618    201   0.9682    0.073
P-n55-k8 	BT-3   55    9    110    0    576    590    586     76 706.8361    0.017
P-n55-k8 	BT-3   55    9    110    1    576    586    586     78 706.8520    0.017
P-n55-k8 	BT-3   55   30    110    0    576    590    586     78 2120.5476    0.017
P-n55-k8 	BT-3   55   30    110    1    576    586    586     77 2120.5210    0.017
P-n55-k8 	BT-3   55   18    220    0    576    933    629    215   1.0501    0.092
P-n55-k8 	BT-3   55   18    220    1    576    783    618    203   1.0515    0.073
P-n55-k8 	BT-3   55    9    110    0    576    590    586     78 2068.7546    0.017
P-n55-k8 	BT-3   55    9    110    1    576    586    586     78 2068.7461    0.017
P-n55-k8 	BT-3   55   30    110    0    576    590    586     75 1911.2506    0.017
P-n55-k8 	BT-3   55   30    110    1    576    586    586     75 1911.2498    0.017
P-n55-k8 	BT-3   55   18    220    0    576    933    623    266   1.3500    0.082
P-n55-k8 	BT-3   55   18    220    1    576    783    618    202   1.0313    0.073
P-n55-k8 	BT-3   55    9    110    0    576    590    586     81 1441.2123    0.017
P-n55-k8 	BT-3   55    9    110    1    576    586    586     75 1441.1710    0.017
P-n55-k8 	BT-3   55   30    110    0    576    590    586     80  28.6228    0.017
P-n55-k8 	BT-3   55   30    110    1    576    586    586     78  28.5962    0.017
P-n55-k8 	BT-3   55   18    220    0    576    933    613    231   1.1458    0.064
P-n55-k8 	BT-3   55   18    220    1    576    783    618    190   0.9713    0.073
P-n55-k8 	BT-3   55    9    110    0    576    590    586     77  87.9523    0.017
P-n55-k8 	BT-3   55    9    110    1    576    586    586     67  87.8800    0.017
P-n55-k8 	BT-3   55   30    110    0    576    590    586     73 263.7430    0.017
P-n55-k8 	BT-3   55   30    110    1    576    586    586     75 263.7637    0.017
P-n55-k8 	BT-3   55   18    220    0    576    933    612    233   1.1116    0.062
P-n55-k8 	BT-3   55   18    220    1    576    783    618    203   0.9835    0.073
P-n55-k8 	BT-3   55    9    110    0    576    590    586     80 793.4078    0.017
P-n55-k8 	BT-3   55    9    110    1    576    586    586     80 793.3986    0.017
P-n55-k8 	BT-3   55   30    110    0    576    590    586     81 -1914.7590    0.017
P-n55-k8 	BT-3   55   30    110    1    576    586    586     77 -1914.8007    0.017
P-n55-k8 	BT-3   55   18    220    0    576    933    612    220   1.0325    0.062
P-n55-k8 	BT-3   55   18    220    1    576    783    618    199   0.9823    0.073
P-n55-k8 	BT-3   55    9    110    0    576    590    586     78 -1447.3564    0.017
P-n55-k8 	BT-3   55    9    110    1    576    586    586     78 -1447.3712    0.017
P-n55-k8 	BT-3   55   30    110    0    576    590    586     70 -47.1439    0.017
P-n55-k8 	BT-3   55   30    110    1    576    586    586     78 -47.1075    0.017
P-n55-k8 	BT-3   55   18    220    0    576    933    604    276   1.3357    0.049
P-n55-k8 	BT-3   55   18    220    1    576    783    618    196   0.9386    0.073
P-n55-k8 	BT-3   55    9    110    0    576    590    586     75 -139.1104    0.017
P-n55-k8 	BT-3   55    9    110    1    576    586    586     75 -139.1140    0.017
P-n55-k8 	BT-3   55   30    110    0    576    590    586     77 -417.3330    0.017
P-n55-k8 	BT-3   55   30    110    1    576    586    586     78 -417.3378    0.017
P-n55-k8 	BT-3   55   18    220    0    576    933    615    369   1.8567    0.068
P-n55-k8 	BT-3   55   18    220    1    576    783    618    199   1.0121    0.073
P-n55-k8 	BT-3   55    9    110    0    576    590    586     82 -1249.0806    0.017
P-n55-k8 	BT-3   55    9    110    1    576    586    586     77 -1249.1454    0.017
P-n55-k8 	BT-3   55   30    110    0    576    590    586     76 547.6133    0.017
P-n55-k8 	BT-3   55   30    110    1    576    586    586     74 547.5878    0.017
P-n55-k8 	BT-3   55   18    220    0    576    933    612    229   1.0925    0.062
P-n55-k8 	BT-3   55   18    220    1    576    783    618    201   0.9669    0.073
P-n55-k8 	BT-3   55    9    110    0    576    590    586     74 1644.8701    0.017
P-n55-k8 	BT-3   55    9    110    1    576    586    586     72 1644.8606    0.017
P-n55-k8 	BT-3   55   30    110    0    576    590    586     76 639.6329    0.017
P-n55-k8 	BT-3   55   30    110    1    576    586    586     74 639.6097    0.017
P-n55-k8 	BT-3   55   18    220    0    576    933    612    232   1.0961    0.062
P-n55-k8 	BT-3   55   18    220    1    576    783    618    201   0.9874    0.073
P-n55-k8 	BT-3   55    9    110    0    576    590    586     82 1920.9919    0.017
P-n55-k8 	BT-3   55    9    110    1    576    586    586     74 1920.9501    0.017
P-n55-k8 	BT-3   55   30    110    0    576    590    586     75 1467.9407    0.017
P-n55-k8 	BT-3   55   30    110    1    576    586    586     75 1467.9365    0.017
P-n55-k8 	BT-3   55   18    220    0    576    933    594    407   1.9840    0.031
P-n55-k8 	BT-3   55   18    220    1    576    783    643    193   0.9462    0.116
P-n55-k8 	BT-3   55    9    110    0    576    590    586     77 111.7763    0.017
P-n55-k8 	BT-3   55    9    110    1    576    586    586     75 111.7689    0.017
P-n55-k8 	BT-3   55   30    110    0    576    590    586     77 335.3248    0.017
P-n55-k8 	BT-3   55   30    110    1    576    586    586     78 335.3154    0.017
P-n55-k8 	BT-3   55   18    220    0    576    933    620    219   1.0682    0.076
P-n55-k8 	BT-3   55   18    220    1    576    783    627    256   1.3350    0.089
P-n55-k8 	BT-3   55    9    110    0    576    590    586     82 1008.4028    0.017
P-n55-k8 	BT-3   55    9    110    1    576    586    586     79 1008.3655    0.017
P-n55-k8 	BT-3   55   30    110    0    576    590    586     77 -1269.8389    0.017
P-n55-k8 	BT-3   55   30    110    1    576    586    586     77 -1269.8400    0.017
P-n55-k8 	BT-3   55   18    220    0    576    933    612    224   1.0565    0.062
P-n55-k8 	BT-3   55   18    220    1    576    783    618    192   0.9329    0.073
P-n55-k8 	BT-3   55    9    110    0    576    590    586     83 487.4978    0.017
P-n55-k8 	BT-3   55    9    110    1    576    586    586     77 487.4593    0.017
P-n55-k8 	BT-3   55   30    110    0    576    590    586     80 1462.4305    0.017
P-n55-k8 	BT-3   55   30    110    1    576    586    586     77 1462.3901    0.017
P-n55-k8 	BT-3   55   18    220    0    576    933    612    224   1.0360    0.062
P-n55-k8 	BT-3   55   18    220    1    576    783    618    193   0.9535    0.073
P-n55-k8 	BT-3   55    9    110    0    576    590    586     75  94.2459    0.017
P-n55-k8 	BT-3   55    9    110    1    576    586    586     76  94.2253    0.017
P-n55-k8 	BT-3   55   30    110    0    576    590    586     79 282.7475    0.017
P-n55-k8 	BT-3   55   30    110    1    576    586    586     75 282.7138    0.017
P-n55-k8 	BT-3   55   18    220    0    576    933    612    227   1.0869    0.062
P-n55-k8 	BT-3   55   18    220    1    576    783    618    197   0.9416    0.073
P-n55-k8 	BT-3   55    9    110    0    576    590    586     81 850.2259    0.017
P-n55-k8 	BT-3   55    9    110    1    576    586    586     78 850.2041    0.017
P-n55-k8 	BT-3   55   30    110    0    576    590    586     71 -1744.3615    0.017
P-n55-k8 	BT-3   55   30    110    1    576    586    586     76 -1744.3521    0.017
P-n55-k8 	BT-3   55   18    220    0    576    933    612    225   1.1235    0.062
P-n55-k8 	BT-3   55   18    220    1    576    783    605    237   1.2273    0.050
P-n55-k8 	BT-3   55    9    110    0    576    590    586     71 -935.7554    0.017
P-n55-k8 	BT-3   55    9    110    1    576    586    586     78 -935.7224    0.017
P-n55-k8 	BT-3   55   30    110    0    576    590    586     76 1487.7521    0.017
P-n55-k8 	BT-3   55   30    110    1    576    586    586     75 1487.7423    0.017
P-n55-k8 	BT-3   55   18    220    0    576    933    612    232   1.1608    0.062
P-n55-k8 	BT-3   55   18    220    1    576    783    618    194   0.9948    0.073
P-n55-k8 	BT-3   55    9    110    0    576    590    586     79 170.4571    0.017
P-n55-k8 	BT-3   55    9    110    1    576    586    586     79 170.4485    0.017
P-n55-k8 	BT-3   55   30    110    0    576    590    586     76 511.3470    0.017
P-n55-k8 	BT-3   55   30    110    1    576    586    586     75 511.3344    0.017
P-n55-k8 	BT-3   55   18    220    0    576    933    629    215   0.9955    0.092
P-n55-k8 	BT-3   55   18    220    1    576    783    618    196   0.9404    0.073
P-n55-k8 	BT-3   55    9    110    0    576    590    586     76 1535.9828    0.017
P-n55-k8 	BT-3   55    9    110    1    576    586    586     79 1535.9723    0.017
P-n55-k8 	BT-3   55   30    110    0    576    590    586     79 312.9537    0.017
P-n55-k8 	BT-3   55   30    110    1    576    586    586     74 312.9301    0.017
P-n55-k8 	BT-3   55   18    220    0    576    933    612    223   1.0568    0.062
P-n55-k8 	BT-3   55   18    220    1    576    783    618    195   0.9399    0.073
P-n55-k8 	BT-3   55    9    110    0    576    590    586     76 940.8478    0.017
P-n55-k8 	BT-3   55    9    110    1    576    586    586     72 940.8228    0.017
P-n55-k8 	BT-3   55   30    110    0    576    590    586     76 -1472.4648    0.017
P-n55-k8 	BT-3   55   30    110    1    576    586    586     78 -1472.4764    0.017
P-n55-k8 	BT-3   55   18    220    0    576    933    612    234   1.0960    0.062
P-n55-k8 	BT-3   55   18    220    1    576    783    607    301   1.4888    0.054
P-n55-k8 	BT-3   55    9    110    0    576    590    586     75 -119.8559    0.017
P-n55-k8 	BT-3   55    9    110    1    576    586    586     75 -119.8746    0.017
P-n55-k8 	BT-3   55   30    110    0    576    590    586     76 -359.5941    0.017
P-n55-k8 	BT-3   55   30    110    1    576    586    586     76 -359.5971    0.017
P-n55-k8 	BT-3   55   18    220    0    576    933    612    221   1.0462    0.062
P-n55-k8 	BT-3   55   18    220    1    576    783    618    197   0.9542    0.073
P-n55-k8 	BT-3   55    9    110    0    576    590    586     85 -1076.7314    0.017
P-n55-k8 	BT-3   55    9    110    1    576    586    586     76 -1076.7861    0.017
P-n55-k8 	BT-3   55   30    110    0    576    590    586     80 1064.6871    0.017
P-n55-k8 	BT-3   55   30    110    1    576    586    586     81 1064.6833    0.017
P-n55-k8 	BT-3   55   18    220    0    576    933    612    229   1.0736    0.062
P-n55-k8 	BT-3   55   18    220    1    576    783    618    198   0.9641    0.073
P-n55-k8 	BT-3   55    9    110    0    576    590    586     77 -1098.8719    0.017
P-n55-k8 	BT-3   55    9    110    1    576    586    586     75 -1098.9028    0.017
P-n55-k8 	BT-3   55   30    110    0    576    590    586     74 998.2874    0.017
P-n55-k8 	BT-3   55   30    110    1    576    586    586     76 998.2983    0.017
P-n55-k8 	BT-3   55   18    220    0    576    933    620    216   1.0325    0.076
P-n55-k8 	BT-3   55   18    220    1    576    783    605    267   1.2923    0.050
P-n55-k8 	BT-3   55    9    110    0    576    590    586     74 -1297.7629    0.017
P-n55-k8 	BT-3   55    9    110    1    576    586    586     80 -1297.7341    0.017
P-n55-k8 	BT-3   55   30    110    0    576    590    586     81 401.7489    0.017
P-n55-k8 	BT-3   55   30    110    1    576    586    586     80 401.7337    0.017
P-n55-k8 	BT-3   55   18    220    0    576    933    602    278   1.3152    0.045
P-n55-k8 	BT-3   55   18    220    1    576    783    618    198   0.9537    0.073
P-n55-k8 	BT-3   55    9    110    0    576    590    586     75 1207.4681    0.017
P-n55-k8 	BT-3   55    9    110    1    576    586    586     78 1207.4720    0.017
P-n55-k8 	BT-3   55   30    110    0    576    590    586     78 -672.5502    0.017
P-n55-k8 	BT-3   55   30    110    1    576    586    586     77 -672.5668    0.017
P-n55-k8 	BT-3   55   18    220    0    576    933    612    226   1.0742    0.062
P-n55-k8 	BT-3   55   18    220    1    576    783    610    228   1.1672    0.059
P-n55-k8 	BT-3   55    9    110    0    576    590    585     97 -2015.3243    0.016
P-n55-k8 	BT-3   55    9    110    1    576    586    586     72 -2015.4640    0.017
P-n55-k8 	BT-3   55   30    110    0    576    597    585     76 -1751.2618    0.016
P-n55-k8 	BT-3   55   30    110    1    576    585    585     80 -1751.2332    0.016
P-n55-k8 	BT-3   55   18    220    0    576    933    612    229   1.0620    0.062
P-n55-k8 	BT-3   55   18    220    1    576    783    618    201   0.9516    0.073
P-n55-k8 	BT-3   55    9    110    0    576    597    585     72 -956.7968    0.016
P-n55-k8 	BT-3   55    9    110    1    576    585    585     72 -956.7875    0.016
P-n55-k8 	BT-3   55   30    110    0    576    597    585     79 1424.6317    0.016
P-n55-k8 	BT-3   55   30    110    1    576    585    585     79 1424.6272    0.016
P-n55-k8 	BT-3   55   18    220    0    576    933    589    497   2.4045    0.023
P-n55-k8 	BT-3   55   18    220    1    576    783    600    260   1.2613    0.042
P-n55-k8 	BT-3   55    9    110    0    576    597    585     80 -17.4074    0.016
P-n55-k8 	BT-3   55    9    110    1    576    585    585     84 -17.3758    0.016
P-n55-k8 	BT-3   55   30    110    0    576    597    585     82 -52.1858    0.016
P-n55-k8 	BT-3   55   30    110    1    576    585    585     78 -52.2066    0.016
P-n55-k8 	BT-3   55   18    220    0    576    933    620    225   1.0569    0.076
P-n55-k8 	BT-3   55   18    220    1    576    783    618    199   0.9628    0.073
P-n55-k8 	BT-3   55    9    110    0    576    597    585     78 -154.5834    0.016
P-n55-k8 	BT-3   55    9    110    1    576    585    585     79 -154.5706    0.016
P-n55-k8 	BT-3   55   30    110    0    576    597    585     74 -463.7491    0.016
P-n55-k8 	BT-3   55   30    110    1    576    585    585     77 -463.7387    0.016
P-n55-k8 	BT-3   55   18    220    0    576    933    612    233   1.0991    0.062
P-n55-k8 	BT-3   55   18    220    1    576    783    618    183   0.8736    0.073
P-n55-k8 	BT-3   55    9    110    0    576    597    585     76 -1389.2443    0.016
P-n55-k8 	BT-3   55    9    110    1    576    585    585     80 -1389.2399    0.016
P-n55-k8 	BT-3   55   30    110    0    576    597    585     79 127.2387    0.016
P-n55-k8 	BT-3   55   30    110    1    576    585    585     74 127.2208    0.016
P-n55-k8 	BT-3   55   18    220    0    576    933    612    232   1.1294    0.062
P-n55-k8 	BT-3   55   18    220    1    576    783    618    203   0.9799    0.073
P-n55-k8 	BT-3   55    9    110    0    576    597    585     76 383.7924    0.016
P-n55-k8 	BT-3   55    9    110    1    576    585    585     79 383.8083    0.016
P-n55-k8 	BT-3   55   30    110    0    576    597    585     77 1151.4038    0.016
P-n55-k8 	BT-3   55   30    110    1    576    585    585     78 1151.4092    0.016
P-n55-k8 	BT-3   55   18    220    0    576    933    639    209   0.9715    0.109
P-n55-k8 	BT-3   55   18    220    1    576    783    601    354   1.7342    0.043
P-n55-k8 	BT-3   55    9    110    0    576    597    585     80 -838.0303    0.016
P-n55-k8 	BT-3   55    9    110    1    576    585    585     84 -838.0004    0.016
P-n55-k8 	BT-3   55   30    110    0    576    597    585     78 1780.8932    0.016
P-n55-k8 	BT-3   55   30    110    1    576    585    585     81 1780.9047    0.016
P-n55-k8 	BT-3   55   18    220    0    576    933    620    223   1.0777    0.076
P-n55-k8 	BT-3   55   18    220    1    576    783    602    209   0.9952    0.045
P-n55-k8 	BT-3   55    9    110    0    576    597    585     80 1049.8008    0.016
P-n55-k8 	BT-3   55    9    110    1    576    585    585     78 1049.8129    0.016
P-n55-k8 	BT-3   55   30    110    0    576    597    585     82 -1145.5369    0.016
P-n55-k8 	BT-3   55   30    110    1    576    585    585     82 -1145.5334    0.016
P-n55-k8 	BT-3   55   18    220    0    576    933    612    225   1.0494    0.062
P-n55-k8 	BT-3   55   18    220    1    576    783    618    195   0.9404    0.073
P-n55-k8 	BT-3   55    9    110    0    576    597    585     76 860.3199    0.016
P-n55-k8 	BT-3   55    9    110    1    576    585    585     82 860.3516    0.016
P-n55-k8 	BT-3   55   30    110    0    576    597    585     78 -1713.9668    0.016
P-n55-k8 	BT-3   55   30    110    1    576    585    585     76 -1713.9734    0.016
P-n55-k8 	BT-3   55   18    220    0    576    933    612    224   1.0657    0.062
P-n55-k8 	BT-3   55   18    220    1    576    783    609    342   1.6543    0.057
P-n55-k8 	BT-3   55    9    110    0    576    597    585     72 -844.2514    0.016
P-n55-k8 	BT-3   55    9    110    1    576    585    585     84 -844.1922    0.016
P-n55-k8 	BT-3   55   30    110    0    576    597    585     80 1762.3212    0.016
P-n55-k8 	BT-3   55   30    110    1    576    585    585     75 1762.2925    0.016
P-n55-k8 	BT-3   55   18    220    0    576    933    617    241   1.1321    0.071
P-n55-k8 	BT-3   55   18    220    1    576    783    618    195   0.9334    0.073
P-n55-k8 	BT-3   55    9    110    0    576    597    585     80 994.0322    0.016
P-n55-k8 	BT-3   55    9    110    1    576    585    585     84 994.0579    0.016
P-n55-k8 	BT-3   55   30    110    0    576    597    585     76 -1312.8712    0.016
P-n55-k8 	BT-3   55   30    110    1    576    585    585     76 -1312.8726    0.016
P-n55-k8 	BT-3   55   18    220    0    576    933    612    239   1.1343    0.062
P-n55-k8 	BT-3   55   18    220    1    576    783    591    261   1.2493    0.026
P-n55-k8 	BT-3   55    9    110    0    576    597    585     79 358.7536    0.016
P-n55-k8 	BT-3   55    9    110    1    576    585    585     73 358.7240    0.016
P-n55-k8 	BT-3   55   30    110    0    576    597    585     72 1076.1926    0.016
P-n55-k8 	BT-3   55   30    110    1    576    585    585     73 1076.1954    0.016
P-n55-k8 	BT-3   55   18    220    0    576    933    612    232   1.0848    0.062
P-n55-k8 	BT-3   55   18    220    1    576    783    600    227   1.0895    0.042
P-n55-k8 	BT-3   55    9    110    0    576    597    585     82 -1064.1296    0.016
P-n55-k8 	BT-3   55    9    110    1    576    585    585     74 -1064.1761    0.016
P-n55-k8 	BT-3   55   30    110    0    576    597    585     81 1102.4938    0.016
P-n55-k8 	BT-3   55   30    110    1    576    585    585     79 1102.4874    0.016
P-n55-k8 	BT-3   55   18    220    0    576    933    612    232   1.0977    0.062
P-n55-k8 	BT-3   55   18    220    1    576    783    618    200   0.9738    0.073
P-n55-k8 	BT-3   55    9    110    0    576    597    585     73 -985.4639    0.016
P-n55-k8 	BT-3   55    9    110    1    576    585    585     79 -985.4286    0.016
P-n55-k8 	BT-3   55   30    110    0    576    597    585     81 1338.6858    0.016
P-n55-k8 	BT-3   55   30    110    1    576    585    585     77 1338.6542    0.016
P-n55-k8 	BT-3   55   18    220    0    576    933    612    226   1.0858    0.062
P-n55-k8 	BT-3   55   18    220    1    576    783    601    347   1.6977    0.043
P-n55-k8 	BT-3   55    9    110    0    576    597    585     83 -276.1743    0.016
P-n55-k8 	BT-3   55    9    110    1    576    585    585     76 -276.2164    0.016
P-n55-k8 	BT-3   55   30    110    0    576    597    585     78 -828.5627    0.016
P-n55-k8 	BT-3   55   30    110    1    576    585    585     72 -828.5921    0.016
P-n55-k8 	BT-3   55   18    220    0    576    933    614    278   1.3459    0.066
P-n55-k8 	BT-3   55   18    220    1    576    783    618    197   0.9458    0.073
P-n55-k8 	BT-3   55    9    110    0    576    597    585     80 1811.5197    0.016
P-n55-k8 	BT-3   55    9    110    1    576    585    585     77 1811.5123    0.016
P-n55-k8 	BT-3   55   30    110    0    576    597    585     79 1139.5850    0.016
P-n55-k8 	BT-3   55   30    110    1    576    585    585     77 1139.5725    0.016
P-n55-k8 	BT-3   55   18    220    0    576    933    612    224   1.1167    0.062
P-n55-k8 	BT-3   55   18    220    1    576    783    603    245   1.2384    0.047
P-n55-k8 	BT-3   55    9    110    0    576    597    585     75 -873.8717    0.016
P-n55-k8 	BT-3   55    9    110    1    576    585    585     79 -873.8398    0.016
P-n55-k8 	BT-3   55   30    110    0    576    597    585     79 1673.3826    0.016
P-n55-k8 	BT-3   55   30    110    1    576    585    585     77 1673.3633    0.016
P-n55-k8 	BT-3   55   18    220    0    576    933    612    227   1.1499    0.062
P-n55-k8 	BT-3   55   18    220    1    576    783    618    197   1.0167    0.073
P-n55-k8 	BT-3   55    9    110    0    576    597    585     78 727.3183    0.016
P-n55-k8 	BT-3   55    9    110    1    576    585    585     79 727.3271    0.016
P-n55-k8 	BT-3   55   30    110    0    576    597    585     76 -2113.0034    0.016
P-n55-k8 	BT-3   55   30    110    1    576    585    585     79 -2112.9924    0.016
P-n55-k8 	BT-3   55   18    220    0    576    933    612    225   1.0594    0.062
P-n55-k8 	BT-3   55   18    220    1    576    783    614    256   1.2469    0.066
P-n55-k8 	BT-3   55    9    110    0    576    597    585     79 -2041.6957    0.016
P-n55-k8 	BT-3   55    9    110    1    576    585    585     79 -2041.6788    0.016
P-n55-k8 	BT-3   55   30    110    0    576    597    585     76 -1830.1244    0.016
P-n55-k8 	BT-3   55   30    110    1    576    585    585     79 -1830.1284    0.016
P-n55-k8 	BT-3   55   18    220    0    576    933    612    222   1.0469    0.062
P-n55-k8 	BT-3   55   18    220    1    576    783    603    287   1.3999    0.047
P-n55-k8 	BT-3   55    9    110    0    576    597    585     80 -1192.9591    0.016
P-n55-k8 	BT-3   55    9    110    1    576    585    585     77 -1192.9667    0.016
P-n55-k8 	BT-3   55   30    110    0    576    597    585     78 716.0757    0.016
P-n55-k8 	BT-3   55   30    110    1    576    585    585     74 716.0507    0.016
P-n55-k8 	BT-3   55   18    220    0    576    933    621    315   1.5239    0.078
P-n55-k8 	BT-3   55   18    220    1    576    783    618    195   0.9489    0.073
P-n55-k8 	BT-3   55    9    110    0    576    597    585     81 -2144.2710    0.016
P-n55-k8 	BT-3   55    9    110    1    576    585    585     75 -2144.3169    0.016
P-n55-k8 	BT-3   55   30    110    0    576    597    585     79 -2137.9119    0.016
P-n55-k8 	BT-3   55   30    110    1    576    585    585     72 -2137.9443    0.016
P-n55-k8 	BT-3   55   18    220    0    576    933    612    228   1.0904    0.062
P-n55-k8 	BT-3   55   18    220    1    576    783    618    202   0.9892    0.073
P-n55-k8 	BT-3   55    9    110    0    576    597    585     77 -2116.7290    0.016
P-n55-k8 	BT-3   55    9    110    1    576    585    585     78 -2116.7122    0.016
P-n55-k8 	BT-3   55   30    110    0    576    597    585     78 -2055.1941    0.016
P-n55-k8 	BT-3   55   30    110    1    576    585    585     76 -2055.1982    0.016
P-n55-k8 	BT-3   55   18    220    0    576    933    612    221   1.0403    0.062
P-n55-k8 	BT-3   55   18    220    1    576    783    618    193   0.9253    0.073
P-n55-k8 	BT-3   55    9    110    0    576    597    585     81 -1868.6444    0.016
P-n55-k8 	BT-3   55    9    110    1    576    585    585     76 -1868.6704    0.016
P-n55-k8 	BT-3   55   30    110    0    576    597    585     78 -1311.0070    0.016
P-n55-k8 	BT-3   55   30    110    1    576    585    585     77 -1311.0148    0.016
P-n55-k8 	BT-3   55   18    220    0    576    933    612    221   1.0154    0.062
P-n55-k8 	BT-3   55   18    220    1    576    783    598    271   1.3294    0.038
P-n55-k8 	BT-3   55    9    110    0    576    597    585     81 364.3009    0.016
P-n55-k8 	BT-3   55    9    110    1    576    585    585     77 364.2863    0.016
P-n55-k8 	BT-3   55   30    110    0    576    597    585     83 1092.9014    0.016
P-n55-k8 	BT-3   55   30    110    1    576    585    585     77 1092.8680    0.016
P-n55-k8 	BT-3   55   18    220    0    576    933    612    225   1.0537    0.062
P-n55-k8 	BT-3   55   18    220    1    576    783    618    193   0.9397    0.073
P-n55-k8 	BT-3   55    9    110    0    576    597    585     81 -1014.3131    0.016
P-n55-k8 	BT-3   55    9    110    1    576    585    585     75 -1014.3517    0.016
P-n55-k8 	BT-3   55   30    110    0    576    597    585     80 1251.9783    0.016
P-n55-k8 	BT-3   55   30    110    1    576    585    585     75 1251.9695    0.016
P-n55-k8 	BT-3   55   18    220    0    576    933    601    246   1.1718    0.043
P-n55-k8 	BT-3   55   18    220    1    576    783    618    194   0.9369    0.073
P-n55-k8 	BT-3   55    9    110    0    576    597    585     75 -536.9563    0.016
P-n55-k8 	BT-3   55    9    110    1    576    585    585     78 -536.9351    0.016
P-n55-k8 	BT-3   55   30    110    0    576    597    585     78 -1610.8263    0.016
P-n55-k8 	BT-3   55   30    110    1    576    585    585     75 -1610.8447    0.016
P-n55-k8 	BT-3   55   18    220    0    576    933    608    306   1.4879    0.056
P-n55-k8 	BT-3   55   18    220    1    576    783    619    307   1.5019    0.075
P-n55-k8 	BT-3   55    9    110    0    576    597    585     79 -534.5383    0.016
P-n55-k8 	BT-3   55    9    110    1    576    585    585     76 -534.5584    0.016
P-n55-k8 	BT-3   55   30    110    0    576    597    585     83 -1603.6112    0.016
P-n55-k8 	BT-3   55   30    110    1    576    585    585     81 -1603.6158    0.016
P-n55-k8 	BT-3   55   18    220    0    576    933    608    209   0.9769    0.056
P-n55-k8 	BT-3   55   18    220    1    576    783    618    200   0.9571    0.073
P-n55-k8 	BT-3   55    9    110    0    576    597    585     78 -513.9655    0.016
P-n55-k8 	BT-3   55    9    110    1    576    585    585     74 -513.9927    0.016
P-n55-k8 	BT-3   55   30    110    0    576    597    585     74 -1541.9478    0.016
P-n55-k8 	BT-3   55   30    110    1    576    585    585     82 -1541.8947    0.016
P-n55-k8 	BT-3   55   18    220    0    576    933    612    226   1.0735    0.062
P-n55-k8 	BT-3   55   18    220    1    576    783    618    198   0.9557    0.073
P-n55-k8 	BT-3   55    9    110    0    576    597    585     76 -328.7686    0.016
P-n55-k8 	BT-3   55    9    110    1    576    585    585     72 -328.8025    0.016
P-n55-k8 	BT-3   55   30    110    0    576    597    585     80 -986.3396    0.016
P-n55-k8 	BT-3   55   30    110    1    576    585    585     81 -986.3278    0.016
