B-n66-k9 	BT-1   66   22    264    0   1374   1570   1343    312   1.7300   -0.023
B-n66-k9 	BT-1   66   22    264    1   1374   1570   1329    586   3.1606   -0.033
B-n66-k9 	BT-1   66   13    132    0   1374   1329   1329    132   0.7969   -0.033
B-n66-k9 	BT-1   66   13    132    1   1374   1329   1329    132   0.8014   -0.033
B-n66-k9 	BT-1   66    6     66    0   1374   1329   1329     66   0.4655   -0.033
B-n66-k9 	BT-1   66    6     66    1   1374   1329   1329     66   0.4589   -0.033
B-n66-k9 	BT-2   66   22    264    0   1374   1570   1348    408   2.2445   -0.019
B-n66-k9 	BT-2   66   22    264    1   1374   1570   1364    283   1.5928   -0.007
B-n66-k9 	BT-2   66   13    132    0   1374   1348   1348    132   0.8035   -0.019
B-n66-k9 	BT-2   66   13    132    1   1374   1348   1348    132   0.8227   -0.019
B-n66-k9 	BT-2   66    6     66    0   1374   1348   1348     66   0.4620   -0.019
B-n66-k9 	BT-2   66    6     66    1   1374   1348   1348     66   0.4640   -0.019
B-n66-k9 	BT-3   66   22    264    0   1374   1570   1336    309   3.8948   -0.028
B-n66-k9 	BT-3   66   22    264    1   1374   1570   1328    437   4.5889   -0.033
B-n66-k9 	BT-3   66   13    132    0   1374   1328   1328    132   2.1899   -0.033
B-n66-k9 	BT-3   66   13    132    1   1374   1328   1328    132   2.2265   -0.033
B-n66-k9 	BT-3   66    6     66    0   1374   1328   1328     66   1.1555   -0.033
B-n66-k9 	BT-3   66    6     66    1   1374   1328   1328     66   1.1865   -0.033
B-n66-k9 	BT-3   66   22    264    0   1374   1570   1386    298   3.7920    0.009
B-n66-k9 	BT-3   66   22    264    1   1374   1570   1337    385   4.2836   -0.027
B-n66-k9 	BT-3   66   13    132    0   1374   1328   1328    132   2.2037   -0.033
B-n66-k9 	BT-3   66   13    132    1   1374   1328   1328    132   2.2209   -0.033
B-n66-k9 	BT-3   66    6     66    0   1374   1328   1328     66   1.1539   -0.033
B-n66-k9 	BT-3   66    6     66    1   1374   1328   1328     66   1.1730   -0.033
B-n66-k9 	BT-3   66   22    264    0   1374   1570   1331    508   5.0616   -0.031
B-n66-k9 	BT-3   66   22    264    1   1374   1570   1328    435   4.5369   -0.033
B-n66-k9 	BT-3   66   13    132    0   1374   1328   1328    132   2.1884   -0.033
B-n66-k9 	BT-3   66   13    132    1   1374   1328   1328    132   2.2382   -0.033
B-n66-k9 	BT-3   66    6     66    0   1374   1328   1328     66   1.1513   -0.033
B-n66-k9 	BT-3   66    6     66    1   1374   1328   1328     66   1.1710   -0.033
B-n66-k9 	BT-3   66   22    264    0   1374   1570   1336    309   3.8724   -0.028
B-n66-k9 	BT-3   66   22    264    1   1374   1570   1380    376   4.2716    0.004
B-n66-k9 	BT-3   66   13    132    0   1374   1328   1328    132   2.1881   -0.033
B-n66-k9 	BT-3   66   13    132    1   1374   1328   1328    132   2.2271   -0.033
B-n66-k9 	BT-3   66    6     66    0   1374   1328   1328     66   1.1532   -0.033
B-n66-k9 	BT-3   66    6     66    1   1374   1328   1328     66   1.1755   -0.033
B-n66-k9 	BT-3   66   22    264    0   1374   1570   1335    349   4.1188   -0.028
B-n66-k9 	BT-3   66   22    264    1   1374   1570   1341    336   4.0709   -0.024
B-n66-k9 	BT-3   66   13    132    0   1374   1328   1328    132   2.1880   -0.033
B-n66-k9 	BT-3   66   13    132    1   1374   1328   1328    132   2.2161   -0.033
B-n66-k9 	BT-3   66    6     66    0   1374   1328   1328     66   1.1755   -0.033
B-n66-k9 	BT-3   66    6     66    1   1374   1328   1328     66   1.1719   -0.033
B-n66-k9 	BT-3   66   22    264    0   1374   1570   1337    556   5.2254   -0.027
B-n66-k9 	BT-3   66   22    264    1   1374   1570   1347    330   4.0391   -0.020
B-n66-k9 	BT-3   66   13    132    0   1374   1328   1328    132   2.1829   -0.033
B-n66-k9 	BT-3   66   13    132    1   1374   1328   1328    132   2.2267   -0.033
B-n66-k9 	BT-3   66    6     66    0   1374   1328   1328     66   1.1491   -0.033
B-n66-k9 	BT-3   66    6     66    1   1374   1328   1328     66   1.1938   -0.033
B-n66-k9 	BT-3   66   22    264    0   1374   1570   1330    602   5.4880   -0.032
B-n66-k9 	BT-3   66   22    264    1   1374   1570   1336    481   4.7717   -0.028
B-n66-k9 	BT-3   66   13    132    0   1374   1328   1328    132   2.1960   -0.033
B-n66-k9 	BT-3   66   13    132    1   1374   1328   1328    132   2.2232   -0.033
B-n66-k9 	BT-3   66    6     66    0   1374   1328   1328     66   1.1549   -0.033
B-n66-k9 	BT-3   66    6     66    1   1374   1328   1328     66   1.1716   -0.033
B-n66-k9 	BT-3   66   22    264    0   1374   1570   1351    300   3.8694   -0.017
B-n66-k9 	BT-3   66   22    264    1   1374   1570   1331    393   4.3495   -0.031
B-n66-k9 	BT-3   66   13    132    0   1374   1328   1328    132   2.1896   -0.033
B-n66-k9 	BT-3   66   13    132    1   1374   1328   1328    132   2.2364   -0.033
B-n66-k9 	BT-3   66    6     66    0   1374   1328   1328     66   1.1717   -0.033
B-n66-k9 	BT-3   66    6     66    1   1374   1328   1328     66   1.1727   -0.033
B-n66-k9 	BT-3   66   22    264    0   1374   1570   1337    301   3.8513   -0.027
B-n66-k9 	BT-3   66   22    264    1   1374   1570   1329    363   4.2106   -0.033
B-n66-k9 	BT-3   66   13    132    0   1374   1328   1328    132   2.1969   -0.033
B-n66-k9 	BT-3   66   13    132    1   1374   1328   1328    132   2.2304   -0.033
B-n66-k9 	BT-3   66    6     66    0   1374   1328   1328     66   1.1684   -0.033
B-n66-k9 	BT-3   66    6     66    1   1374   1328   1328     66   1.1721   -0.033
B-n66-k9 	BT-3   66   22    264    0   1374   1570   1336    309   3.8778   -0.028
B-n66-k9 	BT-3   66   22    264    1   1374   1570   1335    354   4.1235   -0.028
B-n66-k9 	BT-3   66   13    132    0   1374   1328   1328    132   2.2259   -0.033
B-n66-k9 	BT-3   66   13    132    1   1374   1328   1328    132   2.2298   -0.033
B-n66-k9 	BT-3   66    6     66    0   1374   1328   1328     66   1.1871   -0.033
B-n66-k9 	BT-3   66    6     66    1   1374   1328   1328     66   1.1710   -0.033
B-n66-k9 	BT-3   66   22    264    0   1374   1570   1337    301   3.8352   -0.027
B-n66-k9 	BT-3   66   22    264    1   1374   1570   1332    934   9.0363   -0.031
B-n66-k9 	BT-3   66   13    132    0   1374   1328   1328    132   2.2218   -0.033
B-n66-k9 	BT-3   66   13    132    1   1374   1328   1328    132   2.2213   -0.033
B-n66-k9 	BT-3   66    6     66    0   1374   1328   1328     66   1.1574   -0.033
B-n66-k9 	BT-3   66    6     66    1   1374   1328   1328     66   1.1970   -0.033
B-n66-k9 	BT-3   66   22    264    0   1374   1570   1337    305   3.9043   -0.027
B-n66-k9 	BT-3   66   22    264    1   1374   1570   1350    315   3.9573   -0.017
B-n66-k9 	BT-3   66   13    132    0   1374   1328   1328    132   2.1970   -0.033
B-n66-k9 	BT-3   66   13    132    1   1374   1328   1328    132   2.2394   -0.033
B-n66-k9 	BT-3   66    6     66    0   1374   1328   1328     66   1.1503   -0.033
B-n66-k9 	BT-3   66    6     66    1   1374   1328   1328     66   1.1708   -0.033
B-n66-k9 	BT-3   66   22    264    0   1374   1570   1332    537   5.1224   -0.031
B-n66-k9 	BT-3   66   22    264    1   1374   1570   1336    610   5.4437   -0.028
B-n66-k9 	BT-3   66   13    132    0   1374   1328   1328    132   2.1868   -0.033
B-n66-k9 	BT-3   66   13    132    1   1374   1328   1328    132   2.2772   -0.033
B-n66-k9 	BT-3   66    6     66    0   1374   1328   1328     66   1.1548   -0.033
B-n66-k9 	BT-3   66    6     66    1   1374   1328   1328     66   1.1772   -0.033
B-n66-k9 	BT-3   66   22    264    0   1374   1570   1336    309   3.8766   -0.028
B-n66-k9 	BT-3   66   22    264    1   1374   1570   1342    377   4.2463   -0.023
B-n66-k9 	BT-3   66   13    132    0   1374   1328   1328    132   2.2217   -0.033
B-n66-k9 	BT-3   66   13    132    1   1374   1328   1328    132   2.2343   -0.033
B-n66-k9 	BT-3   66    6     66    0   1374   1328   1328     66   1.1693   -0.033
B-n66-k9 	BT-3   66    6     66    1   1374   1328   1328     66   1.1739   -0.033
B-n66-k9 	BT-3   66   22    264    0   1374   1570   1336    309   3.8575   -0.028
B-n66-k9 	BT-3   66   22    264    1   1374   1570   1358    394   4.3532   -0.012
B-n66-k9 	BT-3   66   13    132    0   1374   1328   1328    132   2.1910   -0.033
B-n66-k9 	BT-3   66   13    132    1   1374   1328   1328    132   2.2140   -0.033
B-n66-k9 	BT-3   66    6     66    0   1374   1328   1328     66   1.1600   -0.033
B-n66-k9 	BT-3   66    6     66    1   1374   1328   1328     66   1.1800   -0.033
B-n66-k9 	BT-3   66   22    264    0   1374   1570   1337    301   3.8833   -0.027
B-n66-k9 	BT-3   66   22    264    1   1374   1570   1342    326   4.0599   -0.023
B-n66-k9 	BT-3   66   13    132    0   1374   1328   1328    132   2.2111   -0.033
B-n66-k9 	BT-3   66   13    132    1   1374   1328   1328    132   2.2364   -0.033
B-n66-k9 	BT-3   66    6     66    0   1374   1328   1328     66   1.1666   -0.033
B-n66-k9 	BT-3   66    6     66    1   1374   1328   1327     76   1.2055   -0.034
B-n66-k9 	BT-3   66   22    264    0   1374   1570   1335    366   4.1855   -0.028
B-n66-k9 	BT-3   66   22    264    1   1374   1570   1338    308   3.9220   -0.026
B-n66-k9 	BT-3   66   13    132    0   1374   1327   1326    133   2.2138   -0.035
B-n66-k9 	BT-3   66   13    132    1   1374   1327   1327    132   2.2343   -0.034
B-n66-k9 	BT-3   66    6     66    0   1374   1326   1326     66   1.1831   -0.035
B-n66-k9 	BT-3   66    6     66    1   1374   1326   1326     66   1.1788   -0.035
B-n66-k9 	BT-3   66   22    264    0   1374   1570   1336    309   3.8657   -0.028
B-n66-k9 	BT-3   66   22    264    1   1374   1570   1341    313   3.9186   -0.024
B-n66-k9 	BT-3   66   13    132    0   1374   1326   1326    132   2.2657   -0.035
B-n66-k9 	BT-3   66   13    132    1   1374   1326   1326    132   2.2150   -0.035
B-n66-k9 	BT-3   66    6     66    0   1374   1326   1326     66   1.1808   -0.035
B-n66-k9 	BT-3   66    6     66    1   1374   1326   1326     66   1.1737   -0.035
B-n66-k9 	BT-3   66   22    264    0   1374   1570   1337    301   3.8529   -0.027
B-n66-k9 	BT-3   66   22    264    1   1374   1570   1341    396   4.4751   -0.024
B-n66-k9 	BT-3   66   13    132    0   1374   1326   1326    132   2.2610   -0.035
B-n66-k9 	BT-3   66   13    132    1   1374   1326   1326    132   2.2169   -0.035
B-n66-k9 	BT-3   66    6     66    0   1374   1326   1326     66   1.1800   -0.035
B-n66-k9 	BT-3   66    6     66    1   1374   1326   1326     66   1.1814   -0.035
B-n66-k9 	BT-3   66   22    264    0   1374   1570   1336    554   5.2550   -0.028
B-n66-k9 	BT-3   66   22    264    1   1374   1570   1329    842   6.7001   -0.033
B-n66-k9 	BT-3   66   13    132    0   1374   1326   1326    132   2.2878   -0.035
B-n66-k9 	BT-3   66   13    132    1   1374   1326   1326    132   2.2354   -0.035
B-n66-k9 	BT-3   66    6     66    0   1374   1326   1326     66   1.1826   -0.035
B-n66-k9 	BT-3   66    6     66    1   1374   1326   1326     66   1.1786   -0.035
B-n66-k9 	BT-3   66   22    264    0   1374   1570   1336    309   3.8765   -0.028
B-n66-k9 	BT-3   66   22    264    1   1374   1570   1385    308   3.9250    0.008
B-n66-k9 	BT-3   66   13    132    0   1374   1326   1326    132   2.2554   -0.035
B-n66-k9 	BT-3   66   13    132    1   1374   1326   1326    132   2.2185   -0.035
B-n66-k9 	BT-3   66    6     66    0   1374   1326   1326     66   1.1814   -0.035
B-n66-k9 	BT-3   66    6     66    1   1374   1326   1326     66   1.1854   -0.035
B-n66-k9 	BT-3   66   22    264    0   1374   1570   1337    301   3.8929   -0.027
B-n66-k9 	BT-3   66   22    264    1   1374   1570   1332    442   4.6332   -0.031
B-n66-k9 	BT-3   66   13    132    0   1374   1326   1326    132   2.2512   -0.035
B-n66-k9 	BT-3   66   13    132    1   1374   1326   1326    132   2.2271   -0.035
B-n66-k9 	BT-3   66    6     66    0   1374   1326   1326     66   1.1813   -0.035
B-n66-k9 	BT-3   66    6     66    1   1374   1326   1326     66   1.1836   -0.035
B-n66-k9 	BT-3   66   22    264    0   1374   1570   1336    309   3.8672   -0.028
B-n66-k9 	BT-3   66   22    264    1   1374   1570   1336    432   4.6408   -0.028
B-n66-k9 	BT-3   66   13    132    0   1374   1326   1326    132   2.2586   -0.035
B-n66-k9 	BT-3   66   13    132    1   1374   1326   1326    132   2.2293   -0.035
B-n66-k9 	BT-3   66    6     66    0   1374   1326   1326     66   1.1840   -0.035
B-n66-k9 	BT-3   66    6     66    1   1374   1326   1326     66   1.1852   -0.035
B-n66-k9 	BT-3   66   22    264    0   1374   1570   1382    314   4.0301    0.006
B-n66-k9 	BT-3   66   22    264    1   1374   1570   1342    324   3.9797   -0.023
B-n66-k9 	BT-3   66   13    132    0   1374   1326   1326    132   2.2517   -0.035
B-n66-k9 	BT-3   66   13    132    1   1374   1326   1326    132   2.2632   -0.035
B-n66-k9 	BT-3   66    6     66    0   1374   1326   1326     66   1.1817   -0.035
B-n66-k9 	BT-3   66    6     66    1   1374   1326   1326     66   1.1789   -0.035
B-n66-k9 	BT-3   66   22    264    0   1374   1570   1336    333   4.0012   -0.028
B-n66-k9 	BT-3   66   22    264    1   1374   1570   1334    631   5.6995   -0.029
B-n66-k9 	BT-3   66   13    132    0   1374   1326   1326    132   2.2493   -0.035
B-n66-k9 	BT-3   66   13    132    1   1374   1326   1326    132   2.2226   -0.035
B-n66-k9 	BT-3   66    6     66    0   1374   1326   1326     66   1.1794   -0.035
B-n66-k9 	BT-3   66    6     66    1   1374   1326   1326     66   1.1836   -0.035
B-n66-k9 	BT-3   66   22    264    0   1374   1570   1336    309   3.8740   -0.028
B-n66-k9 	BT-3   66   22    264    1   1374   1570   1376    485   4.8546    0.001
B-n66-k9 	BT-3   66   13    132    0   1374   1326   1326    132   2.2614   -0.035
B-n66-k9 	BT-3   66   13    132    1   1374   1326   1326    132   2.2402   -0.035
B-n66-k9 	BT-3   66    6     66    0   1374   1326   1326     66   1.1798   -0.035
B-n66-k9 	BT-3   66    6     66    1   1374   1326   1326     66   1.1933   -0.035
B-n66-k9 	BT-3   66   22    264    0   1374   1570   1336    309   3.8805   -0.028
B-n66-k9 	BT-3   66   22    264    1   1374   1570   1337    358   4.1976   -0.027
B-n66-k9 	BT-3   66   13    132    0   1374   1326   1326    132   2.2657   -0.035
B-n66-k9 	BT-3   66   13    132    1   1374   1326   1326    132   2.2176   -0.035
B-n66-k9 	BT-3   66    6     66    0   1374   1326   1326     66   1.1797   -0.035
B-n66-k9 	BT-3   66    6     66    1   1374   1326   1326     66   1.1803   -0.035
B-n66-k9 	BT-3   66   22    264    0   1374   1570   1343    483   4.7731   -0.023
B-n66-k9 	BT-3   66   22    264    1   1374   1570   1348    321   3.9466   -0.019
B-n66-k9 	BT-3   66   13    132    0   1374   1326   1326    132   2.2564   -0.035
B-n66-k9 	BT-3   66   13    132    1   1374   1326   1326    132   2.2732   -0.035
B-n66-k9 	BT-3   66    6     66    0   1374   1326   1326     66   1.1812   -0.035
B-n66-k9 	BT-3   66    6     66    1   1374   1326   1326     66   1.1851   -0.035
B-n66-k9 	BT-3   66   22    264    0   1374   1570   1339    333   4.0155   -0.025
B-n66-k9 	BT-3   66   22    264    1   1374   1570   1339    349   4.1118   -0.025
B-n66-k9 	BT-3   66   13    132    0   1374   1326   1326    132   2.3547   -0.035
B-n66-k9 	BT-3   66   13    132    1   1374   1326   1326    132   2.2379   -0.035
B-n66-k9 	BT-3   66    6     66    0   1374   1326   1326     66   1.1802   -0.035
B-n66-k9 	BT-3   66    6     66    1   1374   1326   1326     66   1.2076   -0.035
B-n66-k9 	BT-3   66   22    264    0   1374   1570   1337    301   3.8548   -0.027
B-n66-k9 	BT-3   66   22    264    1   1374   1570   1346    451   4.6527   -0.020
B-n66-k9 	BT-3   66   13    132    0   1374   1326   1326    132   2.2717   -0.035
B-n66-k9 	BT-3   66   13    132    1   1374   1326   1326    132   2.2378   -0.035
B-n66-k9 	BT-3   66    6     66    0   1374   1326   1326     66   1.1784   -0.035
B-n66-k9 	BT-3   66    6     66    1   1374   1326   1326     66   1.1866   -0.035
B-n66-k9 	BT-3   66   22    264    0   1374   1570   1331    396   4.3460   -0.031
B-n66-k9 	BT-3   66   22    264    1   1374   1570   1340    380   4.3282   -0.025
B-n66-k9 	BT-3   66   13    132    0   1374   1326   1326    132   2.2495   -0.035
B-n66-k9 	BT-3   66   13    132    1   1374   1326   1326    132   2.2184   -0.035
B-n66-k9 	BT-3   66    6     66    0   1374   1326   1326     66   1.1811   -0.035
B-n66-k9 	BT-3   66    6     66    1   1374   1326   1326     66   1.1868   -0.035
B-n66-k9 	BT-3   66   22    264    0   1374   1570   1336    309   3.8892   -0.028
B-n66-k9 	BT-3   66   22    264    1   1374   1570   1335    336   4.0549   -0.028
B-n66-k9 	BT-3   66   13    132    0   1374   1326   1326    132   2.2508   -0.035
B-n66-k9 	BT-3   66   13    132    1   1374   1326   1326    132   2.2680   -0.035
B-n66-k9 	BT-3   66    6     66    0   1374   1326   1326     66   1.1785   -0.035
B-n66-k9 	BT-3   66    6     66    1   1374   1326   1326     66   1.1791   -0.035
B-n66-k9 	BT-3   66   22    264    0   1374   1570   1336    309   3.8771   -0.028
B-n66-k9 	BT-3   66   22    264    1   1374   1570   1394    296   3.8871    0.015
B-n66-k9 	BT-3   66   13    132    0   1374   1326   1326    132   2.2878   -0.035
B-n66-k9 	BT-3   66   13    132    1   1374   1326   1326    132   2.2213   -0.035
B-n66-k9 	BT-3   66    6     66    0   1374   1326   1326     66   1.1799   -0.035
B-n66-k9 	BT-3   66    6     66    1   1374   1326   1326     66   1.1843   -0.035
B-n66-k9 	BT-3   66   22    264    0   1374   1570   1336    549   5.2515   -0.028
B-n66-k9 	BT-3   66   22    264    1   1374   1570   1398    330   4.0450    0.017
B-n66-k9 	BT-3   66   13    132    0   1374   1326   1326    132   2.2973   -0.035
B-n66-k9 	BT-3   66   13    132    1   1374   1326   1326    132   2.2509   -0.035
B-n66-k9 	BT-3   66    6     66    0   1374   1326   1326     66   1.1807   -0.035
B-n66-k9 	BT-3   66    6     66    1   1374   1326   1326     66   1.1912   -0.035
B-n66-k9 	BT-3   66   22    264    0   1374   1570   1337    301   3.8676   -0.027
B-n66-k9 	BT-3   66   22    264    1   1374   1570   1342    322   3.9640   -0.023
B-n66-k9 	BT-3   66   13    132    0   1374   1326   1326    132   2.3093   -0.035
B-n66-k9 	BT-3   66   13    132    1   1374   1326   1326    132   2.2393   -0.035
B-n66-k9 	BT-3   66    6     66    0   1374   1326   1326     66   1.1870   -0.035
B-n66-k9 	BT-3   66    6     66    1   1374   1326   1326     66   1.1948   -0.035
B-n66-k9 	BT-3   66   22    264    0   1374   1570   1336    704   5.9485   -0.028
B-n66-k9 	BT-3   66   22    264    1   1374   1570   1339    584   5.4974   -0.025
B-n66-k9 	BT-3   66   13    132    0   1374   1326   1326    132   2.2570   -0.035
B-n66-k9 	BT-3   66   13    132    1   1374   1326   1326    132   2.2328   -0.035
B-n66-k9 	BT-3   66    6     66    0   1374   1326   1326     66   1.2069   -0.035
B-n66-k9 	BT-3   66    6     66    1   1374   1326   1326     66   1.1887   -0.035
B-n66-k9 	BT-3   66   22    264    0   1374   1570   1334    298   3.8820   -0.029
B-n66-k9 	BT-3   66   22    264    1   1374   1570   1349    561   5.3245   -0.018
B-n66-k9 	BT-3   66   13    132    0   1374   1326   1326    132   2.2595   -0.035
B-n66-k9 	BT-3   66   13    132    1   1374   1326   1326    132   2.2312   -0.035
B-n66-k9 	BT-3   66    6     66    0   1374   1326   1326     66   1.1790   -0.035
B-n66-k9 	BT-3   66    6     66    1   1374   1326   1326     66   1.1857   -0.035
B-n66-k9 	BT-3   66   22    264    0   1374   1570   1336    309   3.8987   -0.028
B-n66-k9 	BT-3   66   22    264    1   1374   1570   1338    339   4.0942   -0.026
B-n66-k9 	BT-3   66   13    132    0   1374   1326   1326    132   2.2534   -0.035
B-n66-k9 	BT-3   66   13    132    1   1374   1326   1326    132   2.2507   -0.035
B-n66-k9 	BT-3   66    6     66    0   1374   1326   1326     66   1.1928   -0.035
B-n66-k9 	BT-3   66    6     66    1   1374   1326   1326     66   1.1785   -0.035
B-n66-k9 	BT-3   66   22    264    0   1374   1570   1337    301   3.8599   -0.027
B-n66-k9 	BT-3   66   22    264    1   1374   1570   1334    378   4.2327   -0.029
B-n66-k9 	BT-3   66   13    132    0   1374   1326   1326    132   2.2524   -0.035
B-n66-k9 	BT-3   66   13    132    1   1374   1326   1326    132   2.2258   -0.035
B-n66-k9 	BT-3   66    6     66    0   1374   1326   1326     66   1.1806   -0.035
B-n66-k9 	BT-3   66    6     66    1   1374   1326   1326     66   1.1850   -0.035
B-n66-k9 	BT-3   66   22    264    0   1374   1570   1365    355   4.1590   -0.007
B-n66-k9 	BT-3   66   22    264    1   1374   1570   1361    524   4.9647   -0.009
B-n66-k9 	BT-3   66   13    132    0   1374   1326   1326    132   2.2476   -0.035
B-n66-k9 	BT-3   66   13    132    1   1374   1326   1326    132   2.2301   -0.035
B-n66-k9 	BT-3   66    6     66    0   1374   1326   1326     66   1.2073   -0.035
B-n66-k9 	BT-3   66    6     66    1   1374   1326   1326     66   1.1790   -0.035
B-n66-k9 	BT-3   66   22    264    0   1374   1570   1336    309   3.8766   -0.028
B-n66-k9 	BT-3   66   22    264    1   1374   1570   1339    328   4.0565   -0.025
B-n66-k9 	BT-3   66   13    132    0   1374   1326   1326    132   2.2784   -0.035
B-n66-k9 	BT-3   66   13    132    1   1374   1326   1326    132   2.2224   -0.035
B-n66-k9 	BT-3   66    6     66    0   1374   1326   1326     66   1.1823   -0.035
B-n66-k9 	BT-3   66    6     66    1   1374   1326   1326     66   1.1828   -0.035
B-n66-k9 	BT-3   66   22    264    0   1374   1570   1336    309   3.8713   -0.028
B-n66-k9 	BT-3   66   22    264    1   1374   1570   1330    352   4.1039   -0.032
B-n66-k9 	BT-3   66   13    132    0   1374   1326   1326    132   2.2685   -0.035
B-n66-k9 	BT-3   66   13    132    1   1374   1326   1326    132   2.2599   -0.035
B-n66-k9 	BT-3   66    6     66    0   1374   1326   1326     66   1.1883   -0.035
B-n66-k9 	BT-3   66    6     66    1   1374   1326   1326     66   1.1843   -0.035
B-n66-k9 	BT-3   66   22    264    0   1374   1570   1336    309   3.8707   -0.028
B-n66-k9 	BT-3   66   22    264    1   1374   1570   1335    440   4.5605   -0.028
B-n66-k9 	BT-3   66   13    132    0   1374   1326   1326    132   2.2528   -0.035
B-n66-k9 	BT-3   66   13    132    1   1374   1326   1326    132   2.2251   -0.035
B-n66-k9 	BT-3   66    6     66    0   1374   1326   1326     66   1.1923   -0.035
B-n66-k9 	BT-3   66    6     66    1   1374   1326   1326     66   1.1836   -0.035
B-n66-k9 	BT-3   66   22    264    0   1374   1570   1337    649   5.6741   -0.027
B-n66-k9 	BT-3   66   22    264    1   1374   1570   1347    312   3.8937   -0.020
B-n66-k9 	BT-3   66   13    132    0   1374   1326   1326    132   2.2415   -0.035
B-n66-k9 	BT-3   66   13    132    1   1374   1326   1326    132   2.2557   -0.035
B-n66-k9 	BT-3   66    6     66    0   1374   1326   1326     66   1.1816   -0.035
B-n66-k9 	BT-3   66    6     66    1   1374   1326   1326     66   1.1787   -0.035
B-n66-k9 	BT-3   66   22    264    0   1374   1570   1336    309   3.8726   -0.028
B-n66-k9 	BT-3   66   22    264    1   1374   1570   1341    336   4.0802   -0.024
B-n66-k9 	BT-3   66   13    132    0   1374   1326   1326    132   2.2604   -0.035
B-n66-k9 	BT-3   66   13    132    1   1374   1326   1326    132   2.2194   -0.035
B-n66-k9 	BT-3   66    6     66    0   1374   1326   1326     66   1.1792   -0.035
B-n66-k9 	BT-3   66    6     66    1   1374   1326   1326     66   1.1839   -0.035
B-n66-k9 	BT-3   66   22    264    0   1374   1570   1331    542   5.1207   -0.031
B-n66-k9 	BT-3   66   22    264    1   1374   1570   1342    537   5.0488   -0.023
B-n66-k9 	BT-3   66   13    132    0   1374   1326   1326    132   2.2734   -0.035
B-n66-k9 	BT-3   66   13    132    1   1374   1326   1326    132   2.2341   -0.035
B-n66-k9 	BT-3   66    6     66    0   1374   1326   1326     66   1.1799   -0.035
B-n66-k9 	BT-3   66    6     66    1   1374   1326   1326     66   1.1842   -0.035
B-n66-k9 	BT-3   66   22    264    0   1374   1570   1336    309   3.8703   -0.028
B-n66-k9 	BT-3   66   22    264    1   1374   1570   1342    378   4.2554   -0.023
B-n66-k9 	BT-3   66   13    132    0   1374   1326   1326    132   2.2544   -0.035
B-n66-k9 	BT-3   66   13    132    1   1374   1326   1326    132   2.2216   -0.035
B-n66-k9 	BT-3   66    6     66    0   1374   1326   1326     66   1.1776   -0.035
B-n66-k9 	BT-3   66    6     66    1   1374   1326   1326     66   1.1894   -0.035
B-n66-k9 	BT-3   66   22    264    0   1374   1570   1336    309   3.8851   -0.028
B-n66-k9 	BT-3   66   22    264    1   1374   1570   1390    298   3.8447    0.012
B-n66-k9 	BT-3   66   13    132    0   1374   1326   1326    132   2.2512   -0.035
B-n66-k9 	BT-3   66   13    132    1   1374   1326   1326    132   2.3423   -0.035
B-n66-k9 	BT-3   66    6     66    0   1374   1326   1326     66   1.2958   -0.035
B-n66-k9 	BT-3   66    6     66    1   1374   1326   1326     66   1.2713   -0.035
B-n66-k9 	BT-3   66   22    264    0   1374   1570   1336    314   3.9077   -0.028
B-n66-k9 	BT-3   66   22    264    1   1374   1570   1341    331   4.0244   -0.024
B-n66-k9 	BT-3   66   13    132    0   1374   1326   1326    132   2.2902   -0.035
B-n66-k9 	BT-3   66   13    132    1   1374   1326   1326    132   2.2515   -0.035
B-n66-k9 	BT-3   66    6     66    0   1374   1326   1326     66   1.1773   -0.035
B-n66-k9 	BT-3   66    6     66    1   1374   1326   1326     66   1.2036   -0.035
B-n66-k9 	BT-3   66   22    264    0   1374   1570   1336    309   4.2741   -0.028
B-n66-k9 	BT-3   66   22    264    1   1374   1570   1343    324   4.1599   -0.023
B-n66-k9 	BT-3   66   13    132    0   1374   1326   1326    132   2.3238   -0.035
B-n66-k9 	BT-3   66   13    132    1   1374   1326   1326    132   2.2223   -0.035
B-n66-k9 	BT-3   66    6     66    0   1374   1326   1326     66   1.1778   -0.035
B-n66-k9 	BT-3   66    6     66    1   1374   1326   1326     66   1.1863   -0.035
B-n66-k9 	BT-3   66   22    264    0   1374   1570   1335    572   5.3550   -0.028
B-n66-k9 	BT-3   66   22    264    1   1374   1570   1337    691   5.9067   -0.027
B-n66-k9 	BT-3   66   13    132    0   1374   1326   1326    132   2.2660   -0.035
B-n66-k9 	BT-3   66   13    132    1   1374   1326   1326    132   2.2196   -0.035
B-n66-k9 	BT-3   66    6     66    0   1374   1326   1326     66   1.2031   -0.035
B-n66-k9 	BT-3   66    6     66    1   1374   1326   1326     66   1.1812   -0.035
B-n66-k9 	BT-3   66   22    264    0   1374   1570   1330    363   4.1478   -0.032
B-n66-k9 	BT-3   66   22    264    1   1374   1570   1362    340   4.0893   -0.009
B-n66-k9 	BT-3   66   13    132    0   1374   1326   1326    132   2.2661   -0.035
B-n66-k9 	BT-3   66   13    132    1   1374   1326   1326    132   2.2285   -0.035
B-n66-k9 	BT-3   66    6     66    0   1374   1326   1326     66   1.1802   -0.035
B-n66-k9 	BT-3   66    6     66    1   1374   1326   1326     66   1.1856   -0.035
B-n66-k9 	BT-3   66   22    264    0   1374   1570   1336    303   3.8676   -0.028
B-n66-k9 	BT-3   66   22    264    1   1374   1570   1330    435   4.6092   -0.032
B-n66-k9 	BT-3   66   13    132    0   1374   1326   1326    132   2.2469   -0.035
B-n66-k9 	BT-3   66   13    132    1   1374   1326   1326    132   2.2302   -0.035
B-n66-k9 	BT-3   66    6     66    0   1374   1326   1326     66   1.1765   -0.035
B-n66-k9 	BT-3   66    6     66    1   1374   1326   1326     66   1.2108   -0.035
B-n66-k9 	BT-3   66   22    264    0   1374   1570   1336    309   3.8866   -0.028
B-n66-k9 	BT-3   66   22    264    1   1374   1570   1359    356   4.1281   -0.011
B-n66-k9 	BT-3   66   13    132    0   1374   1326   1326    132   2.3028   -0.035
B-n66-k9 	BT-3   66   13    132    1   1374   1326   1326    132   2.2320   -0.035
B-n66-k9 	BT-3   66    6     66    0   1374   1326   1326     66   1.1863   -0.035
B-n66-k9 	BT-3   66    6     66    1   1374   1326   1326     66   1.1863   -0.035
B-n66-k9 	BT-3   66   22    264    0   1374   1570   1337    301   3.8525   -0.027
B-n66-k9 	BT-3   66   22    264    1   1374   1570   1338    544   5.1786   -0.026
B-n66-k9 	BT-3   66   13    132    0   1374   1326   1326    132   2.2493   -0.035
B-n66-k9 	BT-3   66   13    132    1   1374   1326   1326    132   2.2218   -0.035
B-n66-k9 	BT-3   66    6     66    0   1374   1326   1326     66   1.1816   -0.035
B-n66-k9 	BT-3   66    6     66    1   1374   1326   1326     66   1.1842   -0.035
B-n66-k9 	BT-3   66   22    264    0   1374   1570   1337    301   3.8738   -0.027
B-n66-k9 	BT-3   66   22    264    1   1374   1570   1328    454   4.6822   -0.033
B-n66-k9 	BT-3   66   13    132    0   1374   1326   1326    132   2.2491   -0.035
B-n66-k9 	BT-3   66   13    132    1   1374   1326   1326    132   2.2318   -0.035
B-n66-k9 	BT-3   66    6     66    0   1374   1326   1326     66   1.1818   -0.035
B-n66-k9 	BT-3   66    6     66    1   1374   1326   1326     66   1.1828   -0.035
B-n66-k9 	BT-3   66   22    264    0   1374   1570   1331    581   5.3334   -0.031
B-n66-k9 	BT-3   66   22    264    1   1374   1570   1328    706   6.1133   -0.033
B-n66-k9 	BT-3   66   13    132    0   1374   1326   1326    132   2.2531   -0.035
B-n66-k9 	BT-3   66   13    132    1   1374   1326   1326    132   2.2299   -0.035
B-n66-k9 	BT-3   66    6     66    0   1374   1326   1326     66   1.1773   -0.035
B-n66-k9 	BT-3   66    6     66    1   1374   1326   1326     66   1.1850   -0.035
B-n66-k9 	BT-3   66   22    264    0   1374   1570   1337    301   3.8769   -0.027
B-n66-k9 	BT-3   66   22    264    1   1374   1570   1342    324   3.9854   -0.023
B-n66-k9 	BT-3   66   13    132    0   1374   1326   1326    132   2.2411   -0.035
B-n66-k9 	BT-3   66   13    132    1   1374   1326   1326    132   2.2297   -0.035
B-n66-k9 	BT-3   66    6     66    0   1374   1326   1326     66   1.1871   -0.035
B-n66-k9 	BT-3   66    6     66    1   1374   1326   1326     66   1.1848   -0.035
B-n66-k9 	BT-3   66   22    264    0   1374   1570   1336    309   3.8780   -0.028
B-n66-k9 	BT-3   66   22    264    1   1374   1570   1386    306   3.9110    0.009
B-n66-k9 	BT-3   66   13    132    0   1374   1326   1326    132   2.2610   -0.035
B-n66-k9 	BT-3   66   13    132    1   1374   1326   1326    132   2.2207   -0.035
B-n66-k9 	BT-3   66    6     66    0   1374   1326   1326     66   1.1891   -0.035
B-n66-k9 	BT-3   66    6     66    1   1374   1326   1326     66   1.1962   -0.035
B-n66-k9 	BT-3   66   22    264    0   1374   1570   1336    309   3.8989   -0.028
B-n66-k9 	BT-3   66   22    264    1   1374   1570   1362    339   4.1173   -0.009
B-n66-k9 	BT-3   66   13    132    0   1374   1326   1326    132   2.2425   -0.035
B-n66-k9 	BT-3   66   13    132    1   1374   1326   1326    132   2.2415   -0.035
B-n66-k9 	BT-3   66    6     66    0   1374   1326   1326     66   1.1800   -0.035
B-n66-k9 	BT-3   66    6     66    1   1374   1326   1326     66   1.1907   -0.035
B-n66-k9 	BT-3   66   22    264    0   1374   1570   1336    309   3.8517   -0.028
B-n66-k9 	BT-3   66   22    264    1   1374   1570   1329    407   4.3919   -0.033
B-n66-k9 	BT-3   66   13    132    0   1374   1326   1326    132   2.2581   -0.035
B-n66-k9 	BT-3   66   13    132    1   1374   1326   1326    132   2.2279   -0.035
B-n66-k9 	BT-3   66    6     66    0   1374   1326   1326     66   1.1861   -0.035
B-n66-k9 	BT-3   66    6     66    1   1374   1326   1326     66   1.1925   -0.035
B-n66-k9 	BT-3   66   22    264    0   1374   1570   1334    298   3.8847   -0.029
B-n66-k9 	BT-3   66   22    264    1   1374   1570   1387    536   5.1992    0.009
B-n66-k9 	BT-3   66   13    132    0   1374   1326   1326    132   2.2748   -0.035
B-n66-k9 	BT-3   66   13    132    1   1374   1326   1326    132   2.2685   -0.035
B-n66-k9 	BT-3   66    6     66    0   1374   1326   1326     66   1.1803   -0.035
B-n66-k9 	BT-3   66    6     66    1   1374   1326   1326     66   1.1890   -0.035
B-n66-k9 	BT-3   66   22    264    0   1374   1570   1336    555   5.2199   -0.028
B-n66-k9 	BT-3   66   22    264    1   1374   1570   1341    328   3.9670   -0.024
B-n66-k9 	BT-3   66   13    132    0   1374   1326   1326    132   2.2983   -0.035
B-n66-k9 	BT-3   66   13    132    1   1374   1326   1326    132   2.2273   -0.035
B-n66-k9 	BT-3   66    6     66    0   1374   1326   1326     66   1.1884   -0.035
B-n66-k9 	BT-3   66    6     66    1   1374   1326   1326     66   1.1964   -0.035
B-n66-k9 	BT-3   66   22    264    0   1374   1570   1335    346   4.1970   -0.028
B-n66-k9 	BT-3   66   22    264    1   1374   1570   1342    327   3.9808   -0.023
B-n66-k9 	BT-3   66   13    132    0   1374   1326   1326    132   2.2568   -0.035
B-n66-k9 	BT-3   66   13    132    1   1374   1326   1326    132   2.2250   -0.035
B-n66-k9 	BT-3   66    6     66    0   1374   1326   1326     66   1.1797   -0.035
B-n66-k9 	BT-3   66    6     66    1   1374   1326   1326     66   1.1922   -0.035
B-n66-k9 	BT-3   66   22    264    0   1374   1570   1382    330   4.0344    0.006
B-n66-k9 	BT-3   66   22    264    1   1374   1570   1332    498   4.8499   -0.031
B-n66-k9 	BT-3   66   13    132    0   1374   1326   1326    132   2.2431   -0.035
B-n66-k9 	BT-3   66   13    132    1   1374   1326   1326    132   2.2192   -0.035
B-n66-k9 	BT-3   66    6     66    0   1374   1326   1326     66   1.1772   -0.035
B-n66-k9 	BT-3   66    6     66    1   1374   1326   1326     66   1.1819   -0.035
B-n66-k9 	BT-3   66   22    264    0   1374   1570   1336    309   3.9025   -0.028
B-n66-k9 	BT-3   66   22    264    1   1374   1570   1328    539   5.0659   -0.033
B-n66-k9 	BT-3   66   13    132    0   1374   1326   1326    132   2.2652   -0.035
B-n66-k9 	BT-3   66   13    132    1   1374   1326   1326    132   2.2228   -0.035
B-n66-k9 	BT-3   66    6     66    0   1374   1326   1326     66   1.1767   -0.035
B-n66-k9 	BT-3   66    6     66    1   1374   1326   1326     66   1.1803   -0.035
B-n66-k9 	BT-3   66   22    264    0   1374   1570   1336    309   3.8831   -0.028
B-n66-k9 	BT-3   66   22    264    1   1374   1570   1372    303   4.0035   -0.001
B-n66-k9 	BT-3   66   13    132    0   1374   1326   1326    132   2.2881   -0.035
B-n66-k9 	BT-3   66   13    132    1   1374   1326   1326    132   2.2285   -0.035
B-n66-k9 	BT-3   66    6     66    0   1374   1326   1326     66   1.1802   -0.035
B-n66-k9 	BT-3   66    6     66    1   1374   1326   1326     66   1.1879   -0.035
B-n66-k9 	BT-3   66   22    264    0   1374   1570   1336    309   3.8997   -0.028
B-n66-k9 	BT-3   66   22    264    1   1374   1570   1344    471   4.7390   -0.022
B-n66-k9 	BT-3   66   13    132    0   1374   1326   1326    132   2.2432   -0.035
B-n66-k9 	BT-3   66   13    132    1   1374   1326   1326    132   2.2257   -0.035
B-n66-k9 	BT-3   66    6     66    0   1374   1326   1326     66   1.1817   -0.035
B-n66-k9 	BT-3   66    6     66    1   1374   1326   1326     66   1.1768   -0.035
B-n66-k9 	BT-3   66   22    264    0   1374   1570   1335    344   4.1762   -0.028
B-n66-k9 	BT-3   66   22    264    1   1374   1570   1335    415   4.4560   -0.028
B-n66-k9 	BT-3   66   13    132    0   1374   1326   1326    132   2.2902   -0.035
B-n66-k9 	BT-3   66   13    132    1   1374   1326   1326    132   2.2318   -0.035
B-n66-k9 	BT-3   66    6     66    0   1374   1326   1326     66   1.1799   -0.035
B-n66-k9 	BT-3   66    6     66    1   1374   1326   1326     66   1.1861   -0.035
B-n66-k9 	BT-3   66   22    264    0   1374   1570   1375    323   3.9874    0.001
B-n66-k9 	BT-3   66   22    264    1   1374   1570   1348    331   4.0873   -0.019
B-n66-k9 	BT-3   66   13    132    0   1374   1326   1326    132   2.2471   -0.035
B-n66-k9 	BT-3   66   13    132    1   1374   1326   1326    132   2.2419   -0.035
B-n66-k9 	BT-3   66    6     66    0   1374   1326   1326     66   1.1817   -0.035
B-n66-k9 	BT-3   66    6     66    1   1374   1326   1326     66   1.1856   -0.035
B-n66-k9 	BT-3   66   22    264    0   1374   1570   1336    309   3.8806   -0.028
B-n66-k9 	BT-3   66   22    264    1   1374   1570   1328    540   5.0953   -0.033
B-n66-k9 	BT-3   66   13    132    0   1374   1326   1326    132   2.2992   -0.035
B-n66-k9 	BT-3   66   13    132    1   1374   1326   1326    132   2.2295   -0.035
B-n66-k9 	BT-3   66    6     66    0   1374   1326   1326     66   1.1815   -0.035
B-n66-k9 	BT-3   66    6     66    1   1374   1326   1326     66   1.1831   -0.035
B-n66-k9 	BT-3   66   22    264    0   1374   1570   1331    392   4.2886   -0.031
B-n66-k9 	BT-3   66   22    264    1   1374   1570   1336    445   4.6195   -0.028
B-n66-k9 	BT-3   66   13    132    0   1374   1326   1326    132   2.2497   -0.035
B-n66-k9 	BT-3   66   13    132    1   1374   1326   1326    132   2.2325   -0.035
B-n66-k9 	BT-3   66    6     66    0   1374   1326   1326     66   1.1845   -0.035
B-n66-k9 	BT-3   66    6     66    1   1374   1326   1326     66   1.1838   -0.035
B-n66-k9 	BT-3   66   22    264    0   1374   1570   1337    301   3.8692   -0.027
B-n66-k9 	BT-3   66   22    264    1   1374   1570   1389    294   3.8977    0.011
B-n66-k9 	BT-3   66   13    132    0   1374   1326   1326    132   2.2668   -0.035
B-n66-k9 	BT-3   66   13    132    1   1374   1326   1326    132   2.2503   -0.035
B-n66-k9 	BT-3   66    6     66    0   1374   1326   1326     66   1.1795   -0.035
B-n66-k9 	BT-3   66    6     66    1   1374   1326   1326     66   1.1800   -0.035
B-n66-k9 	BT-3   66   22    264    0   1374   1570   1338    566   5.3019   -0.026
B-n66-k9 	BT-3   66   22    264    1   1374   1570   1336    353   4.1437   -0.028
B-n66-k9 	BT-3   66   13    132    0   1374   1326   1326    132   2.2608   -0.035
B-n66-k9 	BT-3   66   13    132    1   1374   1326   1326    132   2.2290   -0.035
B-n66-k9 	BT-3   66    6     66    0   1374   1326   1326     66   1.1840   -0.035
B-n66-k9 	BT-3   66    6     66    1   1374   1326   1326     66   1.1954   -0.035
B-n66-k9 	BT-3   66   22    264    0   1374   1570   1336    309   3.8962   -0.028
B-n66-k9 	BT-3   66   22    264    1   1374   1570   1342    313   3.9087   -0.023
B-n66-k9 	BT-3   66   13    132    0   1374   1326   1326    132   2.2604   -0.035
B-n66-k9 	BT-3   66   13    132    1   1374   1326   1326    132   2.2430   -0.035
B-n66-k9 	BT-3   66    6     66    0   1374   1326   1326     66   1.1787   -0.035
B-n66-k9 	BT-3   66    6     66    1   1374   1326   1326     66   1.1796   -0.035
B-n66-k9 	BT-3   66   22    264    0   1374   1570   1337    301   3.8473   -0.027
B-n66-k9 	BT-3   66   22    264    1   1374   1570   1339    415   4.4752   -0.025
B-n66-k9 	BT-3   66   13    132    0   1374   1326   1326    132   2.2490   -0.035
B-n66-k9 	BT-3   66   13    132    1   1374   1326   1326    132   2.2193   -0.035
B-n66-k9 	BT-3   66    6     66    0   1374   1326   1326     66   1.1766   -0.035
B-n66-k9 	BT-3   66    6     66    1   1374   1326   1326     66   1.1800   -0.035
B-n66-k9 	BT-3   66   22    264    0   1374   1570   1335    337   4.0774   -0.028
B-n66-k9 	BT-3   66   22    264    1   1374   1570   1369    572   5.3028   -0.004
B-n66-k9 	BT-3   66   13    132    0   1374   1326   1326    132   2.2560   -0.035
B-n66-k9 	BT-3   66   13    132    1   1374   1326   1326    132   2.2396   -0.035
B-n66-k9 	BT-3   66    6     66    0   1374   1326   1326     66   1.1801   -0.035
B-n66-k9 	BT-3   66    6     66    1   1374   1326   1326     66   1.1907   -0.035
B-n66-k9 	BT-3   66   22    264    0   1374   1570   1336    309   3.8729   -0.028
B-n66-k9 	BT-3   66   22    264    1   1374   1570   1329    450   4.6047   -0.033
B-n66-k9 	BT-3   66   13    132    0   1374   1326   1326    132   2.2498   -0.035
B-n66-k9 	BT-3   66   13    132    1   1374   1326   1326    132   2.2206   -0.035
B-n66-k9 	BT-3   66    6     66    0   1374   1326   1326     66   1.1765   -0.035
B-n66-k9 	BT-3   66    6     66    1   1374   1326   1326     66   1.2049   -0.035
B-n66-k9 	BT-3   66   22    264    0   1374   1570   1336    309   3.8566   -0.028
B-n66-k9 	BT-3   66   22    264    1   1374   1570   1341    328   4.0152   -0.024
B-n66-k9 	BT-3   66   13    132    0   1374   1326   1326    132   2.2451   -0.035
B-n66-k9 	BT-3   66   13    132    1   1374   1326   1326    132   2.2370   -0.035
B-n66-k9 	BT-3   66    6     66    0   1374   1326   1326     66   1.1806   -0.035
B-n66-k9 	BT-3   66    6     66    1   1374   1326   1326     66   1.1836   -0.035
B-n66-k9 	BT-3   66   22    264    0   1374   1570   1336    309   3.8675   -0.028
B-n66-k9 	BT-3   66   22    264    1   1374   1570   1340    416   4.4103   -0.025
B-n66-k9 	BT-3   66   13    132    0   1374   1326   1326    132   2.2527   -0.035
B-n66-k9 	BT-3   66   13    132    1   1374   1326   1326    132   2.2184   -0.035
B-n66-k9 	BT-3   66    6     66    0   1374   1326   1326     66   1.1774   -0.035
B-n66-k9 	BT-3   66    6     66    1   1374   1326   1326     66   1.2174   -0.035
B-n66-k9 	BT-3   66   22    264    0   1374   1570   1336    309   3.8520   -0.028
B-n66-k9 	BT-3   66   22    264    1   1374   1570   1341    327   3.9930   -0.024
B-n66-k9 	BT-3   66   13    132    0   1374   1326   1326    132   2.2518   -0.035
B-n66-k9 	BT-3   66   13    132    1   1374   1326   1326    132   2.2691   -0.035
B-n66-k9 	BT-3   66    6     66    0   1374   1326   1326     66   1.1830   -0.035
B-n66-k9 	BT-3   66    6     66    1   1374   1326   1326     66   1.1858   -0.035
B-n66-k9 	BT-3   66   22    264    0   1374   1570   1337    301   3.8519   -0.027
B-n66-k9 	BT-3   66   22    264    1   1374   1570   1335    485   4.8025   -0.028
B-n66-k9 	BT-3   66   13    132    0   1374   1326   1326    132   2.2447   -0.035
B-n66-k9 	BT-3   66   13    132    1   1374   1326   1326    132   2.2227   -0.035
B-n66-k9 	BT-3   66    6     66    0   1374   1326   1326     66   1.1889   -0.035
B-n66-k9 	BT-3   66    6     66    1   1374   1326   1326     66   1.1847   -0.035
B-n66-k9 	BT-3   66   22    264    0   1374   1570   1338    300   3.8736   -0.026
B-n66-k9 	BT-3   66   22    264    1   1374   1570   1336    724   6.0393   -0.028
B-n66-k9 	BT-3   66   13    132    0   1374   1326   1326    132   2.2571   -0.035
B-n66-k9 	BT-3   66   13    132    1   1374   1326   1326    132   2.2718   -0.035
B-n66-k9 	BT-3   66    6     66    0   1374   1326   1326     66   1.1896   -0.035
B-n66-k9 	BT-3   66    6     66    1   1374   1326   1326     66   1.1938   -0.035
B-n66-k9 	BT-3   66   22    264    0   1374   1570   1377    314   3.8405    0.002
B-n66-k9 	BT-3   66   22    264    1   1374   1570   1336    519   5.0460   -0.028
B-n66-k9 	BT-3   66   13    132    0   1374   1326   1326    132   2.2441   -0.035
B-n66-k9 	BT-3   66   13    132    1   1374   1326   1326    132   2.2292   -0.035
B-n66-k9 	BT-3   66    6     66    0   1374   1326   1326     66   1.1860   -0.035
B-n66-k9 	BT-3   66    6     66    1   1374   1326   1326     66   1.2122   -0.035
B-n66-k9 	BT-3   66   22    264    0   1374   1570   1336    309   3.8736   -0.028
B-n66-k9 	BT-3   66   22    264    1   1374   1570   1347    326   4.0338   -0.020
B-n66-k9 	BT-3   66   13    132    0   1374   1326   1326    132   2.2618   -0.035
B-n66-k9 	BT-3   66   13    132    1   1374   1326   1326    132   2.2193   -0.035
B-n66-k9 	BT-3   66    6     66    0   1374   1326   1326     66   1.1772   -0.035
B-n66-k9 	BT-3   66    6     66    1   1374   1326   1326     66   1.1817   -0.035
B-n66-k9 	BT-3   66   22    264    0   1374   1570   1336    309   3.8897   -0.028
B-n66-k9 	BT-3   66   22    264    1   1374   1570   1335    388   4.3513   -0.028
B-n66-k9 	BT-3   66   13    132    0   1374   1326   1326    132   2.2451   -0.035
B-n66-k9 	BT-3   66   13    132    1   1374   1326   1326    132   2.2308   -0.035
B-n66-k9 	BT-3   66    6     66    0   1374   1326   1326     66   1.1839   -0.035
B-n66-k9 	BT-3   66    6     66    1   1374   1326   1326     66   1.1820   -0.035
B-n66-k9 	BT-3   66   22    264    0   1374   1570   1336    309   3.8880   -0.028
B-n66-k9 	BT-3   66   22    264    1   1374   1570   1340    347   4.1204   -0.025
B-n66-k9 	BT-3   66   13    132    0   1374   1326   1326    132   2.2514   -0.035
B-n66-k9 	BT-3   66   13    132    1   1374   1326   1326    132   2.2457   -0.035
B-n66-k9 	BT-3   66    6     66    0   1374   1326   1326     66   1.1793   -0.035
B-n66-k9 	BT-3   66    6     66    1   1374   1326   1326     66   1.1835   -0.035
B-n66-k9 	BT-3   66   22    264    0   1374   1570   1337    301   3.8430   -0.027
B-n66-k9 	BT-3   66   22    264    1   1374   1570   1334    529   5.0419   -0.029
B-n66-k9 	BT-3   66   13    132    0   1374   1326   1326    132   2.2477   -0.035
B-n66-k9 	BT-3   66   13    132    1   1374   1326   1326    132   2.2288   -0.035
B-n66-k9 	BT-3   66    6     66    0   1374   1326   1326     66   1.1798   -0.035
B-n66-k9 	BT-3   66    6     66    1   1374   1326   1326     66   1.1886   -0.035
B-n66-k9 	BT-3   66   22    264    0   1374   1570   1336    309   3.9038   -0.028
B-n66-k9 	BT-3   66   22    264    1   1374   1570   1342    328   3.9876   -0.023
B-n66-k9 	BT-3   66   13    132    0   1374   1326   1326    132   2.2630   -0.035
B-n66-k9 	BT-3   66   13    132    1   1374   1326   1326    132   2.2272   -0.035
B-n66-k9 	BT-3   66    6     66    0   1374   1326   1326     66   1.1763   -0.035
B-n66-k9 	BT-3   66    6     66    1   1374   1326   1326     66   1.2030   -0.035
B-n66-k9 	BT-3   66   22    264    0   1374   1570   1337    301   3.8539   -0.027
B-n66-k9 	BT-3   66   22    264    1   1374   1570   1348    321   3.9388   -0.019
B-n66-k9 	BT-3   66   13    132    0   1374   1326   1326    132   2.3377   -0.035
B-n66-k9 	BT-3   66   13    132    1   1374   1326   1326    132   2.2633   -0.035
B-n66-k9 	BT-3   66    6     66    0   1374   1326   1326     66   1.1767   -0.035
B-n66-k9 	BT-3   66    6     66    1   1374   1326   1326     66   1.1912   -0.035
B-n66-k9 	BT-3   66   22    264    0   1374   1570   1396    300   3.7998    0.016
B-n66-k9 	BT-3   66   22    264    1   1374   1570   1342    327   4.0027   -0.023
B-n66-k9 	BT-3   66   13    132    0   1374   1326   1326    132   2.2408   -0.035
B-n66-k9 	BT-3   66   13    132    1   1374   1326   1326    132   2.2396   -0.035
B-n66-k9 	BT-3   66    6     66    0   1374   1326   1326     66   1.1805   -0.035
B-n66-k9 	BT-3   66    6     66    1   1374   1326   1326     66   1.1852   -0.035
B-n66-k9 	BT-3   66   22    264    0   1374   1570   1336    309   3.8817   -0.028
B-n66-k9 	BT-3   66   22    264    1   1374   1570   1334    342   4.1023   -0.029
B-n66-k9 	BT-3   66   13    132    0   1374   1326   1326    132   2.2606   -0.035
B-n66-k9 	BT-3   66   13    132    1   1374   1326   1326    132   2.2520   -0.035
B-n66-k9 	BT-3   66    6     66    0   1374   1326   1326     66   1.1961   -0.035
B-n66-k9 	BT-3   66    6     66    1   1374   1326   1326     66   1.1885   -0.035
B-n66-k9 	BT-3   66   22    264    0   1374   1570   1336    309   3.8684   -0.028
B-n66-k9 	BT-3   66   22    264    1   1374   1570   1384    322   3.9682    0.007
B-n66-k9 	BT-3   66   13    132    0   1374   1326   1326    132   2.2492   -0.035
B-n66-k9 	BT-3   66   13    132    1   1374   1326   1326    132   2.2322   -0.035
B-n66-k9 	BT-3   66    6     66    0   1374   1326   1326     66   1.1837   -0.035
B-n66-k9 	BT-3   66    6     66    1   1374   1326   1326     66   1.1790   -0.035
B-n66-k9 	BT-3   66   22    264    0   1374   1570   1336    309   3.8814   -0.028
B-n66-k9 	BT-3   66   22    264    1   1374   1570   1343    545   5.1257   -0.023
B-n66-k9 	BT-3   66   13    132    0   1374   1326   1326    132   2.2801   -0.035
B-n66-k9 	BT-3   66   13    132    1   1374   1326   1326    132   2.2197   -0.035
B-n66-k9 	BT-3   66    6     66    0   1374   1326   1326     66   1.1835   -0.035
B-n66-k9 	BT-3   66    6     66    1   1374   1326   1326     66   1.1884   -0.035
B-n66-k9 	BT-3   66   22    264    0   1374   1570   1336    309   3.8735   -0.028
B-n66-k9 	BT-3   66   22    264    1   1374   1570   1342    371   4.2510   -0.023
B-n66-k9 	BT-3   66   13    132    0   1374   1326   1326    132   2.2559   -0.035
B-n66-k9 	BT-3   66   13    132    1   1374   1326   1326    132   2.2429   -0.035
B-n66-k9 	BT-3   66    6     66    0   1374   1326   1326     66   1.1852   -0.035
B-n66-k9 	BT-3   66    6     66    1   1374   1326   1326     66   1.1942   -0.035
B-n66-k9 	BT-3   66   22    264    0   1374   1570   1336    309   3.8790   -0.028
B-n66-k9 	BT-3   66   22    264    1   1374   1570   1332    396   4.3165   -0.031
B-n66-k9 	BT-3   66   13    132    0   1374   1326   1326    132   2.2844   -0.035
B-n66-k9 	BT-3   66   13    132    1   1374   1326   1326    132   2.2200   -0.035
B-n66-k9 	BT-3   66    6     66    0   1374   1326   1326     66   1.1807   -0.035
B-n66-k9 	BT-3   66    6     66    1   1374   1326   1326     66   1.1914   -0.035
B-n66-k9 	BT-3   66   22    264    0   1374   1570   1344    397   4.4741   -0.022
B-n66-k9 	BT-3   66   22    264    1   1374   1570   1337    419   4.4569   -0.027
B-n66-k9 	BT-3   66   13    132    0   1374   1326   1326    132   2.2599   -0.035
B-n66-k9 	BT-3   66   13    132    1   1374   1326   1326    132   2.2193   -0.035
B-n66-k9 	BT-3   66    6     66    0   1374   1326   1326     66   1.1809   -0.035
B-n66-k9 	BT-3   66    6     66    1   1374   1326   1326     66   1.1846   -0.035
B-n66-k9 	BT-3   66   22    264    0   1374   1570   1336    309   3.8526   -0.028
B-n66-k9 	BT-3   66   22    264    1   1374   1570   1335    358   4.1489   -0.028
B-n66-k9 	BT-3   66   13    132    0   1374   1326   1326    132   2.2502   -0.035
B-n66-k9 	BT-3   66   13    132    1   1374   1326   1326    132   2.2164   -0.035
B-n66-k9 	BT-3   66    6     66    0   1374   1326   1326     66   1.1821   -0.035
B-n66-k9 	BT-3   66    6     66    1   1374   1326   1326     66   1.1884   -0.035
B-n66-k9 	BT-3   66   22    264    0   1374   1570   1330    583   5.3937   -0.032
B-n66-k9 	BT-3   66   22    264    1   1374   1570   1388    310   3.9428    0.010
B-n66-k9 	BT-3   66   13    132    0   1374   1326   1326    132   2.2661   -0.035
B-n66-k9 	BT-3   66   13    132    1   1374   1326   1326    132   2.2269   -0.035
B-n66-k9 	BT-3   66    6     66    0   1374   1326   1326     66   1.1800   -0.035
B-n66-k9 	BT-3   66    6     66    1   1374   1326   1326     66   1.1854   -0.035
B-n66-k9 	BT-3   66   22    264    0   1374   1570   1336    309   3.8934   -0.028
B-n66-k9 	BT-3   66   22    264    1   1374   1570   1332    396   4.3140   -0.031
B-n66-k9 	BT-3   66   13    132    0   1374   1326   1326    132   2.2531   -0.035
B-n66-k9 	BT-3   66   13    132    1   1374   1326   1326    132   2.2310   -0.035
B-n66-k9 	BT-3   66    6     66    0   1374   1326   1326     66   1.1811   -0.035
B-n66-k9 	BT-3   66    6     66    1   1374   1326   1326     66   1.1769   -0.035
