P-n65-k10 	BT-1   65   21    260    0    792   1109    844    399   3.5755    0.066
P-n65-k10 	BT-1   65   21    260    1    792   1009    818    521   4.6251    0.033
P-n65-k10 	BT-1   65   10    130    0    792    830    818    131   9.3239    0.033
P-n65-k10 	BT-1   65   10    130    1    792    818    818    130   9.3346    0.033
P-n65-k10 	BT-1   65   42    130    0    792    830    818    131  28.0044    0.033
P-n65-k10 	BT-1   65   42    130    1    792    818    818    130  27.9763    0.033
P-n65-k10 	BT-2   65   21    260    0    792   1109    834    275   2.4355    0.053
P-n65-k10 	BT-2   65   21    260    1    792   1009    850    270   2.3801    0.073
P-n65-k10 	BT-2   65   10    130    0    792    836    819    200   6.6233    0.034
P-n65-k10 	BT-2   65   10    130    1    792    834    827    186   6.4741    0.044
P-n65-k10 	BT-2   65   42    130    0    792    950    820    140  19.2140    0.035
P-n65-k10 	BT-2   65   42    130    1    792    819    819    130  19.1228    0.034
P-n65-k10 	BT-3   65   21    260    0    792   1109    821    422   3.5686    0.037
P-n65-k10 	BT-3   65   21    260    1    792   1009    822    500   4.3985    0.038
P-n65-k10 	BT-3   65   10    130    0    792    838    821     95   8.8211    0.037
P-n65-k10 	BT-3   65   10    130    1    792    821    820    150   9.3100    0.035
P-n65-k10 	BT-3   65   42    130    0    792    825    820     94  26.9420    0.035
P-n65-k10 	BT-3   65   42    130    1    792    820    820     93  26.9370    0.035
P-n65-k10 	BT-3   65   21    260    0    792   1109    840    265   2.1922    0.061
P-n65-k10 	BT-3   65   21    260    1    792   1009    840    456   4.0295    0.061
P-n65-k10 	BT-3   65   10    130    0    792    825    811    140  87.4848    0.024
P-n65-k10 	BT-3   65   10    130    1    792    820    820     87  87.0125    0.035
P-n65-k10 	BT-3   65   42    130    0    792    820    811     93 261.5200    0.024
P-n65-k10 	BT-3   65   42    130    1    792    811    811     92 261.5095    0.024
P-n65-k10 	BT-3   65   21    260    0    792   1109    819    445   3.8154    0.034
P-n65-k10 	BT-3   65   21    260    1    792   1009    853    299   2.7117    0.077
P-n65-k10 	BT-3   65   10    130    0    792    820    811     92 791.0643    0.024
P-n65-k10 	BT-3   65   10    130    1    792    811    811     92 791.0670    0.024
P-n65-k10 	BT-3   65   42    130    0    792    820    809    101 -1921.6981    0.021
P-n65-k10 	BT-3   65   42    130    1    792    811    811     89 -1921.7595    0.024
P-n65-k10 	BT-3   65   21    260    0    792   1109    840    258   2.1475    0.061
P-n65-k10 	BT-3   65   21    260    1    792   1009    837    387   3.3930    0.057
P-n65-k10 	BT-3   65   10    130    0    792    832    809     95 -1464.6870    0.021
P-n65-k10 	BT-3   65   10    130    1    792    809    809     88 -1464.7616    0.021
P-n65-k10 	BT-3   65   42    130    0    792    832    809     95 -99.1824    0.021
P-n65-k10 	BT-3   65   42    130    1    792    809    809     95 -99.1634    0.021
P-n65-k10 	BT-3   65   21    260    0    792   1109    839    353   3.0001    0.059
P-n65-k10 	BT-3   65   21    260    1    792   1009    849    302   2.6008    0.072
P-n65-k10 	BT-3   65   10    130    0    792    832    809     96 -291.9022    0.021
P-n65-k10 	BT-3   65   10    130    1    792    809    807    151 -291.4519    0.019
P-n65-k10 	BT-3   65   42    130    0    792    822    807     98 -875.2169    0.019
P-n65-k10 	BT-3   65   42    130    1    792    807    807     94 -875.2703    0.019
P-n65-k10 	BT-3   65   21    260    0    792   1109    824    243   1.9829    0.040
P-n65-k10 	BT-3   65   21    260    1    792   1009    825    502   4.3986    0.042
P-n65-k10 	BT-3   65   10    130    0    792    822    807     91 1675.5551    0.019
P-n65-k10 	BT-3   65   10    130    1    792    807    807     84 1675.4852    0.019
P-n65-k10 	BT-3   65   42    130    0    792    822    807     99 731.7048    0.019
P-n65-k10 	BT-3   65   42    130    1    792    807    807     92 731.6422    0.019
P-n65-k10 	BT-3   65   21    260    0    792   1109    834    277   2.3514    0.053
P-n65-k10 	BT-3   65   21    260    1    792   1009    850    439   3.9162    0.073
P-n65-k10 	BT-3   65   10    130    0    792    822    807     91 -2093.7004    0.019
P-n65-k10 	BT-3   65   10    130    1    792    807    807     90 -2093.7122    0.019
P-n65-k10 	BT-3   65   42    130    0    792    822    807     96 -1986.1443    0.019
P-n65-k10 	BT-3   65   42    130    1    792    807    807     90 -1986.1781    0.019
P-n65-k10 	BT-3   65   21    260    0    792   1109    859    238   1.9742    0.085
P-n65-k10 	BT-3   65   21    260    1    792   1009    847    401   3.5839    0.069
P-n65-k10 	BT-3   65   10    130    0    792    822    807     98 -1657.8864    0.019
P-n65-k10 	BT-3   65   10    130    1    792    807    807     88 -1657.9808    0.019
P-n65-k10 	BT-3   65   42    130    0    792    822    807     95 -678.8490    0.019
P-n65-k10 	BT-3   65   42    130    1    792    807    807     90 -678.8849    0.019
P-n65-k10 	BT-3   65   21    260    0    792   1109    835    330   2.8217    0.054
P-n65-k10 	BT-3   65   21    260    1    792   1009    840    542   4.8061    0.061
P-n65-k10 	BT-3   65   10    130    0    792    822    807     94 -2028.9480    0.019
P-n65-k10 	BT-3   65   10    130    1    792    807    807     92 -2028.9812    0.019
P-n65-k10 	BT-3   65   42    130    0    792    822    807     91 -1791.9402    0.019
P-n65-k10 	BT-3   65   42    130    1    792    807    807     88 -1791.9838    0.019
P-n65-k10 	BT-3   65   21    260    0    792   1109    817    453   3.9523    0.032
P-n65-k10 	BT-3   65   21    260    1    792   1009    809    619   5.5633    0.021
P-n65-k10 	BT-3   65   10    130    0    792    822    807     88 -1071.4116    0.019
P-n65-k10 	BT-3   65   10    130    1    792    807    807     94 -1071.3622    0.019
P-n65-k10 	BT-3   65   42    130    0    792    822    807     90 1080.7968    0.019
P-n65-k10 	BT-3   65   42    130    1    792    807    807     87 1080.7716    0.019
P-n65-k10 	BT-3   65   21    260    0    792   1109    839    335   2.8376    0.059
P-n65-k10 	BT-3   65   21    260    1    792   1009    847    406   3.5874    0.069
P-n65-k10 	BT-3   65   10    130    0    792    822    807     89 -1046.1881    0.019
P-n65-k10 	BT-3   65   10    130    1    792    807    807     93 -1046.1564    0.019
P-n65-k10 	BT-3   65   42    130    0    792    822    807     89 1156.4479    0.019
P-n65-k10 	BT-3   65   42    130    1    792    807    807     98 1156.5601    0.019
P-n65-k10 	BT-3   65   21    260    0    792   1109    838    305   2.5792    0.058
P-n65-k10 	BT-3   65   21    260    1    792   1009    847    386   3.4467    0.069
P-n65-k10 	BT-3   65   10    130    0    792    822    807     89 -819.4924    0.019
P-n65-k10 	BT-3   65   10    130    1    792    807    807     91 -819.4719    0.019
P-n65-k10 	BT-3   65   42    130    0    792    822    807     99 1836.5928    0.019
P-n65-k10 	BT-3   65   42    130    1    792    807    807     89 1836.5031    0.019
P-n65-k10 	BT-3   65   21    260    0    792   1109    833    371   3.1532    0.052
P-n65-k10 	BT-3   65   21    260    1    792   1009    822    583   5.0678    0.038
P-n65-k10 	BT-3   65   10    130    0    792    822    807     96 1222.9274    0.019
P-n65-k10 	BT-3   65   10    130    1    792    807    807     91 1222.8802    0.019
P-n65-k10 	BT-3   65   42    130    0    792    822    807     94 -626.2654    0.019
P-n65-k10 	BT-3   65   42    130    1    792    807    807     91 -626.2896    0.019
P-n65-k10 	BT-3   65   21    260    0    792   1109    852    423   3.7269    0.076
P-n65-k10 	BT-3   65   21    260    1    792   1009    846    363   3.2967    0.068
P-n65-k10 	BT-3   65   10    130    0    792    822    807     97 -1871.7585    0.019
P-n65-k10 	BT-3   65   10    130    1    792    807    807     88 -1871.8263    0.019
P-n65-k10 	BT-3   65   42    130    0    792    822    807     89 -1320.4515    0.019
P-n65-k10 	BT-3   65   42    130    1    792    807    807     86 -1320.4684    0.019
P-n65-k10 	BT-3   65   21    260    0    792   1109    834    433   3.7153    0.053
P-n65-k10 	BT-3   65   21    260    1    792   1009    859    254   2.1920    0.085
P-n65-k10 	BT-3   65   10    130    0    792    822    807     92 339.5383    0.019
P-n65-k10 	BT-3   65   10    130    1    792    807    807     90 339.5118    0.019
P-n65-k10 	BT-3   65   42    130    0    792    822    807     93 1018.6237    0.019
P-n65-k10 	BT-3   65   42    130    1    792    807    807     92 1018.6066    0.019
P-n65-k10 	BT-3   65   21    260    0    792   1109    831    420   3.5680    0.049
P-n65-k10 	BT-3   65   21    260    1    792   1009    849    300   2.6815    0.072
P-n65-k10 	BT-3   65   10    130    0    792    822    807     88 -1232.9437    0.019
P-n65-k10 	BT-3   65   10    130    1    792    807    807     87 -1232.9532    0.019
P-n65-k10 	BT-3   65   42    130    0    792    822    807     96 596.2079    0.019
P-n65-k10 	BT-3   65   42    130    1    792    807    807     91 596.1546    0.019
P-n65-k10 	BT-3   65   21    260    0    792   1109    827    373   3.1656    0.044
P-n65-k10 	BT-3   65   21    260    1    792   1009    850    331   2.9339    0.073
P-n65-k10 	BT-3   65   10    130    0    792    822    807     98 1794.7031    0.019
P-n65-k10 	BT-3   65   10    130    1    792    807    807     98 1794.7017    0.019
P-n65-k10 	BT-3   65   42    130    0    792    822    807     94 1089.0723    0.019
P-n65-k10 	BT-3   65   42    130    1    792    807    807     88 1089.0269    0.019
P-n65-k10 	BT-3   65   21    260    0    792   1109    822    469   4.0336    0.038
P-n65-k10 	BT-3   65   21    260    1    792   1009    839    274   2.3823    0.059
P-n65-k10 	BT-3   65   10    130    0    792    822    807     94 -1021.3680    0.019
P-n65-k10 	BT-3   65   10    130    1    792    807    807     94 -1021.3838    0.019
P-n65-k10 	BT-3   65   42    130    0    792    822    807     97 1230.8546    0.019
P-n65-k10 	BT-3   65   42    130    1    792    807    807     89 1230.7843    0.019
P-n65-k10 	BT-3   65   21    260    0    792   1109    835    380   3.3750    0.054
P-n65-k10 	BT-3   65   21    260    1    792   1009    835    460   4.2283    0.054
P-n65-k10 	BT-3   65   10    130    0    792    822    807     92 -594.8981    0.019
P-n65-k10 	BT-3   65   10    130    1    792    807    807     91 -594.9000    0.019
P-n65-k10 	BT-3   65   42    130    0    792    822    807     91 -1784.7114    0.019
P-n65-k10 	BT-3   65   42    130    1    792    807    807     90 -1784.7067    0.019
P-n65-k10 	BT-3   65   21    260    0    792   1109    819    572   4.9041    0.034
P-n65-k10 	BT-3   65   21    260    1    792   1009    827    513   4.4911    0.044
P-n65-k10 	BT-3   65   10    130    0    792    822    807     96 -1049.7233    0.019
P-n65-k10 	BT-3   65   10    130    1    792    807    807     90 -1049.7770    0.019
P-n65-k10 	BT-3   65   42    130    0    792    822    807     99 1145.8112    0.019
P-n65-k10 	BT-3   65   42    130    1    792    807    807     85 1145.6835    0.019
P-n65-k10 	BT-3   65   21    260    0    792   1109    840    256   2.1079    0.061
P-n65-k10 	BT-3   65   21    260    1    792   1009    829    317   2.7198    0.047
P-n65-k10 	BT-3   65   10    130    0    792    822    807     90 -852.9554    0.019
P-n65-k10 	BT-3   65   10    130    1    792    807    807     95 -852.9017    0.019
P-n65-k10 	BT-3   65   42    130    0    792    822    807     88 1736.1572    0.019
P-n65-k10 	BT-3   65   42    130    1    792    807    807     89 1736.1461    0.019
P-n65-k10 	BT-3   65   21    260    0    792   1109    818    335   2.7960    0.033
P-n65-k10 	BT-3   65   21    260    1    792   1009    840    575   5.0826    0.061
P-n65-k10 	BT-3   65   10    130    0    792    822    807     89 921.3862    0.019
P-n65-k10 	BT-3   65   10    130    1    792    807    807     84 921.3391    0.019
P-n65-k10 	BT-3   65   42    130    0    792    822    807     93 -1530.8584    0.019
P-n65-k10 	BT-3   65   42    130    1    792    807    807     92 -1530.8452    0.019
P-n65-k10 	BT-3   65   21    260    0    792   1109    823    507   4.3455    0.039
P-n65-k10 	BT-3   65   21    260    1    792   1009    849    346   3.0082    0.072
P-n65-k10 	BT-3   65   10    130    0    792    822    807     90 -290.2384    0.019
P-n65-k10 	BT-3   65   10    130    1    792    807    807     91 -290.2354    0.019
P-n65-k10 	BT-3   65   42    130    0    792    822    807     91 -870.6901    0.019
P-n65-k10 	BT-3   65   42    130    1    792    807    807     88 -870.7469    0.019
P-n65-k10 	BT-3   65   21    260    0    792   1109    840    257   2.3065    0.061
P-n65-k10 	BT-3   65   21    260    1    792   1009    851    289   2.6820    0.074
P-n65-k10 	BT-3   65   10    130    0    792    822    807     88 1687.7823    0.019
P-n65-k10 	BT-3   65   10    130    1    792    807    807    100 1687.8871    0.019
P-n65-k10 	BT-3   65   42    130    0    792    822    807    106 768.6330    0.019
P-n65-k10 	BT-3   65   42    130    1    792    807    807     88 768.4670    0.019
P-n65-k10 	BT-3   65   21    260    0    792   1109    840    257   2.1478    0.061
P-n65-k10 	BT-3   65   21    260    1    792   1009    812    522   4.5281    0.025
P-n65-k10 	BT-3   65   10    130    0    792    822    807     86 -1982.7305    0.019
P-n65-k10 	BT-3   65   10    130    1    792    807    807     91 -1982.6909    0.019
P-n65-k10 	BT-3   65   42    130    0    792    822    807     90 -1653.1229    0.019
P-n65-k10 	BT-3   65   42    130    1    792    807    807     90 -1653.1183    0.019
P-n65-k10 	BT-3   65   21    260    0    792   1109    859    233   1.9396    0.085
P-n65-k10 	BT-3   65   21    260    1    792   1009    850    296   2.6120    0.073
P-n65-k10 	BT-3   65   10    130    0    792    822    807     89 -659.8685    0.019
P-n65-k10 	BT-3   65   10    130    1    792    807    807     91 -659.8484    0.019
P-n65-k10 	BT-3   65   42    130    0    792    822    807     98 -1979.4965    0.019
P-n65-k10 	BT-3   65   42    130    1    792    807    807     89 -1979.6010    0.019
P-n65-k10 	BT-3   65   21    260    0    792   1109    821    448   3.7967    0.037
P-n65-k10 	BT-3   65   21    260    1    792   1009    817    682   6.0356    0.032
P-n65-k10 	BT-3   65   10    130    0    792    822    807     92 -1633.8558    0.019
P-n65-k10 	BT-3   65   10    130    1    792    807    807     94 -1633.8516    0.019
P-n65-k10 	BT-3   65   42    130    0    792    822    807     97 -606.5680    0.019
P-n65-k10 	BT-3   65   42    130    1    792    807    807     90 -606.6088    0.019
P-n65-k10 	BT-3   65   21    260    0    792   1109    821    396   3.4893    0.037
P-n65-k10 	BT-3   65   21    260    1    792   1009    850    324   2.9989    0.073
P-n65-k10 	BT-3   65   10    130    0    792    822    807     90 -1813.3198    0.019
P-n65-k10 	BT-3   65   10    130    1    792    807    807     93 -1813.2812    0.019
P-n65-k10 	BT-3   65   42    130    0    792    822    807     93 -1144.9089    0.019
P-n65-k10 	BT-3   65   42    130    1    792    807    807     94 -1144.9242    0.019
P-n65-k10 	BT-3   65   21    260    0    792   1109    840    261   2.1710    0.061
P-n65-k10 	BT-3   65   21    260    1    792   1009    850    303   2.6144    0.073
P-n65-k10 	BT-3   65   10    130    0    792    822    807     95 865.0150    0.019
P-n65-k10 	BT-3   65   10    130    1    792    807    807     86 864.9417    0.019
P-n65-k10 	BT-3   65   42    130    0    792    822    807     93 -1699.9878    0.019
P-n65-k10 	BT-3   65   42    130    1    792    807    807     95 -1699.9635    0.019
P-n65-k10 	BT-3   65   21    260    0    792   1109    834    267   2.2400    0.053
P-n65-k10 	BT-3   65   21    260    1    792   1009    822    319   2.7431    0.038
P-n65-k10 	BT-3   65   10    130    0    792    822    807     93 -800.0146    0.019
P-n65-k10 	BT-3   65   10    130    1    792    807    807     86 -800.0726    0.019
P-n65-k10 	BT-3   65   42    130    0    792    822    807     93 1894.8666    0.019
P-n65-k10 	BT-3   65   42    130    1    792    807    807     91 1894.8547    0.019
P-n65-k10 	BT-3   65   21    260    0    792   1109    840    257   2.1317    0.061
P-n65-k10 	BT-3   65   21    260    1    792   1009    821    576   5.2012    0.037
P-n65-k10 	BT-3   65   10    130    0    792    822    807     92 1396.9482    0.019
P-n65-k10 	BT-3   65   10    130    1    792    807    807     86 1396.8977    0.019
P-n65-k10 	BT-3   65   42    130    0    792    822    807     92 -104.1698    0.019
P-n65-k10 	BT-3   65   42    130    1    792    807    807     91 -104.1683    0.019
P-n65-k10 	BT-3   65   21    260    0    792   1109    832    405   3.5694    0.051
P-n65-k10 	BT-3   65   21    260    1    792   1009    850    360   3.3022    0.073
P-n65-k10 	BT-3   65   10    130    0    792    822    807    100 -305.5703    0.019
P-n65-k10 	BT-3   65   10    130    1    792    807    807     99 -305.5588    0.019
P-n65-k10 	BT-3   65   42    130    0    792    822    807     88 -916.7966    0.019
P-n65-k10 	BT-3   65   42    130    1    792    807    807     97 -916.7371    0.019
P-n65-k10 	BT-3   65   21    260    0    792   1109    842    359   3.1064    0.063
P-n65-k10 	BT-3   65   21    260    1    792   1009    849    439   3.8056    0.072
P-n65-k10 	BT-3   65   10    130    0    792    822    805    159 1552.1566    0.016
P-n65-k10 	BT-3   65   10    130    1    792    807    807     86 1551.5236    0.019
P-n65-k10 	BT-3   65   42    130    0    792    866    805     93 360.2892    0.016
P-n65-k10 	BT-3   65   42    130    1    792    805    805     87 360.2484    0.016
P-n65-k10 	BT-3   65   21    260    0    792   1109    818    435   3.7126    0.033
P-n65-k10 	BT-3   65   21    260    1    792   1009    845    317   2.7648    0.067
P-n65-k10 	BT-3   65   10    130    0    792    866    804    152 1087.8037    0.015
P-n65-k10 	BT-3   65   10    130    1    792    805    805     86 1087.2653    0.016
P-n65-k10 	BT-3   65   42    130    0    792    849    812     95 -1032.5691    0.025
P-n65-k10 	BT-3   65   42    130    1    792    804    804     86 -1032.6058    0.015
P-n65-k10 	BT-3   65   21    260    0    792   1109    859    234   1.9137    0.085
P-n65-k10 	BT-3   65   21    260    1    792   1009    850    332   2.9586    0.073
P-n65-k10 	BT-3   65   10    130    0    792    849    806    160 1202.6558    0.018
P-n65-k10 	BT-3   65   10    130    1    792    804    800    197 1202.9913    0.010
P-n65-k10 	BT-3   65   42    130    0    792    952    800     99 -687.2244    0.010
P-n65-k10 	BT-3   65   42    130    1    792    800    800     96 -687.2066    0.010
P-n65-k10 	BT-3   65   21    260    0    792   1109    853    281   2.3979    0.077
P-n65-k10 	BT-3   65   21    260    1    792   1009    849    333   2.8872    0.072
P-n65-k10 	BT-3   65   10    130    0    792    952    800     97 -2056.3740    0.010
P-n65-k10 	BT-3   65   10    130    1    792    800    800     91 -2056.4099    0.010
P-n65-k10 	BT-3   65   42    130    0    792    952    800     97 -1874.2117    0.010
P-n65-k10 	BT-3   65   42    130    1    792    800    800     92 -1874.2229    0.010
P-n65-k10 	BT-3   65   21    260    0    792   1109    827    309   2.5970    0.044
P-n65-k10 	BT-3   65   21    260    1    792   1009    846    317   2.7643    0.068
P-n65-k10 	BT-3   65   10    130    0    792    952    800     96 -1322.3204    0.010
P-n65-k10 	BT-3   65   10    130    1    792    800    800     87 -1322.3610    0.010
P-n65-k10 	BT-3   65   42    130    0    792    952    800    101 328.0235    0.010
P-n65-k10 	BT-3   65   42    130    1    792    800    800     95 327.9953    0.010
P-n65-k10 	BT-3   65   21    260    0    792   1109    840    263   2.1928    0.061
P-n65-k10 	BT-3   65   21    260    1    792   1009    847    429   3.8109    0.069
P-n65-k10 	BT-3   65   10    130    0    792    952    800     98 990.0049    0.010
P-n65-k10 	BT-3   65   10    130    1    792    800    800     91 989.9813    0.010
P-n65-k10 	BT-3   65   42    130    0    792    952    800    103 -1324.9296    0.010
P-n65-k10 	BT-3   65   42    130    1    792    800    800     93 -1324.9719    0.010
P-n65-k10 	BT-3   65   21    260    0    792   1109    840    264   2.2003    0.061
P-n65-k10 	BT-3   65   21    260    1    792   1009    849    426   3.8674    0.072
P-n65-k10 	BT-3   65   10    130    0    792    952    800    101 326.1961    0.010
P-n65-k10 	BT-3   65   10    130    1    792    800    800     92 326.1509    0.010
P-n65-k10 	BT-3   65   42    130    0    792    952    800     95 978.4813    0.010
P-n65-k10 	BT-3   65   42    130    1    792    800    800     91 978.4752    0.010
P-n65-k10 	BT-3   65   21    260    0    792   1109    842    248   2.0457    0.063
P-n65-k10 	BT-3   65   21    260    1    792   1009    834    467   4.1007    0.053
P-n65-k10 	BT-3   65   10    130    0    792    952    800     95 -1353.3591    0.010
P-n65-k10 	BT-3   65   10    130    1    792    800    800     94 -1353.3384    0.010
P-n65-k10 	BT-3   65   42    130    0    792    952    800     93 234.8786    0.010
P-n65-k10 	BT-3   65   42    130    1    792    800    800     91 234.8937    0.010
P-n65-k10 	BT-3   65   21    260    0    792   1109    834    298   2.4951    0.053
P-n65-k10 	BT-3   65   21    260    1    792   1009    821    460   4.0418    0.037
P-n65-k10 	BT-3   65   10    130    0    792    952    800     90 711.1616    0.010
P-n65-k10 	BT-3   65   10    130    1    792    800    800     92 711.2074    0.010
P-n65-k10 	BT-3   65   42    130    0    792    952    800    102 2133.6228    0.010
P-n65-k10 	BT-3   65   42    130    1    792    800    800     90 2133.5549    0.010
P-n65-k10 	BT-3   65   21    260    0    792   1109    840    258   2.1206    0.061
P-n65-k10 	BT-3   65   21    260    1    792   1009    838    264   2.2559    0.058
P-n65-k10 	BT-3   65   10    130    0    792    952    800     91 2110.1147    0.010
P-n65-k10 	BT-3   65   10    130    1    792    800    800     87 2110.1040    0.010
P-n65-k10 	BT-3   65   42    130    0    792    952    800     99 2035.4506    0.010
P-n65-k10 	BT-3   65   42    130    1    792    800    800     94 2035.4128    0.010
P-n65-k10 	BT-3   65   21    260    0    792   1109    832    253   2.0977    0.051
P-n65-k10 	BT-3   65   21    260    1    792   1009    835    453   3.9663    0.054
P-n65-k10 	BT-3   65   10    130    0    792    952    800     96 1817.3795    0.010
P-n65-k10 	BT-3   65   10    130    1    792    800    800     87 1817.3307    0.010
P-n65-k10 	BT-3   65   42    130    0    792    952    800     98 1157.1136    0.010
P-n65-k10 	BT-3   65   42    130    1    792    800    800     93 1157.1210    0.010
P-n65-k10 	BT-3   65   21    260    0    792   1109    840    264   2.2325    0.061
P-n65-k10 	BT-3   65   21    260    1    792   1009    835    396   3.5014    0.054
P-n65-k10 	BT-3   65   10    130    0    792    952    800    106 -817.7886    0.010
P-n65-k10 	BT-3   65   10    130    1    792    800    800     92 -817.8898    0.010
P-n65-k10 	BT-3   65   42    130    0    792    952    800     96 1841.4193    0.010
P-n65-k10 	BT-3   65   42    130    1    792    800    800     88 1841.3575    0.010
P-n65-k10 	BT-3   65   21    260    0    792   1109    829    426   3.6310    0.047
P-n65-k10 	BT-3   65   21    260    1    792   1009    823    676   5.8917    0.039
P-n65-k10 	BT-3   65   10    130    0    792    952    800    102 1238.7880    0.010
P-n65-k10 	BT-3   65   10    130    1    792    800    800     85 1238.6678    0.010
P-n65-k10 	BT-3   65   42    130    0    792    952    800     87 -578.8557    0.010
P-n65-k10 	BT-3   65   42    130    1    792    800    800     94 -578.7493    0.010
P-n65-k10 	BT-3   65   21    260    0    792   1109    859    238   1.9542    0.085
P-n65-k10 	BT-3   65   21    260    1    792   1009    856    344   3.0569    0.081
P-n65-k10 	BT-3   65   10    130    0    792    952    800     93 -1731.3894    0.010
P-n65-k10 	BT-3   65   10    130    1    792    800    800     88 -1731.4091    0.010
P-n65-k10 	BT-3   65   42    130    0    792    952    800     96 -899.1964    0.010
P-n65-k10 	BT-3   65   42    130    1    792    800    800     98 -899.1445    0.010
P-n65-k10 	BT-3   65   21    260    0    792   1109    834    267   2.2433    0.053
P-n65-k10 	BT-3   65   21    260    1    792   1009    844    537   4.8086    0.066
P-n65-k10 	BT-3   65   10    130    0    792    952    800     95 1604.4840    0.010
P-n65-k10 	BT-3   65   10    130    1    792    800    800     92 1604.4758    0.010
P-n65-k10 	BT-3   65   42    130    0    792    952    800    100 518.5059    0.010
P-n65-k10 	BT-3   65   42    130    1    792    800    800     93 518.4780    0.010
P-n65-k10 	BT-3   65   21    260    0    792   1109    836    321   2.6769    0.056
P-n65-k10 	BT-3   65   21    260    1    792   1009    850    318   2.7678    0.073
P-n65-k10 	BT-3   65   10    130    0    792    952    800     96 1560.9111    0.010
P-n65-k10 	BT-3   65   10    130    1    792    800    800     90 1560.8763    0.010
P-n65-k10 	BT-3   65   42    130    0    792    952    800     95 387.7067    0.010
P-n65-k10 	BT-3   65   42    130    1    792    800    800     90 387.7113    0.010
P-n65-k10 	BT-3   65   21    260    0    792   1109    859    236   1.9645    0.085
P-n65-k10 	BT-3   65   21    260    1    792   1009    818    591   5.2119    0.033
P-n65-k10 	BT-3   65   10    130    0    792    952    800     95 1170.3073    0.010
P-n65-k10 	BT-3   65   10    130    1    792    800    800     97 1170.3635    0.010
P-n65-k10 	BT-3   65   42    130    0    792    952    800     92 -783.9973    0.010
P-n65-k10 	BT-3   65   42    130    1    792    800    800     86 -784.0323    0.010
P-n65-k10 	BT-3   65   21    260    0    792   1109    818    437   3.7079    0.033
P-n65-k10 	BT-3   65   21    260    1    792   1009    847    377   3.3853    0.069
P-n65-k10 	BT-3   65   10    130    0    792    952    800     93 1950.0264    0.010
P-n65-k10 	BT-3   65   10    130    1    792    800    800     93 1950.0511    0.010
P-n65-k10 	BT-3   65   42    130    0    792    952    800     96 1555.1624    0.010
P-n65-k10 	BT-3   65   42    130    1    792    800    800     93 1555.1729    0.010
P-n65-k10 	BT-3   65   21    260    0    792   1109    859    230   1.9170    0.085
P-n65-k10 	BT-3   65   21    260    1    792   1009    844    359   3.1908    0.066
P-n65-k10 	BT-3   65   10    130    0    792    952    800     93 375.6128    0.010
P-n65-k10 	BT-3   65   10    130    1    792    800    800     88 375.5895    0.010
P-n65-k10 	BT-3   65   42    130    0    792    952    800     97 1126.8567    0.010
P-n65-k10 	BT-3   65   42    130    1    792    800    800     88 1126.8146    0.010
P-n65-k10 	BT-3   65   21    260    0    792   1109    826    418   3.5253    0.043
P-n65-k10 	BT-3   65   21    260    1    792   1009    819    511   4.4517    0.034
P-n65-k10 	BT-3   65   10    130    0    792    952    800     94 -906.5132    0.010
P-n65-k10 	BT-3   65   10    130    1    792    800    800    101 -906.4087    0.010
P-n65-k10 	BT-3   65   42    130    0    792    952    800     92 1575.5350    0.010
P-n65-k10 	BT-3   65   42    130    1    792    800    800     83 1575.4871    0.010
P-n65-k10 	BT-3   65   21    260    0    792   1109    840    266   2.2282    0.061
P-n65-k10 	BT-3   65   21    260    1    792   1009    844    405   3.5240    0.066
P-n65-k10 	BT-3   65   10    130    0    792    952    800    111 437.4959    0.010
P-n65-k10 	BT-3   65   10    130    1    792    800    800     87 437.3208    0.010
P-n65-k10 	BT-3   65   42    130    0    792    952    800     96 1312.1902    0.010
P-n65-k10 	BT-3   65   42    130    1    792    800    800     94 1312.2050    0.010
P-n65-k10 	BT-3   65   21    260    0    792   1109    840    258   2.1714    0.061
P-n65-k10 	BT-3   65   21    260    1    792   1009    845    407   3.5219    0.067
P-n65-k10 	BT-3   65   10    130    0    792    952    800    103 -352.6135    0.010
P-n65-k10 	BT-3   65   10    130    1    792    800    800     89 -352.7202    0.010
P-n65-k10 	BT-3   65   42    130    0    792    952    800     95 -1058.0223    0.010
P-n65-k10 	BT-3   65   42    130    1    792    800    800     87 -1058.0563    0.010
P-n65-k10 	BT-3   65   21    260    0    792   1109    840    270   2.2494    0.061
P-n65-k10 	BT-3   65   21    260    1    792   1009    823    393   3.4972    0.039
P-n65-k10 	BT-3   65   10    130    0    792    952    800    104 1126.6786    0.010
P-n65-k10 	BT-3   65   10    130    1    792    800    800     95 1126.6375    0.010
P-n65-k10 	BT-3   65   42    130    0    792    952    800     96 -915.0257    0.010
P-n65-k10 	BT-3   65   42    130    1    792    800    800     91 -915.0474    0.010
P-n65-k10 	BT-3   65   21    260    0    792   1109    822    353   2.9845    0.038
P-n65-k10 	BT-3   65   21    260    1    792   1009    859    255   2.2478    0.085
P-n65-k10 	BT-3   65   10    130    0    792    952    800    100 1555.1423    0.010
P-n65-k10 	BT-3   65   10    130    1    792    800    800     98 1555.1500    0.010
P-n65-k10 	BT-3   65   42    130    0    792    952    800     99 370.4384    0.010
P-n65-k10 	BT-3   65   42    130    1    792    800    800     96 370.4553    0.010
P-n65-k10 	BT-3   65   21    260    0    792   1109    859    236   1.9830    0.085
P-n65-k10 	BT-3   65   21    260    1    792   1009    851    424   3.7008    0.074
P-n65-k10 	BT-3   65   10    130    0    792    952    800     95 1116.9797    0.010
P-n65-k10 	BT-3   65   10    130    1    792    800    800     92 1116.9928    0.010
P-n65-k10 	BT-3   65   42    130    0    792    952    800     93 -944.0206    0.010
P-n65-k10 	BT-3   65   42    130    1    792    800    800     92 -944.0056    0.010
P-n65-k10 	BT-3   65   21    260    0    792   1109    840    264   2.1876    0.061
P-n65-k10 	BT-3   65   21    260    1    792   1009    819    642   5.5689    0.034
P-n65-k10 	BT-3   65   10    130    0    792    952    800    106 1470.7966    0.010
P-n65-k10 	BT-3   65   10    130    1    792    800    800     91 1470.6667    0.010
P-n65-k10 	BT-3   65   42    130    0    792    952    800     95 117.1865    0.010
P-n65-k10 	BT-3   65   42    130    1    792    800    800     93 117.2139    0.010
P-n65-k10 	BT-3   65   21    260    0    792   1109    840    267   2.2091    0.061
P-n65-k10 	BT-3   65   21    260    1    792   1009    847    581   5.1753    0.069
P-n65-k10 	BT-3   65   10    130    0    792    952    800     97 358.9825    0.010
P-n65-k10 	BT-3   65   10    130    1    792    800    800     92 358.9632    0.010
P-n65-k10 	BT-3   65   42    130    0    792    952    800     95 1076.9213    0.010
P-n65-k10 	BT-3   65   42    130    1    792    800    800     88 1076.8827    0.010
P-n65-k10 	BT-3   65   21    260    0    792   1109    859    230   1.9161    0.085
P-n65-k10 	BT-3   65   21    260    1    792   1009    859    252   2.1951    0.085
P-n65-k10 	BT-3   65   10    130    0    792    952    800     97 -1060.0941    0.010
P-n65-k10 	BT-3   65   10    130    1    792    800    800     88 -1060.1595    0.010
P-n65-k10 	BT-3   65   42    130    0    792    952    800     97 1114.5970    0.010
P-n65-k10 	BT-3   65   42    130    1    792    800    800     90 1114.5593    0.010
P-n65-k10 	BT-3   65   21    260    0    792   1109    832    452   3.8360    0.051
P-n65-k10 	BT-3   65   21    260    1    792   1009    844    494   4.4204    0.066
P-n65-k10 	BT-3   65   10    130    0    792    952    800     99 -942.9457    0.010
P-n65-k10 	BT-3   65   10    130    1    792    800    800     92 -942.9904    0.010
P-n65-k10 	BT-3   65   42    130    0    792    952    800    102 1466.1097    0.010
P-n65-k10 	BT-3   65   42    130    1    792    800    800     94 1466.0729    0.010
P-n65-k10 	BT-3   65   21    260    0    792   1109    840    264   2.2172    0.061
P-n65-k10 	BT-3   65   21    260    1    792   1009    816    451   3.9311    0.030
P-n65-k10 	BT-3   65   10    130    0    792    952    800     94 109.4064    0.010
P-n65-k10 	BT-3   65   10    130    1    792    800    800     94 109.4442    0.010
P-n65-k10 	BT-3   65   42    130    0    792    952    800     95 328.2678    0.010
P-n65-k10 	BT-3   65   42    130    1    792    800    800     87 328.2148    0.010
P-n65-k10 	BT-3   65   21    260    0    792   1109    824    393   3.3488    0.040
P-n65-k10 	BT-3   65   21    260    1    792   1009    847    309   2.6757    0.069
P-n65-k10 	BT-3   65   10    130    0    792    952    800    102 990.8463    0.010
P-n65-k10 	BT-3   65   10    130    1    792    800    800     90 990.7515    0.010
P-n65-k10 	BT-3   65   42    130    0    792    952    800    100 -1322.5630    0.010
P-n65-k10 	BT-3   65   42    130    1    792    800    800     86 -1322.6508    0.010
P-n65-k10 	BT-3   65   21    260    0    792   1109    838    343   2.8732    0.058
P-n65-k10 	BT-3   65   21    260    1    792   1009    832    394   3.3785    0.051
P-n65-k10 	BT-3   65   10    130    0    792    952    800    103 333.4769    0.010
P-n65-k10 	BT-3   65   10    130    1    792    800    800     91 333.4164    0.010
P-n65-k10 	BT-3   65   42    130    0    792    952    800     91 1000.2608    0.010
P-n65-k10 	BT-3   65   42    130    1    792    800    800     90 1000.3032    0.010
P-n65-k10 	BT-3   65   21    260    0    792   1109    843    266   2.2011    0.064
P-n65-k10 	BT-3   65   21    260    1    792   1009    841    337   2.9332    0.062
P-n65-k10 	BT-3   65   10    130    0    792    952    800    100 -1288.9097    0.010
P-n65-k10 	BT-3   65   10    130    1    792    800    800     94 -1288.9563    0.010
P-n65-k10 	BT-3   65   42    130    0    792    952    800     93 428.1212    0.010
P-n65-k10 	BT-3   65   42    130    1    792    800    800     85 428.0696    0.010
P-n65-k10 	BT-3   65   21    260    0    792   1109    846    255   2.1438    0.068
P-n65-k10 	BT-3   65   21    260    1    792   1009    845    394   3.4245    0.067
P-n65-k10 	BT-3   65   10    130    0    792    952    800     99 1289.9349    0.010
P-n65-k10 	BT-3   65   10    130    1    792    800    800     88 1289.8590    0.010
P-n65-k10 	BT-3   65   42    130    0    792    952    800     99 -425.2451    0.010
P-n65-k10 	BT-3   65   42    130    1    792    800    800     91 -425.2726    0.010
P-n65-k10 	BT-3   65   21    260    0    792   1109    859    240   2.0240    0.085
P-n65-k10 	BT-3   65   21    260    1    792   1009    838    460   4.0911    0.058
P-n65-k10 	BT-3   65   10    130    0    792    952    800     93 -1269.6990    0.010
P-n65-k10 	BT-3   65   10    130    1    792    800    800     97 -1269.6373    0.010
P-n65-k10 	BT-3   65   42    130    0    792    952    800     92 485.9238    0.010
P-n65-k10 	BT-3   65   42    130    1    792    800    800    100 486.0276    0.010
P-n65-k10 	BT-3   65   21    260    0    792   1109    831    432   3.6583    0.049
P-n65-k10 	BT-3   65   21    260    1    792   1009    834    310   2.6695    0.053
P-n65-k10 	BT-3   65   10    130    0    792    952    800     97 1464.2562    0.010
P-n65-k10 	BT-3   65   10    130    1    792    800    800     94 1464.2487    0.010
P-n65-k10 	BT-3   65   42    130    0    792    952    800     97  97.7802    0.010
P-n65-k10 	BT-3   65   42    130    1    792    800    800     97  97.8003    0.010
P-n65-k10 	BT-3   65   21    260    0    792   1109    859    242   2.0190    0.085
P-n65-k10 	BT-3   65   21    260    1    792   1009    851    342   2.9956    0.074
P-n65-k10 	BT-3   65   10    130    0    792    952    800     97 298.3778    0.010
P-n65-k10 	BT-3   65   10    130    1    792    800    800     90 298.3482    0.010
P-n65-k10 	BT-3   65   42    130    0    792    952    800     95 895.0959    0.010
P-n65-k10 	BT-3   65   42    130    1    792    800    800     87 895.0497    0.010
P-n65-k10 	BT-3   65   21    260    0    792   1109    840    264   2.2127    0.061
P-n65-k10 	BT-3   65   21    260    1    792   1009    861    267   2.3218    0.087
P-n65-k10 	BT-3   65   10    130    0    792    952    800     96 -1605.1915    0.010
P-n65-k10 	BT-3   65   10    130    1    792    800    800     85 -1605.2527    0.010
P-n65-k10 	BT-3   65   42    130    0    792    952    800    100 -520.6303    0.010
P-n65-k10 	BT-3   65   42    130    1    792    800    800     96 -520.6384    0.010
P-n65-k10 	BT-3   65   21    260    0    792   1109    825    367   3.1282    0.042
P-n65-k10 	BT-3   65   21    260    1    792   1009    833    573   5.1346    0.052
P-n65-k10 	BT-3   65   10    130    0    792    952    800     96 -1553.6842    0.010
P-n65-k10 	BT-3   65   10    130    1    792    800    800     95 -1553.6643    0.010
P-n65-k10 	BT-3   65   42    130    0    792    952    800     97 -366.0421    0.010
P-n65-k10 	BT-3   65   42    130    1    792    800    800     91 -366.0814    0.010
P-n65-k10 	BT-3   65   21    260    0    792   1109    859    239   1.9794    0.085
P-n65-k10 	BT-3   65   21    260    1    792   1009    841    353   3.1536    0.062
P-n65-k10 	BT-3   65   10    130    0    792    952    800    104 -1093.0059    0.010
P-n65-k10 	BT-3   65   10    130    1    792    800    800     97 -1093.0063    0.010
P-n65-k10 	BT-3   65   42    130    0    792    952    800     89 1015.8423    0.010
P-n65-k10 	BT-3   65   42    130    1    792    800    800     96 1015.9486    0.010
P-n65-k10 	BT-3   65   21    260    0    792   1109    859    240   1.9848    0.085
P-n65-k10 	BT-3   65   21    260    1    792   1009    825    445   3.9341    0.042
P-n65-k10 	BT-3   65   10    130    0    792    952    800    105 -1241.2751    0.010
P-n65-k10 	BT-3   65   10    130    1    792    800    800     93 -1241.3420    0.010
P-n65-k10 	BT-3   65   42    130    0    792    952    800     95 570.9758    0.010
P-n65-k10 	BT-3   65   42    130    1    792    800    800     92 570.9884    0.010
P-n65-k10 	BT-3   65   21    260    0    792   1109    833    321   2.7063    0.052
P-n65-k10 	BT-3   65   21    260    1    792   1009    826    654   5.7355    0.043
P-n65-k10 	BT-3   65   10    130    0    792    952    800    104 1721.4736    0.010
P-n65-k10 	BT-3   65   10    130    1    792    800    800     86 1721.3508    0.010
P-n65-k10 	BT-3   65   42    130    0    792    952    800     92 869.2269    0.010
P-n65-k10 	BT-3   65   42    130    1    792    800    800     92 869.2598    0.010
P-n65-k10 	BT-3   65   21    260    0    792   1109    840    262   2.1732    0.061
P-n65-k10 	BT-3   65   21    260    1    792   1009    880    293   2.5536    0.111
P-n65-k10 	BT-3   65   10    130    0    792    952    800     92 -1682.5258    0.010
P-n65-k10 	BT-3   65   10    130    1    792    800    800     97 -1682.4500    0.010
P-n65-k10 	BT-3   65   42    130    0    792    952    800     94 -752.5151    0.010
P-n65-k10 	BT-3   65   42    130    1    792    800    800     90 -752.5245    0.010
P-n65-k10 	BT-3   65   21    260    0    792   1109    838    355   3.0133    0.058
P-n65-k10 	BT-3   65   21    260    1    792   1009    847    422   3.7347    0.069
P-n65-k10 	BT-3   65   10    130    0    792    952    800    102 2044.2570    0.010
P-n65-k10 	BT-3   65   10    130    1    792    800    800     93 2044.1870    0.010
P-n65-k10 	BT-3   65   42    130    0    792    952    800     98 1837.6575    0.010
P-n65-k10 	BT-3   65   42    130    1    792    800    800     89 1837.6161    0.010
P-n65-k10 	BT-3   65   21    260    0    792   1109    839    319   2.6485    0.059
P-n65-k10 	BT-3   65   21    260    1    792   1009    844    421   3.7817    0.066
P-n65-k10 	BT-3   65   10    130    0    792    952    800     99 1224.4175    0.010
P-n65-k10 	BT-3   65   10    130    1    792    800    800     95 1224.4066    0.010
P-n65-k10 	BT-3   65   42    130    0    792    952    800    101 -621.7117    0.010
P-n65-k10 	BT-3   65   42    130    1    792    800    800     88 -621.7836    0.010
P-n65-k10 	BT-3   65   21    260    0    792   1109    840    263   2.1785    0.061
P-n65-k10 	BT-3   65   21    260    1    792   1009    850    287   2.5246    0.073
P-n65-k10 	BT-3   65   10    130    0    792    952    800     96 -1860.5447    0.010
P-n65-k10 	BT-3   65   10    130    1    792    800    800     92 -1860.5306    0.010
P-n65-k10 	BT-3   65   42    130    0    792    952    800    102 -1286.6149    0.010
P-n65-k10 	BT-3   65   42    130    1    792    800    800     92 -1286.6648    0.010
P-n65-k10 	BT-3   65   21    260    0    792   1109    832    436   3.6951    0.051
P-n65-k10 	BT-3   65   21    260    1    792   1009    832    417   3.7302    0.051
P-n65-k10 	BT-3   65   10    130    0    792    952    800    100 442.5000    0.010
P-n65-k10 	BT-3   65   10    130    1    792    800    800     89 442.4225    0.010
P-n65-k10 	BT-3   65   42    130    0    792    952    800     96 1327.3826    0.010
P-n65-k10 	BT-3   65   42    130    1    792    800    800     84 1327.3074    0.010
P-n65-k10 	BT-3   65   21    260    0    792   1109    822    512   4.4033    0.038
P-n65-k10 	BT-3   65   21    260    1    792   1009    842    398   3.4466    0.063
P-n65-k10 	BT-3   65   10    130    0    792    952    800     95 -305.0429    0.010
P-n65-k10 	BT-3   65   10    130    1    792    800    800     88 -305.0893    0.010
P-n65-k10 	BT-3   65   42    130    0    792    952    800    101 -915.1361    0.010
P-n65-k10 	BT-3   65   42    130    1    792    800    800     86 -915.2354    0.010
P-n65-k10 	BT-3   65   21    260    0    792   1109    859    237   1.9704    0.085
P-n65-k10 	BT-3   65   21    260    1    792   1009    841    675   5.9970    0.062
P-n65-k10 	BT-3   65   10    130    0    792    952    800     98 1557.4130    0.010
P-n65-k10 	BT-3   65   10    130    1    792    800    800     93 1557.3862    0.010
P-n65-k10 	BT-3   65   42    130    0    792    952    800    101 377.2612    0.010
P-n65-k10 	BT-3   65   42    130    1    792    800    800     90 377.2041    0.010
P-n65-k10 	BT-3   65   21    260    0    792   1109    830    381   3.2445    0.048
P-n65-k10 	BT-3   65   21    260    1    792   1009    848    421   3.6888    0.071
P-n65-k10 	BT-3   65   10    130    0    792    952    800     99 1138.6420    0.010
P-n65-k10 	BT-3   65   10    130    1    792    800    800     90 1138.5952    0.010
P-n65-k10 	BT-3   65   42    130    0    792    952    800    100 -879.0892    0.010
P-n65-k10 	BT-3   65   42    130    1    792    800    800     92 -879.1221    0.010
P-n65-k10 	BT-3   65   21    260    0    792   1109    815    371   3.1255    0.029
P-n65-k10 	BT-3   65   21    260    1    792   1009    847    308   2.6984    0.069
P-n65-k10 	BT-3   65   10    130    0    792    952    800     96 1663.4584    0.010
P-n65-k10 	BT-3   65   10    130    1    792    800    800     86 1663.4213    0.010
P-n65-k10 	BT-3   65   42    130    0    792    952    800    102 695.4459    0.010
P-n65-k10 	BT-3   65   42    130    1    792    800    800     91 695.3685    0.010
P-n65-k10 	BT-3   65   21    260    0    792   1109    840    262   2.1705    0.061
P-n65-k10 	BT-3   65   21    260    1    792   1009    846    406   3.5165    0.068
P-n65-k10 	BT-3   65   10    130    0    792    952    800     90 2091.8259    0.010
P-n65-k10 	BT-3   65   10    130    1    792    800    800     90 2091.8562    0.010
P-n65-k10 	BT-3   65   42    130    0    792    952    800     93 1980.5564    0.010
P-n65-k10 	BT-3   65   42    130    1    792    800    800     89 1980.5636    0.010
P-n65-k10 	BT-3   65   21    260    0    792   1109    840    265   2.2097    0.061
P-n65-k10 	BT-3   65   21    260    1    792   1009    847    379   3.3431    0.069
P-n65-k10 	BT-3   65   10    130    0    792    952    800     95 1652.2853    0.010
P-n65-k10 	BT-3   65   10    130    1    792    800    800     92 1652.2906    0.010
P-n65-k10 	BT-3   65   42    130    0    792    952    800     98 661.9323    0.010
P-n65-k10 	BT-3   65   42    130    1    792    800    800     95 661.9310    0.010
P-n65-k10 	BT-3   65   21    260    0    792   1109    817    491   4.1862    0.032
P-n65-k10 	BT-3   65   21    260    1    792   1009    850    352   3.1206    0.073
P-n65-k10 	BT-3   65   10    130    0    792    952    800     97 1993.0944    0.010
P-n65-k10 	BT-3   65   10    130    1    792    800    800     89 1993.0405    0.010
P-n65-k10 	BT-3   65   42    130    0    792    952    800    102 1684.2968    0.010
P-n65-k10 	BT-3   65   42    130    1    792    800    800     84 1684.1738    0.010
P-n65-k10 	BT-3   65   21    260    0    792   1109    859    239   2.0512    0.085
P-n65-k10 	BT-3   65   21    260    1    792   1009    821    397   3.4930    0.037
P-n65-k10 	BT-3   65   10    130    0    792    952    800    106 763.3498    0.010
P-n65-k10 	BT-3   65   10    130    1    792    800    800     88 763.2785    0.010
P-n65-k10 	BT-3   65   42    130    0    792    952    800    114 -2004.9214    0.010
P-n65-k10 	BT-3   65   42    130    1    792    800    800     90 -2005.0703    0.010
P-n65-k10 	BT-3   65   21    260    0    792   1109    839    362   3.0830    0.059
P-n65-k10 	BT-3   65   21    260    1    792   1009    847    443   3.9398    0.069
P-n65-k10 	BT-3   65   10    130    0    792    952    800    103 -1712.9867    0.010
P-n65-k10 	BT-3   65   10    130    1    792    800    800     95 -1713.0115    0.010
P-n65-k10 	BT-3   65   42    130    0    792    952    800     99 -844.0427    0.010
P-n65-k10 	BT-3   65   42    130    1    792    800    800     89 -844.0906    0.010
P-n65-k10 	BT-3   65   21    260    0    792   1109    835    434   3.6869    0.054
P-n65-k10 	BT-3   65   21    260    1    792   1009    845    363   3.1483    0.067
P-n65-k10 	BT-3   65   10    130    0    792    952    800     97 1769.5906    0.010
P-n65-k10 	BT-3   65   10    130    1    792    800    800     88 1769.5795    0.010
P-n65-k10 	BT-3   65   42    130    0    792    952    800    101 1013.8456    0.010
P-n65-k10 	BT-3   65   42    130    1    792    800    800     86 1013.7394    0.010
P-n65-k10 	BT-3   65   21    260    0    792   1109    848    364   3.0711    0.071
P-n65-k10 	BT-3   65   21    260    1    792   1009    851    387   3.3634    0.074
P-n65-k10 	BT-3   65   10    130    0    792    952    800     94 -1247.1713    0.010
P-n65-k10 	BT-3   65   10    130    1    792    800    800     88 -1247.1925    0.010
P-n65-k10 	BT-3   65   42    130    0    792    952    800    102 553.4970    0.010
P-n65-k10 	BT-3   65   42    130    1    792    800    800     88 553.4609    0.010
P-n65-k10 	BT-3   65   21    260    0    792   1109    816    525   4.5215    0.030
P-n65-k10 	BT-3   65   21    260    1    792   1009    829    418   3.6657    0.047
P-n65-k10 	BT-3   65   10    130    0    792    952    800     96 1668.5997    0.010
P-n65-k10 	BT-3   65   10    130    1    792    800    800     86 1668.5355    0.010
P-n65-k10 	BT-3   65   42    130    0    792    952    800    108 710.8622    0.010
P-n65-k10 	BT-3   65   42    130    1    792    800    800     88 710.7618    0.010
P-n65-k10 	BT-3   65   21    260    0    792   1109    840    286   2.3947    0.061
P-n65-k10 	BT-3   65   21    260    1    792   1009    836    369   3.2216    0.056
P-n65-k10 	BT-3   65   10    130    0    792    952    800     97 2138.0256    0.010
P-n65-k10 	BT-3   65   10    130    1    792    800    800     90 2137.9871    0.010
P-n65-k10 	BT-3   65   42    130    0    792    952    800     99 2119.0735    0.010
P-n65-k10 	BT-3   65   42    130    1    792    800    800     93 2119.0664    0.010
P-n65-k10 	BT-3   65   21    260    0    792   1109    854    241   2.0199    0.078
P-n65-k10 	BT-3   65   21    260    1    792   1009    856    357   3.1882    0.081
P-n65-k10 	BT-3   65   10    130    0    792    952    800     97 2067.4324    0.010
P-n65-k10 	BT-3   65   10    130    1    792    800    800     94 2067.4363    0.010
P-n65-k10 	BT-3   65   42    130    0    792    952    800    101 1907.3813    0.010
P-n65-k10 	BT-3   65   42    130    1    792    800    800     88 1907.2941    0.010
P-n65-k10 	BT-3   65   21    260    0    792   1109    834    383   3.2720    0.053
P-n65-k10 	BT-3   65   21    260    1    792   1009    851    248   2.2376    0.074
P-n65-k10 	BT-3   65   10    130    0    792    952    800     95 1432.5404    0.010
P-n65-k10 	BT-3   65   10    130    1    792    800    800     90 1432.5249    0.010
P-n65-k10 	BT-3   65   42    130    0    792    952    800     97   2.6604    0.010
P-n65-k10 	BT-3   65   42    130    1    792    800    800     85   2.5830    0.010
P-n65-k10 	BT-3   65   21    260    0    792   1109    830    459   3.9312    0.048
P-n65-k10 	BT-3   65   21    260    1    792   1009    841    437   3.8369    0.062
P-n65-k10 	BT-3   65   10    130    0    792    952    800     97  15.6496    0.010
P-n65-k10 	BT-3   65   10    130    1    792    800    800     94  15.6779    0.010
P-n65-k10 	BT-3   65   42    130    0    792    952    800    102  47.0389    0.010
P-n65-k10 	BT-3   65   42    130    1    792    800    800     92  47.0034    0.010
P-n65-k10 	BT-3   65   21    260    0    792   1109    840    378   3.2282    0.061
P-n65-k10 	BT-3   65   21    260    1    792   1009    850    416   3.7375    0.073
P-n65-k10 	BT-3   65   10    130    0    792    952    800    101 148.0428    0.010
P-n65-k10 	BT-3   65   10    130    1    792    800    800     88 147.9464    0.010
P-n65-k10 	BT-3   65   42    130    0    792    952    800     93 443.9745    0.010
P-n65-k10 	BT-3   65   42    130    1    792    800    800     88 443.9388    0.010
P-n65-k10 	BT-3   65   21    260    0    792   1109    859    240   2.0335    0.085
P-n65-k10 	BT-3   65   21    260    1    792   1009    856    343   3.0374    0.081
P-n65-k10 	BT-3   65   10    130    0    792    952    800    104 1337.0453    0.010
P-n65-k10 	BT-3   65   10    130    1    792    800    800     91 1336.9569    0.010
P-n65-k10 	BT-3   65   42    130    0    792    952    800     97 -283.9960    0.010
P-n65-k10 	BT-3   65   42    130    1    792    800    800     90 -284.0228    0.010
P-n65-k10 	BT-3   65   21    260    0    792   1109    828    414   3.5524    0.045
P-n65-k10 	BT-3   65   21    260    1    792   1009    821    402   3.8788    0.037
P-n65-k10 	BT-3   65   10    130    0    792    952    800     99 -844.5574    0.010
P-n65-k10 	BT-3   65   10    130    1    792    800    800     93 -844.5018    0.010
P-n65-k10 	BT-3   65   42    130    0    792    952    800    100 1761.3533    0.010
P-n65-k10 	BT-3   65   42    130    1    792    800    800     86 1761.2832    0.010
P-n65-k10 	BT-3   65   21    260    0    792   1109    843    311   2.6604    0.064
P-n65-k10 	BT-3   65   21    260    1    792   1009    819    439   3.8447    0.034
P-n65-k10 	BT-3   65   10    130    0    792    952    800     94 995.4802    0.010
P-n65-k10 	BT-3   65   10    130    1    792    800    800     92 995.4899    0.010
P-n65-k10 	BT-3   65   42    130    0    792    952    800     99 -1308.4761    0.010
P-n65-k10 	BT-3   65   42    130    1    792    800    800     89 -1308.5210    0.010
P-n65-k10 	BT-3   65   21    260    0    792   1109    839    317   2.6547    0.059
P-n65-k10 	BT-3   65   21    260    1    792   1009    832    382   3.3040    0.051
P-n65-k10 	BT-3   65   10    130    0    792    952    800     99 375.4679    0.010
P-n65-k10 	BT-3   65   10    130    1    792    800    800     90 375.4000    0.010
P-n65-k10 	BT-3   65   42    130    0    792    952    800     97 1126.3077    0.010
P-n65-k10 	BT-3   65   42    130    1    792    800    800     89 1126.2654    0.010
