P-n60-k15 	BT-1   60   20    240    0    905   1155   1052    244   1.9243    0.162
P-n60-k15 	BT-1   60   20    240    1    905   1133   1042    245   1.9725    0.151
P-n60-k15 	BT-1   60   10    120    0    905   1042   1042    120   4.8367    0.151
P-n60-k15 	BT-1   60   10    120    1    905   1042   1042    120   4.8550    0.151
P-n60-k15 	BT-1   60   36    120    0    905   1042   1042    120  14.5292    0.151
P-n60-k15 	BT-1   60   36    120    1    905   1042   1042    120  14.5470    0.151
P-n60-k15 	BT-2   60   20    240    0    905   1155   1007    598   4.8093    0.113
P-n60-k15 	BT-2   60   20    240    1    905   1133   1024    362   2.9384    0.131
P-n60-k15 	BT-2   60   10    120    0    905   1007   1007    120   8.7228    0.113
P-n60-k15 	BT-2   60   10    120    1    905   1007   1007    120   8.7113    0.113
P-n60-k15 	BT-2   60   36    120    0    905   1007   1007    120  26.1610    0.113
P-n60-k15 	BT-2   60   36    120    1    905   1007   1007    120  26.1454    0.113
P-n60-k15 	BT-3   60   20    240    0    905   1155   1024    203   1.6046    0.131
P-n60-k15 	BT-3   60   20    240    1    905   1133    997    390   3.1330    0.102
P-n60-k15 	BT-3   60   10    120    0    905    997    997     80   5.3881    0.102
P-n60-k15 	BT-3   60   10    120    1    905    997    997     82   5.4126    0.102
P-n60-k15 	BT-3   60   36    120    0    905    997    997     87  16.2445    0.102
P-n60-k15 	BT-3   60   36    120    1    905    997    997     84  16.2336    0.102
P-n60-k15 	BT-3   60   20    240    0    905   1155   1024    210   1.6600    0.131
P-n60-k15 	BT-3   60   20    240    1    905   1133    981    684   5.5126    0.084
P-n60-k15 	BT-3   60   10    120    0    905    981    981     83  55.8839    0.084
P-n60-k15 	BT-3   60   10    120    1    905    981    981     77  55.8283    0.084
P-n60-k15 	BT-3   60   36    120    0    905    981    977    127 167.9601    0.080
P-n60-k15 	BT-3   60   36    120    1    905    981    977    153 168.1485    0.080
P-n60-k15 	BT-3   60   20    240    0    905   1155   1024    211   1.6629    0.131
P-n60-k15 	BT-3   60   20    240    1    905   1133   1015    324   2.7193    0.122
P-n60-k15 	BT-3   60   10    120    0    905    977    977     83 508.0806    0.080
P-n60-k15 	BT-3   60   10    120    1    905    977    977     82 508.0772    0.080
P-n60-k15 	BT-3   60   36    120    0    905    977    977     82 1524.2301    0.080
P-n60-k15 	BT-3   60   36    120    1    905    977    977     82 1524.2362    0.080
P-n60-k15 	BT-3   60   20    240    0    905   1155   1024    208   1.6421    0.131
P-n60-k15 	BT-3   60   20    240    1    905   1133    999    266   2.1368    0.104
P-n60-k15 	BT-3   60   10    120    0    905    977    977     82 281.5058    0.080
P-n60-k15 	BT-3   60   10    120    1    905    977    975    119 281.8037    0.077
P-n60-k15 	BT-3   60   36    120    0    905    975    975     83 844.8164    0.077
P-n60-k15 	BT-3   60   36    120    1    905    975    975     86 844.8536    0.077
P-n60-k15 	BT-3   60   20    240    0    905   1155   1024    197   1.5559    0.131
P-n60-k15 	BT-3   60   20    240    1    905   1133   1042    200   1.6566    0.151
P-n60-k15 	BT-3   60   10    120    0    905    975    975     85 -1757.2528    0.077
P-n60-k15 	BT-3   60   10    120    1    905    975    975     85 -1757.2343    0.077
P-n60-k15 	BT-3   60   36    120    0    905    975    975     89 -976.7416    0.077
P-n60-k15 	BT-3   60   36    120    1    905    975    975     86 -976.7617    0.077
P-n60-k15 	BT-3   60   20    240    0    905   1155   1024    204   1.6043    0.131
P-n60-k15 	BT-3   60   20    240    1    905   1133   1037    315   2.5699    0.146
P-n60-k15 	BT-3   60   10    120    0    905    975    975     87 1368.8813    0.077
P-n60-k15 	BT-3   60   10    120    1    905    975    975     79 1368.8229    0.077
P-n60-k15 	BT-3   60   36    120    0    905    975    975     85 -188.3970    0.077
P-n60-k15 	BT-3   60   36    120    1    905    975    975     80 -188.4439    0.077
P-n60-k15 	BT-3   60   20    240    0    905   1155   1017    203   1.6873    0.124
P-n60-k15 	BT-3   60   20    240    1    905   1133   1032    395   3.2642    0.140
P-n60-k15 	BT-3   60   10    120    0    905    975    975     88 -560.2607    0.077
P-n60-k15 	BT-3   60   10    120    1    905    975    975     83 -560.2965    0.077
P-n60-k15 	BT-3   60   36    120    0    905    975    975     78 -1680.9015    0.077
P-n60-k15 	BT-3   60   36    120    1    905    975    975     80 -1680.8794    0.077
P-n60-k15 	BT-3   60   20    240    0    905   1155   1024    211   1.6722    0.131
P-n60-k15 	BT-3   60   20    240    1    905   1133   1009    406   3.2349    0.115
P-n60-k15 	BT-3   60   10    120    0    905    975    975     82 -742.7728    0.077
P-n60-k15 	BT-3   60   10    120    1    905    975    975     87 -742.7203    0.077
P-n60-k15 	BT-3   60   36    120    0    905    975    975     87 2066.7407    0.077
P-n60-k15 	BT-3   60   36    120    1    905    975    975     87 2066.7339    0.077
P-n60-k15 	BT-3   60   20    240    0    905   1155   1031    275   2.1793    0.139
P-n60-k15 	BT-3   60   20    240    1    905   1133    993    447   3.5972    0.097
P-n60-k15 	BT-3   60   10    120    0    905    975    975     87 1911.0253    0.077
P-n60-k15 	BT-3   60   10    120    1    905    975    975     88 1911.0431    0.077
P-n60-k15 	BT-3   60   36    120    0    905    975    975     85 1438.1099    0.077
P-n60-k15 	BT-3   60   36    120    1    905    975    975     79 1438.0652    0.077
P-n60-k15 	BT-3   60   20    240    0    905   1155   1024    252   1.9917    0.131
P-n60-k15 	BT-3   60   20    240    1    905   1133   1034    327   2.6625    0.143
P-n60-k15 	BT-3   60   10    120    0    905    975    975     82  23.9467    0.077
P-n60-k15 	BT-3   60   10    120    1    905    975    975     84  23.9705    0.077
P-n60-k15 	BT-3   60   36    120    0    905    975    975     86  71.9257    0.077
P-n60-k15 	BT-3   60   36    120    1    905    975    975     84  71.8897    0.077
P-n60-k15 	BT-3   60   20    240    0    905   1155   1024    208   1.6428    0.131
P-n60-k15 	BT-3   60   20    240    1    905   1133   1005    395   3.2157    0.110
P-n60-k15 	BT-3   60   10    120    0    905    975    975     80 220.5233    0.077
P-n60-k15 	BT-3   60   10    120    1    905    975    975     80 220.5256    0.077
P-n60-k15 	BT-3   60   36    120    0    905    975    975     87 661.6273    0.077
P-n60-k15 	BT-3   60   36    120    1    905    975    975     87 661.6454    0.077
P-n60-k15 	BT-3   60   20    240    0    905   1155   1024    216   1.7019    0.131
P-n60-k15 	BT-3   60   20    240    1    905   1133    971    320   2.6034    0.073
P-n60-k15 	BT-3   60   10    120    0    905    971    971     88 1989.2153    0.073
P-n60-k15 	BT-3   60   10    120    1    905    971    971     80 1989.1432    0.073
P-n60-k15 	BT-3   60   36    120    0    905    971    971     87 1672.5903    0.073
P-n60-k15 	BT-3   60   36    120    1    905    971    971     81 1672.5566    0.073
P-n60-k15 	BT-3   60   20    240    0    905   1155   1024    206   1.6163    0.131
P-n60-k15 	BT-3   60   20    240    1    905   1133   1015    319   2.5913    0.122
P-n60-k15 	BT-3   60   10    120    0    905    971    971     85 726.9772    0.073
P-n60-k15 	BT-3   60   10    120    1    905    971    971     83 726.9447    0.073
P-n60-k15 	BT-3   60   36    120    0    905    971    971     79 -2114.1313    0.073
P-n60-k15 	BT-3   60   36    120    1    905    971    971     84 -2114.0916    0.073
P-n60-k15 	BT-3   60   20    240    0    905   1155   1024    195   1.5298    0.131
P-n60-k15 	BT-3   60   20    240    1    905   1133   1007    239   1.9286    0.113
P-n60-k15 	BT-3   60   10    120    0    905    971    971     84 -2043.8776    0.073
P-n60-k15 	BT-3   60   10    120    1    905    971    971     80 -2043.9232    0.073
P-n60-k15 	BT-3   60   36    120    0    905    971    971     85 -1836.6772    0.073
P-n60-k15 	BT-3   60   36    120    1    905    971    971     85 -1836.7178    0.073
P-n60-k15 	BT-3   60   20    240    0    905   1155   1024    207   1.6255    0.131
P-n60-k15 	BT-3   60   20    240    1    905   1133    998    271   2.2078    0.103
P-n60-k15 	BT-3   60   10    120    0    905    971    971     79 -1211.3481    0.073
P-n60-k15 	BT-3   60   10    120    1    905    971    971     83 -1211.3225    0.073
P-n60-k15 	BT-3   60   36    120    0    905    971    971     86 661.0172    0.073
P-n60-k15 	BT-3   60   36    120    1    905    971    971     84 660.9742    0.073
P-n60-k15 	BT-3   60   20    240    0    905   1155   1024    211   1.6536    0.131
P-n60-k15 	BT-3   60   20    240    1    905   1133   1032    292   2.3370    0.140
P-n60-k15 	BT-3   60   10    120    0    905    971    971     82 1986.9542    0.073
P-n60-k15 	BT-3   60   10    120    1    905    971    971     89 1986.9998    0.073
P-n60-k15 	BT-3   60   36    120    0    905    971    971     84 1665.9512    0.073
P-n60-k15 	BT-3   60   36    120    1    905    971    971     86 1665.9647    0.073
P-n60-k15 	BT-3   60   20    240    0    905   1155   1024    209   1.6447    0.131
P-n60-k15 	BT-3   60   20    240    1    905   1133   1042    204   1.6681    0.151
P-n60-k15 	BT-3   60   10    120    0    905    971    971     84 706.2191    0.073
P-n60-k15 	BT-3   60   10    120    1    905    971    971     81 706.1862    0.073
P-n60-k15 	BT-3   60   36    120    0    905    971    971     91 2118.6885    0.073
P-n60-k15 	BT-3   60   36    120    1    905    971    971     81 2118.5833    0.073
P-n60-k15 	BT-3   60   20    240    0    905   1155   1024    199   1.5603    0.131
P-n60-k15 	BT-3   60   20    240    1    905   1133   1014    295   2.3393    0.120
P-n60-k15 	BT-3   60   10    120    0    905    971    971     87 2064.8550    0.073
P-n60-k15 	BT-3   60   10    120    1    905    971    971     79 2064.7737    0.073
P-n60-k15 	BT-3   60   36    120    0    905    971    971     85 1899.4976    0.073
P-n60-k15 	BT-3   60   36    120    1    905    971    971     88 1899.5138    0.073
P-n60-k15 	BT-3   60   20    240    0    905   1155   1024    203   1.6054    0.131
P-n60-k15 	BT-3   60   20    240    1    905   1133   1037    383   3.1073    0.146
P-n60-k15 	BT-3   60   10    120    0    905    971    971     89 1408.2841    0.073
P-n60-k15 	BT-3   60   10    120    1    905    971    971     85 1408.2355    0.073
P-n60-k15 	BT-3   60   36    120    0    905    971    971     83 -70.2250    0.073
P-n60-k15 	BT-3   60   36    120    1    905    971    971     81 -70.2366    0.073
P-n60-k15 	BT-3   60   20    240    0    905   1155   1024    210   1.6536    0.131
P-n60-k15 	BT-3   60   20    240    1    905   1133   1015    303   2.4359    0.122
P-n60-k15 	BT-3   60   10    120    0    905    971    971     76 -206.6429    0.073
P-n60-k15 	BT-3   60   10    120    1    905    971    971     80 -206.6101    0.073
P-n60-k15 	BT-3   60   36    120    0    905    971    971     86 -619.8028    0.073
P-n60-k15 	BT-3   60   36    120    1    905    971    971     84 -619.8255    0.073
P-n60-k15 	BT-3   60   20    240    0    905   1155   1024    218   1.7219    0.131
P-n60-k15 	BT-3   60   20    240    1    905   1133   1019    356   2.9211    0.126
P-n60-k15 	BT-3   60   10    120    0    905    971    971     85 -1854.8018    0.073
P-n60-k15 	BT-3   60   10    120    1    905    971    971     82 -1854.8409    0.073
P-n60-k15 	BT-3   60   36    120    0    905    971    971     88 -1269.4591    0.073
P-n60-k15 	BT-3   60   36    120    1    905    971    971     86 -1269.4810    0.073
P-n60-k15 	BT-3   60   20    240    0    905   1155   1024    208   1.6338    0.131
P-n60-k15 	BT-3   60   20    240    1    905   1133   1020    538   4.3711    0.127
P-n60-k15 	BT-3   60   10    120    0    905    971    971     76 492.4780    0.073
P-n60-k15 	BT-3   60   10    120    1    905    971    971     78 492.4863    0.073
P-n60-k15 	BT-3   60   36    120    0    905    971    971     84 1477.5206    0.073
P-n60-k15 	BT-3   60   36    120    1    905    971    971     88 1477.5385    0.073
P-n60-k15 	BT-3   60   20    240    0    905   1155   1024    209   1.6438    0.131
P-n60-k15 	BT-3   60   20    240    1    905   1133   1011    402   3.2733    0.117
P-n60-k15 	BT-3   60   10    120    0    905    971    971     89 142.5538    0.073
P-n60-k15 	BT-3   60   10    120    1    905    971    971     83 142.4987    0.073
P-n60-k15 	BT-3   60   36    120    0    905    971    971     88 427.5906    0.073
P-n60-k15 	BT-3   60   36    120    1    905    971    971     83 427.5491    0.073
P-n60-k15 	BT-3   60   20    240    0    905   1155   1024    203   1.5935    0.131
P-n60-k15 	BT-3   60   20    240    1    905   1133   1004    377   3.1113    0.109
P-n60-k15 	BT-3   60   10    120    0    905    971    971     85 1287.4178    0.073
P-n60-k15 	BT-3   60   10    120    1    905    971    971     89 1287.4545    0.073
P-n60-k15 	BT-3   60   36    120    0    905    971    971     80 -432.7244    0.073
P-n60-k15 	BT-3   60   36    120    1    905    971    971     87 -432.6606    0.073
P-n60-k15 	BT-3   60   20    240    0    905   1155   1024    205   1.6195    0.131
P-n60-k15 	BT-3   60   20    240    1    905   1133   1037    264   2.0924    0.146
P-n60-k15 	BT-3   60   10    120    0    905    971    971     87 -1294.3259    0.073
P-n60-k15 	BT-3   60   10    120    1    905    971    971     78 -1294.4183    0.073
P-n60-k15 	BT-3   60   36    120    0    905    971    971     87 411.8874    0.073
P-n60-k15 	BT-3   60   36    120    1    905    971    971     84 411.8599    0.073
P-n60-k15 	BT-3   60   20    240    0    905   1155   1021    365   2.8961    0.128
P-n60-k15 	BT-3   60   20    240    1    905   1133    991    299   2.3964    0.095
P-n60-k15 	BT-3   60   10    120    0    905    971    971     88 1240.9412    0.073
P-n60-k15 	BT-3   60   10    120    1    905    971    971     83 1240.8965    0.073
P-n60-k15 	BT-3   60   36    120    0    905    971    971     80 -572.2459    0.073
P-n60-k15 	BT-3   60   36    120    1    905    971    971     81 -572.2533    0.073
P-n60-k15 	BT-3   60   20    240    0    905   1155   1024    210   1.6554    0.131
P-n60-k15 	BT-3   60   20    240    1    905   1133   1028    297   2.3771    0.136
P-n60-k15 	BT-3   60   10    120    0    905    971    971     80 -1712.7133    0.073
P-n60-k15 	BT-3   60   10    120    1    905    971    971     82 -1712.7023    0.073
P-n60-k15 	BT-3   60   36    120    0    905    971    971     81 -843.1652    0.073
P-n60-k15 	BT-3   60   36    120    1    905    971    971     83 -843.1440    0.073
P-n60-k15 	BT-3   60   20    240    0    905   1155   1024    210   1.6685    0.131
P-n60-k15 	BT-3   60   20    240    1    905   1133   1029    317   2.5680    0.137
P-n60-k15 	BT-3   60   10    120    0    905    971    971     80 1769.7286    0.073
P-n60-k15 	BT-3   60   10    120    1    905    971    971     87 1769.7743    0.073
P-n60-k15 	BT-3   60   36    120    0    905    971    971     88 1014.3222    0.073
P-n60-k15 	BT-3   60   36    120    1    905    971    971     84 1014.2828    0.073
P-n60-k15 	BT-3   60   20    240    0    905   1155   1024    215   1.7049    0.131
P-n60-k15 	BT-3   60   20    240    1    905   1133    990    479   3.9247    0.094
P-n60-k15 	BT-3   60   10    120    0    905    971    971     80 -1246.4708    0.073
P-n60-k15 	BT-3   60   10    120    1    905    971    971     82 -1246.4668    0.073
P-n60-k15 	BT-3   60   36    120    0    905    971    971     81 555.5771    0.073
P-n60-k15 	BT-3   60   36    120    1    905    971    971     85 555.5875    0.073
P-n60-k15 	BT-3   60   20    240    0    905   1155   1024    204   1.6001    0.131
P-n60-k15 	BT-3   60   20    240    1    905   1133   1014    497   4.0057    0.120
P-n60-k15 	BT-3   60   10    120    0    905    971    971     80 1672.3246    0.073
P-n60-k15 	BT-3   60   10    120    1    905    971    971     88 1672.3939    0.073
P-n60-k15 	BT-3   60   36    120    0    905    971    971     86 722.1413    0.073
P-n60-k15 	BT-3   60   36    120    1    905    971    971     80 722.0754    0.073
P-n60-k15 	BT-3   60   20    240    0    905   1155   1024    206   1.6313    0.131
P-n60-k15 	BT-3   60   20    240    1    905   1133    998    520   4.2750    0.103
P-n60-k15 	BT-3   60   10    120    0    905    971    971     87 -2122.7065    0.073
P-n60-k15 	BT-3   60   10    120    1    905    971    971     88 -2122.7139    0.073
P-n60-k15 	BT-3   60   36    120    0    905    971    971     90 -2073.1492    0.073
P-n60-k15 	BT-3   60   36    120    1    905    971    971     81 -2073.2170    0.073
P-n60-k15 	BT-3   60   20    240    0    905   1155   1024    204   1.6005    0.131
P-n60-k15 	BT-3   60   20    240    1    905   1133   1013    352   2.8278    0.119
P-n60-k15 	BT-3   60   10    120    0    905    971    971     80 -1920.1896    0.073
P-n60-k15 	BT-3   60   10    120    1    905    971    971     83 -1920.1683    0.073
P-n60-k15 	BT-3   60   36    120    0    905    971    971     86 -1465.5265    0.073
P-n60-k15 	BT-3   60   36    120    1    905    971    971     86 -1465.5389    0.073
P-n60-k15 	BT-3   60   20    240    0    905   1155   1024    203   1.5913    0.131
P-n60-k15 	BT-3   60   20    240    1    905   1133   1005    289   2.3179    0.110
P-n60-k15 	BT-3   60   10    120    0    905    971    971     85 -97.7233    0.073
P-n60-k15 	BT-3   60   10    120    1    905    971    971     87 -97.7202    0.073
P-n60-k15 	BT-3   60   36    120    0    905    971    971     87 -293.1628    0.073
P-n60-k15 	BT-3   60   36    120    1    905    971    971     81 -293.2108    0.073
P-n60-k15 	BT-3   60   20    240    0    905   1155   1024    207   1.6207    0.131
P-n60-k15 	BT-3   60   20    240    1    905   1133   1015    286   2.3322    0.122
P-n60-k15 	BT-3   60   10    120    0    905    971    971     77 -875.6603    0.073
P-n60-k15 	BT-3   60   10    120    1    905    971    971     81 -875.6337    0.073
P-n60-k15 	BT-3   60   36    120    0    905    971    971     82 1668.0653    0.073
P-n60-k15 	BT-3   60   36    120    1    905    971    971     92 1668.1271    0.073
P-n60-k15 	BT-3   60   20    240    0    905   1155   1024    211   1.6648    0.131
P-n60-k15 	BT-3   60   20    240    1    905   1133   1026    303   2.4607    0.134
P-n60-k15 	BT-3   60   10    120    0    905    971    971     85 713.4282    0.073
P-n60-k15 	BT-3   60   10    120    1    905    971    971     85 713.4268    0.073
P-n60-k15 	BT-3   60   36    120    0    905    971    971     86 2140.2913    0.073
P-n60-k15 	BT-3   60   36    120    1    905    971    971     84 2140.2722    0.073
P-n60-k15 	BT-3   60   20    240    0    905   1155   1024    211   1.6564    0.131
P-n60-k15 	BT-3   60   20    240    1    905   1133    997    510   4.0768    0.102
P-n60-k15 	BT-3   60   10    120    0    905    971    971     78 2131.5544    0.073
P-n60-k15 	BT-3   60   10    120    1    905    971    971     85 2131.6099    0.073
P-n60-k15 	BT-3   60   36    120    0    905    971    971     80 2099.7803    0.073
P-n60-k15 	BT-3   60   36    120    1    905    971    971     83 2099.7859    0.073
P-n60-k15 	BT-3   60   20    240    0    905   1155   1024    207   1.6349    0.131
P-n60-k15 	BT-3   60   20    240    1    905   1133   1040    301   2.4513    0.149
P-n60-k15 	BT-3   60   10    120    0    905    971    971     82 2008.4756    0.073
P-n60-k15 	BT-3   60   10    120    1    905    971    971     81 2008.4574    0.073
P-n60-k15 	BT-3   60   36    120    0    905    971    971     81 1730.4347    0.073
P-n60-k15 	BT-3   60   36    120    1    905    971    971     80 1730.4055    0.073
P-n60-k15 	BT-3   60   20    240    0    905   1155   1024    202   1.5972    0.131
P-n60-k15 	BT-3   60   20    240    1    905   1133   1026    319   2.5807    0.134
P-n60-k15 	BT-3   60   10    120    0    905    971    971     78 900.4609    0.073
P-n60-k15 	BT-3   60   10    120    1    905    971    971     77 900.4393    0.073
P-n60-k15 	BT-3   60   36    120    0    905    971    971     82 -1593.5621    0.073
P-n60-k15 	BT-3   60   36    120    1    905    971    971     85 -1593.5612    0.073
P-n60-k15 	BT-3   60   20    240    0    905   1155   1024    209   1.6579    0.131
P-n60-k15 	BT-3   60   20    240    1    905   1133   1033    261   2.0578    0.141
P-n60-k15 	BT-3   60   10    120    0    905    971    971     82 -482.0161    0.073
P-n60-k15 	BT-3   60   10    120    1    905    971    971     78 -482.0613    0.073
P-n60-k15 	BT-3   60   36    120    0    905    971    971     80 -1446.0981    0.073
P-n60-k15 	BT-3   60   36    120    1    905    971    971     89 -1446.0496    0.073
P-n60-k15 	BT-3   60   20    240    0    905   1155   1024    216   1.7249    0.131
P-n60-k15 	BT-3   60   20    240    1    905   1133   1007    299   2.3989    0.113
P-n60-k15 	BT-3   60   10    120    0    905    971    971     82 -39.1491    0.073
P-n60-k15 	BT-3   60   10    120    1    905    971    971     88 -39.1045    0.073
P-n60-k15 	BT-3   60   36    120    0    905    971    971     86 -117.3747    0.073
P-n60-k15 	BT-3   60   36    120    1    905    971    971     85 -117.3929    0.073
P-n60-k15 	BT-3   60   20    240    0    905   1155   1024    208   1.6326    0.131
P-n60-k15 	BT-3   60   20    240    1    905   1133   1042    196   1.5599    0.151
P-n60-k15 	BT-3   60   10    120    0    905    971    971     84 -348.9615    0.073
P-n60-k15 	BT-3   60   10    120    1    905    971    971     81 -348.9988    0.073
P-n60-k15 	BT-3   60   36    120    0    905    971    971     87 -1046.8951    0.073
P-n60-k15 	BT-3   60   36    120    1    905    971    971     83 -1046.9374    0.073
P-n60-k15 	BT-3   60   20    240    0    905   1155   1024    208   1.6306    0.131
P-n60-k15 	BT-3   60   20    240    1    905   1133   1040    307   2.4795    0.149
P-n60-k15 	BT-3   60   10    120    0    905    971    971     85 1158.3296    0.073
P-n60-k15 	BT-3   60   10    120    1    905    971    971     82 1158.2987    0.073
P-n60-k15 	BT-3   60   36    120    0    905    971    971     81 -820.0479    0.073
P-n60-k15 	BT-3   60   36    120    1    905    971    971     84 -820.0297    0.073
P-n60-k15 	BT-3   60   20    240    0    905   1155   1024    211   1.6577    0.131
P-n60-k15 	BT-3   60   20    240    1    905   1133   1014    310   2.5069    0.120
P-n60-k15 	BT-3   60   10    120    0    905    971    971     81 1839.0127    0.073
P-n60-k15 	BT-3   60   10    120    1    905    971    971     81 1839.0033    0.073
P-n60-k15 	BT-3   60   36    120    0    905    971    971     88 1222.1224    0.073
P-n60-k15 	BT-3   60   36    120    1    905    971    971     84 1222.0752    0.073
P-n60-k15 	BT-3   60   20    240    0    905   1155   1024    205   1.6176    0.131
P-n60-k15 	BT-3   60   20    240    1    905   1133   1042    207   1.6825    0.151
P-n60-k15 	BT-3   60   10    120    0    905    971    971     87 -625.3625    0.073
P-n60-k15 	BT-3   60   10    120    1    905    971    971     86 -625.3722    0.073
P-n60-k15 	BT-3   60   36    120    0    905    971    971     78 -1876.1721    0.073
P-n60-k15 	BT-3   60   36    120    1    905    971    971     88 -1876.0970    0.073
P-n60-k15 	BT-3   60   20    240    0    905   1155   1031    275   2.1743    0.139
P-n60-k15 	BT-3   60   20    240    1    905   1133   1032    263   2.1398    0.140
P-n60-k15 	BT-3   60   10    120    0    905    971    971     83 -1329.1134    0.073
P-n60-k15 	BT-3   60   10    120    1    905    971    971     92 -1329.0486    0.073
P-n60-k15 	BT-3   60   36    120    0    905    971    971     85 307.7008    0.073
P-n60-k15 	BT-3   60   36    120    1    905    971    971     85 307.7013    0.073
P-n60-k15 	BT-3   60   20    240    0    905   1155   1024    205   1.6091    0.131
P-n60-k15 	BT-3   60   20    240    1    905   1133   1030    402   3.2720    0.138
P-n60-k15 	BT-3   60   10    120    0    905    971    971     79 927.9406    0.073
P-n60-k15 	BT-3   60   10    120    1    905    971    971     87 927.9943    0.073
P-n60-k15 	BT-3   60   36    120    0    905    971    971     88 -1511.0225    0.073
P-n60-k15 	BT-3   60   36    120    1    905    971    971     81 -1511.0811    0.073
P-n60-k15 	BT-3   60   20    240    0    905   1155   1024    210   1.6568    0.131
P-n60-k15 	BT-3   60   20    240    1    905   1133   1037    264   2.1485    0.146
P-n60-k15 	BT-3   60   10    120    0    905    971    971     86 -234.3711    0.073
P-n60-k15 	BT-3   60   10    120    1    905    971    971     84 -234.3897    0.073
P-n60-k15 	BT-3   60   36    120    0    905    971    971     75 -703.2065    0.073
P-n60-k15 	BT-3   60   36    120    1    905    971    971     82 -703.1639    0.073
P-n60-k15 	BT-3   60   20    240    0    905   1155   1024    201   1.5756    0.131
P-n60-k15 	BT-3   60   20    240    1    905   1133   1007    382   3.0773    0.113
P-n60-k15 	BT-3   60   10    120    0    905    971    971     84 -2104.8647    0.073
P-n60-k15 	BT-3   60   10    120    1    905    971    971     79 -2104.9124    0.073
P-n60-k15 	BT-3   60   36    120    0    905    971    971     86 -2019.6572    0.073
P-n60-k15 	BT-3   60   36    120    1    905    971    971     87 -2019.6525    0.073
P-n60-k15 	BT-3   60   20    240    0    905   1155   1024    198   1.5499    0.131
P-n60-k15 	BT-3   60   20    240    1    905   1133    994    421   3.6109    0.098
P-n60-k15 	BT-3   60   10    120    0    905    971    971     83 -1758.8652    0.073
P-n60-k15 	BT-3   60   10    120    1    905    971    971     85 -1758.8479    0.073
P-n60-k15 	BT-3   60   36    120    0    905    971    971     83 -981.6052    0.073
P-n60-k15 	BT-3   60   36    120    1    905    971    971     90 -981.5527    0.073
P-n60-k15 	BT-3   60   20    240    0    905   1155   1024    201   1.5966    0.131
P-n60-k15 	BT-3   60   20    240    1    905   1133   1009    344   2.7627    0.115
P-n60-k15 	BT-3   60   10    120    0    905    971    971     79 1354.5297    0.073
P-n60-k15 	BT-3   60   10    120    1    905    971    971     91 1354.6274    0.073
P-n60-k15 	BT-3   60   36    120    0    905    971    971     86 -231.2166    0.073
P-n60-k15 	BT-3   60   36    120    1    905    971    971     87 -231.2152    0.073
P-n60-k15 	BT-3   60   20    240    0    905   1155   1024    201   1.5783    0.131
P-n60-k15 	BT-3   60   20    240    1    905   1133   1030    230   1.8506    0.138
P-n60-k15 	BT-3   60   10    120    0    905    971    971     81 -690.2664    0.073
P-n60-k15 	BT-3   60   10    120    1    905    971    971     77 -690.3092    0.073
P-n60-k15 	BT-3   60   36    120    0    905    971    971     87 -2070.7954    0.073
P-n60-k15 	BT-3   60   36    120    1    905    971    971     84 -2070.8250    0.073
P-n60-k15 	BT-3   60   20    240    0    905   1155   1024    218   1.7195    0.131
P-n60-k15 	BT-3   60   20    240    1    905   1133   1004    259   2.0213    0.109
P-n60-k15 	BT-3   60   10    120    0    905    971    971     83 -1913.7355    0.073
P-n60-k15 	BT-3   60   10    120    1    905    971    971     80 -1913.7666    0.073
P-n60-k15 	BT-3   60   36    120    0    905    971    971     84 -1446.2618    0.073
P-n60-k15 	BT-3   60   36    120    1    905    971    971     85 -1446.2603    0.073
P-n60-k15 	BT-3   60   20    240    0    905   1155   1024    213   1.6760    0.131
P-n60-k15 	BT-3   60   20    240    1    905   1133   1001    373   3.1482    0.106
P-n60-k15 	BT-3   60   10    120    0    905    971    971     84 -38.9956    0.073
P-n60-k15 	BT-3   60   10    120    1    905    971    971     86 -38.9844    0.073
P-n60-k15 	BT-3   60   36    120    0    905    971    971     80 -117.0114    0.073
P-n60-k15 	BT-3   60   36    120    1    905    971    971     79 -117.0228    0.073
P-n60-k15 	BT-3   60   20    240    0    905   1155   1024    210   1.6615    0.131
P-n60-k15 	BT-3   60   20    240    1    905   1133    973    712   5.7525    0.075
P-n60-k15 	BT-3   60   10    120    0    905    971    971     76 -343.6538    0.073
P-n60-k15 	BT-3   60   10    120    1    905    971    971     87 -343.5802    0.073
P-n60-k15 	BT-3   60   36    120    0    905    971    971     91 -1030.7795    0.073
P-n60-k15 	BT-3   60   36    120    1    905    971    971     84 -1030.8354    0.073
P-n60-k15 	BT-3   60   20    240    0    905   1155   1024    209   1.6713    0.131
P-n60-k15 	BT-3   60   20    240    1    905   1133   1025    314   2.5392    0.133
P-n60-k15 	BT-3   60   10    120    0    905    971    971     87 1206.7625    0.073
P-n60-k15 	BT-3   60   10    120    1    905    971    971     79 1206.6802    0.073
P-n60-k15 	BT-3   60   36    120    0    905    971    971     86 -674.7839    0.073
P-n60-k15 	BT-3   60   36    120    1    905    971    971     80 -674.8307    0.073
P-n60-k15 	BT-3   60   20    240    0    905   1155   1024    208   1.6349    0.131
P-n60-k15 	BT-3   60   20    240    1    905   1133   1001    306   2.4878    0.106
P-n60-k15 	BT-3   60   10    120    0    905    971    971     85 -2020.2710    0.073
P-n60-k15 	BT-3   60   10    120    1    905    971    971     85 -2020.2794    0.073
P-n60-k15 	BT-3   60   36    120    0    905    971    971     80 -1765.8779    0.073
P-n60-k15 	BT-3   60   36    120    1    905    971    971     82 -1765.8820    0.073
P-n60-k15 	BT-3   60   20    240    0    905   1155   1024    204   1.6038    0.131
P-n60-k15 	BT-3   60   20    240    1    905   1133   1042    203   1.6466    0.151
P-n60-k15 	BT-3   60   10    120    0    905    971    971     82 -999.4167    0.073
P-n60-k15 	BT-3   60   10    120    1    905    971    971     88 -999.3777    0.073
P-n60-k15 	BT-3   60   36    120    0    905    971    971     82 1296.7581    0.073
P-n60-k15 	BT-3   60   36    120    1    905    971    971     83 1296.7467    0.073
P-n60-k15 	BT-3   60   20    240    0    905   1155   1024    210   1.6618    0.131
P-n60-k15 	BT-3   60   20    240    1    905   1133   1014    238   1.9153    0.120
P-n60-k15 	BT-3   60   10    120    0    905    971    971     81 -401.1428    0.073
P-n60-k15 	BT-3   60   10    120    1    905    971    971     85 -401.1166    0.073
P-n60-k15 	BT-3   60   36    120    0    905    971    971     85 -1203.3748    0.073
P-n60-k15 	BT-3   60   36    120    1    905    971    971     85 -1203.3726    0.073
P-n60-k15 	BT-3   60   20    240    0    905   1155   1024    211   1.6876    0.131
P-n60-k15 	BT-3   60   20    240    1    905   1133   1027    237   1.9499    0.135
P-n60-k15 	BT-3   60   10    120    0    905    971    971     76 688.4174    0.073
P-n60-k15 	BT-3   60   10    120    1    905    971    971     85 688.4769    0.073
P-n60-k15 	BT-3   60   36    120    0    905    971    971     82 2065.3606    0.073
P-n60-k15 	BT-3   60   36    120    1    905    971    971     82 2065.3511    0.073
P-n60-k15 	BT-3   60   20    240    0    905   1155   1024    213   1.6944    0.131
P-n60-k15 	BT-3   60   20    240    1    905   1133   1017    317   2.5405    0.124
P-n60-k15 	BT-3   60   10    120    0    905    971    971     81 1905.3274    0.073
P-n60-k15 	BT-3   60   10    120    1    905    971    971     87 1905.3684    0.073
P-n60-k15 	BT-3   60   36    120    0    905    971    971     81 1421.0671    0.073
P-n60-k15 	BT-3   60   36    120    1    905    971    971     76 1421.0052    0.073
P-n60-k15 	BT-3   60   20    240    0    905   1155   1024    208   1.6439    0.131
P-n60-k15 	BT-3   60   20    240    1    905   1133   1008    400   3.2030    0.114
P-n60-k15 	BT-3   60   10    120    0    905    971    971     80 -26.9935    0.073
P-n60-k15 	BT-3   60   10    120    1    905    971    971     85 -26.9704    0.073
P-n60-k15 	BT-3   60   36    120    0    905    971    971     82 -80.9562    0.073
P-n60-k15 	BT-3   60   36    120    1    905    971    971     83 -80.9454    0.073
P-n60-k15 	BT-3   60   20    240    0    905   1155   1024    208   1.6303    0.131
P-n60-k15 	BT-3   60   20    240    1    905   1133   1012    363   2.9027    0.118
P-n60-k15 	BT-3   60   10    120    0    905    971    971     82 -238.3200    0.073
P-n60-k15 	BT-3   60   10    120    1    905    971    971     84 -238.3016    0.073
P-n60-k15 	BT-3   60   36    120    0    905    971    971     79 -714.9679    0.073
P-n60-k15 	BT-3   60   36    120    1    905    971    971     82 -714.9283    0.073
P-n60-k15 	BT-3   60   20    240    0    905   1155   1021    256   2.0557    0.128
P-n60-k15 	BT-3   60   20    240    1    905   1133   1029    371   3.0572    0.137
P-n60-k15 	BT-3   60   10    120    0    905    971    971     85 -2139.7002    0.073
P-n60-k15 	BT-3   60   10    120    1    905    971    971     85 -2139.7126    0.073
P-n60-k15 	BT-3   60   36    120    0    905    971    971     78 -2124.1895    0.073
P-n60-k15 	BT-3   60   36    120    1    905    971    971     84 -2124.1565    0.073
P-n60-k15 	BT-3   60   20    240    0    905   1155   1024    210   1.6521    0.131
P-n60-k15 	BT-3   60   20    240    1    905   1133   1001    381   3.0463    0.106
P-n60-k15 	BT-3   60   10    120    0    905    971    971     88 -2072.8064    0.073
P-n60-k15 	BT-3   60   10    120    1    905    971    971     80 -2072.8694    0.073
P-n60-k15 	BT-3   60   36    120    0    905    971    971     84 -1923.5299    0.073
P-n60-k15 	BT-3   60   36    120    1    905    971    971     82 -1923.5472    0.073
P-n60-k15 	BT-3   60   20    240    0    905   1155   1024    207   1.6353    0.131
P-n60-k15 	BT-3   60   20    240    1    905   1133   1014    282   2.3297    0.120
P-n60-k15 	BT-3   60   10    120    0    905    971    971     79 -1471.7247    0.073
P-n60-k15 	BT-3   60   10    120    1    905    971    971     81 -1471.7151    0.073
P-n60-k15 	BT-3   60   36    120    0    905    971    971     83 -120.1697    0.073
P-n60-k15 	BT-3   60   36    120    1    905    971    971     87 -120.1395    0.073
P-n60-k15 	BT-3   60   20    240    0    905   1155   1024    213   1.6766    0.131
P-n60-k15 	BT-3   60   20    240    1    905   1133    990    350   2.8177    0.094
P-n60-k15 	BT-3   60   10    120    0    905    971    971     88 -355.9410    0.073
P-n60-k15 	BT-3   60   10    120    1    905    971    971     88 -355.9539    0.073
P-n60-k15 	BT-3   60   36    120    0    905    971    971     82 -1067.8640    0.073
P-n60-k15 	BT-3   60   36    120    1    905    971    971     87 -1067.8519    0.073
P-n60-k15 	BT-3   60   20    240    0    905   1155   1024    209   1.6406    0.131
P-n60-k15 	BT-3   60   20    240    1    905   1133   1031    339   2.9299    0.139
P-n60-k15 	BT-3   60   10    120    0    905    971    971     81 1095.9298    0.073
P-n60-k15 	BT-3   60   10    120    1    905    971    971     82 1095.9299    0.073
P-n60-k15 	BT-3   60   36    120    0    905    971    971     79 -1007.1979    0.073
P-n60-k15 	BT-3   60   36    120    1    905    971    971     80 -1007.1930    0.073
P-n60-k15 	BT-3   60   20    240    0    905   1155   1024    213   1.6747    0.131
P-n60-k15 	BT-3   60   20    240    1    905   1133   1003    303   2.4564    0.108
P-n60-k15 	BT-3   60   10    120    0    905    971    971     86 1277.5702    0.073
P-n60-k15 	BT-3   60   10    120    1    905    971    971     88 1277.5844    0.073
P-n60-k15 	BT-3   60   36    120    0    905    971    971     85 -462.2229    0.073
P-n60-k15 	BT-3   60   36    120    1    905    971    971     86 -462.2561    0.073
P-n60-k15 	BT-3   60   20    240    0    905   1155   1024    205   1.6256    0.131
P-n60-k15 	BT-3   60   20    240    1    905   1133   1023    276   2.1669    0.130
P-n60-k15 	BT-3   60   10    120    0    905    971    971     83 -1382.9427    0.073
P-n60-k15 	BT-3   60   10    120    1    905    971    971     83 -1382.9651    0.073
P-n60-k15 	BT-3   60   36    120    0    905    971    971     79 146.0669    0.073
P-n60-k15 	BT-3   60   36    120    1    905    971    971     87 146.1305    0.073
P-n60-k15 	BT-3   60   20    240    0    905   1155   1024    210   1.6681    0.131
P-n60-k15 	BT-3   60   20    240    1    905   1133    994    353   2.8853    0.098
P-n60-k15 	BT-3   60   10    120    0    905    971    971     78 442.8208    0.073
P-n60-k15 	BT-3   60   10    120    1    905    971    971     84 442.8570    0.073
P-n60-k15 	BT-3   60   36    120    0    905    971    971     87 1328.5670    0.073
P-n60-k15 	BT-3   60   36    120    1    905    971    971     81 1328.5057    0.073
P-n60-k15 	BT-3   60   20    240    0    905   1155   1024    209   1.6496    0.131
P-n60-k15 	BT-3   60   20    240    1    905   1133   1004    389   3.1584    0.109
P-n60-k15 	BT-3   60   10    120    0    905    971    971     85 -304.5288    0.073
P-n60-k15 	BT-3   60   10    120    1    905    971    971     83 -304.5506    0.073
P-n60-k15 	BT-3   60   36    120    0    905    971    971     89 -913.5753    0.073
P-n60-k15 	BT-3   60   36    120    1    905    971    971     79 -913.6741    0.073
P-n60-k15 	BT-3   60   20    240    0    905   1155   1024    204   1.6109    0.131
P-n60-k15 	BT-3   60   20    240    1    905   1133   1011    393   3.1751    0.117
P-n60-k15 	BT-3   60   10    120    0    905    971    971     82 1558.8770    0.073
P-n60-k15 	BT-3   60   10    120    1    905    971    971     83 1558.8687    0.073
P-n60-k15 	BT-3   60   36    120    0    905    971    971     84 381.6545    0.073
P-n60-k15 	BT-3   60   36    120    1    905    971    971     89 381.7257    0.073
P-n60-k15 	BT-3   60   20    240    0    905   1155   1021    353   2.7995    0.128
P-n60-k15 	BT-3   60   20    240    1    905   1133    989    379   3.0606    0.093
P-n60-k15 	BT-3   60   10    120    0    905    971    971     83 1150.8906    0.073
P-n60-k15 	BT-3   60   10    120    1    905    971    971     80 1150.8566    0.073
P-n60-k15 	BT-3   60   36    120    0    905    971    971     86 -842.2971    0.073
P-n60-k15 	BT-3   60   36    120    1    905    971    971     87 -842.3085    0.073
P-n60-k15 	BT-3   60   20    240    0    905   1155   1024    201   1.5869    0.131
P-n60-k15 	BT-3   60   20    240    1    905   1133   1032    363   2.9612    0.140
P-n60-k15 	BT-3   60   10    120    0    905    971    971     84 1772.5911    0.073
P-n60-k15 	BT-3   60   10    120    1    905    971    971     90 1772.6268    0.073
P-n60-k15 	BT-3   60   36    120    0    905    971    971     89 1022.8690    0.073
P-n60-k15 	BT-3   60   36    120    1    905    971    971     82 1022.8147    0.073
P-n60-k15 	BT-3   60   20    240    0    905   1155   1024    209   1.6552    0.131
P-n60-k15 	BT-3   60   20    240    1    905   1133   1026    264   2.1420    0.134
P-n60-k15 	BT-3   60   10    120    0    905    971    971     80 -1222.6720    0.073
P-n60-k15 	BT-3   60   10    120    1    905    971    971     81 -1222.6744    0.073
P-n60-k15 	BT-3   60   36    120    0    905    971    971     81 626.9518    0.073
P-n60-k15 	BT-3   60   36    120    1    905    971    971     89 627.0075    0.073
P-n60-k15 	BT-3   60   20    240    0    905   1155   1024    206   1.6325    0.131
P-n60-k15 	BT-3   60   20    240    1    905   1133    975    581   4.7166    0.077
P-n60-k15 	BT-3   60   10    120    0    905    971    971     89 1887.3234    0.073
P-n60-k15 	BT-3   60   10    120    1    905    971    971     83 1887.2634    0.073
P-n60-k15 	BT-3   60   36    120    0    905    971    971     82 1366.8838    0.073
P-n60-k15 	BT-3   60   36    120    1    905    971    971     83 1366.8873    0.073
P-n60-k15 	BT-3   60   20    240    0    905   1155   1024    210   1.6622    0.131
P-n60-k15 	BT-3   60   20    240    1    905   1133   1034    271   2.2484    0.143
P-n60-k15 	BT-3   60   10    120    0    905    971    971     84 -190.3810    0.073
P-n60-k15 	BT-3   60   10    120    1    905    971    971     80 -190.4236    0.073
P-n60-k15 	BT-3   60   36    120    0    905    971    971     89 -571.1360    0.073
P-n60-k15 	BT-3   60   36    120    1    905    971    971     84 -571.1876    0.073
P-n60-k15 	BT-3   60   20    240    0    905   1155   1024    217   1.7962    0.131
P-n60-k15 	BT-3   60   20    240    1    905   1133   1018    861   6.9917    0.125
P-n60-k15 	BT-3   60   10    120    0    905    971    971     86 -1704.7080    0.073
P-n60-k15 	BT-3   60   10    120    1    905    971    971     84 -1704.7367    0.073
P-n60-k15 	BT-3   60   36    120    0    905    971    971     80 -819.2122    0.073
P-n60-k15 	BT-3   60   36    120    1    905    971    971     89 -819.1518    0.073
P-n60-k15 	BT-3   60   20    240    0    905   1155   1024    202   1.5993    0.131
P-n60-k15 	BT-3   60   20    240    1    905   1133   1007    280   2.2609    0.113
P-n60-k15 	BT-3   60   10    120    0    905    971    971     80 1841.2274    0.073
P-n60-k15 	BT-3   60   10    120    1    905    971    971     84 1841.2501    0.073
P-n60-k15 	BT-3   60   36    120    0    905    971    971     80 1228.7354    0.073
P-n60-k15 	BT-3   60   36    120    1    905    971    971     79 1228.7686    0.073
P-n60-k15 	BT-3   60   20    240    0    905   1155   1024    206   1.6249    0.131
P-n60-k15 	BT-3   60   20    240    1    905   1133   1013    323   2.7178    0.119
P-n60-k15 	BT-3   60   10    120    0    905    971    971     78 -604.4000    0.073
P-n60-k15 	BT-3   60   10    120    1    905    971    971     80 -604.3923    0.073
P-n60-k15 	BT-3   60   36    120    0    905    971    971     84 -1813.1185    0.073
P-n60-k15 	BT-3   60   36    120    1    905    971    971     82 -1813.1600    0.073
P-n60-k15 	BT-3   60   20    240    0    905   1155   1024    208   1.7285    0.131
P-n60-k15 	BT-3   60   20    240    1    905   1133   1034    259   2.0994    0.143
P-n60-k15 	BT-3   60   10    120    0    905    971    971     90 -1140.5779    0.073
P-n60-k15 	BT-3   60   10    120    1    905    971    971     80 -1140.6659    0.073
P-n60-k15 	BT-3   60   36    120    0    905    971    971     85 873.1212    0.073
P-n60-k15 	BT-3   60   36    120    1    905    971    971     83 873.0841    0.073
P-n60-k15 	BT-3   60   20    240    0    905   1155   1024    208   1.6335    0.131
P-n60-k15 	BT-3   60   20    240    1    905   1133   1018    489   3.8905    0.125
P-n60-k15 	BT-3   60   10    120    0    905    971    971     86 -1670.1238    0.073
P-n60-k15 	BT-3   60   10    120    1    905    971    971     84 -1670.1482    0.073
P-n60-k15 	BT-3   60   36    120    0    905    971    971     83 -715.4425    0.073
P-n60-k15 	BT-3   60   36    120    1    905    971    971     85 -715.4323    0.073
P-n60-k15 	BT-3   60   20    240    0    905   1155   1024    202   1.5840    0.131
P-n60-k15 	BT-3   60   20    240    1    905   1133   1019    288   2.3455    0.126
P-n60-k15 	BT-3   60   10    120    0    905    971    971     84 -2142.3877    0.073
P-n60-k15 	BT-3   60   10    120    1    905    971    971     90 -2142.3479    0.073
P-n60-k15 	BT-3   60   36    120    0    905    971    971     79 -2132.1995    0.073
P-n60-k15 	BT-3   60   36    120    1    905    971    971     84 -2132.1658    0.073
P-n60-k15 	BT-3   60   20    240    0    905   1155   1024    209   1.6403    0.131
P-n60-k15 	BT-3   60   20    240    1    905   1133   1004    502   4.0621    0.109
P-n60-k15 	BT-3   60   10    120    0    905    971    971     82 -2095.8738    0.073
P-n60-k15 	BT-3   60   10    120    1    905    971    971     81 -2095.8906    0.073
P-n60-k15 	BT-3   60   36    120    0    905    971    971     88 -1992.6177    0.073
P-n60-k15 	BT-3   60   36    120    1    905    971    971     87 -1992.6335    0.073
P-n60-k15 	BT-3   60   20    240    0    905   1155   1024    201   1.5745    0.131
P-n60-k15 	BT-3   60   20    240    1    905   1133   1005    293   2.3892    0.110
P-n60-k15 	BT-3   60   10    120    0    905    971    971     87 -1678.9462    0.073
P-n60-k15 	BT-3   60   10    120    1    905    971    971     89 -1678.9363    0.073
P-n60-k15 	BT-3   60   36    120    0    905    971    971     87 -741.8609    0.073
P-n60-k15 	BT-3   60   36    120    1    905    971    971     86 -741.8781    0.073
P-n60-k15 	BT-3   60   20    240    0    905   1155   1024    205   1.6263    0.131
P-n60-k15 	BT-3   60   20    240    1    905   1133   1042    209   1.6789    0.151
P-n60-k15 	BT-3   60   10    120    0    905    971    971     87 2072.6782    0.073
P-n60-k15 	BT-3   60   10    120    1    905    971    971     85 2072.6440    0.073
P-n60-k15 	BT-3   60   36    120    0    905    971    971     87 1923.0272    0.073
P-n60-k15 	BT-3   60   36    120    1    905    971    971     82 1922.9773    0.073
P-n60-k15 	BT-3   60   20    240    0    905   1155   1024    206   1.6133    0.131
P-n60-k15 	BT-3   60   20    240    1    905   1133    973    492   3.9691    0.075
P-n60-k15 	BT-3   60   10    120    0    905    971    971     82 1479.6096    0.073
P-n60-k15 	BT-3   60   10    120    1    905    971    971     88 1479.6481    0.073
P-n60-k15 	BT-3   60   36    120    0    905    971    971     83 143.9002    0.073
P-n60-k15 	BT-3   60   36    120    1    905    971    971     88 143.9450    0.073
P-n60-k15 	BT-3   60   20    240    0    905   1155   1024    208   1.6330    0.131
P-n60-k15 	BT-3   60   20    240    1    905   1133   1019    405   3.2644    0.126
P-n60-k15 	BT-3   60   10    120    0    905    971    971     81 436.6286    0.073
P-n60-k15 	BT-3   60   10    120    1    905    971    971     84 436.6485    0.073
P-n60-k15 	BT-3   60   36    120    0    905    971    971     83 1309.9338    0.073
P-n60-k15 	BT-3   60   36    120    1    905    971    971     79 1309.8867    0.073
P-n60-k15 	BT-3   60   20    240    0    905   1155   1024    216   1.7194    0.131
P-n60-k15 	BT-3   60   20    240    1    905   1133    990    322   2.5827    0.094
P-n60-k15 	BT-3   60   10    120    0    905    971    971     87 -360.8846    0.073
P-n60-k15 	BT-3   60   10    120    1    905    971    971     85 -360.9086    0.073
P-n60-k15 	BT-3   60   36    120    0    905    971    971     81 -1082.7087    0.073
P-n60-k15 	BT-3   60   36    120    1    905    971    971     83 -1082.7236    0.073
P-n60-k15 	BT-3   60   20    240    0    905   1155   1024    209   1.6413    0.131
P-n60-k15 	BT-3   60   20    240    1    905   1133   1013    359   3.0006    0.119
P-n60-k15 	BT-3   60   10    120    0    905    971    971     74 1051.4209    0.073
P-n60-k15 	BT-3   60   10    120    1    905    971    971     82 1051.4866    0.073
P-n60-k15 	BT-3   60   36    120    0    905    971    971     82 -1140.6008    0.073
P-n60-k15 	BT-3   60   36    120    1    905    971    971     79 -1140.6299    0.073
P-n60-k15 	BT-3   60   20    240    0    905   1155   1024    208   1.6354    0.131
P-n60-k15 	BT-3   60   20    240    1    905   1133   1042    203   1.6276    0.151
P-n60-k15 	BT-3   60   10    120    0    905    971    971     86 876.4663    0.073
P-n60-k15 	BT-3   60   10    120    1    905    971    971     90 876.4894    0.073
P-n60-k15 	BT-3   60   36    120    0    905    971    971     83 -1665.6085    0.073
P-n60-k15 	BT-3   60   36    120    1    905    971    971     83 -1665.6180    0.073
P-n60-k15 	BT-3   60   20    240    0    905   1155   1024    192   1.5002    0.131
P-n60-k15 	BT-3   60   20    240    1    905   1133   1035    254   2.0565    0.144
P-n60-k15 	BT-3   60   10    120    0    905    971    971     77 -698.3239    0.073
P-n60-k15 	BT-3   60   10    120    1    905    971    971     82 -698.2875    0.073
P-n60-k15 	BT-3   60   36    120    0    905    971    971     83 -2094.9260    0.073
P-n60-k15 	BT-3   60   36    120    1    905    971    971     81 -2094.9424    0.073
P-n60-k15 	BT-3   60   20    240    0    905   1155   1024    204   1.6125    0.131
P-n60-k15 	BT-3   60   20    240    1    905   1133   1022    336   2.7659    0.129
P-n60-k15 	BT-3   60   10    120    0    905    971    971     81 -1985.4617    0.073
P-n60-k15 	BT-3   60   10    120    1    905    971    971     84 -1985.4368    0.073
P-n60-k15 	BT-3   60   36    120    0    905    971    971     84 -1661.3594    0.073
P-n60-k15 	BT-3   60   36    120    1    905    971    971     82 -1661.3945    0.073
P-n60-k15 	BT-3   60   20    240    0    905   1155   1024    202   1.6668    0.131
P-n60-k15 	BT-3   60   20    240    1    905   1133   1023    318   2.6837    0.130
P-n60-k15 	BT-3   60   10    120    0    905    971    971     82 -684.8044    0.073
P-n60-k15 	BT-3   60   10    120    1    905    971    971     85 -684.7900    0.073
P-n60-k15 	BT-3   60   36    120    0    905    971    971     86 -2054.3650    0.073
P-n60-k15 	BT-3   60   36    120    1    905    971    971     93 -2054.3323    0.073
P-n60-k15 	BT-3   60   20    240    0    905   1155   1024    204   1.6161    0.131
P-n60-k15 	BT-3   60   20    240    1    905   1133   1024    335   2.7094    0.131
P-n60-k15 	BT-3   60   10    120    0    905    971    971     83 -1863.8127    0.073
P-n60-k15 	BT-3   60   10    120    1    905    971    971     82 -1863.8284    0.073
P-n60-k15 	BT-3   60   36    120    0    905    971    971     84 -1296.4755    0.073
P-n60-k15 	BT-3   60   36    120    1    905    971    971     85 -1296.4648    0.073
P-n60-k15 	BT-3   60   20    240    0    905   1155   1024    219   1.7359    0.131
P-n60-k15 	BT-3   60   20    240    1    905   1133    983    389   3.1678    0.086
P-n60-k15 	BT-3   60   10    120    0    905    971    971     84 410.4497    0.073
P-n60-k15 	BT-3   60   10    120    1    905    971    971     81 410.4199    0.073
P-n60-k15 	BT-3   60   36    120    0    905    971    971     88 1231.3607    0.073
P-n60-k15 	BT-3   60   36    120    1    905    971    971     81 1231.2921    0.073
P-n60-k15 	BT-3   60   20    240    0    905   1155   1024    206   1.6163    0.131
P-n60-k15 	BT-3   60   20    240    1    905   1133   1018    322   2.6168    0.125
P-n60-k15 	BT-3   60   10    120    0    905    971    971     86 -596.7551    0.073
P-n60-k15 	BT-3   60   10    120    1    905    971    971     88 -596.7368    0.073
P-n60-k15 	BT-3   60   36    120    0    905    971    971     84 -1790.2288    0.073
P-n60-k15 	BT-3   60   36    120    1    905    971    971     78 -1790.3070    0.073
P-n60-k15 	BT-3   60   20    240    0    905   1155   1024    208   1.6319    0.131
P-n60-k15 	BT-3   60   20    240    1    905   1133   1032    345   2.7684    0.140
P-n60-k15 	BT-3   60   10    120    0    905    971    971     85 -1071.4078    0.073
P-n60-k15 	BT-3   60   10    120    1    905    971    971     85 -1071.4142    0.073
P-n60-k15 	BT-3   60   36    120    0    905    971    971     82 1080.7219    0.073
P-n60-k15 	BT-3   60   36    120    1    905    971    971     84 1080.7214    0.073
P-n60-k15 	BT-3   60   20    240    0    905   1155   1024    206   1.6213    0.131
P-n60-k15 	BT-3   60   20    240    1    905   1133   1014    421   3.4836    0.120
P-n60-k15 	BT-3   60   10    120    0    905    971    971     84 -1047.6949    0.073
P-n60-k15 	BT-3   60   10    120    1    905    971    971     82 -1047.7172    0.073
P-n60-k15 	BT-3   60   36    120    0    905    971    971     93 1151.9312    0.073
P-n60-k15 	BT-3   60   36    120    1    905    971    971     84 1151.8578    0.073
P-n60-k15 	BT-3   60   20    240    0    905   1155   1024    208   1.6277    0.131
P-n60-k15 	BT-3   60   20    240    1    905   1133   1042    204   1.5987    0.151
P-n60-k15 	BT-3   60   10    120    0    905    971    971     82 -836.1047    0.073
P-n60-k15 	BT-3   60   10    120    1    905    971    971     77 -836.1501    0.073
P-n60-k15 	BT-3   60   36    120    0    905    971    971     83 1786.6224    0.073
P-n60-k15 	BT-3   60   36    120    1    905    971    971     84 1786.6180    0.073
