P-n50-k7 	BT-1   50   16    200    0    554    911    588    338   1.3523    0.061
P-n50-k7 	BT-1   50   16    200    1    554    746    577    283   1.1278    0.042
P-n50-k7 	BT-1   50    8    100    0    554    577    577    100   2.9136    0.042
P-n50-k7 	BT-1   50    8    100    1    554    577    577    100   2.8544    0.042
P-n50-k7 	BT-1   50   25    100    0    554    577    577    100   8.6811    0.042
P-n50-k7 	BT-1   50   25    100    1    554    577    577    100   8.6467    0.042
P-n50-k7 	BT-2   50   16    200    0    554    911    569    523   2.0757    0.027
P-n50-k7 	BT-2   50   16    200    1    554    746    562    353   1.4152    0.014
P-n50-k7 	BT-2   50    8    100    0    554    606    569    156   4.1331    0.027
P-n50-k7 	BT-2   50    8    100    1    554    562    562    100   3.9082    0.014
P-n50-k7 	BT-2   50   25    100    0    554    606    573    107  11.9520    0.034
P-n50-k7 	BT-2   50   25    100    1    554    562    562    100  11.9447    0.014
P-n50-k7 	BT-3   50   16    200    0    554    911    590    185   0.6782    0.065
P-n50-k7 	BT-3   50   16    200    1    554    746    587    180   0.6881    0.060
P-n50-k7 	BT-3   50    8    100    0    554    587    581     71   1.6525    0.049
P-n50-k7 	BT-3   50    8    100    1    554    587    581     76   1.6717    0.049
P-n50-k7 	BT-3   50   25    100    0    554    581    581     74   4.9734    0.049
P-n50-k7 	BT-3   50   25    100    1    554    581    581     59   4.9238    0.049
P-n50-k7 	BT-3   50   16    200    0    554    911    590    202   0.7563    0.065
P-n50-k7 	BT-3   50   16    200    1    554    746    587    184   0.6962    0.060
P-n50-k7 	BT-3   50    8    100    0    554    581    569    168  16.7324    0.027
P-n50-k7 	BT-3   50    8    100    1    554    581    581     70  16.3215    0.049
P-n50-k7 	BT-3   50   25    100    0    554    569    569     73  49.3735    0.027
P-n50-k7 	BT-3   50   25    100    1    554    569    563     80  49.4144    0.016
P-n50-k7 	BT-3   50   16    200    0    554    911    580    189   0.6925    0.047
P-n50-k7 	BT-3   50   16    200    1    554    746    587    182   0.6909    0.060
P-n50-k7 	BT-3   50    8    100    0    554    563    563     68 149.5424    0.016
P-n50-k7 	BT-3   50    8    100    1    554    563    563     69 149.5389    0.016
P-n50-k7 	BT-3   50   25    100    0    554    563    563     73 448.6365    0.016
P-n50-k7 	BT-3   50   25    100    1    554    563    563     74 448.6349    0.016
P-n50-k7 	BT-3   50   16    200    0    554    911    590    196   0.7300    0.065
P-n50-k7 	BT-3   50   16    200    1    554    746    570    268   1.0260    0.029
P-n50-k7 	BT-3   50    8    100    0    554    563    563     69 1347.6487    0.016
P-n50-k7 	BT-3   50    8    100    1    554    563    563     69 1347.6543    0.016
P-n50-k7 	BT-3   50   25    100    0    554    563    563     68 -252.0186    0.016
P-n50-k7 	BT-3   50   25    100    1    554    563    563     74 -251.9989    0.016
P-n50-k7 	BT-3   50   16    200    0    554    911    590    184   0.6656    0.065
P-n50-k7 	BT-3   50   16    200    1    554    746    587    179   0.6910    0.060
P-n50-k7 	BT-3   50    8    100    0    554    563    562    120 -754.4854    0.014
P-n50-k7 	BT-3   50    8    100    1    554    563    563     69 -754.6624    0.016
P-n50-k7 	BT-3   50   25    100    0    554    562    562     70 2031.1462    0.014
P-n50-k7 	BT-3   50   25    100    1    554    562    562     69 2031.1285    0.014
P-n50-k7 	BT-3   50   16    200    0    554    911    590    192   0.6939    0.065
P-n50-k7 	BT-3   50   16    200    1    554    746    587    181   0.6854    0.060
P-n50-k7 	BT-3   50    8    100    0    554    562    562     68 1799.8287    0.014
P-n50-k7 	BT-3   50    8    100    1    554    562    562     75 1799.8510    0.014
P-n50-k7 	BT-3   50   25    100    0    554    562    562     65 1104.5193    0.014
P-n50-k7 	BT-3   50   25    100    1    554    562    562     71 1104.5402    0.014
P-n50-k7 	BT-3   50   16    200    0    554    911    567    189   0.7040    0.023
P-n50-k7 	BT-3   50   16    200    1    554    746    572    250   0.9385    0.032
P-n50-k7 	BT-3   50    8    100    0    554    562    562     70 -979.7219    0.014
P-n50-k7 	BT-3   50    8    100    1    554    562    562     71 -979.6987    0.014
P-n50-k7 	BT-3   50   25    100    0    554    562    562     74 1355.8352    0.014
P-n50-k7 	BT-3   50   25    100    1    554    562    562     73 1355.8292    0.014
P-n50-k7 	BT-3   50   16    200    0    554    911    574    334   1.2561    0.036
P-n50-k7 	BT-3   50   16    200    1    554    746    576    282   1.0807    0.040
P-n50-k7 	BT-3   50    8    100    0    554    562    562     71 -225.1297    0.014
P-n50-k7 	BT-3   50    8    100    1    554    562    562     71 -225.1492    0.014
P-n50-k7 	BT-3   50   25    100    0    554    562    562     65 -675.4358    0.014
P-n50-k7 	BT-3   50   25    100    1    554    562    562     65 -675.4434    0.014
P-n50-k7 	BT-3   50   16    200    0    554    911    590    194   0.7035    0.065
P-n50-k7 	BT-3   50   16    200    1    554    746    587    182   0.6940    0.060
P-n50-k7 	BT-3   50    8    100    0    554    562    562     75 -2024.8763    0.014
P-n50-k7 	BT-3   50    8    100    1    554    562    562     70 -2024.9094    0.014
P-n50-k7 	BT-3   50   25    100    0    554    562    562     67 -1779.7246    0.014
P-n50-k7 	BT-3   50   25    100    1    554    562    562     69 -1779.7285    0.014
P-n50-k7 	BT-3   50   16    200    0    554    911    590    195   0.7511    0.065
P-n50-k7 	BT-3   50   16    200    1    554    746    587    190   0.7249    0.060
P-n50-k7 	BT-3   50    8    100    0    554    562    562     73 -1042.7174    0.014
P-n50-k7 	BT-3   50    8    100    1    554    562    562     70 -1042.7288    0.014
P-n50-k7 	BT-3   50   25    100    0    554    562    562     74 1166.8112    0.014
P-n50-k7 	BT-3   50   25    100    1    554    562    562     68 1166.7893    0.014
P-n50-k7 	BT-3   50   16    200    0    554    911    590    187   0.6823    0.065
P-n50-k7 	BT-3   50   16    200    1    554    746    568    252   0.9677    0.025
P-n50-k7 	BT-3   50    8    100    0    554    562    562     70 -792.9282    0.014
P-n50-k7 	BT-3   50    8    100    1    554    562    562     70 -792.9203    0.014
P-n50-k7 	BT-3   50   25    100    0    554    562    562     66 1916.1804    0.014
P-n50-k7 	BT-3   50   25    100    1    554    562    562     70 1916.1887    0.014
P-n50-k7 	BT-3   50   16    200    0    554    911    590    189   0.6797    0.065
P-n50-k7 	BT-3   50   16    200    1    554    746    587    184   0.6942    0.060
P-n50-k7 	BT-3   50    8    100    0    554    562    562     70 1454.9781    0.014
P-n50-k7 	BT-3   50    8    100    1    554    562    562     73 1454.9807    0.014
P-n50-k7 	BT-3   50   25    100    0    554    562    562     70  69.9642    0.014
P-n50-k7 	BT-3   50   25    100    1    554    562    562     75  69.9763    0.014
P-n50-k7 	BT-3   50   16    200    0    554    911    569    360   1.3181    0.027
P-n50-k7 	BT-3   50   16    200    1    554    746    587    184   0.7033    0.060
P-n50-k7 	BT-3   50    8    100    0    554    562    562     72 211.9364    0.014
P-n50-k7 	BT-3   50    8    100    1    554    562    562     67 211.9069    0.014
P-n50-k7 	BT-3   50   25    100    0    554    562    562     72 635.7767    0.014
P-n50-k7 	BT-3   50   25    100    1    554    562    562     70 635.7657    0.014
P-n50-k7 	BT-3   50   16    200    0    554    911    590    190   0.6883    0.065
P-n50-k7 	BT-3   50   16    200    1    554    746    587    182   0.6933    0.060
P-n50-k7 	BT-3   50    8    100    0    554    562    562     69 1908.6852    0.014
P-n50-k7 	BT-3   50    8    100    1    554    562    562     73 1908.7106    0.014
P-n50-k7 	BT-3   50   25    100    0    554    562    562     66 1431.1077    0.014
P-n50-k7 	BT-3   50   25    100    1    554    562    562     70 1431.1105    0.014
P-n50-k7 	BT-3   50   16    200    0    554    911    590    197   0.7182    0.065
P-n50-k7 	BT-3   50   16    200    1    554    746    587    186   0.7053    0.060
P-n50-k7 	BT-3   50    8    100    0    554    562    562     68  -0.2040    0.014
P-n50-k7 	BT-3   50    8    100    1    554    562    562     76  -0.1880    0.014
P-n50-k7 	BT-3   50   25    100    0    554    562    562     72  -0.5893    0.014
P-n50-k7 	BT-3   50   25    100    1    554    562    562     70  -0.5963    0.014
P-n50-k7 	BT-3   50   16    200    0    554    911    590    191   0.7117    0.065
P-n50-k7 	BT-3   50   16    200    1    554    746    562    315   1.2178    0.014
P-n50-k7 	BT-3   50    8    100    0    554    562    559     90   0.2521    0.009
P-n50-k7 	BT-3   50    8    100    1    554    562    556    115   0.3148    0.004
P-n50-k7 	BT-3   50   25    100    0    554    556    556     71   0.7239    0.004
P-n50-k7 	BT-3   50   25    100    1    554    556    556     67   0.6981    0.004
P-n50-k7 	BT-3   50   16    200    0    554    911    559    190   0.7096    0.009
P-n50-k7 	BT-3   50   16    200    1    554    746    584    281   1.0837    0.054
P-n50-k7 	BT-3   50    8    100    0    554    556    556     66   3.9353    0.004
P-n50-k7 	BT-3   50    8    100    1    554    556    556     66   3.9090    0.004
P-n50-k7 	BT-3   50   25    100    0    554    556    556     71  11.7746    0.004
P-n50-k7 	BT-3   50   25    100    1    554    556    556     69  11.7687    0.004
P-n50-k7 	BT-3   50   16    200    0    554    911    587    256   0.9673    0.060
P-n50-k7 	BT-3   50   16    200    1    554    746    562    267   1.0159    0.014
P-n50-k7 	BT-3   50    8    100    0    554    556    556     74  37.3175    0.004
P-n50-k7 	BT-3   50    8    100    1    554    556    556     72  37.3031    0.004
P-n50-k7 	BT-3   50   25    100    0    554    556    556     71 111.9315    0.004
P-n50-k7 	BT-3   50   25    100    1    554    556    556     72 111.9297    0.004
P-n50-k7 	BT-3   50   16    200    0    554    911    590    190   0.7081    0.065
P-n50-k7 	BT-3   50   16    200    1    554    746    587    187   0.7248    0.060
P-n50-k7 	BT-3   50    8    100    0    554    556    556     69 337.2208    0.004
P-n50-k7 	BT-3   50    8    100    1    554    556    556     64 337.1936    0.004
P-n50-k7 	BT-3   50   25    100    0    554    556    556     74 1011.6466    0.004
P-n50-k7 	BT-3   50   25    100    1    554    556    556     75 1011.6516    0.004
P-n50-k7 	BT-3   50   16    200    0    554    911    594    234   0.8578    0.072
P-n50-k7 	BT-3   50   16    200    1    554    746    570    303   1.1667    0.029
P-n50-k7 	BT-3   50    8    100    0    554    556    556     69 -1258.0189    0.004
P-n50-k7 	BT-3   50    8    100    1    554    556    556     75 -1257.9932    0.004
P-n50-k7 	BT-3   50   25    100    0    554    556    556     73 520.9557    0.004
P-n50-k7 	BT-3   50   25    100    1    554    556    556     70 520.9413    0.004
P-n50-k7 	BT-3   50   16    200    0    554    911    570    480   1.9020    0.029
P-n50-k7 	BT-3   50   16    200    1    554    746    587    183   0.6969    0.060
P-n50-k7 	BT-3   50    8    100    0    554    556    556     73 1565.4718    0.004
P-n50-k7 	BT-3   50    8    100    1    554    556    556     72 1565.4429    0.004
P-n50-k7 	BT-3   50   25    100    0    554    556    556     69 401.3900    0.004
P-n50-k7 	BT-3   50   25    100    1    554    556    556     64 401.3644    0.004
P-n50-k7 	BT-3   50   16    200    0    554    911    590    198   0.7310    0.065
P-n50-k7 	BT-3   50   16    200    1    554    746    605    181   0.7185    0.092
P-n50-k7 	BT-3   50    8    100    0    554    556    556     67 1205.5701    0.004
P-n50-k7 	BT-3   50    8    100    1    554    556    556     68 1205.5835    0.004
P-n50-k7 	BT-3   50   25    100    0    554    556    556     67 -678.2266    0.004
P-n50-k7 	BT-3   50   25    100    1    554    556    556     73 -678.2148    0.004
P-n50-k7 	BT-3   50   16    200    0    554    911    585    337   1.2776    0.056
P-n50-k7 	BT-3   50   16    200    1    554    746    587    191   0.7491    0.060
P-n50-k7 	BT-3   50    8    100    0    554    556    556     69 -2032.6244    0.004
P-n50-k7 	BT-3   50    8    100    1    554    556    556     73 -2032.6290    0.004
P-n50-k7 	BT-3   50   25    100    0    554    556    556     70 -1802.9303    0.004
P-n50-k7 	BT-3   50   25    100    1    554    556    556     70 -1802.9248    0.004
P-n50-k7 	BT-3   50   16    200    0    554    911    590    194   0.7122    0.065
P-n50-k7 	BT-3   50   16    200    1    554    746    587    190   0.7435    0.060
P-n50-k7 	BT-3   50    8    100    0    554    556    556     67 -1112.3663    0.004
P-n50-k7 	BT-3   50    8    100    1    554    556    556     66 -1112.3656    0.004
P-n50-k7 	BT-3   50   25    100    0    554    556    556     69 957.8704    0.004
P-n50-k7 	BT-3   50   25    100    1    554    556    556     71 957.8909    0.004
P-n50-k7 	BT-3   50   16    200    0    554    911    590    193   0.7001    0.065
P-n50-k7 	BT-3   50   16    200    1    554    746    587    183   0.7069    0.060
P-n50-k7 	BT-3   50    8    100    0    554    556    556     69 -1419.8975    0.004
P-n50-k7 	BT-3   50    8    100    1    554    556    556     70 -1419.9288    0.004
P-n50-k7 	BT-3   50   25    100    0    554    556    556     71  35.2217    0.004
P-n50-k7 	BT-3   50   25    100    1    554    556    556     72  35.2257    0.004
P-n50-k7 	BT-3   50   16    200    0    554    911    590    197   0.7269    0.065
P-n50-k7 	BT-3   50   16    200    1    554    746    587    189   0.7260    0.060
P-n50-k7 	BT-3   50    8    100    0    554    556    556     70 107.1254    0.004
P-n50-k7 	BT-3   50    8    100    1    554    556    556     63 107.0847    0.004
P-n50-k7 	BT-3   50   25    100    0    554    556    556     72 321.3253    0.004
P-n50-k7 	BT-3   50   25    100    1    554    556    556     69 321.3276    0.004
P-n50-k7 	BT-3   50   16    200    0    554    911    587    220   0.8203    0.060
P-n50-k7 	BT-3   50   16    200    1    554    746    587    187   0.7235    0.060
P-n50-k7 	BT-3   50    8    100    0    554    556    556     71 965.5390    0.004
P-n50-k7 	BT-3   50    8    100    1    554    556    556     66 965.5074    0.004
P-n50-k7 	BT-3   50   25    100    0    554    556    556     69 -1398.3987    0.004
P-n50-k7 	BT-3   50   25    100    1    554    556    556     69 -1398.3883    0.004
P-n50-k7 	BT-3   50   16    200    0    554    911    590    200   0.7276    0.065
P-n50-k7 	BT-3   50   16    200    1    554    746    587    181   0.6940    0.060
P-n50-k7 	BT-3   50    8    100    0    554    556    556     71 101.2138    0.004
P-n50-k7 	BT-3   50    8    100    1    554    556    556     63 101.1729    0.004
P-n50-k7 	BT-3   50   25    100    0    554    556    556     71 303.5982    0.004
P-n50-k7 	BT-3   50   25    100    1    554    556    556     71 303.5929    0.004
P-n50-k7 	BT-3   50   16    200    0    554    911    590    194   0.7189    0.065
P-n50-k7 	BT-3   50   16    200    1    554    746    587    183   0.6977    0.060
P-n50-k7 	BT-3   50    8    100    0    554    556    556     67 912.1844    0.004
P-n50-k7 	BT-3   50    8    100    1    554    556    556     68 912.1960    0.004
P-n50-k7 	BT-3   50   25    100    0    554    556    556     70 -1558.3864    0.004
P-n50-k7 	BT-3   50   25    100    1    554    556    556     70 -1558.4009    0.004
P-n50-k7 	BT-3   50   16    200    0    554    911    568    264   1.0048    0.025
P-n50-k7 	BT-3   50   16    200    1    554    746    587    178   0.6703    0.060
P-n50-k7 	BT-3   50    8    100    0    554    556    556     74 -378.4980    0.004
P-n50-k7 	BT-3   50    8    100    1    554    556    556     71 -378.5360    0.004
P-n50-k7 	BT-3   50   25    100    0    554    556    556     68 -1135.5623    0.004
P-n50-k7 	BT-3   50   25    100    1    554    556    556     67 -1135.5745    0.004
P-n50-k7 	BT-3   50   16    200    0    554    911    563    249   0.9447    0.016
P-n50-k7 	BT-3   50   16    200    1    554    746    587    178   0.6709    0.060
P-n50-k7 	BT-3   50    8    100    0    554    556    556     71 889.8875    0.004
P-n50-k7 	BT-3   50    8    100    1    554    556    556     69 889.8704    0.004
P-n50-k7 	BT-3   50   25    100    0    554    556    556     65 -1625.3475    0.004
P-n50-k7 	BT-3   50   25    100    1    554    556    556     69 -1625.3307    0.004
P-n50-k7 	BT-3   50   16    200    0    554    911    590    201   0.7485    0.065
P-n50-k7 	BT-3   50   16    200    1    554    746    587    185   0.7048    0.060
P-n50-k7 	BT-3   50    8    100    0    554    556    556     68 -579.5982    0.004
P-n50-k7 	BT-3   50    8    100    1    554    556    556     75 -579.5666    0.004
P-n50-k7 	BT-3   50   25    100    0    554    556    556     68 -1738.7422    0.004
P-n50-k7 	BT-3   50   25    100    1    554    556    556     69 -1738.7400    0.004
P-n50-k7 	BT-3   50   16    200    0    554    911    590    196   0.7103    0.065
P-n50-k7 	BT-3   50   16    200    1    554    746    587    185   0.7072    0.060
P-n50-k7 	BT-3   50    8    100    0    554    556    556     73 -919.8220    0.004
P-n50-k7 	BT-3   50    8    100    1    554    556    556     72 -919.8466    0.004
P-n50-k7 	BT-3   50   25    100    0    554    556    556     69 1535.4475    0.004
P-n50-k7 	BT-3   50   25    100    1    554    556    556     72 1535.4601    0.004
P-n50-k7 	BT-3   50   16    200    0    554    911    571    294   1.1008    0.031
P-n50-k7 	BT-3   50   16    200    1    554    746    580    434   1.6984    0.047
P-n50-k7 	BT-3   50    8    100    0    554    556    556     70 314.2118    0.004
P-n50-k7 	BT-3   50    8    100    1    554    556    556     67 314.1779    0.004
P-n50-k7 	BT-3   50   25    100    0    554    556    556     68 942.5671    0.004
P-n50-k7 	BT-3   50   25    100    1    554    556    556     64 942.5712    0.004
P-n50-k7 	BT-3   50   16    200    0    554    911    590    193   0.7111    0.065
P-n50-k7 	BT-3   50   16    200    1    554    746    587    190   0.7178    0.060
P-n50-k7 	BT-3   50    8    100    0    554    556    556     72 -1465.8027    0.004
P-n50-k7 	BT-3   50    8    100    1    554    556    556     66 -1465.8409    0.004
P-n50-k7 	BT-3   50   25    100    0    554    556    556     64 -102.5221    0.004
P-n50-k7 	BT-3   50   25    100    1    554    556    556     71 -102.4893    0.004
P-n50-k7 	BT-3   50   16    200    0    554    911    590    199   0.7321    0.065
P-n50-k7 	BT-3   50   16    200    1    554    746    587    186   0.7618    0.060
P-n50-k7 	BT-3   50    8    100    0    554    556    556     69 -306.0067    0.004
P-n50-k7 	BT-3   50    8    100    1    554    556    556     73 -306.0056    0.004
P-n50-k7 	BT-3   50   25    100    0    554    556    556     73 -918.0132    0.004
P-n50-k7 	BT-3   50   25    100    1    554    556    556     69 -918.0315    0.004
P-n50-k7 	BT-3   50   16    200    0    554    911    590    189   0.7114    0.065
P-n50-k7 	BT-3   50   16    200    1    554    746    587    192   0.7531    0.060
P-n50-k7 	BT-3   50    8    100    0    554    556    556     68 1542.3678    0.004
P-n50-k7 	BT-3   50    8    100    1    554    556    556     65 1542.3400    0.004
P-n50-k7 	BT-3   50   25    100    0    554    556    556     71 332.1200    0.004
P-n50-k7 	BT-3   50   25    100    1    554    556    556     68 332.0893    0.004
P-n50-k7 	BT-3   50   16    200    0    554    911    590    200   0.7440    0.065
P-n50-k7 	BT-3   50   16    200    1    554    746    562    408   1.5656    0.014
P-n50-k7 	BT-3   50    8    100    0    554    556    556     74 998.6577    0.004
P-n50-k7 	BT-3   50    8    100    1    554    556    556     70 998.6148    0.004
P-n50-k7 	BT-3   50   25    100    0    554    556    556     70 -1299.0703    0.004
P-n50-k7 	BT-3   50   25    100    1    554    556    556     72 -1299.0662    0.004
P-n50-k7 	BT-3   50   16    200    0    554    911    590    197   0.7213    0.065
P-n50-k7 	BT-3   50   16    200    1    554    746    565    179   0.6689    0.020
P-n50-k7 	BT-3   50    8    100    0    554    556    556     68 399.1428    0.004
P-n50-k7 	BT-3   50    8    100    1    554    556    556     69 399.1359    0.004
P-n50-k7 	BT-3   50   25    100    0    554    556    556     67 1197.4163    0.004
P-n50-k7 	BT-3   50   25    100    1    554    556    556     73 1197.4333    0.004
P-n50-k7 	BT-3   50   16    200    0    554    911    590    197   0.7296    0.065
P-n50-k7 	BT-3   50   16    200    1    554    746    587    190   0.7310    0.060
P-n50-k7 	BT-3   50    8    100    0    554    556    556     72 -701.2048    0.004
P-n50-k7 	BT-3   50    8    100    1    554    556    556     70 -701.2368    0.004
P-n50-k7 	BT-3   50   25    100    0    554    556    556     71 -2103.6719    0.004
P-n50-k7 	BT-3   50   25    100    1    554    556    556     65 -2103.6877    0.004
P-n50-k7 	BT-3   50   16    200    0    554    911    590    194   0.7238    0.065
P-n50-k7 	BT-3   50   16    200    1    554    746    587    184   0.7065    0.060
P-n50-k7 	BT-3   50    8    100    0    554    556    556     72 -2014.6185    0.004
P-n50-k7 	BT-3   50    8    100    1    554    556    556     70 -2014.6438    0.004
P-n50-k7 	BT-3   50   25    100    0    554    556    556     69 -1748.9375    0.004
P-n50-k7 	BT-3   50   25    100    1    554    556    556     73 -1748.9036    0.004
P-n50-k7 	BT-3   50   16    200    0    554    911    590    193   0.7110    0.065
P-n50-k7 	BT-3   50   16    200    1    554    746    569    299   1.1416    0.027
P-n50-k7 	BT-3   50    8    100    0    554    556    556     69 -949.9565    0.004
P-n50-k7 	BT-3   50    8    100    1    554    556    556     70 -949.9329    0.004
P-n50-k7 	BT-3   50   25    100    0    554    556    556     71 1445.1403    0.004
P-n50-k7 	BT-3   50   25    100    1    554    556    556     67 1445.1195    0.004
P-n50-k7 	BT-3   50   16    200    0    554    911    590    190   0.7095    0.065
P-n50-k7 	BT-3   50   16    200    1    554    746    587    186   0.7030    0.060
P-n50-k7 	BT-3   50    8    100    0    554    556    556     74  41.8468    0.004
P-n50-k7 	BT-3   50    8    100    1    554    556    556     68  41.8294    0.004
P-n50-k7 	BT-3   50   25    100    0    554    556    556     72 125.5231    0.004
P-n50-k7 	BT-3   50   25    100    1    554    556    556     71 125.5187    0.004
P-n50-k7 	BT-3   50   16    200    0    554    911    590    191   0.6988    0.065
P-n50-k7 	BT-3   50   16    200    1    554    746    587    185   0.7093    0.060
P-n50-k7 	BT-3   50    8    100    0    554    556    556     67 377.9654    0.004
P-n50-k7 	BT-3   50    8    100    1    554    556    556     71 377.9644    0.004
P-n50-k7 	BT-3   50   25    100    0    554    556    556     67 1133.8788    0.004
P-n50-k7 	BT-3   50   25    100    1    554    556    556     67 1133.8796    0.004
P-n50-k7 	BT-3   50   16    200    0    554    911    584    325   1.2667    0.054
P-n50-k7 	BT-3   50   16    200    1    554    746    562    180   0.6865    0.014
P-n50-k7 	BT-3   50    8    100    0    554    556    556     66 -891.3592    0.004
P-n50-k7 	BT-3   50    8    100    1    554    556    556     70 -891.3705    0.004
P-n50-k7 	BT-3   50   25    100    0    554    556    556     70 1620.8676    0.004
P-n50-k7 	BT-3   50   25    100    1    554    556    556     65 1620.8439    0.004
P-n50-k7 	BT-3   50   16    200    0    554    911    555    284   1.0935    0.002
P-n50-k7 	BT-3   50   16    200    1    554    746    570    348   1.3378    0.029
P-n50-k7 	BT-3   50    8    100    0    554    555    555     72 570.0516    0.002
P-n50-k7 	BT-3   50    8    100    1    554    555    555     70 570.0636    0.002
P-n50-k7 	BT-3   50   25    100    0    554    555    555     76 1710.1832    0.002
P-n50-k7 	BT-3   50   25    100    1    554    555    555     73 1710.1719    0.002
P-n50-k7 	BT-3   50   16    200    0    554    911    590    193   0.7122    0.065
P-n50-k7 	BT-3   50   16    200    1    554    746    587    184   0.7234    0.060
P-n50-k7 	BT-3   50    8    100    0    554    555    555     68 836.9792    0.002
P-n50-k7 	BT-3   50    8    100    1    554    555    555     66 836.9841    0.002
P-n50-k7 	BT-3   50   25    100    0    554    555    555     64 -1784.0385    0.002
P-n50-k7 	BT-3   50   25    100    1    554    555    555     69 -1784.0112    0.002
P-n50-k7 	BT-3   50   16    200    0    554    911    580    302   1.1468    0.047
P-n50-k7 	BT-3   50   16    200    1    554    746    573    218   0.8216    0.034
P-n50-k7 	BT-3   50    8    100    0    554    555    555     70 -1055.1227    0.002
P-n50-k7 	BT-3   50    8    100    1    554    555    555     71 -1055.1050    0.002
P-n50-k7 	BT-3   50   25    100    0    554    555    555     69 1129.6252    0.002
P-n50-k7 	BT-3   50   25    100    1    554    555    555     66 1129.6068    0.002
P-n50-k7 	BT-3   50   16    200    0    554    911    611    194   0.7168    0.103
P-n50-k7 	BT-3   50   16    200    1    554    746    570    296   1.1272    0.029
P-n50-k7 	BT-3   50    8    100    0    554    555    555     67 -904.2861    0.002
P-n50-k7 	BT-3   50    8    100    1    554    555    555     69 -904.2734    0.002
P-n50-k7 	BT-3   50   25    100    0    554    555    555     70 1582.1221    0.002
P-n50-k7 	BT-3   50   25    100    1    554    555    555     74 1582.1447    0.002
P-n50-k7 	BT-3   50   16    200    0    554    911    589    246   0.9149    0.063
P-n50-k7 	BT-3   50   16    200    1    554    746    587    178   0.6802    0.060
P-n50-k7 	BT-3   50    8    100    0    554    555    555     71 453.0359    0.002
P-n50-k7 	BT-3   50    8    100    1    554    555    555     74 453.0526    0.002
P-n50-k7 	BT-3   50   25    100    0    554    555    555     71 1359.1002    0.002
P-n50-k7 	BT-3   50   25    100    1    554    555    555     70 1359.1096    0.002
P-n50-k7 	BT-3   50   16    200    0    554    911    579    227   0.8422    0.045
P-n50-k7 	BT-3   50   16    200    1    554    746    587    194   0.7273    0.060
P-n50-k7 	BT-3   50    8    100    0    554    555    555     73 -216.0558    0.002
P-n50-k7 	BT-3   50    8    100    1    554    555    555     78 -216.0297    0.002
P-n50-k7 	BT-3   50   25    100    0    554    555    555     71 -648.1657    0.002
P-n50-k7 	BT-3   50   25    100    1    554    555    555     66 -648.1915    0.002
P-n50-k7 	BT-3   50   16    200    0    554    911    567    286   1.0757    0.023
P-n50-k7 	BT-3   50   16    200    1    554    746    569    287   1.0928    0.027
P-n50-k7 	BT-3   50    8    100    0    554    555    555     71 -1942.3361    0.002
P-n50-k7 	BT-3   50    8    100    1    554    555    555     69 -1942.3669    0.002
P-n50-k7 	BT-3   50   25    100    0    554    555    555     70 -1532.0975    0.002
P-n50-k7 	BT-3   50   25    100    1    554    555    555     73 -1532.0835    0.002
P-n50-k7 	BT-3   50   16    200    0    554    911    575    234   0.8647    0.038
P-n50-k7 	BT-3   50   16    200    1    554    746    573    301   1.1606    0.034
P-n50-k7 	BT-3   50    8    100    0    554    555    555     68 -299.2801    0.002
P-n50-k7 	BT-3   50    8    100    1    554    555    555     70 -299.2689    0.002
P-n50-k7 	BT-3   50   25    100    0    554    555    555     65 -897.8519    0.002
P-n50-k7 	BT-3   50   25    100    1    554    555    555     73 -897.8157    0.002
P-n50-k7 	BT-3   50   16    200    0    554    911    590    193   0.6941    0.065
P-n50-k7 	BT-3   50   16    200    1    554    746    587    189   0.7516    0.060
P-n50-k7 	BT-3   50    8    100    0    554    555    555     68 1602.9160    0.002
P-n50-k7 	BT-3   50    8    100    1    554    555    555     67 1602.9293    0.002
P-n50-k7 	BT-3   50   25    100    0    554    555    555     65 513.7743    0.002
P-n50-k7 	BT-3   50   25    100    1    554    555    555     67 513.7925    0.002
P-n50-k7 	BT-3   50   16    200    0    554    911    590    202   0.7478    0.065
P-n50-k7 	BT-3   50   16    200    1    554    746    587    179   0.6925    0.060
P-n50-k7 	BT-3   50    8    100    0    554    555    555     69 1542.8124    0.002
P-n50-k7 	BT-3   50    8    100    1    554    555    555     70 1542.8208    0.002
P-n50-k7 	BT-3   50   25    100    0    554    555    555     74 333.4861    0.002
P-n50-k7 	BT-3   50   25    100    1    554    555    555     66 333.4536    0.002
P-n50-k7 	BT-3   50   16    200    0    554    911    590    201   0.7242    0.065
P-n50-k7 	BT-3   50   16    200    1    554    746    587    183   0.6845    0.060
P-n50-k7 	BT-3   50    8    100    0    554    555    555     73 1001.8436    0.002
P-n50-k7 	BT-3   50    8    100    1    554    555    555     66 1001.8162    0.002
P-n50-k7 	BT-3   50   25    100    0    554    555    555     70 -1289.4971    0.002
P-n50-k7 	BT-3   50   25    100    1    554    555    555     69 -1289.4906    0.002
P-n50-k7 	BT-3   50   16    200    0    554    911    590    190   0.6997    0.065
P-n50-k7 	BT-3   50   16    200    1    554    746    560    361   1.3857    0.011
P-n50-k7 	BT-3   50    8    100    0    554    555    555     73 428.5812    0.002
P-n50-k7 	BT-3   50    8    100    1    554    555    555     77 428.6077    0.002
P-n50-k7 	BT-3   50   25    100    0    554    555    555     62 1285.7314    0.002
P-n50-k7 	BT-3   50   25    100    1    554    555    555     72 1285.7700    0.002
P-n50-k7 	BT-3   50   16    200    0    554    911    602    199   0.7286    0.087
P-n50-k7 	BT-3   50   16    200    1    554    746    567    259   0.9719    0.023
P-n50-k7 	BT-3   50    8    100    0    554    555    554    115 -435.8292    0.000
P-n50-k7 	BT-3   50    8    100    1    554    555    555     67 -435.9998    0.002
P-n50-k7 	BT-3   50   25    100    0    554    626    560     95 -1307.7181    0.011
P-n50-k7 	BT-3   50   25    100    1    554    554    554     67 -1307.8346    0.000
P-n50-k7 	BT-3   50   16    200    0    554    911    590    194   0.7238    0.065
P-n50-k7 	BT-3   50   16    200    1    554    746    587    182   0.6827    0.060
P-n50-k7 	BT-3   50    8    100    0    554    626    557    122 373.1779    0.005
P-n50-k7 	BT-3   50    8    100    1    554    554    554     69 372.9876    0.000
P-n50-k7 	BT-3   50   25    100    0    554    626    580     69 1119.1605    0.047
P-n50-k7 	BT-3   50   25    100    1    554    554    554     67 1119.1501    0.000
P-n50-k7 	BT-3   50   16    200    0    554    911    584    246   0.9223    0.054
P-n50-k7 	BT-3   50   16    200    1    554    746    587    183   0.7076    0.060
P-n50-k7 	BT-3   50    8    100    0    554    626    567     71 -935.8952    0.023
P-n50-k7 	BT-3   50    8    100    1    554    554    554     72 -935.8632    0.000
P-n50-k7 	BT-3   50   25    100    0    554    626    567     73 1487.3289    0.023
P-n50-k7 	BT-3   50   25    100    1    554    554    554     70 1487.3407    0.000
P-n50-k7 	BT-3   50   16    200    0    554    911    568    264   1.0044    0.025
P-n50-k7 	BT-3   50   16    200    1    554    746    583    205   0.8520    0.052
P-n50-k7 	BT-3   50    8    100    0    554    626    567     75 168.9283    0.023
P-n50-k7 	BT-3   50    8    100    1    554    554    554     73 168.9181    0.000
P-n50-k7 	BT-3   50   25    100    0    554    626    567     76 506.7710    0.023
P-n50-k7 	BT-3   50   25    100    1    554    554    554     68 506.7377    0.000
P-n50-k7 	BT-3   50   16    200    0    554    911    590    191   0.6889    0.065
P-n50-k7 	BT-3   50   16    200    1    554    746    587    177   0.6688    0.060
P-n50-k7 	BT-3   50    8    100    0    554    626    567     79 1521.6577    0.023
P-n50-k7 	BT-3   50    8    100    1    554    554    554     68 1521.6060    0.000
P-n50-k7 	BT-3   50   25    100    0    554    626    567     72 269.9412    0.023
P-n50-k7 	BT-3   50   25    100    1    554    554    554     71 269.9384    0.000
P-n50-k7 	BT-3   50   16    200    0    554    911    590    193   0.6929    0.065
P-n50-k7 	BT-3   50   16    200    1    554    746    576    248   0.9484    0.040
P-n50-k7 	BT-3   50    8    100    0    554    626    566     91 811.5400    0.022
P-n50-k7 	BT-3   50    8    100    1    554    554    554     65 811.4066    0.000
P-n50-k7 	BT-3   50   25    100    0    554    626    567     79 -1860.5641    0.023
P-n50-k7 	BT-3   50   25    100    1    554    554    554     70 -1860.5947    0.000
P-n50-k7 	BT-3   50   16    200    0    554    911    572    195   0.7294    0.032
P-n50-k7 	BT-3   50   16    200    1    554    746    581    229   0.9259    0.049
P-n50-k7 	BT-3   50    8    100    0    554    626    567     75 -1285.1042    0.023
P-n50-k7 	BT-3   50    8    100    1    554    554    554     64 -1285.1510    0.000
P-n50-k7 	BT-3   50   25    100    0    554    626    567     77 439.5987    0.023
P-n50-k7 	BT-3   50   25    100    1    554    554    554     73 439.5863    0.000
P-n50-k7 	BT-3   50   16    200    0    554    911    560    434   1.7349    0.011
P-n50-k7 	BT-3   50   16    200    1    554    746    587    185   0.6905    0.060
P-n50-k7 	BT-3   50    8    100    0    554    626    555    190 1321.6450    0.002
P-n50-k7 	BT-3   50    8    100    1    554    554    554     72 1321.1882    0.000
P-n50-k7 	BT-3   50   25    100    0    554    626    567     73 -330.9259    0.023
P-n50-k7 	BT-3   50   25    100    1    554    554    554     76 -330.9222    0.000
P-n50-k7 	BT-3   50   16    200    0    554    911    565    384   1.4693    0.020
P-n50-k7 	BT-3   50   16    200    1    554    746    587    182   0.6917    0.060
P-n50-k7 	BT-3   50    8    100    0    554    626    560     81 -990.6085    0.011
P-n50-k7 	BT-3   50    8    100    1    554    554    554     68 -990.6306    0.000
P-n50-k7 	BT-3   50   25    100    0    554    626    567     73 1323.1055    0.023
P-n50-k7 	BT-3   50   25    100    1    554    554    554     70 1323.1095    0.000
P-n50-k7 	BT-3   50   16    200    0    554    911    568    302   1.1605    0.025
P-n50-k7 	BT-3   50   16    200    1    554    746    587    180   0.6763    0.060
P-n50-k7 	BT-3   50    8    100    0    554    626    560    120 -323.6314    0.011
P-n50-k7 	BT-3   50    8    100    1    554    554    554     68 -323.8234    0.000
P-n50-k7 	BT-3   50   25    100    0    554    626    567     77 -971.2408    0.023
P-n50-k7 	BT-3   50   25    100    1    554    554    554     69 -971.2843    0.000
P-n50-k7 	BT-3   50   16    200    0    554    911    590    196   0.7296    0.065
P-n50-k7 	BT-3   50   16    200    1    554    746    570    183   0.6681    0.029
P-n50-k7 	BT-3   50    8    100    0    554    626    558     90 1382.6415    0.007
P-n50-k7 	BT-3   50    8    100    1    554    554    554     67 1382.5455    0.000
P-n50-k7 	BT-3   50   25    100    0    554    626    567     81 -147.1698    0.023
P-n50-k7 	BT-3   50   25    100    1    554    554    554     77 -147.1724    0.000
P-n50-k7 	BT-3   50   16    200    0    554    911    590    185   0.6749    0.065
P-n50-k7 	BT-3   50   16    200    1    554    746    587    189   0.7274    0.060
P-n50-k7 	BT-3   50    8    100    0    554    626    563     98 -440.0387    0.016
P-n50-k7 	BT-3   50    8    100    1    554    554    554     71 -440.1471    0.000
P-n50-k7 	BT-3   50   25    100    0    554    626    571     86 -1320.2937    0.031
P-n50-k7 	BT-3   50   25    100    1    554    554    554     75 -1320.3131    0.000
P-n50-k7 	BT-3   50   16    200    0    554    911    590    189   0.6966    0.065
P-n50-k7 	BT-3   50   16    200    1    554    746    577    245   0.9401    0.042
P-n50-k7 	BT-3   50    8    100    0    554    626    562    120 335.8492    0.014
P-n50-k7 	BT-3   50    8    100    1    554    554    554     72 335.6684    0.000
P-n50-k7 	BT-3   50   25    100    0    554    626    567     77 1007.2115    0.023
P-n50-k7 	BT-3   50   25    100    1    554    554    554     70 1007.1783    0.000
P-n50-k7 	BT-3   50   16    200    0    554    911    590    187   0.6851    0.065
P-n50-k7 	BT-3   50   16    200    1    554    746    560    249   0.9312    0.011
P-n50-k7 	BT-3   50    8    100    0    554    626    558    107 -1271.6229    0.007
P-n50-k7 	BT-3   50    8    100    1    554    554    554     71 -1271.7655    0.000
P-n50-k7 	BT-3   50   25    100    0    554    626    560     86 479.8678    0.011
P-n50-k7 	BT-3   50   25    100    1    554    554    554     72 479.8077    0.000
P-n50-k7 	BT-3   50   16    200    0    554    911    590    182   0.6639    0.065
P-n50-k7 	BT-3   50   16    200    1    554    746    587    197   0.7426    0.060
P-n50-k7 	BT-3   50    8    100    0    554    626    562    165 1441.2775    0.014
P-n50-k7 	BT-3   50    8    100    1    554    554    554     72 1440.9022    0.000
P-n50-k7 	BT-3   50   25    100    0    554    626    567     75  28.1118    0.023
P-n50-k7 	BT-3   50   25    100    1    554    554    554     69  28.0921    0.000
P-n50-k7 	BT-3   50   16    200    0    554    911    590    191   0.7280    0.065
P-n50-k7 	BT-3   50   16    200    1    554    746    587    181   0.6813    0.060
P-n50-k7 	BT-3   50    8    100    0    554    626    560    101  85.8288    0.011
P-n50-k7 	BT-3   50    8    100    1    554    554    554     72  85.7123    0.000
P-n50-k7 	BT-3   50   25    100    0    554    626    560     90 257.3304    0.011
P-n50-k7 	BT-3   50   25    100    1    554    554    554     68 257.2395    0.000
P-n50-k7 	BT-3   50   16    200    0    554    911    596    190   0.6986    0.076
P-n50-k7 	BT-3   50   16    200    1    554    746    574    285   1.0879    0.036
P-n50-k7 	BT-3   50    8    100    0    554    626    558    128 773.8369    0.007
P-n50-k7 	BT-3   50    8    100    1    554    554    554     72 773.6209    0.000
P-n50-k7 	BT-3   50   25    100    0    554    626    567     76 -1973.8912    0.023
P-n50-k7 	BT-3   50   25    100    1    554    554    554     67 -1973.9275    0.000
P-n50-k7 	BT-3   50   16    200    0    554    911    590    203   0.7355    0.065
P-n50-k7 	BT-3   50   16    200    1    554    746    568    376   1.4432    0.025
P-n50-k7 	BT-3   50    8    100    0    554    626    558    134 -1624.3248    0.007
P-n50-k7 	BT-3   50    8    100    1    554    554    554     66 -1624.5897    0.000
P-n50-k7 	BT-3   50   25    100    0    554    626    567     78 -578.4907    0.023
P-n50-k7 	BT-3   50   25    100    1    554    554    554     73 -578.5115    0.000
P-n50-k7 	BT-3   50   16    200    0    554    911    590    191   0.6890    0.065
P-n50-k7 	BT-3   50   16    200    1    554    746    587    179   0.6781    0.060
P-n50-k7 	BT-3   50    8    100    0    554    626    558    123 -1733.9604    0.007
P-n50-k7 	BT-3   50    8    100    1    554    554    554     71 -1734.1537    0.000
P-n50-k7 	BT-3   50   25    100    0    554    626    560    132 -907.0619    0.011
P-n50-k7 	BT-3   50   25    100    1    554    554    554     72 -907.3119    0.000
P-n50-k7 	BT-3   50   16    200    0    554    911    590    190   0.7007    0.065
P-n50-k7 	BT-3   50   16    200    1    554    746    578    243   0.9403    0.043
P-n50-k7 	BT-3   50    8    100    0    554    626    558    125 1575.1539    0.007
P-n50-k7 	BT-3   50    8    100    1    554    554    554     72 1574.9313    0.000
P-n50-k7 	BT-3   50   25    100    0    554    626    560     91 430.1371    0.011
P-n50-k7 	BT-3   50   25    100    1    554    554    554     72 430.0446    0.000
P-n50-k7 	BT-3   50   16    200    0    554    911    590    187   0.6775    0.065
P-n50-k7 	BT-3   50   16    200    1    554    746    587    178   0.6769    0.060
P-n50-k7 	BT-3   50    8    100    0    554    626    558    144 1291.8857    0.007
P-n50-k7 	BT-3   50    8    100    1    554    554    554     68 1291.5859    0.000
P-n50-k7 	BT-3   50   25    100    0    554    626    567     84 -419.8412    0.023
P-n50-k7 	BT-3   50   25    100    1    554    554    554     65 -419.9261    0.000
P-n50-k7 	BT-3   50   16    200    0    554    911    567    417   1.6336    0.023
P-n50-k7 	BT-3   50   16    200    1    554    746    587    187   0.7220    0.060
P-n50-k7 	BT-3   50    8    100    0    554    626    566     87 -1257.2812    0.022
P-n50-k7 	BT-3   50    8    100    1    554    554    554     67 -1257.3373    0.000
P-n50-k7 	BT-3   50   25    100    0    554    626    560     82 523.0475    0.011
P-n50-k7 	BT-3   50   25    100    1    554    554    554     70 523.0304    0.000
P-n50-k7 	BT-3   50   16    200    0    554    911    582    450   1.7943    0.051
P-n50-k7 	BT-3   50   16    200    1    554    746    587    185   0.7010    0.060
P-n50-k7 	BT-3   50    8    100    0    554    626    558    125 1571.8275    0.007
P-n50-k7 	BT-3   50    8    100    1    554    554    554     68 1571.5933    0.000
P-n50-k7 	BT-3   50   25    100    0    554    626    560     91 420.1330    0.011
P-n50-k7 	BT-3   50   25    100    1    554    554    554     67 420.0401    0.000
P-n50-k7 	BT-3   50   16    200    0    554    911    566    306   1.1850    0.022
P-n50-k7 	BT-3   50   16    200    1    554    746    572    317   1.2130    0.032
P-n50-k7 	BT-3   50    8    100    0    554    626    560     87 1262.6957    0.011
P-n50-k7 	BT-3   50    8    100    1    554    554    554     70 1262.6407    0.000
P-n50-k7 	BT-3   50   25    100    0    554    626    567     74 -506.9859    0.023
P-n50-k7 	BT-3   50   25    100    1    554    554    554     74 -506.9959    0.000
P-n50-k7 	BT-3   50   16    200    0    554    911    590    197   0.7260    0.065
P-n50-k7 	BT-3   50   16    200    1    554    746    587    192   0.7318    0.060
P-n50-k7 	BT-3   50    8    100    0    554    626    558    118 -1519.3356    0.007
P-n50-k7 	BT-3   50    8    100    1    554    554    554     66 -1519.5454    0.000
P-n50-k7 	BT-3   50   25    100    0    554    626    567     80 -263.4000    0.023
P-n50-k7 	BT-3   50   25    100    1    554    554    554     68 -263.4543    0.000
P-n50-k7 	BT-3   50   16    200    0    554    911    558    392   1.4656    0.007
P-n50-k7 	BT-3   50   16    200    1    554    746    587    190   0.7153    0.060
P-n50-k7 	BT-3   50    8    100    0    554    626    558    132 -787.8691    0.007
P-n50-k7 	BT-3   50    8    100    1    554    554    554     70 -788.1158    0.000
P-n50-k7 	BT-3   50   25    100    0    554    626    560     90 1930.9265    0.011
P-n50-k7 	BT-3   50   25    100    1    554    554    554     68 1930.8444    0.000
P-n50-k7 	BT-3   50   16    200    0    554    911    590    192   0.6805    0.065
P-n50-k7 	BT-3   50   16    200    1    554    746    587    190   0.7361    0.060
P-n50-k7 	BT-3   50    8    100    0    554    626    563    111 1499.2456    0.016
P-n50-k7 	BT-3   50    8    100    1    554    554    554     68 1499.0721    0.000
P-n50-k7 	BT-3   50   25    100    0    554    626    567     79 202.4726    0.023
P-n50-k7 	BT-3   50   25    100    1    554    554    554     68 202.4137    0.000
P-n50-k7 	BT-3   50   16    200    0    554    911    584    205   0.7446    0.054
P-n50-k7 	BT-3   50   16    200    1    554    746    587    179   0.6920    0.060
P-n50-k7 	BT-3   50    8    100    0    554    626    558    141 609.0150    0.007
P-n50-k7 	BT-3   50    8    100    1    554    554    554     74 608.7589    0.000
P-n50-k7 	BT-3   50   25    100    0    554    626    563    117 1826.7236    0.016
P-n50-k7 	BT-3   50   25    100    1    554    554    554     73 1826.5399    0.000
P-n50-k7 	BT-3   50   16    200    0    554    911    590    194   0.7165    0.065
P-n50-k7 	BT-3   50   16    200    1    554    746    570    279   1.0712    0.029
P-n50-k7 	BT-3   50    8    100    0    554    626    558     97 1186.7065    0.007
P-n50-k7 	BT-3   50    8    100    1    554    554    554     70 1186.6221    0.000
P-n50-k7 	BT-3   50   25    100    0    554    626    560     90 -734.9645    0.011
P-n50-k7 	BT-3   50   25    100    1    554    554    554     67 -735.0471    0.000
P-n50-k7 	BT-3   50   16    200    0    554    911    590    195   0.7096    0.065
P-n50-k7 	BT-3   50   16    200    1    554    746    587    184   0.7005    0.060
P-n50-k7 	BT-3   50    8    100    0    554    626    558    111 2091.5027    0.007
P-n50-k7 	BT-3   50    8    100    1    554    554    554     70 2091.3499    0.000
P-n50-k7 	BT-3   50   25    100    0    554    626    567     74 1979.2424    0.023
P-n50-k7 	BT-3   50   25    100    1    554    554    554     69 1979.2234    0.000
P-n50-k7 	BT-3   50   16    200    0    554    911    584    314   1.2465    0.054
P-n50-k7 	BT-3   50   16    200    1    554    746    587    188   0.7343    0.060
P-n50-k7 	BT-3   50    8    100    0    554    626    558     98 1644.8126    0.007
P-n50-k7 	BT-3   50    8    100    1    554    554    554     67 1644.7041    0.000
P-n50-k7 	BT-3   50   25    100    0    554    626    567     77 639.2914    0.023
P-n50-k7 	BT-3   50   25    100    1    554    554    554     68 639.2582    0.000
P-n50-k7 	BT-3   50   16    200    0    554    911    590    196   0.7189    0.065
P-n50-k7 	BT-3   50   16    200    1    554    746    569    262   0.9848    0.027
P-n50-k7 	BT-3   50    8    100    0    554    626    560     87 1919.5575    0.011
P-n50-k7 	BT-3   50    8    100    1    554    554    554     68 1919.4938    0.000
P-n50-k7 	BT-3   50   25    100    0    554    626    560     82 1463.6215    0.011
P-n50-k7 	BT-3   50   25    100    1    554    554    554     70 1463.5930    0.000
P-n50-k7 	BT-3   50   16    200    0    554    911    573    313   1.1695    0.034
P-n50-k7 	BT-3   50   16    200    1    554    746    587    183   0.7047    0.060
P-n50-k7 	BT-3   50    8    100    0    554    626    558    116  97.9001    0.007
P-n50-k7 	BT-3   50    8    100    1    554    554    554     68  97.7125    0.000
P-n50-k7 	BT-3   50   25    100    0    554    626    560     83 293.3789    0.011
P-n50-k7 	BT-3   50   25    100    1    554    554    554     68 293.3200    0.000
P-n50-k7 	BT-3   50   16    200    0    554    911    590    187   0.6852    0.065
P-n50-k7 	BT-3   50   16    200    1    554    746    587    183   0.7055    0.060
P-n50-k7 	BT-3   50    8    100    0    554    626    558    120 881.6310    0.007
P-n50-k7 	BT-3   50    8    100    1    554    554    554     70 881.4272    0.000
P-n50-k7 	BT-3   50   25    100    0    554    626    567     77 -1650.4869    0.023
P-n50-k7 	BT-3   50   25    100    1    554    554    554     66 -1650.5083    0.000
P-n50-k7 	BT-3   50   16    200    0    554    911    569    246   0.9179    0.027
P-n50-k7 	BT-3   50   16    200    1    554    746    587    190   0.7264    0.060
P-n50-k7 	BT-3   50    8    100    0    554    626    560     84 -654.8242    0.011
P-n50-k7 	BT-3   50    8    100    1    554    554    554     71 -654.8716    0.000
P-n50-k7 	BT-3   50   25    100    0    554    626    567     77 -1964.5552    0.023
P-n50-k7 	BT-3   50   25    100    1    554    554    554     67 -1964.5852    0.000
P-n50-k7 	BT-3   50   16    200    0    554    911    590    198   0.7323    0.065
P-n50-k7 	BT-3   50   16    200    1    554    746    587    172   0.6474    0.060
P-n50-k7 	BT-3   50    8    100    0    554    626    558    106 -1597.2291    0.007
P-n50-k7 	BT-3   50    8    100    1    554    554    554     66 -1597.3828    0.000
P-n50-k7 	BT-3   50   25    100    0    554    626    567     74 -496.9972    0.023
P-n50-k7 	BT-3   50   25    100    1    554    554    554     66 -497.0266    0.000
P-n50-k7 	BT-3   50   16    200    0    554    911    590    191   0.6957    0.065
P-n50-k7 	BT-3   50   16    200    1    554    746    587    184   0.6925    0.060
P-n50-k7 	BT-3   50    8    100    0    554    626    558    113 -1489.4861    0.007
P-n50-k7 	BT-3   50    8    100    1    554    554    554     67 -1489.6587    0.000
P-n50-k7 	BT-3   50   25    100    0    554    626    567     77 -173.7913    0.023
P-n50-k7 	BT-3   50   25    100    1    554    554    554     68 -173.8315    0.000
P-n50-k7 	BT-3   50   16    200    0    554    911    572    199   0.7157    0.032
P-n50-k7 	BT-3   50   16    200    1    554    746    587    185   0.7170    0.060
P-n50-k7 	BT-3   50    8    100    0    554    626    558    114 -519.8436    0.007
P-n50-k7 	BT-3   50    8    100    1    554    554    554     70 -519.9982    0.000
P-n50-k7 	BT-3   50   25    100    0    554    626    573     91 -1559.8070    0.034
P-n50-k7 	BT-3   50   25    100    1    554    554    554     72 -1559.8464    0.000
P-n50-k7 	BT-3   50   16    200    0    554    911    590    196   0.7202    0.065
P-n50-k7 	BT-3   50   16    200    1    554    746    587    189   0.7197    0.060
P-n50-k7 	BT-3   50    8    100    0    554    626    559    114 -382.9438    0.009
P-n50-k7 	BT-3   50    8    100    1    554    554    554     68 -383.1017    0.000
P-n50-k7 	BT-3   50   25    100    0    554    626    567     70 -1149.1464    0.023
P-n50-k7 	BT-3   50   25    100    1    554    554    554     71 -1149.1409    0.000
P-n50-k7 	BT-3   50   16    200    0    554    911    583    300   1.1266    0.052
P-n50-k7 	BT-3   50   16    200    1    554    746    587    178   0.6642    0.060
P-n50-k7 	BT-3   50    8    100    0    554    626    561    223 849.9525    0.013
P-n50-k7 	BT-3   50    8    100    1    554    554    554     63 849.2887    0.000
P-n50-k7 	BT-3   50   25    100    0    554    626    567     79 -1746.3663    0.023
P-n50-k7 	BT-3   50   25    100    1    554    554    554     69 -1746.4052    0.000
P-n50-k7 	BT-3   50   16    200    0    554    911    570    312   1.1769    0.029
P-n50-k7 	BT-3   50   16    200    1    554    746    580    328   1.2671    0.047
P-n50-k7 	BT-3   50    8    100    0    554    626    560     91 -941.6799    0.011
P-n50-k7 	BT-3   50    8    100    1    554    554    554     68 -941.7740    0.000
P-n50-k7 	BT-3   50   25    100    0    554    626    567     81 1469.7811    0.023
P-n50-k7 	BT-3   50   25    100    1    554    554    554     73 1469.7594    0.000
P-n50-k7 	BT-3   50   16    200    0    554    911    590    193   0.7187    0.065
P-n50-k7 	BT-3   50   16    200    1    554    746    575    314   1.2833    0.038
P-n50-k7 	BT-3   50    8    100    0    554    626    566     84 116.3648    0.022
P-n50-k7 	BT-3   50    8    100    1    554    554    554     69 116.3136    0.000
P-n50-k7 	BT-3   50   25    100    0    554    626    567     79 349.0428    0.023
P-n50-k7 	BT-3   50   25    100    1    554    554    554     68 348.9910    0.000
P-n50-k7 	BT-3   50   16    200    0    554    911    578    304   1.1533    0.043
P-n50-k7 	BT-3   50   16    200    1    554    746    568    254   0.9607    0.025
P-n50-k7 	BT-3   50    8    100    0    554    626    563    129 1049.3848    0.016
P-n50-k7 	BT-3   50    8    100    1    554    554    554     70 1049.1604    0.000
P-n50-k7 	BT-3   50   25    100    0    554    626    567     76 -1147.2446    0.023
P-n50-k7 	BT-3   50   25    100    1    554    554    554     69 -1147.2670    0.000
