A-n69-k9 	BT-1   69   23    276    0   1168   1938   1186    492   3.1436    0.015
A-n69-k9 	BT-1   69   23    276    1   1168   1738   1249    523   3.3682    0.069
A-n69-k9 	BT-1   69   11    138    0   1168   1194   1177    315   2.1683    0.008
A-n69-k9 	BT-1   69   11    138    1   1168   1186   1176    280   1.9721    0.007
A-n69-k9 	BT-1   69    6    138    0   1168   1183   1176    139   1.0181    0.007
A-n69-k9 	BT-1   69    6    138    1   1168   1176   1176    138   1.0001    0.007
A-n69-k9 	BT-2   69   23    276    0   1168   1938   1230    303   1.9957    0.053
A-n69-k9 	BT-2   69   23    276    1   1168   1738   1215    447   2.8459    0.040
A-n69-k9 	BT-2   69   11    138    0   1168   1215   1208    219   1.5865    0.034
A-n69-k9 	BT-2   69   11    138    1   1168   1215   1215    138   1.0707    0.040
A-n69-k9 	BT-2   69    6    138    0   1168   1208   1207    161   1.1455    0.033
A-n69-k9 	BT-2   69    6    138    1   1168   1208   1208    138   1.0214    0.034
A-n69-k9 	BT-3   69   23    276    0   1168   1938   1197    404   2.5326    0.025
A-n69-k9 	BT-3   69   23    276    1   1168   1738   1211    357   2.2727    0.037
A-n69-k9 	BT-3   69   11    138    0   1168   1201   1197    150   1.1871    0.025
A-n69-k9 	BT-3   69   11    138    1   1168   1197   1197    138   1.1766    0.025
A-n69-k9 	BT-3   69    6    138    0   1168   1201   1197    150   1.2541    0.025
A-n69-k9 	BT-3   69    6    138    1   1168   1197   1197    138   1.1344    0.025
A-n69-k9 	BT-3   69   23    276    0   1168   1938   1213    343   2.1627    0.039
A-n69-k9 	BT-3   69   23    276    1   1168   1738   1221    473   3.0160    0.045
A-n69-k9 	BT-3   69   11    138    0   1168   1201   1189    207   1.8141    0.018
A-n69-k9 	BT-3   69   11    138    1   1168   1197   1197    138   1.2022    0.025
A-n69-k9 	BT-3   69    6    138    0   1168   1204   1189    182   1.4022    0.018
A-n69-k9 	BT-3   69    6    138    1   1168   1189   1189    138   1.1281    0.018
A-n69-k9 	BT-3   69   23    276    0   1168   1938   1210    528   3.3633    0.036
A-n69-k9 	BT-3   69   23    276    1   1168   1738   1214    681   4.4145    0.039
A-n69-k9 	BT-3   69   11    138    0   1168   1204   1189    169   1.2627    0.018
A-n69-k9 	BT-3   69   11    138    1   1168   1189   1189    138   1.1003    0.018
A-n69-k9 	BT-3   69    6    138    0   1168   1204   1189    169   1.2598    0.018
A-n69-k9 	BT-3   69    6    138    1   1168   1189   1189    138   1.1229    0.018
A-n69-k9 	BT-3   69   23    276    0   1168   1938   1203    385   2.3555    0.030
A-n69-k9 	BT-3   69   23    276    1   1168   1738   1192    555   3.5254    0.021
A-n69-k9 	BT-3   69   11    138    0   1168   1204   1189    166   1.3010    0.018
A-n69-k9 	BT-3   69   11    138    1   1168   1189   1189    138   1.1218    0.018
A-n69-k9 	BT-3   69    6    138    0   1168   1204   1189    168   1.2601    0.018
A-n69-k9 	BT-3   69    6    138    1   1168   1189   1189    138   1.0929    0.018
A-n69-k9 	BT-3   69   23    276    0   1168   1938   1194    495   2.9647    0.022
A-n69-k9 	BT-3   69   23    276    1   1168   1738   1180    655   3.8960    0.010
A-n69-k9 	BT-3   69   11    138    0   1168   1207   1174    228   1.7803    0.005
A-n69-k9 	BT-3   69   11    138    1   1168   1180   1177    203   1.4741    0.008
A-n69-k9 	BT-3   69    6    138    0   1168   1181   1174    157   1.2106    0.005
A-n69-k9 	BT-3   69    6    138    1   1168   1174   1174    138   1.1251    0.005
A-n69-k9 	BT-3   69   23    276    0   1168   1938   1213    343   2.0249    0.039
A-n69-k9 	BT-3   69   23    276    1   1168   1738   1210    528   3.2459    0.036
A-n69-k9 	BT-3   69   11    138    0   1168   1181   1174    177   1.3107    0.005
A-n69-k9 	BT-3   69   11    138    1   1168   1174   1174    138   1.0993    0.005
A-n69-k9 	BT-3   69    6    138    0   1168   1181   1174    157   1.1895    0.005
A-n69-k9 	BT-3   69    6    138    1   1168   1174   1174    138   1.1198    0.005
A-n69-k9 	BT-3   69   23    276    0   1168   1938   1188    528   3.1992    0.017
A-n69-k9 	BT-3   69   23    276    1   1168   1738   1198    500   3.2124    0.026
A-n69-k9 	BT-3   69   11    138    0   1168   1181   1174    181   1.4555    0.005
A-n69-k9 	BT-3   69   11    138    1   1168   1174   1174    138   1.0878    0.005
A-n69-k9 	BT-3   69    6    138    0   1168   1181   1174    157   1.2206    0.005
A-n69-k9 	BT-3   69    6    138    1   1168   1174   1174    138   1.0904    0.005
A-n69-k9 	BT-3   69   23    276    0   1168   1938   1213    343   2.0393    0.039
A-n69-k9 	BT-3   69   23    276    1   1168   1738   1181    863   5.1958    0.011
A-n69-k9 	BT-3   69   11    138    0   1168   1181   1174    169   1.2456    0.005
A-n69-k9 	BT-3   69   11    138    1   1168   1174   1174    138   1.1520    0.005
A-n69-k9 	BT-3   69    6    138    0   1168   1181   1174    157   1.2054    0.005
A-n69-k9 	BT-3   69    6    138    1   1168   1174   1174    138   1.1053    0.005
A-n69-k9 	BT-3   69   23    276    0   1168   1938   1213    343   2.0794    0.039
A-n69-k9 	BT-3   69   23    276    1   1168   1738   1212    501   3.1274    0.038
A-n69-k9 	BT-3   69   11    138    0   1168   1181   1174    182   1.3908    0.005
A-n69-k9 	BT-3   69   11    138    1   1168   1174   1174    138   1.1071    0.005
A-n69-k9 	BT-3   69    6    138    0   1168   1181   1174    157   1.2499    0.005
A-n69-k9 	BT-3   69    6    138    1   1168   1174   1174    138   1.0870    0.005
A-n69-k9 	BT-3   69   23    276    0   1168   1938   1195    469   3.0766    0.023
A-n69-k9 	BT-3   69   23    276    1   1168   1738   1215    335   2.0882    0.040
A-n69-k9 	BT-3   69   11    138    0   1168   1181   1174    161   1.2552    0.005
A-n69-k9 	BT-3   69   11    138    1   1168   1174   1174    138   1.0903    0.005
A-n69-k9 	BT-3   69    6    138    0   1168   1181   1174    157   1.2016    0.005
A-n69-k9 	BT-3   69    6    138    1   1168   1174   1174    138   1.1412    0.005
A-n69-k9 	BT-3   69   23    276    0   1168   1938   1213    343   2.3154    0.039
A-n69-k9 	BT-3   69   23    276    1   1168   1738   1186    765   4.7831    0.015
A-n69-k9 	BT-3   69   11    138    0   1168   1181   1174    172   1.2788    0.005
A-n69-k9 	BT-3   69   11    138    1   1168   1174   1174    138   1.1058    0.005
A-n69-k9 	BT-3   69    6    138    0   1168   1181   1174    157   1.2233    0.005
A-n69-k9 	BT-3   69    6    138    1   1168   1174   1174    138   1.0932    0.005
A-n69-k9 	BT-3   69   23    276    0   1168   1938   1189    467   2.8070    0.018
A-n69-k9 	BT-3   69   23    276    1   1168   1738   1211    340   2.1361    0.037
A-n69-k9 	BT-3   69   11    138    0   1168   1181   1174    170   1.3114    0.005
A-n69-k9 	BT-3   69   11    138    1   1168   1174   1174    138   1.1225    0.005
A-n69-k9 	BT-3   69    6    138    0   1168   1181   1174    157   1.2423    0.005
A-n69-k9 	BT-3   69    6    138    1   1168   1174   1174    138   1.1022    0.005
A-n69-k9 	BT-3   69   23    276    0   1168   1938   1206    352   2.1367    0.033
A-n69-k9 	BT-3   69   23    276    1   1168   1738   1167    571   3.5888   -0.001
A-n69-k9 	BT-3   69   11    138    0   1168   1426   1168    316   2.0786    0.000
A-n69-k9 	BT-3   69   11    138    1   1168   1167   1167    138   1.1150   -0.001
A-n69-k9 	BT-3   69    6    138    0   1168   1426   1171    200   1.3825    0.003
A-n69-k9 	BT-3   69    6    138    1   1168   1167   1167    138   1.1173   -0.001
A-n69-k9 	BT-3   69   23    276    0   1168   1938   1195    436   2.6709    0.023
A-n69-k9 	BT-3   69   23    276    1   1168   1738   1193    904   5.4402    0.021
A-n69-k9 	BT-3   69   11    138    0   1168   1426   1173    201   1.3184    0.004
A-n69-k9 	BT-3   69   11    138    1   1168   1167   1167    138   1.0756   -0.001
A-n69-k9 	BT-3   69    6    138    0   1168   1426   1171    207   1.4250    0.003
A-n69-k9 	BT-3   69    6    138    1   1168   1167   1167    138   1.0889   -0.001
A-n69-k9 	BT-3   69   23    276    0   1168   1938   1192    519   3.1459    0.021
A-n69-k9 	BT-3   69   23    276    1   1168   1738   1215    337   2.1631    0.040
A-n69-k9 	BT-3   69   11    138    0   1168   1426   1168    388   2.7042    0.000
A-n69-k9 	BT-3   69   11    138    1   1168   1167   1167    138   1.0877   -0.001
A-n69-k9 	BT-3   69    6    138    0   1168   1426   1171    241   1.6773    0.003
A-n69-k9 	BT-3   69    6    138    1   1168   1167   1167    138   1.1092   -0.001
A-n69-k9 	BT-3   69   23    276    0   1168   1938   1187    823   4.9717    0.016
A-n69-k9 	BT-3   69   23    276    1   1168   1738   1215    335   2.0926    0.040
A-n69-k9 	BT-3   69   11    138    0   1168   1426   1170    274   1.8617    0.002
A-n69-k9 	BT-3   69   11    138    1   1168   1167   1167    138   1.0861   -0.001
A-n69-k9 	BT-3   69    6    138    0   1168   1426   1171    213   1.4604    0.003
A-n69-k9 	BT-3   69    6    138    1   1168   1167   1167    138   1.1390   -0.001
A-n69-k9 	BT-3   69   23    276    0   1168   1938   1213    343   2.0724    0.039
A-n69-k9 	BT-3   69   23    276    1   1168   1738   1209    504   3.1630    0.035
A-n69-k9 	BT-3   69   11    138    0   1168   1426   1173    216   1.4788    0.004
A-n69-k9 	BT-3   69   11    138    1   1168   1167   1167    138   1.1722   -0.001
A-n69-k9 	BT-3   69    6    138    0   1168   1426   1171    248   1.8905    0.003
A-n69-k9 	BT-3   69    6    138    1   1168   1167   1167    138   1.1100   -0.001
A-n69-k9 	BT-3   69   23    276    0   1168   1938   1206    352   2.0965    0.033
A-n69-k9 	BT-3   69   23    276    1   1168   1738   1190    688   4.2048    0.019
A-n69-k9 	BT-3   69   11    138    0   1168   1426   1167    352   2.3082   -0.001
A-n69-k9 	BT-3   69   11    138    1   1168   1167   1167    138   1.1489   -0.001
A-n69-k9 	BT-3   69    6    138    0   1168   1426   1171    224   1.6190    0.003
A-n69-k9 	BT-3   69    6    138    1   1168   1167   1167    138   1.0829   -0.001
A-n69-k9 	BT-3   69   23    276    0   1168   1938   1201    494   2.9965    0.028
A-n69-k9 	BT-3   69   23    276    1   1168   1738   1187    685   4.2152    0.016
A-n69-k9 	BT-3   69   11    138    0   1168   1426   1170    265   1.7197    0.002
A-n69-k9 	BT-3   69   11    138    1   1168   1167   1167    138   1.0939   -0.001
A-n69-k9 	BT-3   69    6    138    0   1168   1426   1171    242   1.6794    0.003
A-n69-k9 	BT-3   69    6    138    1   1168   1167   1167    138   1.1059   -0.001
A-n69-k9 	BT-3   69   23    276    0   1168   1938   1190   1075   6.4719    0.019
A-n69-k9 	BT-3   69   23    276    1   1168   1738   1193    765   4.8242    0.021
A-n69-k9 	BT-3   69   11    138    0   1168   1426   1168    320   2.0711    0.000
A-n69-k9 	BT-3   69   11    138    1   1168   1167   1167    138   1.0972   -0.001
A-n69-k9 	BT-3   69    6    138    0   1168   1426   1171    240   1.6364    0.003
A-n69-k9 	BT-3   69    6    138    1   1168   1167   1167    138   1.1065   -0.001
A-n69-k9 	BT-3   69   23    276    0   1168   1938   1199    559   3.3222    0.027
A-n69-k9 	BT-3   69   23    276    1   1168   1738   1210    596   3.6840    0.036
A-n69-k9 	BT-3   69   11    138    0   1168   1426   1170    361   2.3179    0.002
A-n69-k9 	BT-3   69   11    138    1   1168   1167   1167    138   1.0877   -0.001
A-n69-k9 	BT-3   69    6    138    0   1168   1426   1171    211   1.4491    0.003
A-n69-k9 	BT-3   69    6    138    1   1168   1167   1167    138   1.0745   -0.001
A-n69-k9 	BT-3   69   23    276    0   1168   1938   1213    343   2.0375    0.039
A-n69-k9 	BT-3   69   23    276    1   1168   1738   1198    653   3.9352    0.026
A-n69-k9 	BT-3   69   11    138    0   1168   1426   1173    218   1.4547    0.004
A-n69-k9 	BT-3   69   11    138    1   1168   1167   1167    138   1.1200   -0.001
A-n69-k9 	BT-3   69    6    138    0   1168   1426   1171    227   1.5785    0.003
A-n69-k9 	BT-3   69    6    138    1   1168   1167   1167    138   1.1885   -0.001
A-n69-k9 	BT-3   69   23    276    0   1168   1938   1208    481   2.9824    0.034
A-n69-k9 	BT-3   69   23    276    1   1168   1738   1183    917   6.1286    0.013
A-n69-k9 	BT-3   69   11    138    0   1168   1426   1171    339   2.4996    0.003
A-n69-k9 	BT-3   69   11    138    1   1168   1167   1167    138   1.3845   -0.001
A-n69-k9 	BT-3   69    6    138    0   1168   1426   1171    207   1.6683    0.003
A-n69-k9 	BT-3   69    6    138    1   1168   1167   1167    138   1.2655   -0.001
A-n69-k9 	BT-3   69   23    276    0   1168   1938   1208    458   3.1490    0.034
A-n69-k9 	BT-3   69   23    276    1   1168   1738   1215    335   2.1939    0.040
A-n69-k9 	BT-3   69   11    138    0   1168   1426   1167    397   2.6538   -0.001
A-n69-k9 	BT-3   69   11    138    1   1168   1167   1167    138   1.1722   -0.001
A-n69-k9 	BT-3   69    6    138    0   1168   1426   1171    235   1.7323    0.003
A-n69-k9 	BT-3   69    6    138    1   1168   1167   1167    138   1.2136   -0.001
A-n69-k9 	BT-3   69   23    276    0   1168   1938   1196    752   4.7658    0.024
A-n69-k9 	BT-3   69   23    276    1   1168   1738   1206    468   3.0700    0.033
A-n69-k9 	BT-3   69   11    138    0   1168   1426   1170    218   1.5353    0.002
A-n69-k9 	BT-3   69   11    138    1   1168   1167   1167    138   1.1825   -0.001
A-n69-k9 	BT-3   69    6    138    0   1168   1426   1171    233   1.6631    0.003
A-n69-k9 	BT-3   69    6    138    1   1168   1167   1167    138   1.1761   -0.001
A-n69-k9 	BT-3   69   23    276    0   1168   1938   1198    525   3.4201    0.026
A-n69-k9 	BT-3   69   23    276    1   1168   1738   1198    779   4.8626    0.026
A-n69-k9 	BT-3   69   11    138    0   1168   1426   1170    265   1.7921    0.002
A-n69-k9 	BT-3   69   11    138    1   1168   1167   1167    138   1.1228   -0.001
A-n69-k9 	BT-3   69    6    138    0   1168   1426   1171    230   1.5961    0.003
A-n69-k9 	BT-3   69    6    138    1   1168   1167   1167    138   1.1349   -0.001
A-n69-k9 	BT-3   69   23    276    0   1168   1938   1194    986   6.2176    0.022
A-n69-k9 	BT-3   69   23    276    1   1168   1738   1211    342   2.3387    0.037
A-n69-k9 	BT-3   69   11    138    0   1168   1426   1173    199   1.4101    0.004
A-n69-k9 	BT-3   69   11    138    1   1168   1167   1167    138   1.2256   -0.001
A-n69-k9 	BT-3   69    6    138    0   1168   1426   1171    241   1.7243    0.003
A-n69-k9 	BT-3   69    6    138    1   1168   1167   1167    138   1.1842   -0.001
A-n69-k9 	BT-3   69   23    276    0   1168   1938   1213    343   2.2121    0.039
A-n69-k9 	BT-3   69   23    276    1   1168   1738   1215    335   2.2112    0.040
A-n69-k9 	BT-3   69   11    138    0   1168   1426   1173    216   1.4945    0.004
A-n69-k9 	BT-3   69   11    138    1   1168   1167   1167    138   1.1592   -0.001
A-n69-k9 	BT-3   69    6    138    0   1168   1426   1171    239   1.7319    0.003
A-n69-k9 	BT-3   69    6    138    1   1168   1167   1167    138   1.1681   -0.001
A-n69-k9 	BT-3   69   23    276    0   1168   1938   1196    423   2.7358    0.024
A-n69-k9 	BT-3   69   23    276    1   1168   1738   1208    589   3.8771    0.034
A-n69-k9 	BT-3   69   11    138    0   1168   1426   1168    322   2.1672    0.000
A-n69-k9 	BT-3   69   11    138    1   1168   1167   1167    138   1.1528   -0.001
A-n69-k9 	BT-3   69    6    138    0   1168   1426   1171    214   1.5503    0.003
A-n69-k9 	BT-3   69    6    138    1   1168   1167   1167    138   1.1381   -0.001
A-n69-k9 	BT-3   69   23    276    0   1168   1938   1206    349   2.2168    0.033
A-n69-k9 	BT-3   69   23    276    1   1168   1738   1215    345   2.2035    0.040
A-n69-k9 	BT-3   69   11    138    0   1168   1426   1170    218   1.5250    0.002
A-n69-k9 	BT-3   69   11    138    1   1168   1167   1167    138   1.1610   -0.001
A-n69-k9 	BT-3   69    6    138    0   1168   1426   1171    218   1.5533    0.003
A-n69-k9 	BT-3   69    6    138    1   1168   1167   1167    138   1.1434   -0.001
A-n69-k9 	BT-3   69   23    276    0   1168   1938   1210    545   3.4100    0.036
A-n69-k9 	BT-3   69   23    276    1   1168   1738   1205    785   4.9658    0.032
A-n69-k9 	BT-3   69   11    138    0   1168   1426   1170    273   1.8498    0.002
A-n69-k9 	BT-3   69   11    138    1   1168   1167   1167    138   1.1595   -0.001
A-n69-k9 	BT-3   69    6    138    0   1168   1426   1171    226   1.5852    0.003
A-n69-k9 	BT-3   69    6    138    1   1168   1167   1167    138   1.1329   -0.001
A-n69-k9 	BT-3   69   23    276    0   1168   1938   1213    343   2.2238    0.039
A-n69-k9 	BT-3   69   23    276    1   1168   1738   1207    624   4.0471    0.033
A-n69-k9 	BT-3   69   11    138    0   1168   1426   1170    293   2.0243    0.002
A-n69-k9 	BT-3   69   11    138    1   1168   1167   1167    138   1.1820   -0.001
A-n69-k9 	BT-3   69    6    138    0   1168   1426   1171    230   1.6677    0.003
A-n69-k9 	BT-3   69    6    138    1   1168   1167   1167    138   1.1666   -0.001
A-n69-k9 	BT-3   69   23    276    0   1168   1938   1198    503   3.1590    0.026
A-n69-k9 	BT-3   69   23    276    1   1168   1738   1194    576   3.6989    0.022
A-n69-k9 	BT-3   69   11    138    0   1168   1426   1170    272   1.9121    0.002
A-n69-k9 	BT-3   69   11    138    1   1168   1167   1167    138   1.1954   -0.001
A-n69-k9 	BT-3   69    6    138    0   1168   1426   1171    237   1.7622    0.003
A-n69-k9 	BT-3   69    6    138    1   1168   1167   1167    138   1.1460   -0.001
A-n69-k9 	BT-3   69   23    276    0   1168   1938   1190    850   5.3735    0.019
A-n69-k9 	BT-3   69   23    276    1   1168   1738   1189    727   4.9146    0.018
A-n69-k9 	BT-3   69   11    138    0   1168   1426   1168    365   2.5962    0.000
A-n69-k9 	BT-3   69   11    138    1   1168   1167   1167    138   1.1325   -0.001
A-n69-k9 	BT-3   69    6    138    0   1168   1426   1171    251   1.7620    0.003
A-n69-k9 	BT-3   69    6    138    1   1168   1167   1167    138   1.1383   -0.001
A-n69-k9 	BT-3   69   23    276    0   1168   1938   1187    755   4.7030    0.016
A-n69-k9 	BT-3   69   23    276    1   1168   1738   1189    566   3.5455    0.018
A-n69-k9 	BT-3   69   11    138    0   1168   1426   1170    336   2.1689    0.002
A-n69-k9 	BT-3   69   11    138    1   1168   1167   1167    138   1.1013   -0.001
A-n69-k9 	BT-3   69    6    138    0   1168   1426   1171    242   1.6582    0.003
A-n69-k9 	BT-3   69    6    138    1   1168   1167   1167    138   1.1113   -0.001
A-n69-k9 	BT-3   69   23    276    0   1168   1938   1192    541   3.2396    0.021
A-n69-k9 	BT-3   69   23    276    1   1168   1738   1181    744   4.4745    0.011
A-n69-k9 	BT-3   69   11    138    0   1168   1426   1170    261   1.7665    0.002
A-n69-k9 	BT-3   69   11    138    1   1168   1167   1167    138   1.0867   -0.001
A-n69-k9 	BT-3   69    6    138    0   1168   1426   1171    216   1.5892    0.003
A-n69-k9 	BT-3   69    6    138    1   1168   1167   1167    138   1.0884   -0.001
A-n69-k9 	BT-3   69   23    276    0   1168   1938   1194    714   4.4868    0.022
A-n69-k9 	BT-3   69   23    276    1   1168   1738   1206    346   2.1978    0.033
A-n69-k9 	BT-3   69   11    138    0   1168   1426   1171    329   2.1019    0.003
A-n69-k9 	BT-3   69   11    138    1   1168   1167   1167    138   1.1080   -0.001
A-n69-k9 	BT-3   69    6    138    0   1168   1426   1171    197   1.4055    0.003
A-n69-k9 	BT-3   69    6    138    1   1168   1167   1167    138   1.1350   -0.001
A-n69-k9 	BT-3   69   23    276    0   1168   1938   1213    343   2.1639    0.039
A-n69-k9 	BT-3   69   23    276    1   1168   1738   1215    335   2.1202    0.040
A-n69-k9 	BT-3   69   11    138    0   1168   1426   1170    237   1.5692    0.002
A-n69-k9 	BT-3   69   11    138    1   1168   1167   1167    138   1.1467   -0.001
A-n69-k9 	BT-3   69    6    138    0   1168   1426   1171    223   1.6107    0.003
A-n69-k9 	BT-3   69    6    138    1   1168   1167   1167    138   1.1339   -0.001
A-n69-k9 	BT-3   69   23    276    0   1168   1938   1194    452   2.8139    0.022
A-n69-k9 	BT-3   69   23    276    1   1168   1738   1228    341   2.1854    0.051
A-n69-k9 	BT-3   69   11    138    0   1168   1426   1171    312   2.0490    0.003
A-n69-k9 	BT-3   69   11    138    1   1168   1167   1167    138   1.1542   -0.001
A-n69-k9 	BT-3   69    6    138    0   1168   1426   1171    227   1.6114    0.003
A-n69-k9 	BT-3   69    6    138    1   1168   1167   1167    138   1.1077   -0.001
A-n69-k9 	BT-3   69   23    276    0   1168   1938   1213    343   2.1267    0.039
A-n69-k9 	BT-3   69   23    276    1   1168   1738   1215    345   2.2243    0.040
A-n69-k9 	BT-3   69   11    138    0   1168   1426   1171    333   2.2470    0.003
A-n69-k9 	BT-3   69   11    138    1   1168   1167   1167    138   1.1756   -0.001
A-n69-k9 	BT-3   69    6    138    0   1168   1426   1171    222   1.5557    0.003
A-n69-k9 	BT-3   69    6    138    1   1168   1167   1167    138   1.1404   -0.001
A-n69-k9 	BT-3   69   23    276    0   1168   1938   1195    539   3.3966    0.023
A-n69-k9 	BT-3   69   23    276    1   1168   1738   1174    455   2.8565    0.005
A-n69-k9 	BT-3   69   11    138    0   1168   1426   1173    199   1.3556    0.004
A-n69-k9 	BT-3   69   11    138    1   1168   1167   1167    138   1.1431   -0.001
A-n69-k9 	BT-3   69    6    138    0   1168   1426   1171    226   1.5848    0.003
A-n69-k9 	BT-3   69    6    138    1   1168   1167   1167    138   1.1150   -0.001
A-n69-k9 	BT-3   69   23    276    0   1168   1938   1192    569   3.4726    0.021
A-n69-k9 	BT-3   69   23    276    1   1168   1738   1204    422   2.6036    0.031
A-n69-k9 	BT-3   69   11    138    0   1168   1426   1173    215   1.4776    0.004
A-n69-k9 	BT-3   69   11    138    1   1168   1167   1167    138   1.1116   -0.001
A-n69-k9 	BT-3   69    6    138    0   1168   1426   1171    225   1.5761    0.003
A-n69-k9 	BT-3   69    6    138    1   1168   1167   1167    138   1.1488   -0.001
A-n69-k9 	BT-3   69   23    276    0   1168   1938   1195    676   4.2403    0.023
A-n69-k9 	BT-3   69   23    276    1   1168   1738   1215    345   2.1524    0.040
A-n69-k9 	BT-3   69   11    138    0   1168   1426   1170    247   1.6838    0.002
A-n69-k9 	BT-3   69   11    138    1   1168   1167   1167    138   1.1381   -0.001
A-n69-k9 	BT-3   69    6    138    0   1168   1426   1171    220   1.6044    0.003
A-n69-k9 	BT-3   69    6    138    1   1168   1167   1167    138   1.1206   -0.001
A-n69-k9 	BT-3   69   23    276    0   1168   1938   1197    597   3.6323    0.025
A-n69-k9 	BT-3   69   23    276    1   1168   1738   1225    481   2.9886    0.049
A-n69-k9 	BT-3   69   11    138    0   1168   1426   1167    328   2.1220   -0.001
A-n69-k9 	BT-3   69   11    138    1   1168   1167   1167    138   1.1125   -0.001
A-n69-k9 	BT-3   69    6    138    0   1168   1426   1171    242   1.6615    0.003
A-n69-k9 	BT-3   69    6    138    1   1168   1167   1167    138   1.1410   -0.001
A-n69-k9 	BT-3   69   23    276    0   1168   1938   1213    343   2.1272    0.039
A-n69-k9 	BT-3   69   23    276    1   1168   1738   1216    429   2.7473    0.041
A-n69-k9 	BT-3   69   11    138    0   1168   1426   1168    379   2.4398    0.000
A-n69-k9 	BT-3   69   11    138    1   1168   1167   1167    138   1.1157   -0.001
A-n69-k9 	BT-3   69    6    138    0   1168   1426   1171    242   1.6707    0.003
A-n69-k9 	BT-3   69    6    138    1   1168   1167   1167    138   1.1374   -0.001
A-n69-k9 	BT-3   69   23    276    0   1168   1938   1194    655   3.9614    0.022
A-n69-k9 	BT-3   69   23    276    1   1168   1738   1193   1105   6.7166    0.021
A-n69-k9 	BT-3   69   11    138    0   1168   1426   1170    206   1.3927    0.002
A-n69-k9 	BT-3   69   11    138    1   1168   1167   1167    138   1.1063   -0.001
A-n69-k9 	BT-3   69    6    138    0   1168   1426   1171    220   1.5064    0.003
A-n69-k9 	BT-3   69    6    138    1   1168   1167   1167    138   1.1017   -0.001
A-n69-k9 	BT-3   69   23    276    0   1168   1938   1190    743   4.5162    0.019
A-n69-k9 	BT-3   69   23    276    1   1168   1738   1215    335   2.1700    0.040
A-n69-k9 	BT-3   69   11    138    0   1168   1426   1173    227   1.5680    0.004
A-n69-k9 	BT-3   69   11    138    1   1168   1167   1167    138   1.1302   -0.001
A-n69-k9 	BT-3   69    6    138    0   1168   1426   1171    218   1.5239    0.003
A-n69-k9 	BT-3   69    6    138    1   1168   1167   1167    138   1.1245   -0.001
A-n69-k9 	BT-3   69   23    276    0   1168   1938   1204    459   2.8199    0.031
A-n69-k9 	BT-3   69   23    276    1   1168   1738   1196    602   3.7547    0.024
A-n69-k9 	BT-3   69   11    138    0   1168   1426   1173    199   1.3844    0.004
A-n69-k9 	BT-3   69   11    138    1   1168   1167   1167    138   1.1313   -0.001
A-n69-k9 	BT-3   69    6    138    0   1168   1426   1171    232   1.6209    0.003
A-n69-k9 	BT-3   69    6    138    1   1168   1167   1167    138   1.1077   -0.001
A-n69-k9 	BT-3   69   23    276    0   1168   1938   1213    343   2.0848    0.039
A-n69-k9 	BT-3   69   23    276    1   1168   1738   1216    492   3.0598    0.041
A-n69-k9 	BT-3   69   11    138    0   1168   1426   1173    199   1.3391    0.004
A-n69-k9 	BT-3   69   11    138    1   1168   1167   1167    138   1.2142   -0.001
A-n69-k9 	BT-3   69    6    138    0   1168   1426   1171    204   1.4845    0.003
A-n69-k9 	BT-3   69    6    138    1   1168   1167   1167    138   1.1028   -0.001
A-n69-k9 	BT-3   69   23    276    0   1168   1938   1187    493   2.9608    0.016
A-n69-k9 	BT-3   69   23    276    1   1168   1738   1213    603   3.7871    0.039
A-n69-k9 	BT-3   69   11    138    0   1168   1426   1173    199   1.3547    0.004
A-n69-k9 	BT-3   69   11    138    1   1168   1167   1167    138   1.1341   -0.001
A-n69-k9 	BT-3   69    6    138    0   1168   1426   1171    232   1.6086    0.003
A-n69-k9 	BT-3   69    6    138    1   1168   1167   1167    138   1.1067   -0.001
A-n69-k9 	BT-3   69   23    276    0   1168   1938   1196    461   2.8236    0.024
A-n69-k9 	BT-3   69   23    276    1   1168   1738   1215    347   2.2917    0.040
A-n69-k9 	BT-3   69   11    138    0   1168   1426   1173    214   1.4604    0.004
A-n69-k9 	BT-3   69   11    138    1   1168   1167   1167    138   1.1583   -0.001
A-n69-k9 	BT-3   69    6    138    0   1168   1426   1171    234   1.6510    0.003
A-n69-k9 	BT-3   69    6    138    1   1168   1167   1167    138   1.1186   -0.001
A-n69-k9 	BT-3   69   23    276    0   1168   1938   1213    343   2.0992    0.039
A-n69-k9 	BT-3   69   23    276    1   1168   1738   1217    425   2.7257    0.042
A-n69-k9 	BT-3   69   11    138    0   1168   1426   1170    249   1.6853    0.002
A-n69-k9 	BT-3   69   11    138    1   1168   1167   1167    138   1.1332   -0.001
A-n69-k9 	BT-3   69    6    138    0   1168   1426   1171    241   1.7019    0.003
A-n69-k9 	BT-3   69    6    138    1   1168   1167   1167    138   1.1394   -0.001
A-n69-k9 	BT-3   69   23    276    0   1168   1938   1183    829   5.2568    0.013
A-n69-k9 	BT-3   69   23    276    1   1168   1738   1215    335   2.1415    0.040
A-n69-k9 	BT-3   69   11    138    0   1168   1426   1167    365   2.3820   -0.001
A-n69-k9 	BT-3   69   11    138    1   1168   1167   1167    138   1.1309   -0.001
A-n69-k9 	BT-3   69    6    138    0   1168   1426   1171    241   1.7137    0.003
A-n69-k9 	BT-3   69    6    138    1   1168   1167   1167    138   1.1380   -0.001
A-n69-k9 	BT-3   69   23    276    0   1168   1938   1190    540   3.3652    0.019
A-n69-k9 	BT-3   69   23    276    1   1168   1738   1215    335   2.1465    0.040
A-n69-k9 	BT-3   69   11    138    0   1168   1426   1167    386   2.4930   -0.001
A-n69-k9 	BT-3   69   11    138    1   1168   1167   1167    138   1.2278   -0.001
A-n69-k9 	BT-3   69    6    138    0   1168   1426   1171    226   1.8216    0.003
A-n69-k9 	BT-3   69    6    138    1   1168   1167   1167    138   1.1186   -0.001
A-n69-k9 	BT-3   69   23    276    0   1168   1938   1196    449   2.7440    0.024
A-n69-k9 	BT-3   69   23    276    1   1168   1738   1211    340   2.1550    0.037
A-n69-k9 	BT-3   69   11    138    0   1168   1426   1170    226   1.4776    0.002
A-n69-k9 	BT-3   69   11    138    1   1168   1167   1167    138   1.1508   -0.001
A-n69-k9 	BT-3   69    6    138    0   1168   1426   1171    235   1.7958    0.003
A-n69-k9 	BT-3   69    6    138    1   1168   1167   1167    138   1.1203   -0.001
A-n69-k9 	BT-3   69   23    276    0   1168   1938   1213    343   2.0868    0.039
A-n69-k9 	BT-3   69   23    276    1   1168   1738   1215    335   2.0960    0.040
A-n69-k9 	BT-3   69   11    138    0   1168   1426   1167    399   2.5673   -0.001
A-n69-k9 	BT-3   69   11    138    1   1168   1167   1167    138   1.1031   -0.001
A-n69-k9 	BT-3   69    6    138    0   1168   1426   1171    244   1.6742    0.003
A-n69-k9 	BT-3   69    6    138    1   1168   1167   1167    138   1.1123   -0.001
A-n69-k9 	BT-3   69   23    276    0   1168   1938   1191    570   3.4931    0.020
A-n69-k9 	BT-3   69   23    276    1   1168   1738   1215    335   2.1619    0.040
A-n69-k9 	BT-3   69   11    138    0   1168   1426   1173    214   1.4577    0.004
A-n69-k9 	BT-3   69   11    138    1   1168   1167   1167    138   1.2405   -0.001
A-n69-k9 	BT-3   69    6    138    0   1168   1426   1171    221   1.5626    0.003
A-n69-k9 	BT-3   69    6    138    1   1168   1167   1167    138   1.1451   -0.001
A-n69-k9 	BT-3   69   23    276    0   1168   1938   1209    511   3.2158    0.035
A-n69-k9 	BT-3   69   23    276    1   1168   1738   1215    335   2.1878    0.040
A-n69-k9 	BT-3   69   11    138    0   1168   1426   1170    213   1.7864    0.002
A-n69-k9 	BT-3   69   11    138    1   1168   1167   1167    138   1.2035   -0.001
A-n69-k9 	BT-3   69    6    138    0   1168   1426   1171    243   1.6598    0.003
A-n69-k9 	BT-3   69    6    138    1   1168   1167   1167    138   1.1080   -0.001
A-n69-k9 	BT-3   69   23    276    0   1168   1938   1194    492   2.9445    0.022
A-n69-k9 	BT-3   69   23    276    1   1168   1738   1215    335   2.0976    0.040
A-n69-k9 	BT-3   69   11    138    0   1168   1426   1170    250   1.6553    0.002
A-n69-k9 	BT-3   69   11    138    1   1168   1167   1167    138   1.1445   -0.001
A-n69-k9 	BT-3   69    6    138    0   1168   1426   1171    221   1.5545    0.003
A-n69-k9 	BT-3   69    6    138    1   1168   1167   1167    138   1.1125   -0.001
A-n69-k9 	BT-3   69   23    276    0   1168   1938   1213    343   2.1086    0.039
A-n69-k9 	BT-3   69   23    276    1   1168   1738   1206    570   3.5308    0.033
A-n69-k9 	BT-3   69   11    138    0   1168   1426   1173    215   1.5456    0.004
A-n69-k9 	BT-3   69   11    138    1   1168   1167   1167    138   1.1437   -0.001
A-n69-k9 	BT-3   69    6    138    0   1168   1426   1171    234   1.6502    0.003
A-n69-k9 	BT-3   69    6    138    1   1168   1167   1167    138   1.1798   -0.001
A-n69-k9 	BT-3   69   23    276    0   1168   1938   1197    528   3.4217    0.025
A-n69-k9 	BT-3   69   23    276    1   1168   1738   1210    482   3.0999    0.036
A-n69-k9 	BT-3   69   11    138    0   1168   1426   1168    372   2.4680    0.000
A-n69-k9 	BT-3   69   11    138    1   1168   1167   1167    138   1.1220   -0.001
A-n69-k9 	BT-3   69    6    138    0   1168   1426   1171    221   1.5546    0.003
A-n69-k9 	BT-3   69    6    138    1   1168   1167   1167    138   1.1170   -0.001
A-n69-k9 	BT-3   69   23    276    0   1168   1938   1201    677   4.2558    0.028
A-n69-k9 	BT-3   69   23    276    1   1168   1738   1215    352   2.2677    0.040
A-n69-k9 	BT-3   69   11    138    0   1168   1426   1173    200   1.4586    0.004
A-n69-k9 	BT-3   69   11    138    1   1168   1167   1167    138   1.1674   -0.001
A-n69-k9 	BT-3   69    6    138    0   1168   1426   1171    217   1.5470    0.003
A-n69-k9 	BT-3   69    6    138    1   1168   1167   1167    138   1.1221   -0.001
A-n69-k9 	BT-3   69   23    276    0   1168   1938   1213    343   2.1196    0.039
A-n69-k9 	BT-3   69   23    276    1   1168   1738   1223    342   2.1745    0.047
A-n69-k9 	BT-3   69   11    138    0   1168   1426   1171    340   2.2137    0.003
A-n69-k9 	BT-3   69   11    138    1   1168   1167   1167    138   1.1355   -0.001
A-n69-k9 	BT-3   69    6    138    0   1168   1426   1171    232   1.7052    0.003
A-n69-k9 	BT-3   69    6    138    1   1168   1167   1167    138   1.1122   -0.001
A-n69-k9 	BT-3   69   23    276    0   1168   1938   1195    551   3.2972    0.023
A-n69-k9 	BT-3   69   23    276    1   1168   1738   1223    344   2.1915    0.047
A-n69-k9 	BT-3   69   11    138    0   1168   1426   1170    214   1.5034    0.002
A-n69-k9 	BT-3   69   11    138    1   1168   1167   1167    138   1.1314   -0.001
A-n69-k9 	BT-3   69    6    138    0   1168   1426   1171    219   1.5075    0.003
A-n69-k9 	BT-3   69    6    138    1   1168   1167   1167    138   1.1162   -0.001
A-n69-k9 	BT-3   69   23    276    0   1168   1938   1198    520   3.2070    0.026
A-n69-k9 	BT-3   69   23    276    1   1168   1738   1215    335   2.1978    0.040
A-n69-k9 	BT-3   69   11    138    0   1168   1426   1173    221   1.4771    0.004
A-n69-k9 	BT-3   69   11    138    1   1168   1167   1167    138   1.1493   -0.001
A-n69-k9 	BT-3   69    6    138    0   1168   1426   1171    211   1.5020    0.003
A-n69-k9 	BT-3   69    6    138    1   1168   1167   1167    138   1.1283   -0.001
A-n69-k9 	BT-3   69   23    276    0   1168   1938   1195    512   3.2021    0.023
A-n69-k9 	BT-3   69   23    276    1   1168   1738   1224    343   2.2547    0.048
A-n69-k9 	BT-3   69   11    138    0   1168   1426   1173    217   1.5296    0.004
A-n69-k9 	BT-3   69   11    138    1   1168   1167   1167    138   1.1759   -0.001
A-n69-k9 	BT-3   69    6    138    0   1168   1426   1171    230   1.5984    0.003
A-n69-k9 	BT-3   69    6    138    1   1168   1167   1167    138   1.1385   -0.001
A-n69-k9 	BT-3   69   23    276    0   1168   1938   1194    522   3.2148    0.022
A-n69-k9 	BT-3   69   23    276    1   1168   1738   1207    475   2.9465    0.033
A-n69-k9 	BT-3   69   11    138    0   1168   1426   1170    228   1.5955    0.002
A-n69-k9 	BT-3   69   11    138    1   1168   1167   1167    138   1.1251   -0.001
A-n69-k9 	BT-3   69    6    138    0   1168   1426   1171    239   1.6678    0.003
A-n69-k9 	BT-3   69    6    138    1   1168   1167   1167    138   1.1363   -0.001
A-n69-k9 	BT-3   69   23    276    0   1168   1938   1193    502   3.0809    0.021
A-n69-k9 	BT-3   69   23    276    1   1168   1738   1211    512   3.1872    0.037
A-n69-k9 	BT-3   69   11    138    0   1168   1426   1168    359   2.3344    0.000
A-n69-k9 	BT-3   69   11    138    1   1168   1167   1167    138   1.1087   -0.001
A-n69-k9 	BT-3   69    6    138    0   1168   1426   1171    221   1.5114    0.003
A-n69-k9 	BT-3   69    6    138    1   1168   1167   1167    138   1.1808   -0.001
A-n69-k9 	BT-3   69   23    276    0   1168   1938   1182    444   2.6512    0.012
A-n69-k9 	BT-3   69   23    276    1   1168   1738   1211    340   2.1126    0.037
A-n69-k9 	BT-3   69   11    138    0   1168   1426   1167    349   2.3505   -0.001
A-n69-k9 	BT-3   69   11    138    1   1168   1167   1167    138   1.3179   -0.001
A-n69-k9 	BT-3   69    6    138    0   1168   1426   1171    236   1.7510    0.003
A-n69-k9 	BT-3   69    6    138    1   1168   1167   1167    138   1.1150   -0.001
A-n69-k9 	BT-3   69   23    276    0   1168   1938   1213    343   2.1073    0.039
A-n69-k9 	BT-3   69   23    276    1   1168   1738   1216    369   2.2688    0.041
A-n69-k9 	BT-3   69   11    138    0   1168   1426   1168    373   2.3945    0.000
A-n69-k9 	BT-3   69   11    138    1   1168   1167   1167    138   1.1417   -0.001
A-n69-k9 	BT-3   69    6    138    0   1168   1426   1171    248   1.7062    0.003
A-n69-k9 	BT-3   69    6    138    1   1168   1167   1167    138   1.1155   -0.001
A-n69-k9 	BT-3   69   23    276    0   1168   1938   1213    343   2.1187    0.039
A-n69-k9 	BT-3   69   23    276    1   1168   1738   1214    539   3.3221    0.039
A-n69-k9 	BT-3   69   11    138    0   1168   1426   1174    189   1.2813    0.005
A-n69-k9 	BT-3   69   11    138    1   1168   1167   1167    138   1.1210   -0.001
A-n69-k9 	BT-3   69    6    138    0   1168   1426   1171    222   1.5507    0.003
A-n69-k9 	BT-3   69    6    138    1   1168   1167   1167    138   1.1046   -0.001
A-n69-k9 	BT-3   69   23    276    0   1168   1938   1189    907   5.5502    0.018
A-n69-k9 	BT-3   69   23    276    1   1168   1738   1197    510   3.1761    0.025
A-n69-k9 	BT-3   69   11    138    0   1168   1426   1170    215   1.4727    0.002
A-n69-k9 	BT-3   69   11    138    1   1168   1167   1167    138   1.1207   -0.001
A-n69-k9 	BT-3   69    6    138    0   1168   1426   1171    229   1.6210    0.003
A-n69-k9 	BT-3   69    6    138    1   1168   1167   1167    138   1.1089   -0.001
A-n69-k9 	BT-3   69   23    276    0   1168   1938   1197    403   2.5040    0.025
A-n69-k9 	BT-3   69   23    276    1   1168   1738   1223    342   2.1535    0.047
A-n69-k9 	BT-3   69   11    138    0   1168   1426   1173    199   1.3761    0.004
A-n69-k9 	BT-3   69   11    138    1   1168   1167   1167    138   1.1297   -0.001
A-n69-k9 	BT-3   69    6    138    0   1168   1426   1171    213   1.5658    0.003
A-n69-k9 	BT-3   69    6    138    1   1168   1167   1167    138   1.1132   -0.001
A-n69-k9 	BT-3   69   23    276    0   1168   1938   1205    504   3.0259    0.032
A-n69-k9 	BT-3   69   23    276    1   1168   1738   1215    335   2.1131    0.040
A-n69-k9 	BT-3   69   11    138    0   1168   1426   1170    206   1.3987    0.002
A-n69-k9 	BT-3   69   11    138    1   1168   1167   1167    138   1.1167   -0.001
A-n69-k9 	BT-3   69    6    138    0   1168   1426   1171    229   1.5963    0.003
A-n69-k9 	BT-3   69    6    138    1   1168   1167   1167    138   1.1348   -0.001
A-n69-k9 	BT-3   69   23    276    0   1168   1938   1213    343   2.2294    0.039
A-n69-k9 	BT-3   69   23    276    1   1168   1738   1173    418   2.6166    0.004
A-n69-k9 	BT-3   69   11    138    0   1168   1426   1170    240   1.5934    0.002
A-n69-k9 	BT-3   69   11    138    1   1168   1167   1167    138   1.1095   -0.001
A-n69-k9 	BT-3   69    6    138    0   1168   1426   1171    228   1.5762    0.003
A-n69-k9 	BT-3   69    6    138    1   1168   1167   1167    138   1.1095   -0.001
A-n69-k9 	BT-3   69   23    276    0   1168   1938   1192    613   3.7702    0.021
A-n69-k9 	BT-3   69   23    276    1   1168   1738   1215    335   2.1370    0.040
A-n69-k9 	BT-3   69   11    138    0   1168   1426   1170    253   1.6817    0.002
A-n69-k9 	BT-3   69   11    138    1   1168   1167   1167    138   1.2385   -0.001
A-n69-k9 	BT-3   69    6    138    0   1168   1426   1171    247   1.6545    0.003
A-n69-k9 	BT-3   69    6    138    1   1168   1167   1167    138   1.1180   -0.001
A-n69-k9 	BT-3   69   23    276    0   1168   1938   1186    494   3.0180    0.015
A-n69-k9 	BT-3   69   23    276    1   1168   1738   1200    654   4.0465    0.027
A-n69-k9 	BT-3   69   11    138    0   1168   1426   1170    235   1.5874    0.002
A-n69-k9 	BT-3   69   11    138    1   1168   1167   1167    138   1.1509   -0.001
A-n69-k9 	BT-3   69    6    138    0   1168   1426   1171    247   1.6672    0.003
A-n69-k9 	BT-3   69    6    138    1   1168   1167   1167    138   1.0856   -0.001
A-n69-k9 	BT-3   69   23    276    0   1168   1938   1184    523   3.2437    0.014
A-n69-k9 	BT-3   69   23    276    1   1168   1738   1211    357   2.5992    0.037
A-n69-k9 	BT-3   69   11    138    0   1168   1426   1173    199   1.3843    0.004
A-n69-k9 	BT-3   69   11    138    1   1168   1167   1167    138   1.1059   -0.001
A-n69-k9 	BT-3   69    6    138    0   1168   1426   1171    235   1.5988    0.003
A-n69-k9 	BT-3   69    6    138    1   1168   1167   1167    138   1.1102   -0.001
A-n69-k9 	BT-3   69   23    276    0   1168   1938   1187    730   4.8430    0.016
A-n69-k9 	BT-3   69   23    276    1   1168   1738   1215    335   2.4225    0.040
A-n69-k9 	BT-3   69   11    138    0   1168   1426   1170    214   1.4404    0.002
A-n69-k9 	BT-3   69   11    138    1   1168   1167   1167    138   1.1166   -0.001
A-n69-k9 	BT-3   69    6    138    0   1168   1426   1171    224   1.6958    0.003
A-n69-k9 	BT-3   69    6    138    1   1168   1167   1167    138   1.2725   -0.001
A-n69-k9 	BT-3   69   23    276    0   1168   1938   1198    460   2.9000    0.026
A-n69-k9 	BT-3   69   23    276    1   1168   1738   1195    675   4.2397    0.023
A-n69-k9 	BT-3   69   11    138    0   1168   1426   1173    216   1.5246    0.004
A-n69-k9 	BT-3   69   11    138    1   1168   1167   1167    138   1.2200   -0.001
A-n69-k9 	BT-3   69    6    138    0   1168   1426   1171    257   1.7915    0.003
A-n69-k9 	BT-3   69    6    138    1   1168   1167   1167    138   1.1541   -0.001
A-n69-k9 	BT-3   69   23    276    0   1168   1938   1197    469   2.8816    0.025
A-n69-k9 	BT-3   69   23    276    1   1168   1738   1190    486   3.0184    0.019
A-n69-k9 	BT-3   69   11    138    0   1168   1426   1171    334   2.1773    0.003
A-n69-k9 	BT-3   69   11    138    1   1168   1167   1167    138   1.1056   -0.001
A-n69-k9 	BT-3   69    6    138    0   1168   1426   1171    196   1.3640    0.003
A-n69-k9 	BT-3   69    6    138    1   1168   1167   1167    138   1.1299   -0.001
A-n69-k9 	BT-3   69   23    276    0   1168   1938   1202    498   3.1173    0.029
A-n69-k9 	BT-3   69   23    276    1   1168   1738   1185    858   5.2855    0.015
A-n69-k9 	BT-3   69   11    138    0   1168   1426   1170    211   1.4334    0.002
A-n69-k9 	BT-3   69   11    138    1   1168   1167   1167    138   1.1331   -0.001
A-n69-k9 	BT-3   69    6    138    0   1168   1426   1171    235   1.6519    0.003
A-n69-k9 	BT-3   69    6    138    1   1168   1167   1167    138   1.1137   -0.001
A-n69-k9 	BT-3   69   23    276    0   1168   1938   1194    467   2.8444    0.022
A-n69-k9 	BT-3   69   23    276    1   1168   1738   1224    473   2.8764    0.048
A-n69-k9 	BT-3   69   11    138    0   1168   1426   1173    199   1.4056    0.004
A-n69-k9 	BT-3   69   11    138    1   1168   1167   1167    138   1.1212   -0.001
A-n69-k9 	BT-3   69    6    138    0   1168   1426   1171    237   1.6522    0.003
A-n69-k9 	BT-3   69    6    138    1   1168   1167   1167    138   1.2317   -0.001
A-n69-k9 	BT-3   69   23    276    0   1168   1938   1198    593   3.4952    0.026
A-n69-k9 	BT-3   69   23    276    1   1168   1738   1209    611   4.0871    0.035
A-n69-k9 	BT-3   69   11    138    0   1168   1426   1173    218   1.4350    0.004
A-n69-k9 	BT-3   69   11    138    1   1168   1167   1167    138   1.0963   -0.001
A-n69-k9 	BT-3   69    6    138    0   1168   1426   1171    203   1.3910    0.003
A-n69-k9 	BT-3   69    6    138    1   1168   1167   1167    138   1.1555   -0.001
A-n69-k9 	BT-3   69   23    276    0   1168   1938   1210    518   3.1793    0.036
A-n69-k9 	BT-3   69   23    276    1   1168   1738   1215    335   2.1662    0.040
A-n69-k9 	BT-3   69   11    138    0   1168   1426   1173    199   1.3460    0.004
A-n69-k9 	BT-3   69   11    138    1   1168   1167   1167    138   1.1061   -0.001
A-n69-k9 	BT-3   69    6    138    0   1168   1426   1171    209   1.4765    0.003
A-n69-k9 	BT-3   69    6    138    1   1168   1167   1167    138   1.1228   -0.001
A-n69-k9 	BT-3   69   23    276    0   1168   1938   1182    822   4.9671    0.012
A-n69-k9 	BT-3   69   23    276    1   1168   1738   1215    335   2.0953    0.040
A-n69-k9 	BT-3   69   11    138    0   1168   1426   1167    416   2.6791   -0.001
A-n69-k9 	BT-3   69   11    138    1   1168   1167   1167    138   1.1592   -0.001
A-n69-k9 	BT-3   69    6    138    0   1168   1426   1171    211   1.5228    0.003
A-n69-k9 	BT-3   69    6    138    1   1168   1167   1167    138   1.1137   -0.001
A-n69-k9 	BT-3   69   23    276    0   1168   1938   1206    350   2.0848    0.033
A-n69-k9 	BT-3   69   23    276    1   1168   1738   1191    644   3.9066    0.020
A-n69-k9 	BT-3   69   11    138    0   1168   1426   1173    218   1.4413    0.004
A-n69-k9 	BT-3   69   11    138    1   1168   1167   1167    138   1.1127   -0.001
A-n69-k9 	BT-3   69    6    138    0   1168   1426   1171    218   1.4749    0.003
A-n69-k9 	BT-3   69    6    138    1   1168   1167   1167    138   1.1101   -0.001
A-n69-k9 	BT-3   69   23    276    0   1168   1938   1195    650   3.8775    0.023
A-n69-k9 	BT-3   69   23    276    1   1168   1738   1203    408   2.5045    0.030
A-n69-k9 	BT-3   69   11    138    0   1168   1426   1170    250   1.6508    0.002
A-n69-k9 	BT-3   69   11    138    1   1168   1167   1167    138   1.0984   -0.001
A-n69-k9 	BT-3   69    6    138    0   1168   1426   1171    222   1.5016    0.003
A-n69-k9 	BT-3   69    6    138    1   1168   1167   1167    138   1.0974   -0.001
A-n69-k9 	BT-3   69   23    276    0   1168   1938   1196    654   3.9328    0.024
A-n69-k9 	BT-3   69   23    276    1   1168   1738   1188    707   4.4173    0.017
A-n69-k9 	BT-3   69   11    138    0   1168   1426   1173    199   1.3513    0.004
A-n69-k9 	BT-3   69   11    138    1   1168   1167   1167    138   1.1139   -0.001
A-n69-k9 	BT-3   69    6    138    0   1168   1426   1171    233   1.6940    0.003
A-n69-k9 	BT-3   69    6    138    1   1168   1167   1167    138   1.1268   -0.001
A-n69-k9 	BT-3   69   23    276    0   1168   1938   1213    343   2.0755    0.039
A-n69-k9 	BT-3   69   23    276    1   1168   1738   1215    335   2.2653    0.040
A-n69-k9 	BT-3   69   11    138    0   1168   1426   1170    291   2.0151    0.002
A-n69-k9 	BT-3   69   11    138    1   1168   1167   1167    138   1.1374   -0.001
A-n69-k9 	BT-3   69    6    138    0   1168   1426   1171    224   1.5642    0.003
A-n69-k9 	BT-3   69    6    138    1   1168   1167   1167    138   1.1208   -0.001
A-n69-k9 	BT-3   69   23    276    0   1168   1938   1192    483   2.8939    0.021
A-n69-k9 	BT-3   69   23    276    1   1168   1738   1229    353   2.1790    0.052
A-n69-k9 	BT-3   69   11    138    0   1168   1426   1171    362   2.3576    0.003
A-n69-k9 	BT-3   69   11    138    1   1168   1167   1167    138   1.0953   -0.001
A-n69-k9 	BT-3   69    6    138    0   1168   1426   1171    208   1.4318    0.003
A-n69-k9 	BT-3   69    6    138    1   1168   1167   1167    138   1.1091   -0.001
A-n69-k9 	BT-3   69   23    276    0   1168   1938   1206    392   2.3600    0.033
A-n69-k9 	BT-3   69   23    276    1   1168   1738   1206    631   4.0272    0.033
A-n69-k9 	BT-3   69   11    138    0   1168   1426   1167    348   2.3604   -0.001
A-n69-k9 	BT-3   69   11    138    1   1168   1167   1167    138   1.1641   -0.001
A-n69-k9 	BT-3   69    6    138    0   1168   1426   1171    217   1.5443    0.003
A-n69-k9 	BT-3   69    6    138    1   1168   1167   1167    138   1.1681   -0.001
A-n69-k9 	BT-3   69   23    276    0   1168   1938   1195    449   2.7952    0.023
A-n69-k9 	BT-3   69   23    276    1   1168   1738   1188    570   3.5579    0.017
A-n69-k9 	BT-3   69   11    138    0   1168   1426   1173    198   1.4680    0.004
A-n69-k9 	BT-3   69   11    138    1   1168   1167   1167    138   1.1069   -0.001
A-n69-k9 	BT-3   69    6    138    0   1168   1426   1171    243   1.6779    0.003
A-n69-k9 	BT-3   69    6    138    1   1168   1167   1167    138   1.1398   -0.001
A-n69-k9 	BT-3   69   23    276    0   1168   1938   1189    785   4.8630    0.018
A-n69-k9 	BT-3   69   23    276    1   1168   1738   1207    624   3.9675    0.033
A-n69-k9 	BT-3   69   11    138    0   1168   1426   1173    217   1.4536    0.004
A-n69-k9 	BT-3   69   11    138    1   1168   1167   1167    138   1.1037   -0.001
A-n69-k9 	BT-3   69    6    138    0   1168   1426   1171    208   1.4332    0.003
A-n69-k9 	BT-3   69    6    138    1   1168   1167   1167    138   1.1265   -0.001
A-n69-k9 	BT-3   69   23    276    0   1168   1938   1192    489   3.0044    0.021
A-n69-k9 	BT-3   69   23    276    1   1168   1738   1224    575   3.6144    0.048
A-n69-k9 	BT-3   69   11    138    0   1168   1426   1173    199   1.4442    0.004
A-n69-k9 	BT-3   69   11    138    1   1168   1167   1167    138   1.1241   -0.001
A-n69-k9 	BT-3   69    6    138    0   1168   1426   1171    226   1.5444    0.003
A-n69-k9 	BT-3   69    6    138    1   1168   1167   1167    138   1.0907   -0.001
A-n69-k9 	BT-3   69   23    276    0   1168   1938   1195    505   3.1190    0.023
A-n69-k9 	BT-3   69   23    276    1   1168   1738   1208    620   3.8891    0.034
A-n69-k9 	BT-3   69   11    138    0   1168   1426   1173    199   1.3761    0.004
A-n69-k9 	BT-3   69   11    138    1   1168   1167   1167    138   1.1157   -0.001
A-n69-k9 	BT-3   69    6    138    0   1168   1426   1171    235   1.6310    0.003
A-n69-k9 	BT-3   69    6    138    1   1168   1167   1167    138   1.1310   -0.001
A-n69-k9 	BT-3   69   23    276    0   1168   1938   1212    454   2.8301    0.038
A-n69-k9 	BT-3   69   23    276    1   1168   1738   1199    724   4.6211    0.027
A-n69-k9 	BT-3   69   11    138    0   1168   1426   1170    218   1.5109    0.002
A-n69-k9 	BT-3   69   11    138    1   1168   1167   1167    138   1.1129   -0.001
A-n69-k9 	BT-3   69    6    138    0   1168   1426   1171    221   1.5936    0.003
A-n69-k9 	BT-3   69    6    138    1   1168   1167   1167    138   1.2048   -0.001
A-n69-k9 	BT-3   69   23    276    0   1168   1938   1206    717   4.4857    0.033
A-n69-k9 	BT-3   69   23    276    1   1168   1738   1219    469   2.9477    0.044
A-n69-k9 	BT-3   69   11    138    0   1168   1426   1173    200   1.3645    0.004
A-n69-k9 	BT-3   69   11    138    1   1168   1167   1167    138   1.1096   -0.001
A-n69-k9 	BT-3   69    6    138    0   1168   1426   1171    231   1.6427    0.003
A-n69-k9 	BT-3   69    6    138    1   1168   1167   1167    138   1.1221   -0.001
A-n69-k9 	BT-3   69   23    276    0   1168   1938   1206    452   2.7767    0.033
A-n69-k9 	BT-3   69   23    276    1   1168   1738   1195    791   4.9524    0.023
A-n69-k9 	BT-3   69   11    138    0   1168   1426   1173    216   1.4552    0.004
A-n69-k9 	BT-3   69   11    138    1   1168   1167   1167    138   1.1120   -0.001
A-n69-k9 	BT-3   69    6    138    0   1168   1426   1171    232   1.6005    0.003
A-n69-k9 	BT-3   69    6    138    1   1168   1167   1167    138   1.1457   -0.001
A-n69-k9 	BT-3   69   23    276    0   1168   1938   1197    797   4.8170    0.025
A-n69-k9 	BT-3   69   23    276    1   1168   1738   1215    335   2.1053    0.040
A-n69-k9 	BT-3   69   11    138    0   1168   1426   1173    258   1.7284    0.004
A-n69-k9 	BT-3   69   11    138    1   1168   1167   1167    138   1.1427   -0.001
A-n69-k9 	BT-3   69    6    138    0   1168   1426   1171    235   1.6419    0.003
A-n69-k9 	BT-3   69    6    138    1   1168   1167   1167    138   1.1234   -0.001
