P-n50-k10 	BT-1   50   16    200    0    696    868    715    297   1.2920    0.027
P-n50-k10 	BT-1   50   16    200    1    696    868    750    208   0.9105    0.078
P-n50-k10 	BT-1   50    8    100    0    696    715    715    100   2.6423    0.027
P-n50-k10 	BT-1   50    8    100    1    696    715    715    100   2.6287    0.027
P-n50-k10 	BT-1   50   25    100    0    696    715    715    100   7.9141    0.027
P-n50-k10 	BT-1   50   25    100    1    696    715    715    100   7.9038    0.027
P-n50-k10 	BT-2   50   16    200    0    696    868    709    230   1.0138    0.019
P-n50-k10 	BT-2   50   16    200    1    696    868    710    364   1.5824    0.020
P-n50-k10 	BT-2   50    8    100    0    696    709    709    100   3.0384    0.019
P-n50-k10 	BT-2   50    8    100    1    696    709    709    100   3.0332    0.019
P-n50-k10 	BT-2   50   25    100    0    696    709    709    100   9.1253    0.019
P-n50-k10 	BT-2   50   25    100    1    696    709    709    100   9.1101    0.019
P-n50-k10 	BT-3   50   16    200    0    696    868    745    170   0.7146    0.070
P-n50-k10 	BT-3   50   16    200    1    696    868    743    258   1.1824    0.068
P-n50-k10 	BT-3   50    8    100    0    696    837    730    142   2.5532    0.049
P-n50-k10 	BT-3   50    8    100    1    696    743    743     66   2.2004    0.068
P-n50-k10 	BT-3   50   25    100    0    696    845    733     84   7.0141    0.053
P-n50-k10 	BT-3   50   25    100    1    696    730    730     70   6.9822    0.049
P-n50-k10 	BT-3   50   16    200    0    696    868    745    173   0.7159    0.070
P-n50-k10 	BT-3   50   16    200    1    696    868    729    269   1.2105    0.047
P-n50-k10 	BT-3   50    8    100    0    696    729    729     74  22.9086    0.047
P-n50-k10 	BT-3   50    8    100    1    696    729    720     89  22.9595    0.034
P-n50-k10 	BT-3   50   25    100    0    696    720    720     70  68.7583    0.034
P-n50-k10 	BT-3   50   25    100    1    696    720    720     69  68.7469    0.034
P-n50-k10 	BT-3   50   16    200    0    696    868    737    228   0.9652    0.059
P-n50-k10 	BT-3   50   16    200    1    696    868    742    196   0.8306    0.066
P-n50-k10 	BT-3   50    8    100    0    696    720    720     68 208.0449    0.034
P-n50-k10 	BT-3   50    8    100    1    696    720    720     71 208.0553    0.034
P-n50-k10 	BT-3   50   25    100    0    696    720    720     63 624.1172    0.034
P-n50-k10 	BT-3   50   25    100    1    696    720    720     69 624.1431    0.034
P-n50-k10 	BT-3   50   16    200    0    696    868    736    290   1.2036    0.057
P-n50-k10 	BT-3   50   16    200    1    696    868    730    277   1.1897    0.049
P-n50-k10 	BT-3   50    8    100    0    696    720    720     75 1874.8232    0.034
P-n50-k10 	BT-3   50    8    100    1    696    720    720     66 1874.7892    0.034
P-n50-k10 	BT-3   50   25    100    0    696    720    720     68 1329.4368    0.034
P-n50-k10 	BT-3   50   25    100    1    696    720    720     65 1329.4216    0.034
P-n50-k10 	BT-3   50   16    200    0    696    868    745    177   0.7274    0.070
P-n50-k10 	BT-3   50   16    200    1    696    868    724    225   0.9824    0.040
P-n50-k10 	BT-3   50    8    100    0    696    720    720     71 -304.9494    0.034
P-n50-k10 	BT-3   50    8    100    1    696    720    720     70 -304.9481    0.034
P-n50-k10 	BT-3   50   25    100    0    696    720    720     76 -914.8240    0.034
P-n50-k10 	BT-3   50   25    100    1    696    720    720     74 -914.8320    0.034
P-n50-k10 	BT-3   50   16    200    0    696    868    736    231   0.9678    0.057
P-n50-k10 	BT-3   50   16    200    1    696    868    723    251   1.0827    0.039
P-n50-k10 	BT-3   50    8    100    0    696    720    720     74 1552.5287    0.034
P-n50-k10 	BT-3   50    8    100    1    696    720    720     64 1552.4895    0.034
P-n50-k10 	BT-3   50   25    100    0    696    720    720     69 362.5548    0.034
P-n50-k10 	BT-3   50   25    100    1    696    720    720     65 362.5456    0.034
P-n50-k10 	BT-3   50   16    200    0    696    868    735    263   1.0772    0.056
P-n50-k10 	BT-3   50   16    200    1    696    868    708    361   1.5659    0.017
P-n50-k10 	BT-3   50    8    100    0    696    708    708     66 1090.2855    0.017
P-n50-k10 	BT-3   50    8    100    1    696    708    708     72 1090.3157    0.017
P-n50-k10 	BT-3   50   25    100    0    696    708    708     65 -1024.0745    0.017
P-n50-k10 	BT-3   50   25    100    1    696    708    708     69 -1024.0670    0.017
P-n50-k10 	BT-3   50   16    200    0    696    868    745    173   0.7196    0.070
P-n50-k10 	BT-3   50   16    200    1    696    868    717    229   0.9702    0.030
P-n50-k10 	BT-3   50    8    100    0    696    708    708     71 1224.4662    0.017
P-n50-k10 	BT-3   50    8    100    1    696    708    708     69 1224.4476    0.017
P-n50-k10 	BT-3   50   25    100    0    696    708    708     66 -621.6082    0.017
P-n50-k10 	BT-3   50   25    100    1    696    708    708     69 -621.6019    0.017
P-n50-k10 	BT-3   50   16    200    0    696    868    714    285   1.1924    0.026
P-n50-k10 	BT-3   50   16    200    1    696    868    745    230   1.0203    0.070
P-n50-k10 	BT-3   50    8    100    0    696    708    708     72 -1862.5817    0.017
P-n50-k10 	BT-3   50    8    100    1    696    708    708     71 -1862.5941    0.017
P-n50-k10 	BT-3   50   25    100    0    696    708    708     69 -1292.8018    0.017
P-n50-k10 	BT-3   50   25    100    1    696    708    708     67 -1292.8198    0.017
P-n50-k10 	BT-3   50   16    200    0    696    868    745    179   0.7596    0.070
P-n50-k10 	BT-3   50   16    200    1    696    868    742    277   1.1915    0.066
P-n50-k10 	BT-3   50    8    100    0    696    708    708     74 418.5167    0.017
P-n50-k10 	BT-3   50    8    100    1    696    708    708     76 418.5154    0.017
P-n50-k10 	BT-3   50   25    100    0    696    708    708     70 1255.5317    0.017
P-n50-k10 	BT-3   50   25    100    1    696    708    708     69 1255.5195    0.017
P-n50-k10 	BT-3   50   16    200    0    696    868    727    381   1.6340    0.045
P-n50-k10 	BT-3   50   16    200    1    696    868    710    512   2.1995    0.020
P-n50-k10 	BT-3   50    8    100    0    696    708    708     73 -524.5413    0.017
P-n50-k10 	BT-3   50    8    100    1    696    708    708     66 -524.5787    0.017
P-n50-k10 	BT-3   50   25    100    0    696    708    708     68 -1573.6674    0.017
P-n50-k10 	BT-3   50   25    100    1    696    708    708     69 -1573.6875    0.017
P-n50-k10 	BT-3   50   16    200    0    696    868    735    219   0.9438    0.056
P-n50-k10 	BT-3   50   16    200    1    696    868    742    195   0.8277    0.066
P-n50-k10 	BT-3   50    8    100    0    696    708    708     75 -424.2691    0.017
P-n50-k10 	BT-3   50    8    100    1    696    708    708     66 -424.3143    0.017
P-n50-k10 	BT-3   50   25    100    0    696    708    708     70 -1272.8762    0.017
P-n50-k10 	BT-3   50   25    100    1    696    708    708     64 -1272.9067    0.017
P-n50-k10 	BT-3   50   16    200    0    696    868    738    213   0.8948    0.060
P-n50-k10 	BT-3   50   16    200    1    696    868    742    196   0.8290    0.066
P-n50-k10 	BT-3   50    8    100    0    696    708    708     71 478.0390    0.017
P-n50-k10 	BT-3   50    8    100    1    696    708    708     69 478.0198    0.017
P-n50-k10 	BT-3   50   25    100    0    696    708    708     67 1434.0757    0.017
P-n50-k10 	BT-3   50   25    100    1    696    708    708     70 1434.0874    0.017
P-n50-k10 	BT-3   50   16    200    0    696    868    737    306   1.2691    0.059
P-n50-k10 	BT-3   50   16    200    1    696    868    742    219   0.9281    0.066
P-n50-k10 	BT-3   50    8    100    0    696    708    708     70   9.4819    0.017
P-n50-k10 	BT-3   50    8    100    1    696    708    708     67   9.4664    0.017
P-n50-k10 	BT-3   50   25    100    0    696    708    708     76  28.4618    0.017
P-n50-k10 	BT-3   50   25    100    1    696    708    708     73  28.4408    0.017
P-n50-k10 	BT-3   50   16    200    0    696    868    745    175   0.7269    0.070
P-n50-k10 	BT-3   50   16    200    1    696    868    729    295   1.3353    0.047
P-n50-k10 	BT-3   50    8    100    0    696    708    708     75  87.4219    0.017
P-n50-k10 	BT-3   50    8    100    1    696    708    708     75  87.4170    0.017
P-n50-k10 	BT-3   50   25    100    0    696    708    708     73 262.2488    0.017
P-n50-k10 	BT-3   50   25    100    1    696    708    708     65 262.2077    0.017
P-n50-k10 	BT-3   50   16    200    0    696    868    737    217   0.8978    0.059
P-n50-k10 	BT-3   50   16    200    1    696    868    742    260   1.1124    0.066
P-n50-k10 	BT-3   50    8    100    0    696    708    708     72 788.7135    0.017
P-n50-k10 	BT-3   50    8    100    1    696    708    708     68 788.6892    0.017
P-n50-k10 	BT-3   50   25    100    0    696    708    708     71 -1928.8551    0.017
P-n50-k10 	BT-3   50   25    100    1    696    708    708     64 -1928.8927    0.017
P-n50-k10 	BT-3   50   16    200    0    696    868    736    199   0.8376    0.057
P-n50-k10 	BT-3   50   16    200    1    696    868    723    251   1.0840    0.039
P-n50-k10 	BT-3   50    8    100    0    696    708    708     75 -1489.7020    0.017
P-n50-k10 	BT-3   50    8    100    1    696    708    708     66 -1489.7416    0.017
P-n50-k10 	BT-3   50   25    100    0    696    708    708     75 -174.1762    0.017
P-n50-k10 	BT-3   50   25    100    1    696    708    708     71 -174.1939    0.017
P-n50-k10 	BT-3   50   16    200    0    696    868    729    323   1.3751    0.047
P-n50-k10 	BT-3   50   16    200    1    696    868    760    179   0.7696    0.092
P-n50-k10 	BT-3   50    8    100    0    696    708    708     68 -520.4320    0.017
P-n50-k10 	BT-3   50    8    100    1    696    708    708     71 -520.4210    0.017
P-n50-k10 	BT-3   50   25    100    0    696    708    708     72 -1561.2700    0.017
P-n50-k10 	BT-3   50   25    100    1    696    708    708     68 -1561.2900    0.017
P-n50-k10 	BT-3   50   16    200    0    696    868    738    244   1.0179    0.060
P-n50-k10 	BT-3   50   16    200    1    696    868    729    374   1.7156    0.047
P-n50-k10 	BT-3   50    8    100    0    696    708    708     66 -386.1510    0.017
P-n50-k10 	BT-3   50    8    100    1    696    708    708     66 -386.1570    0.017
P-n50-k10 	BT-3   50   25    100    0    696    708    708     72 -1158.4181    0.017
P-n50-k10 	BT-3   50   25    100    1    696    708    708     70 -1158.4492    0.017
P-n50-k10 	BT-3   50   16    200    0    696    868    735    343   1.4703    0.056
P-n50-k10 	BT-3   50   16    200    1    696    868    743    207   0.8778    0.068
P-n50-k10 	BT-3   50    8    100    0    696    708    708     76 822.0377    0.017
P-n50-k10 	BT-3   50    8    100    1    696    708    708     69 821.9980    0.017
P-n50-k10 	BT-3   50   25    100    0    696    708    708     71 -1828.9209    0.017
P-n50-k10 	BT-3   50   25    100    1    696    708    708     65 -1828.9320    0.017
P-n50-k10 	BT-3   50   16    200    0    696    868    734    283   1.1995    0.055
P-n50-k10 	BT-3   50   16    200    1    696    868    742    258   1.1179    0.066
P-n50-k10 	BT-3   50    8    100    0    696    708    708     70 -1189.4927    0.017
P-n50-k10 	BT-3   50    8    100    1    696    708    708     71 -1189.4934    0.017
P-n50-k10 	BT-3   50   25    100    0    696    708    708     72 726.4890    0.017
P-n50-k10 	BT-3   50   25    100    1    696    708    708     68 726.4728    0.017
P-n50-k10 	BT-3   50   16    200    0    696    868    727    376   1.6319    0.045
P-n50-k10 	BT-3   50   16    200    1    696    868    735    299   1.2961    0.056
P-n50-k10 	BT-3   50    8    100    0    696    708    708     66 -2112.6096    0.017
P-n50-k10 	BT-3   50    8    100    1    696    708    708     73 -2112.5811    0.017
P-n50-k10 	BT-3   50   25    100    0    696    708    708     69 -2042.8173    0.017
P-n50-k10 	BT-3   50   25    100    1    696    708    708     71 -2042.8177    0.017
P-n50-k10 	BT-3   50   16    200    0    696    868    741    309   1.3010    0.065
P-n50-k10 	BT-3   50   16    200    1    696    868    729    204   0.9087    0.047
P-n50-k10 	BT-3   50    8    100    0    696    708    708     71 -1831.2681    0.017
P-n50-k10 	BT-3   50    8    100    1    696    708    708     71 -1831.2739    0.017
P-n50-k10 	BT-3   50   25    100    0    696    708    708     72 -1198.8411    0.017
P-n50-k10 	BT-3   50   25    100    1    696    708    708     67 -1198.8663    0.017
P-n50-k10 	BT-3   50   16    200    0    696    868    745    177   0.7280    0.070
P-n50-k10 	BT-3   50   16    200    1    696    868    743    302   1.2940    0.068
P-n50-k10 	BT-3   50    8    100    0    696    708    708     70 700.4366    0.017
P-n50-k10 	BT-3   50    8    100    1    696    708    708     69 700.4271    0.017
P-n50-k10 	BT-3   50   25    100    0    696    708    708     72 2101.3091    0.017
P-n50-k10 	BT-3   50   25    100    1    696    708    708     71 2101.2966    0.017
P-n50-k10 	BT-3   50   16    200    0    696    868    734    400   1.6922    0.055
P-n50-k10 	BT-3   50   16    200    1    696    868    730    232   0.9932    0.049
P-n50-k10 	BT-3   50    8    100    0    696    708    708     69 2011.6141    0.017
P-n50-k10 	BT-3   50    8    100    1    696    708    708     72 2011.6266    0.017
P-n50-k10 	BT-3   50   25    100    0    696    708    708     70 1739.9113    0.017
P-n50-k10 	BT-3   50   25    100    1    696    708    708     65 1739.8673    0.017
P-n50-k10 	BT-3   50   16    200    0    696    868    735    280   1.1645    0.056
P-n50-k10 	BT-3   50   16    200    1    696    868    727    317   1.4345    0.045
P-n50-k10 	BT-3   50    8    100    0    696    708    708     68 927.3011    0.017
P-n50-k10 	BT-3   50    8    100    1    696    708    708     70 927.2988    0.017
P-n50-k10 	BT-3   50   25    100    0    696    708    708     72 -1513.0560    0.017
P-n50-k10 	BT-3   50   25    100    1    696    708    708     69 -1513.0728    0.017
P-n50-k10 	BT-3   50   16    200    0    696    868    736    197   0.8176    0.057
P-n50-k10 	BT-3   50   16    200    1    696    868    743    246   1.0427    0.068
P-n50-k10 	BT-3   50    8    100    0    696    708    708     70 -242.3628    0.017
P-n50-k10 	BT-3   50    8    100    1    696    708    708     71 -242.3616    0.017
P-n50-k10 	BT-3   50   25    100    0    696    708    708     68 -727.0952    0.017
P-n50-k10 	BT-3   50   25    100    1    696    708    708     68 -727.1006    0.017
P-n50-k10 	BT-3   50   16    200    0    696    868    735    359   1.4849    0.056
P-n50-k10 	BT-3   50   16    200    1    696    868    736    266   1.1771    0.057
P-n50-k10 	BT-3   50    8    100    0    696    708    708     69 2116.3372    0.017
P-n50-k10 	BT-3   50    8    100    1    696    708    708     71 2116.3459    0.017
P-n50-k10 	BT-3   50   25    100    0    696    708    708     65 2054.0559    0.017
P-n50-k10 	BT-3   50   25    100    1    696    708    708     72 2054.0693    0.017
P-n50-k10 	BT-3   50   16    200    0    696    868    733    337   1.4109    0.053
P-n50-k10 	BT-3   50   16    200    1    696    868    752    198   0.8977    0.080
P-n50-k10 	BT-3   50    8    100    0    696    708    708     68 1869.5184    0.017
P-n50-k10 	BT-3   50    8    100    1    696    708    708     76 1869.5537    0.017
P-n50-k10 	BT-3   50   25    100    0    696    708    708     70 1313.6385    0.017
P-n50-k10 	BT-3   50   25    100    1    696    708    708     72 1313.6349    0.017
P-n50-k10 	BT-3   50   16    200    0    696    868    736    244   1.0217    0.057
P-n50-k10 	BT-3   50   16    200    1    696    868    711    486   2.0695    0.022
P-n50-k10 	BT-3   50    8    100    0    696    708    708     70 -350.9670    0.017
P-n50-k10 	BT-3   50    8    100    1    696    708    708     69 -350.9778    0.017
P-n50-k10 	BT-3   50   25    100    0    696    708    708     69 -1052.9158    0.017
P-n50-k10 	BT-3   50   25    100    1    696    708    708     71 -1052.9161    0.017
P-n50-k10 	BT-3   50   16    200    0    696    868    733    438   1.8691    0.053
P-n50-k10 	BT-3   50   16    200    1    696    868    712    367   1.5537    0.023
P-n50-k10 	BT-3   50    8    100    0    696    708    708     73 1139.6593    0.017
P-n50-k10 	BT-3   50    8    100    1    696    708    708     73 1139.6537    0.017
P-n50-k10 	BT-3   50   25    100    0    696    708    708     68 -876.0222    0.017
P-n50-k10 	BT-3   50   25    100    1    696    708    708     70 -876.0153    0.017
P-n50-k10 	BT-3   50   16    200    0    696    868    735    214   0.8952    0.056
P-n50-k10 	BT-3   50   16    200    1    696    868    714    284   1.2236    0.026
P-n50-k10 	BT-3   50    8    100    0    696    708    708     73 1669.0555    0.017
P-n50-k10 	BT-3   50    8    100    1    696    708    708     70 1669.0341    0.017
P-n50-k10 	BT-3   50   25    100    0    696    708    708     67 712.1499    0.017
P-n50-k10 	BT-3   50   25    100    1    696    708    708     63 712.1249    0.017
P-n50-k10 	BT-3   50   16    200    0    696    868    716    530   2.2771    0.029
P-n50-k10 	BT-3   50   16    200    1    696    868    742    227   0.9597    0.066
P-n50-k10 	BT-3   50    8    100    0    696    708    708     68 2139.6582    0.017
P-n50-k10 	BT-3   50    8    100    1    696    708    708     66 2139.6482    0.017
P-n50-k10 	BT-3   50   25    100    0    696    708    708     71 2124.0137    0.017
P-n50-k10 	BT-3   50   25    100    1    696    708    708     67 2123.9917    0.017
P-n50-k10 	BT-3   50   16    200    0    696    868    736    199   0.8199    0.057
P-n50-k10 	BT-3   50   16    200    1    696    868    743    441   1.8787    0.068
P-n50-k10 	BT-3   50    8    100    0    696    708    708     69 2079.7427    0.017
P-n50-k10 	BT-3   50    8    100    1    696    708    708     72 2079.7529    0.017
P-n50-k10 	BT-3   50   25    100    0    696    708    708     73 1944.2930    0.017
P-n50-k10 	BT-3   50   25    100    1    696    708    708     67 1944.2592    0.017
P-n50-k10 	BT-3   50   16    200    0    696    868    745    173   0.7218    0.070
P-n50-k10 	BT-3   50   16    200    1    696    868    723    303   1.2871    0.039
P-n50-k10 	BT-3   50    8    100    0    696    708    708     72 1539.8802    0.017
P-n50-k10 	BT-3   50    8    100    1    696    708    708     69 1539.8651    0.017
P-n50-k10 	BT-3   50   25    100    0    696    708    708     70 324.6457    0.017
P-n50-k10 	BT-3   50   25    100    1    696    708    708     70 324.6549    0.017
P-n50-k10 	BT-3   50   16    200    0    696    868    727    339   1.3880    0.045
P-n50-k10 	BT-3   50   16    200    1    696    868    724    218   0.9270    0.040
P-n50-k10 	BT-3   50    8    100    0    696    708    708     69 976.2693    0.017
P-n50-k10 	BT-3   50    8    100    1    696    708    708     74 976.2753    0.017
P-n50-k10 	BT-3   50   25    100    0    696    708    708     71 -1366.1571    0.017
P-n50-k10 	BT-3   50   25    100    1    696    708    708     71 -1366.1587    0.017
P-n50-k10 	BT-3   50   16    200    0    696    868    705    401   1.7155    0.013
P-n50-k10 	BT-3   50   16    200    1    696    868    725    406   1.7101    0.042
P-n50-k10 	BT-3   50    8    100    0    696    705    705     72 199.9284    0.013
P-n50-k10 	BT-3   50    8    100    1    696    705    705     69 199.9126    0.013
P-n50-k10 	BT-3   50   25    100    0    696    705    705     74 599.7776    0.013
P-n50-k10 	BT-3   50   25    100    1    696    705    705     70 599.7576    0.013
P-n50-k10 	BT-3   50   16    200    0    696    868    745    178   0.7401    0.070
P-n50-k10 	BT-3   50   16    200    1    696    868    719    354   1.5142    0.033
P-n50-k10 	BT-3   50    8    100    0    696    705    705     71 1801.5535    0.013
P-n50-k10 	BT-3   50    8    100    1    696    705    705     69 1801.5420    0.013
P-n50-k10 	BT-3   50   25    100    0    696    705    705     71 1109.6830    0.013
P-n50-k10 	BT-3   50   25    100    1    696    705    705     67 1109.6630    0.013
P-n50-k10 	BT-3   50   16    200    0    696    868    733    213   0.8859    0.053
P-n50-k10 	BT-3   50   16    200    1    696    868    751    283   1.2132    0.079
P-n50-k10 	BT-3   50    8    100    0    696    705    705     65 -963.8680    0.013
P-n50-k10 	BT-3   50    8    100    1    696    705    705     74 -963.8308    0.013
P-n50-k10 	BT-3   50   25    100    0    696    705    705     69 1403.4174    0.013
P-n50-k10 	BT-3   50   25    100    1    696    705    705     64 1403.3961    0.013
P-n50-k10 	BT-3   50   16    200    0    696    868    726    555   2.3659    0.043
P-n50-k10 	BT-3   50   16    200    1    696    868    745    213   0.9741    0.070
P-n50-k10 	BT-3   50    8    100    0    696    705    705     69 -81.3943    0.013
P-n50-k10 	BT-3   50    8    100    1    696    705    705     70 -81.3931    0.013
P-n50-k10 	BT-3   50   25    100    0    696    705    705     68 -244.1884    0.013
P-n50-k10 	BT-3   50   25    100    1    696    705    705     67 -244.1924    0.013
P-n50-k10 	BT-3   50   16    200    0    696    868    739    225   0.9513    0.062
P-n50-k10 	BT-3   50   16    200    1    696    868    746    263   1.1149    0.072
P-n50-k10 	BT-3   50    8    100    0    696    705    705     67 -730.5053    0.013
P-n50-k10 	BT-3   50    8    100    1    696    705    705     74 -730.4772    0.013
P-n50-k10 	BT-3   50   25    100    0    696    705    705     69 2103.4871    0.013
P-n50-k10 	BT-3   50   25    100    1    696    705    705     73 2103.5046    0.013
P-n50-k10 	BT-3   50   16    200    0    696    868    745    181   0.7464    0.070
P-n50-k10 	BT-3   50   16    200    1    696    868    760    169   0.7302    0.092
P-n50-k10 	BT-3   50    8    100    0    696    705    705     72 2017.0027    0.013
P-n50-k10 	BT-3   50    8    100    1    696    705    705     71 2016.9976    0.013
P-n50-k10 	BT-3   50   25    100    0    696    705    705     67 1756.0131    0.013
P-n50-k10 	BT-3   50   25    100    1    696    705    705     69 1756.0203    0.013
P-n50-k10 	BT-3   50   16    200    0    696    868    745    176   0.7273    0.070
P-n50-k10 	BT-3   50   16    200    1    696    868    739    215   0.9814    0.062
P-n50-k10 	BT-3   50    8    100    0    696    705    705     65 974.7781    0.013
P-n50-k10 	BT-3   50    8    100    1    696    705    705     69 974.7946    0.013
P-n50-k10 	BT-3   50   25    100    0    696    705    705     73 -1370.5818    0.013
P-n50-k10 	BT-3   50   25    100    1    696    705    705     70 -1370.5929    0.013
P-n50-k10 	BT-3   50   16    200    0    696    868    745    174   0.7108    0.070
P-n50-k10 	BT-3   50   16    200    1    696    868    760    173   0.7644    0.092
P-n50-k10 	BT-3   50    8    100    0    696    705    705     69 184.6697    0.013
P-n50-k10 	BT-3   50    8    100    1    696    705    705     65 184.6507    0.013
P-n50-k10 	BT-3   50   25    100    0    696    705    705     70 553.9949    0.013
P-n50-k10 	BT-3   50   25    100    1    696    705    705     70 553.9926    0.013
P-n50-k10 	BT-3   50   16    200    0    696    868    745    173   0.7134    0.070
P-n50-k10 	BT-3   50   16    200    1    696    868    742    194   0.8198    0.066
P-n50-k10 	BT-3   50    8    100    0    696    705    705     67 1663.5020    0.013
P-n50-k10 	BT-3   50    8    100    1    696    705    705     71 1663.5168    0.013
P-n50-k10 	BT-3   50   25    100    0    696    705    705     75 695.5876    0.013
P-n50-k10 	BT-3   50   25    100    1    696    705    705     65 695.5428    0.013
P-n50-k10 	BT-3   50   16    200    0    696    868    737    250   1.0507    0.059
P-n50-k10 	BT-3   50   16    200    1    696    868    742    256   1.0835    0.066
P-n50-k10 	BT-3   50    8    100    0    696    705    705     74 2088.8499    0.013
P-n50-k10 	BT-3   50    8    100    1    696    705    705     67 2088.8171    0.013
P-n50-k10 	BT-3   50   25    100    0    696    705    705     76 1971.5560    0.013
P-n50-k10 	BT-3   50   25    100    1    696    705    705     65 1971.5094    0.013
P-n50-k10 	BT-3   50   16    200    0    696    868    725    265   1.1156    0.042
P-n50-k10 	BT-3   50   16    200    1    696    868    724    332   1.5010    0.040
P-n50-k10 	BT-3   50    8    100    0    696    705    705     65 1622.2288    0.013
P-n50-k10 	BT-3   50    8    100    1    696    705    705     73 1622.2645    0.013
P-n50-k10 	BT-3   50   25    100    0    696    705    705     72 571.7811    0.013
P-n50-k10 	BT-3   50   25    100    1    696    705    705     68 571.7612    0.013
P-n50-k10 	BT-3   50   16    200    0    696    868    738    229   0.9681    0.060
P-n50-k10 	BT-3   50   16    200    1    696    868    742    300   1.3201    0.066
P-n50-k10 	BT-3   50    8    100    0    696    705    705     67 1717.5923    0.013
P-n50-k10 	BT-3   50    8    100    1    696    705    705     75 1717.6223    0.013
P-n50-k10 	BT-3   50   25    100    0    696    705    705     68 857.8452    0.013
P-n50-k10 	BT-3   50   25    100    1    696    705    705     66 857.8324    0.013
P-n50-k10 	BT-3   50   16    200    0    696    868    745    176   0.7390    0.070
P-n50-k10 	BT-3   50   16    200    1    696    868    730    349   1.6329    0.049
P-n50-k10 	BT-3   50    8    100    0    696    705    705     69 -1719.0680    0.013
P-n50-k10 	BT-3   50    8    100    1    696    705    705     71 -1719.0669    0.013
P-n50-k10 	BT-3   50   25    100    0    696    705    705     67 -862.2496    0.013
P-n50-k10 	BT-3   50   25    100    1    696    705    705     70 -862.2379    0.013
P-n50-k10 	BT-3   50   16    200    0    696    868    727    307   1.3270    0.045
P-n50-k10 	BT-3   50   16    200    1    696    868    743    319   1.4059    0.068
P-n50-k10 	BT-3   50    8    100    0    696    705    705     67 1710.9630    0.013
P-n50-k10 	BT-3   50    8    100    1    696    705    705     64 1710.9489    0.013
P-n50-k10 	BT-3   50   25    100    0    696    705    705     70 837.9190    0.013
P-n50-k10 	BT-3   50   25    100    1    696    705    705     69 837.9153    0.013
P-n50-k10 	BT-3   50   16    200    0    696    868    736    224   0.9582    0.057
P-n50-k10 	BT-3   50   16    200    1    696    868    717    297   1.2876    0.030
P-n50-k10 	BT-3   50    8    100    0    696    705    705     74 -1778.9470    0.013
P-n50-k10 	BT-3   50    8    100    1    696    705    705     72 -1778.9586    0.013
P-n50-k10 	BT-3   50   25    100    0    696    705    705     70 -1041.9054    0.013
P-n50-k10 	BT-3   50   25    100    1    696    705    705     71 -1041.9023    0.013
P-n50-k10 	BT-3   50   16    200    0    696    868    742    233   0.9578    0.066
P-n50-k10 	BT-3   50   16    200    1    696    868    707    419   1.7936    0.016
P-n50-k10 	BT-3   50    8    100    0    696    705    705     72 1172.0144    0.013
P-n50-k10 	BT-3   50    8    100    1    696    705    705     65 1171.9849    0.013
P-n50-k10 	BT-3   50   25    100    0    696    705    705     69 -778.9573    0.013
P-n50-k10 	BT-3   50   25    100    1    696    705    705     67 -778.9653    0.013
P-n50-k10 	BT-3   50   16    200    0    696    868    717    495   2.1065    0.030
P-n50-k10 	BT-3   50   16    200    1    696    868    742    222   0.9478    0.066
P-n50-k10 	BT-3   50    8    100    0    696    705    705     73 1961.1547    0.013
P-n50-k10 	BT-3   50    8    100    1    696    705    705     73 1961.1521    0.013
P-n50-k10 	BT-3   50   25    100    0    696    705    705     68 1588.4700    0.013
P-n50-k10 	BT-3   50   25    100    1    696    705    705     68 1588.4675    0.013
P-n50-k10 	BT-3   50   16    200    0    696    868    737    234   1.0223    0.059
P-n50-k10 	BT-3   50   16    200    1    696    868    751    330   1.4407    0.079
P-n50-k10 	BT-3   50    8    100    0    696    705    705     73 472.9222    0.013
P-n50-k10 	BT-3   50    8    100    1    696    705    705     70 472.9084    0.013
P-n50-k10 	BT-3   50   25    100    0    696    705    705     65 1418.7181    0.013
P-n50-k10 	BT-3   50   25    100    1    696    705    705     73 1418.7548    0.013
P-n50-k10 	BT-3   50   16    200    0    696    868    735    249   1.0359    0.056
P-n50-k10 	BT-3   50   16    200    1    696    868    742    227   0.9546    0.066
P-n50-k10 	BT-3   50    8    100    0    696    705    705     68 -36.7635    0.013
P-n50-k10 	BT-3   50    8    100    1    696    705    705     72 -36.7470    0.013
P-n50-k10 	BT-3   50   25    100    0    696    705    705     67 -110.2868    0.013
P-n50-k10 	BT-3   50   25    100    1    696    705    705     73 -110.2596    0.013
P-n50-k10 	BT-3   50   16    200    0    696    868    727    372   1.5758    0.045
P-n50-k10 	BT-3   50   16    200    1    696    868    771    171   0.7194    0.108
P-n50-k10 	BT-3   50    8    100    0    696    705    705     72 -328.5164    0.013
P-n50-k10 	BT-3   50    8    100    1    696    705    705     70 -328.5263    0.013
P-n50-k10 	BT-3   50   25    100    0    696    705    705     68 -985.5692    0.013
P-n50-k10 	BT-3   50   25    100    1    696    705    705     72 -985.5508    0.013
P-n50-k10 	BT-3   50   16    200    0    696    868    724    581   2.4509    0.040
P-n50-k10 	BT-3   50   16    200    1    696    868    746    235   1.0899    0.072
P-n50-k10 	BT-3   50    8    100    0    696    705    705     76 1341.8483    0.013
P-n50-k10 	BT-3   50    8    100    1    696    705    705     61 1341.7797    0.013
P-n50-k10 	BT-3   50   25    100    0    696    705    705     68 -269.5276    0.013
P-n50-k10 	BT-3   50   25    100    1    696    705    705     71 -269.5137    0.013
P-n50-k10 	BT-3   50   16    200    0    696    868    738    231   0.9729    0.060
P-n50-k10 	BT-3   50   16    200    1    696    868    709    353   1.6081    0.019
P-n50-k10 	BT-3   50    8    100    0    696    705    705     71 -805.9704    0.013
P-n50-k10 	BT-3   50    8    100    1    696    705    705     72 -805.9720    0.013
P-n50-k10 	BT-3   50   25    100    0    696    705    705     68 1877.0360    0.013
P-n50-k10 	BT-3   50   25    100    1    696    705    705     66 1877.0284    0.013
P-n50-k10 	BT-3   50   16    200    0    696    868    731    205   0.8442    0.050
P-n50-k10 	BT-3   50   16    200    1    696    868    742    197   0.8292    0.066
P-n50-k10 	BT-3   50    8    100    0    696    705    705     72 1337.8352    0.013
P-n50-k10 	BT-3   50    8    100    1    696    705    705     67 1337.8118    0.013
P-n50-k10 	BT-3   50   25    100    0    696    705    705     69 -281.5084    0.013
P-n50-k10 	BT-3   50   25    100    1    696    705    705     75 -281.4836    0.013
P-n50-k10 	BT-3   50   16    200    0    696    868    736    477   2.0298    0.057
P-n50-k10 	BT-3   50   16    200    1    696    868    729    495   2.1132    0.047
P-n50-k10 	BT-3   50    8    100    0    696    705    705     73 -840.3398    0.013
P-n50-k10 	BT-3   50    8    100    1    696    705    705     76 -840.3285    0.013
P-n50-k10 	BT-3   50   25    100    0    696    705    705     70 1773.9470    0.013
P-n50-k10 	BT-3   50   25    100    1    696    705    705     74 1773.9624    0.013
P-n50-k10 	BT-3   50   16    200    0    696    868    735    221   0.9341    0.056
P-n50-k10 	BT-3   50   16    200    1    696    868    721    434   1.9239    0.036
P-n50-k10 	BT-3   50    8    100    0    696    705    705     70 1029.7463    0.013
P-n50-k10 	BT-3   50    8    100    1    696    705    705     63 1029.7135    0.013
P-n50-k10 	BT-3   50   25    100    0    696    705    705     71 -1205.7554    0.013
P-n50-k10 	BT-3   50   25    100    1    696    705    705     72 -1205.7529    0.013
P-n50-k10 	BT-3   50   16    200    0    696    868    745    176   0.7239    0.070
P-n50-k10 	BT-3   50   16    200    1    696    868    729    237   1.0636    0.047
P-n50-k10 	BT-3   50    8    100    0    696    705    705     72 679.4976    0.013
P-n50-k10 	BT-3   50    8    100    1    696    705    705     70 679.4827    0.013
P-n50-k10 	BT-3   50   25    100    0    696    705    705     74 2038.4851    0.013
P-n50-k10 	BT-3   50   25    100    1    696    705    705     71 2038.4689    0.013
P-n50-k10 	BT-3   50   16    200    0    696    868    736    226   0.9352    0.057
P-n50-k10 	BT-3   50   16    200    1    696    868    736    219   0.9580    0.057
P-n50-k10 	BT-3   50    8    100    0    696    705    705     71 1822.3486    0.013
P-n50-k10 	BT-3   50    8    100    1    696    705    705     64 1822.3182    0.013
P-n50-k10 	BT-3   50   25    100    0    696    705    705     67 1172.0308    0.013
P-n50-k10 	BT-3   50   25    100    1    696    705    705     68 1172.0366    0.013
P-n50-k10 	BT-3   50   16    200    0    696    868    743    171   0.7302    0.068
P-n50-k10 	BT-3   50   16    200    1    696    868    742    291   1.2917    0.066
P-n50-k10 	BT-3   50    8    100    0    696    705    705     75 -776.8120    0.013
P-n50-k10 	BT-3   50    8    100    1    696    705    705     70 -776.8344    0.013
P-n50-k10 	BT-3   50   25    100    0    696    705    705     70 1964.4872    0.013
P-n50-k10 	BT-3   50   25    100    1    696    705    705     71 1964.4923    0.013
P-n50-k10 	BT-3   50   16    200    0    696    868    737    233   0.9610    0.059
P-n50-k10 	BT-3   50   16    200    1    696    868    756    247   1.1309    0.086
P-n50-k10 	BT-3   50    8    100    0    696    705    705     71 1600.5978    0.013
P-n50-k10 	BT-3   50    8    100    1    696    705    705     68 1600.5813    0.013
P-n50-k10 	BT-3   50   25    100    0    696    705    705     68 506.7949    0.013
P-n50-k10 	BT-3   50   25    100    1    696    705    705     73 506.8156    0.013
P-n50-k10 	BT-3   50   16    200    0    696    868    741    275   1.1890    0.065
P-n50-k10 	BT-3   50   16    200    1    696    868    727    248   1.0894    0.045
P-n50-k10 	BT-3   50    8    100    0    696    705    705     65 1522.6726    0.013
P-n50-k10 	BT-3   50    8    100    1    696    705    705     71 1522.6952    0.013
P-n50-k10 	BT-3   50   25    100    0    696    705    705     73 273.1048    0.013
P-n50-k10 	BT-3   50   25    100    1    696    705    705     74 273.1141    0.013
P-n50-k10 	BT-3   50   16    200    0    696    868    735    295   1.3321    0.056
P-n50-k10 	BT-3   50   16    200    1    696    868    718    493   2.2036    0.032
P-n50-k10 	BT-3   50    8    100    0    696    705    705     68 822.8398    0.013
P-n50-k10 	BT-3   50    8    100    1    696    705    705     75 822.8694    0.013
P-n50-k10 	BT-3   50   25    100    0    696    705    705     74 -1826.3844    0.013
P-n50-k10 	BT-3   50   25    100    1    696    705    705     66 -1826.4196    0.013
P-n50-k10 	BT-3   50   16    200    0    696    868    742    328   1.3997    0.066
P-n50-k10 	BT-3   50   16    200    1    696    868    739    357   1.6227    0.062
P-n50-k10 	BT-3   50    8    100    0    696    705    705     68 -1181.2336    0.013
P-n50-k10 	BT-3   50    8    100    1    696    705    705     73 -1181.2122    0.013
P-n50-k10 	BT-3   50   25    100    0    696    705    705     76 751.3303    0.013
P-n50-k10 	BT-3   50   25    100    1    696    705    705     67 751.2836    0.013
P-n50-k10 	BT-3   50   16    200    0    696    868    745    178   0.7246    0.070
P-n50-k10 	BT-3   50   16    200    1    696    868    742    245   1.0616    0.066
P-n50-k10 	BT-3   50    8    100    0    696    705    705     68 -2039.2780    0.013
P-n50-k10 	BT-3   50    8    100    1    696    705    705     67 -2039.2863    0.013
P-n50-k10 	BT-3   50   25    100    0    696    705    705     70 -1822.8689    0.013
P-n50-k10 	BT-3   50   25    100    1    696    705    705     70 -1822.8654    0.013
P-n50-k10 	BT-3   50   16    200    0    696    868    738    275   1.1761    0.060
P-n50-k10 	BT-3   50   16    200    1    696    868    742    194   0.8186    0.066
P-n50-k10 	BT-3   50    8    100    0    696    705    705     71 -1171.6326    0.013
P-n50-k10 	BT-3   50    8    100    1    696    705    705     70 -1171.6412    0.013
P-n50-k10 	BT-3   50   25    100    0    696    705    705     67 780.0487    0.013
P-n50-k10 	BT-3   50   25    100    1    696    705    705     67 780.0486    0.013
P-n50-k10 	BT-3   50   16    200    0    696    868    736    219   0.9076    0.057
P-n50-k10 	BT-3   50   16    200    1    696    868    731    271   1.1888    0.050
P-n50-k10 	BT-3   50    8    100    0    696    705    705     69 -1952.7246    0.013
P-n50-k10 	BT-3   50    8    100    1    696    705    705     66 -1952.7378    0.013
P-n50-k10 	BT-3   50   25    100    0    696    705    705     68 -1563.2156    0.013
P-n50-k10 	BT-3   50   25    100    1    696    705    705     69 -1563.2100    0.013
P-n50-k10 	BT-3   50   16    200    0    696    868    735    280   1.1994    0.056
P-n50-k10 	BT-3   50   16    200    1    696    868    728    355   1.5191    0.046
P-n50-k10 	BT-3   50    8    100    0    696    705    705     74 -391.9366    0.013
P-n50-k10 	BT-3   50    8    100    1    696    705    705     73 -391.9433    0.013
P-n50-k10 	BT-3   50   25    100    0    696    705    705     71 -1175.8302    0.013
P-n50-k10 	BT-3   50   25    100    1    696    705    705     74 -1175.8171    0.013
P-n50-k10 	BT-3   50   16    200    0    696    868    741    314   1.3258    0.065
P-n50-k10 	BT-3   50   16    200    1    696    868    717    344   1.5154    0.030
P-n50-k10 	BT-3   50    8    100    0    696    705    705     71 770.3320    0.013
P-n50-k10 	BT-3   50    8    100    1    696    705    705     69 770.3203    0.013
P-n50-k10 	BT-3   50   25    100    0    696    705    705     67 -1984.0011    0.013
P-n50-k10 	BT-3   50   25    100    1    696    705    705     68 -1983.9958    0.013
P-n50-k10 	BT-3   50   16    200    0    696    868    735    302   1.2762    0.056
P-n50-k10 	BT-3   50   16    200    1    696    868    748    194   0.8430    0.075
P-n50-k10 	BT-3   50    8    100    0    696    705    705     65 -1654.9207    0.013
P-n50-k10 	BT-3   50    8    100    1    696    705    705     73 -1654.8856    0.013
P-n50-k10 	BT-3   50   25    100    0    696    705    705     69 -669.7414    0.013
P-n50-k10 	BT-3   50   25    100    1    696    705    705     65 -669.7598    0.013
P-n50-k10 	BT-3   50   16    200    0    696    868    730    419   1.8417    0.049
P-n50-k10 	BT-3   50   16    200    1    696    868    742    202   0.8806    0.066
P-n50-k10 	BT-3   50    8    100    0    696    705    705     69 -2006.5214    0.013
P-n50-k10 	BT-3   50    8    100    1    696    705    705     67 -2006.5132    0.013
P-n50-k10 	BT-3   50   25    100    0    696    705    705     67 -1724.5974    0.013
P-n50-k10 	BT-3   50   25    100    1    696    705    705     68 -1724.5929    0.013
P-n50-k10 	BT-3   50   16    200    0    696    868    741    236   0.9917    0.065
P-n50-k10 	BT-3   50   16    200    1    696    868    745    210   0.9498    0.070
P-n50-k10 	BT-3   50    8    100    0    696    705    705     73 -876.8412    0.013
P-n50-k10 	BT-3   50    8    100    1    696    705    705     72 -876.8465    0.013
P-n50-k10 	BT-3   50   25    100    0    696    705    705     71 1664.4188    0.013
P-n50-k10 	BT-3   50   25    100    1    696    705    705     65 1664.3914    0.013
P-n50-k10 	BT-3   50   16    200    0    696    868    724    282   1.1723    0.040
P-n50-k10 	BT-3   50   16    200    1    696    868    733    300   1.3553    0.053
P-n50-k10 	BT-3   50    8    100    0    696    705    705     66 700.7684    0.013
P-n50-k10 	BT-3   50    8    100    1    696    705    705     70 700.7831    0.013
P-n50-k10 	BT-3   50   25    100    0    696    705    705     70 2102.3445    0.013
P-n50-k10 	BT-3   50   25    100    1    696    705    705     68 2102.3347    0.013
P-n50-k10 	BT-3   50   16    200    0    696    868    736    205   0.8501    0.057
P-n50-k10 	BT-3   50   16    200    1    696    868    760    170   0.7456    0.092
P-n50-k10 	BT-3   50    8    100    0    696    705    705     72 2013.6545    0.013
P-n50-k10 	BT-3   50    8    100    1    696    705    705     72 2013.6514    0.013
P-n50-k10 	BT-3   50   25    100    0    696    705    705     72 1745.9915    0.013
P-n50-k10 	BT-3   50   25    100    1    696    705    705     68 1745.9749    0.013
P-n50-k10 	BT-3   50   16    200    0    696    868    736    245   1.0847    0.057
P-n50-k10 	BT-3   50   16    200    1    696    868    760    178   0.8136    0.092
P-n50-k10 	BT-3   50    8    100    0    696    705    705     73 944.8953    0.013
P-n50-k10 	BT-3   50    8    100    1    696    705    705     71 944.8826    0.013
P-n50-k10 	BT-3   50   25    100    0    696    705    705     66 -1460.3280    0.013
P-n50-k10 	BT-3   50   25    100    1    696    705    705     68 -1460.3185    0.013
P-n50-k10 	BT-3   50   16    200    0    696    868    734    427   1.8131    0.055
P-n50-k10 	BT-3   50   16    200    1    696    868    707    603   2.6283    0.016
P-n50-k10 	BT-3   50    8    100    0    696    705    705     67 -81.5618    0.013
P-n50-k10 	BT-3   50    8    100    1    696    705    705     62 -81.5827    0.013
P-n50-k10 	BT-3   50   25    100    0    696    705    705     72 -244.6832    0.013
P-n50-k10 	BT-3   50   25    100    1    696    705    705     71 -244.6891    0.013
P-n50-k10 	BT-3   50   16    200    0    696    868    737    224   0.9459    0.059
P-n50-k10 	BT-3   50   16    200    1    696    868    706    519   2.2887    0.014
P-n50-k10 	BT-3   50    8    100    0    696    705    705     69 -730.8329    0.013
P-n50-k10 	BT-3   50    8    100    1    696    705    705     66 -730.8491    0.013
P-n50-k10 	BT-3   50   25    100    0    696    705    705     69 2102.4602    0.013
P-n50-k10 	BT-3   50   25    100    1    696    705    705     69 2102.4587    0.013
P-n50-k10 	BT-3   50   16    200    0    696    868    719    251   1.0792    0.033
P-n50-k10 	BT-3   50   16    200    1    696    868    742    191   0.7999    0.066
P-n50-k10 	BT-3   50    8    100    0    696    705    705     72 2014.2980    0.013
P-n50-k10 	BT-3   50    8    100    1    696    705    705     66 2014.2683    0.013
P-n50-k10 	BT-3   50   25    100    0    696    705    705     71 1747.8885    0.013
P-n50-k10 	BT-3   50   25    100    1    696    705    705     68 1747.8759    0.013
P-n50-k10 	BT-3   50   16    200    0    696    868    736    194   0.8124    0.057
P-n50-k10 	BT-3   50   16    200    1    696    868    726    473   2.2248    0.043
P-n50-k10 	BT-3   50    8    100    0    696    705    705     72 951.7275    0.013
P-n50-k10 	BT-3   50    8    100    1    696    705    705     72 951.7273    0.013
P-n50-k10 	BT-3   50   25    100    0    696    705    705     72 -1439.7742    0.013
P-n50-k10 	BT-3   50   25    100    1    696    705    705     74 -1439.7656    0.013
P-n50-k10 	BT-3   50   16    200    0    696    868    725    514   2.1936    0.042
P-n50-k10 	BT-3   50   16    200    1    696    868    736    265   1.2205    0.057
P-n50-k10 	BT-3   50    8    100    0    696    705    705     69 -20.9546    0.013
P-n50-k10 	BT-3   50    8    100    1    696    705    705     70 -20.9541    0.013
P-n50-k10 	BT-3   50   25    100    0    696    705    705     66 -62.8721    0.013
P-n50-k10 	BT-3   50   25    100    1    696    705    705     71 -62.8468    0.013
P-n50-k10 	BT-3   50   16    200    0    696    868    735    196   0.7959    0.056
P-n50-k10 	BT-3   50   16    200    1    696    868    726    243   1.0929    0.043
P-n50-k10 	BT-3   50    8    100    0    696    705    705     67 -186.7027    0.013
P-n50-k10 	BT-3   50    8    100    1    696    705    705     71 -186.6873    0.013
P-n50-k10 	BT-3   50   25    100    0    696    705    705     71 -560.0668    0.013
P-n50-k10 	BT-3   50   25    100    1    696    705    705     74 -560.0550    0.013
P-n50-k10 	BT-3   50   16    200    0    696    868    729    279   1.1913    0.047
P-n50-k10 	BT-3   50   16    200    1    696    868    738    259   1.0904    0.060
P-n50-k10 	BT-3   50    8    100    0    696    705    705     71 -1677.9152    0.013
P-n50-k10 	BT-3   50    8    100    1    696    705    705     71 -1677.9170    0.013
P-n50-k10 	BT-3   50   25    100    0    696    705    705     63 -738.8162    0.013
P-n50-k10 	BT-3   50   25    100    1    696    705    705     68 -738.7913    0.013
P-n50-k10 	BT-3   50   16    200    0    696    868    735    316   1.3242    0.056
P-n50-k10 	BT-3   50   16    200    1    696    868    750    169   0.6947    0.078
P-n50-k10 	BT-3   50    8    100    0    696    705    705     77 2080.6294    0.013
P-n50-k10 	BT-3   50    8    100    1    696    705    705     69 2080.5874    0.013
P-n50-k10 	BT-3   50   25    100    0    696    705    705     68 1946.8422    0.013
P-n50-k10 	BT-3   50   25    100    1    696    705    705     66 1946.8337    0.013
P-n50-k10 	BT-3   50   16    200    0    696    868    736    397   1.6767    0.057
P-n50-k10 	BT-3   50   16    200    1    696    868    742    259   1.1056    0.066
P-n50-k10 	BT-3   50    8    100    0    696    705    705     73 1548.3472    0.013
P-n50-k10 	BT-3   50    8    100    1    696    705    705     73 1548.3450    0.013
P-n50-k10 	BT-3   50   25    100    0    696    705    705     72 350.0669    0.013
P-n50-k10 	BT-3   50   25    100    1    696    705    705     71 350.0620    0.013
P-n50-k10 	BT-3   50   16    200    0    696    868    735    210   0.8952    0.056
P-n50-k10 	BT-3   50   16    200    1    696    868    707    302   1.3103    0.016
P-n50-k10 	BT-3   50    8    100    0    696    705    705     71 1052.3966    0.013
P-n50-k10 	BT-3   50    8    100    1    696    705    705     71 1052.3960    0.013
P-n50-k10 	BT-3   50   25    100    0    696    705    705     64 -1137.7983    0.013
P-n50-k10 	BT-3   50   25    100    1    696    705    705     64 -1137.8007    0.013
P-n50-k10 	BT-3   50   16    200    0    696    868    738    227   0.9255    0.060
P-n50-k10 	BT-3   50   16    200    1    696    868    742    228   0.9624    0.066
P-n50-k10 	BT-3   50    8    100    0    696    705    705     68 883.4667    0.013
P-n50-k10 	BT-3   50    8    100    1    696    705    705     68 883.4638    0.013
P-n50-k10 	BT-3   50   25    100    0    696    705    705     68 -1644.5710    0.013
P-n50-k10 	BT-3   50   25    100    1    696    705    705     67 -1644.5757    0.013
P-n50-k10 	BT-3   50   16    200    0    696    868    735    207   0.8462    0.056
P-n50-k10 	BT-3   50   16    200    1    696    868    748    198   0.8590    0.075
P-n50-k10 	BT-3   50    8    100    0    696    705    705     71 -637.0316    0.013
P-n50-k10 	BT-3   50    8    100    1    696    705    705     64 -637.0634    0.013
P-n50-k10 	BT-3   50   25    100    0    696    705    705     69 -1911.1270    0.013
P-n50-k10 	BT-3   50   25    100    1    696    705    705     70 -1911.1227    0.013
P-n50-k10 	BT-3   50   16    200    0    696    868    724    382   1.6216    0.040
P-n50-k10 	BT-3   50   16    200    1    696    868    731    253   1.1173    0.050
P-n50-k10 	BT-3   50    8    100    0    696    705    705     67 -1435.6870    0.013
P-n50-k10 	BT-3   50    8    100    1    696    705    705     70 -1435.6760    0.013
P-n50-k10 	BT-3   50   25    100    0    696    705    705     68 -12.0797    0.013
P-n50-k10 	BT-3   50   25    100    1    696    705    705     64 -12.0972    0.013
P-n50-k10 	BT-3   50   16    200    0    696    868    738    234   0.9713    0.060
P-n50-k10 	BT-3   50   16    200    1    696    868    741    227   1.0481    0.065
P-n50-k10 	BT-3   50    8    100    0    696    705    705     74 -34.2101    0.013
P-n50-k10 	BT-3   50    8    100    1    696    705    705     70 -34.2294    0.013
P-n50-k10 	BT-3   50   25    100    0    696    705    705     73 -102.6453    0.013
P-n50-k10 	BT-3   50   25    100    1    696    705    705     70 -102.6599    0.013
P-n50-k10 	BT-3   50   16    200    0    696    868    724    349   1.4886    0.040
P-n50-k10 	BT-3   50   16    200    1    696    868    742    228   0.9810    0.066
P-n50-k10 	BT-3   50    8    100    0    696    705    705     67 -305.5163    0.013
P-n50-k10 	BT-3   50    8    100    1    696    705    705     75 -305.4824    0.013
P-n50-k10 	BT-3   50   25    100    0    696    705    705     68 -916.5107    0.013
P-n50-k10 	BT-3   50   25    100    1    696    705    705     74 -916.4849    0.013
P-n50-k10 	BT-3   50   16    200    0    696    868    737    249   1.0274    0.059
P-n50-k10 	BT-3   50   16    200    1    696    868    736    295   1.2890    0.057
P-n50-k10 	BT-3   50    8    100    0    696    705    705     70 1547.7855    0.013
P-n50-k10 	BT-3   50    8    100    1    696    705    705     69 1547.7806    0.013
P-n50-k10 	BT-3   50   25    100    0    696    705    705     69 348.3904    0.013
P-n50-k10 	BT-3   50   25    100    1    696    705    705     71 348.4375    0.013
P-n50-k10 	BT-3   50   16    200    0    696    868    741    230   0.9672    0.065
P-n50-k10 	BT-3   50   16    200    1    696    868    760    180   0.7979    0.092
P-n50-k10 	BT-3   50    8    100    0    696    705    705     68 1046.9695    0.013
P-n50-k10 	BT-3   50    8    100    1    696    705    705     73 1046.9900    0.013
P-n50-k10 	BT-3   50   25    100    0    696    705    705     70 -1154.0298    0.013
P-n50-k10 	BT-3   50   25    100    1    696    705    705     66 -1154.0477    0.013
P-n50-k10 	BT-3   50   16    200    0    696    868    735    219   0.9205    0.056
P-n50-k10 	BT-3   50   16    200    1    696    868    709    355   1.5543    0.019
P-n50-k10 	BT-3   50    8    100    0    696    705    705     68 835.3260    0.013
P-n50-k10 	BT-3   50    8    100    1    696    705    705     68 835.3237    0.013
P-n50-k10 	BT-3   50   25    100    0    696    705    705     66 -1788.9928    0.013
P-n50-k10 	BT-3   50   25    100    1    696    705    705     70 -1788.9751    0.013
P-n50-k10 	BT-3   50   16    200    0    696    868    735    320   1.3545    0.056
P-n50-k10 	BT-3   50   16    200    1    696    868    764    184   0.7952    0.098
P-n50-k10 	BT-3   50    8    100    0    696    705    705     72 -1069.8235    0.013
P-n50-k10 	BT-3   50    8    100    1    696    705    705     72 -1069.8264    0.013
P-n50-k10 	BT-3   50   25    100    0    696    705    705     65 1085.4615    0.013
P-n50-k10 	BT-3   50   25    100    1    696    705    705     70 1085.4836    0.013
P-n50-k10 	BT-3   50   16    200    0    696    868    738    200   0.8237    0.060
P-n50-k10 	BT-3   50   16    200    1    696    868    728    221   0.9456    0.046
P-n50-k10 	BT-3   50    8    100    0    696    705    705     64 -1036.7953    0.013
P-n50-k10 	BT-3   50    8    100    1    696    705    705     70 -1036.7717    0.013
P-n50-k10 	BT-3   50   25    100    0    696    705    705     69 1184.6353    0.013
P-n50-k10 	BT-3   50   25    100    1    696    705    705     72 1184.6497    0.013
P-n50-k10 	BT-3   50   16    200    0    696    868    739    308   1.2981    0.062
P-n50-k10 	BT-3   50   16    200    1    696    868    742    342   1.4667    0.066
P-n50-k10 	BT-3   50    8    100    0    696    705    705     71 -738.2809    0.013
P-n50-k10 	BT-3   50    8    100    1    696    705    705     72 -738.2799    0.013
P-n50-k10 	BT-3   50   25    100    0    696    705    705     74 2080.1377    0.013
P-n50-k10 	BT-3   50   25    100    1    696    705    705     65 2080.0996    0.013
