A-n64-k9 	BT-1   64   21    256    0   1402   2135   1484    350   1.9102    0.058
A-n64-k9 	BT-1   64   21    256    1   1402   2116   1438    538   2.8516    0.026
A-n64-k9 	BT-1   64   10    128    0   1402   1438   1438    128   0.7652    0.026
A-n64-k9 	BT-1   64   10    128    1   1402   1438   1428    139   0.8049    0.019
A-n64-k9 	BT-1   64    6    128    0   1402   1428   1428    128   0.7653    0.019
A-n64-k9 	BT-1   64    6    128    1   1402   1428   1428    128   0.7565    0.019
A-n64-k9 	BT-2   64   21    256    0   1402   2135   1458    708   3.8075    0.040
A-n64-k9 	BT-2   64   21    256    1   1402   2116   1452    394   2.1485    0.036
A-n64-k9 	BT-2   64   10    128    0   1402   1452   1452    128   0.7732    0.036
A-n64-k9 	BT-2   64   10    128    1   1402   1452   1452    128   0.7628    0.036
A-n64-k9 	BT-2   64    6    128    0   1402   1452   1451    148   0.9730    0.035
A-n64-k9 	BT-2   64    6    128    1   1402   1452   1452    128   0.8240    0.036
A-n64-k9 	BT-3   64   21    256    0   1402   2135   1479    540   3.0238    0.055
A-n64-k9 	BT-3   64   21    256    1   1402   2116   1475    475   2.4516    0.052
A-n64-k9 	BT-3   64   10    128    0   1402   1475   1465    143   0.9228    0.045
A-n64-k9 	BT-3   64   10    128    1   1402   1475   1475    128   0.9249    0.052
A-n64-k9 	BT-3   64    6    128    0   1402   1465   1465    128   0.9272    0.045
A-n64-k9 	BT-3   64    6    128    1   1402   1465   1465    128   0.9049    0.045
A-n64-k9 	BT-3   64   21    256    0   1402   2135   1480    427   2.3690    0.056
A-n64-k9 	BT-3   64   21    256    1   1402   2116   1475    512   2.6645    0.052
A-n64-k9 	BT-3   64   10    128    0   1402   1465   1465    128   0.8466    0.045
A-n64-k9 	BT-3   64   10    128    1   1402   1465   1463    156   0.9940    0.044
A-n64-k9 	BT-3   64    6    128    0   1402   1463   1463    128   0.8486    0.044
A-n64-k9 	BT-3   64    6    128    1   1402   1463   1463    128   0.9269    0.044
A-n64-k9 	BT-3   64   21    256    0   1402   2135   1464    460   2.5508    0.044
A-n64-k9 	BT-3   64   21    256    1   1402   2116   1475    492   2.7508    0.052
A-n64-k9 	BT-3   64   10    128    0   1402   1463   1463    128   0.8673    0.044
A-n64-k9 	BT-3   64   10    128    1   1402   1463   1463    128   0.8380    0.044
A-n64-k9 	BT-3   64    6    128    0   1402   1463   1463    128   0.8336    0.044
A-n64-k9 	BT-3   64    6    128    1   1402   1463   1462    185   1.1783    0.043
A-n64-k9 	BT-3   64   21    256    0   1402   2135   1465   1165   6.0347    0.045
A-n64-k9 	BT-3   64   21    256    1   1402   2116   1475    465   2.4416    0.052
A-n64-k9 	BT-3   64   10    128    0   1402   1462   1462    128   0.8914    0.043
A-n64-k9 	BT-3   64   10    128    1   1402   1462   1462    128   0.8832    0.043
A-n64-k9 	BT-3   64    6    128    0   1402   1462   1462    128   0.8635    0.043
A-n64-k9 	BT-3   64    6    128    1   1402   1462   1462    128   0.8303    0.043
A-n64-k9 	BT-3   64   21    256    0   1402   2135   1522    354   1.8370    0.086
A-n64-k9 	BT-3   64   21    256    1   1402   2116   1493    539   2.8537    0.065
A-n64-k9 	BT-3   64   10    128    0   1402   1462   1462    128   0.8552    0.043
A-n64-k9 	BT-3   64   10    128    1   1402   1462   1462    128   0.8506    0.043
A-n64-k9 	BT-3   64    6    128    0   1402   1462   1462    128   0.8529    0.043
A-n64-k9 	BT-3   64    6    128    1   1402   1462   1462    128   0.8293    0.043
A-n64-k9 	BT-3   64   21    256    0   1402   2135   1453    547   2.6827    0.036
A-n64-k9 	BT-3   64   21    256    1   1402   2116   1475    500   2.5829    0.052
A-n64-k9 	BT-3   64   10    128    0   1402   1661   1460    175   0.9894    0.041
A-n64-k9 	BT-3   64   10    128    1   1402   1453   1453    128   0.8212    0.036
A-n64-k9 	BT-3   64    6    128    0   1402   1661   1460    195   1.1050    0.041
A-n64-k9 	BT-3   64    6    128    1   1402   1453   1453    128   0.8365    0.036
A-n64-k9 	BT-3   64   21    256    0   1402   2135   1441    489   2.4989    0.028
A-n64-k9 	BT-3   64   21    256    1   1402   2116   1475    415   2.2920    0.052
A-n64-k9 	BT-3   64   10    128    0   1402   1441   1441    128   0.8651    0.028
A-n64-k9 	BT-3   64   10    128    1   1402   1441   1437    213   1.2996    0.025
A-n64-k9 	BT-3   64    6    128    0   1402   1437   1437    128   0.8329    0.025
A-n64-k9 	BT-3   64    6    128    1   1402   1437   1437    128   0.9299    0.025
A-n64-k9 	BT-3   64   21    256    0   1402   2135   1475    364   1.9130    0.052
A-n64-k9 	BT-3   64   21    256    1   1402   2116   1475    441   2.2458    0.052
A-n64-k9 	BT-3   64   10    128    0   1402   1437   1437    128   0.8346    0.025
A-n64-k9 	BT-3   64   10    128    1   1402   1437   1437    128   0.8385    0.025
A-n64-k9 	BT-3   64    6    128    0   1402   1437   1437    128   0.8278    0.025
A-n64-k9 	BT-3   64    6    128    1   1402   1437   1437    128   0.8294    0.025
A-n64-k9 	BT-3   64   21    256    0   1402   2135   1508    408   2.0690    0.076
A-n64-k9 	BT-3   64   21    256    1   1402   2116   1475    509   2.5933    0.052
A-n64-k9 	BT-3   64   10    128    0   1402   1437   1437    128   0.8228    0.025
A-n64-k9 	BT-3   64   10    128    1   1402   1437   1437    128   0.8688    0.025
A-n64-k9 	BT-3   64    6    128    0   1402   1437   1437    128   0.8207    0.025
A-n64-k9 	BT-3   64    6    128    1   1402   1437   1437    128   0.8399    0.025
A-n64-k9 	BT-3   64   21    256    0   1402   2135   1488    410   2.0504    0.061
A-n64-k9 	BT-3   64   21    256    1   1402   2116   1475    464   2.3791    0.052
A-n64-k9 	BT-3   64   10    128    0   1402   1437   1437    128   0.8301    0.025
A-n64-k9 	BT-3   64   10    128    1   1402   1437   1437    128   0.8294    0.025
A-n64-k9 	BT-3   64    6    128    0   1402   1437   1437    128   0.8228    0.025
A-n64-k9 	BT-3   64    6    128    1   1402   1437   1437    128   0.8203    0.025
A-n64-k9 	BT-3   64   21    256    0   1402   2135   1468    576   2.9446    0.047
A-n64-k9 	BT-3   64   21    256    1   1402   2116   1475    536   2.8588    0.052
A-n64-k9 	BT-3   64   10    128    0   1402   1437   1437    128   0.8406    0.025
A-n64-k9 	BT-3   64   10    128    1   1402   1437   1437    128   0.8854    0.025
A-n64-k9 	BT-3   64    6    128    0   1402   1437   1437    128   0.8419    0.025
A-n64-k9 	BT-3   64    6    128    1   1402   1437   1437    128   0.8386    0.025
A-n64-k9 	BT-3   64   21    256    0   1402   2135   1467    451   2.3089    0.046
A-n64-k9 	BT-3   64   21    256    1   1402   2116   1475    481   2.4887    0.052
A-n64-k9 	BT-3   64   10    128    0   1402   1437   1437    128   0.8592    0.025
A-n64-k9 	BT-3   64   10    128    1   1402   1437   1437    128   0.8466    0.025
A-n64-k9 	BT-3   64    6    128    0   1402   1437   1437    128   0.8291    0.025
A-n64-k9 	BT-3   64    6    128    1   1402   1437   1437    128   0.8426    0.025
A-n64-k9 	BT-3   64   21    256    0   1402   2135   1458    509   2.5354    0.040
A-n64-k9 	BT-3   64   21    256    1   1402   2116   1475    495   2.5455    0.052
A-n64-k9 	BT-3   64   10    128    0   1402   1437   1437    128   0.8419    0.025
A-n64-k9 	BT-3   64   10    128    1   1402   1437   1437    128   0.9378    0.025
A-n64-k9 	BT-3   64    6    128    0   1402   1437   1437    128   0.8669    0.025
A-n64-k9 	BT-3   64    6    128    1   1402   1437   1437    128   0.8963    0.025
A-n64-k9 	BT-3   64   21    256    0   1402   2135   1455    999   5.0664    0.038
A-n64-k9 	BT-3   64   21    256    1   1402   2116   1475    417   2.2645    0.052
A-n64-k9 	BT-3   64   10    128    0   1402   1437   1437    128   0.8544    0.025
A-n64-k9 	BT-3   64   10    128    1   1402   1437   1437    128   1.0552    0.025
A-n64-k9 	BT-3   64    6    128    0   1402   1437   1437    128   0.8826    0.025
A-n64-k9 	BT-3   64    6    128    1   1402   1437   1437    128   0.8432    0.025
A-n64-k9 	BT-3   64   21    256    0   1402   2135   1491    348   1.8814    0.063
A-n64-k9 	BT-3   64   21    256    1   1402   2116   1475    471   2.8649    0.052
A-n64-k9 	BT-3   64   10    128    0   1402   1437   1437    128   1.0513    0.025
A-n64-k9 	BT-3   64   10    128    1   1402   1437   1437    128   0.9429    0.025
A-n64-k9 	BT-3   64    6    128    0   1402   1437   1437    128   0.9227    0.025
A-n64-k9 	BT-3   64    6    128    1   1402   1437   1437    128   0.8401    0.025
A-n64-k9 	BT-3   64   21    256    0   1402   2135   1467    372   1.9281    0.046
A-n64-k9 	BT-3   64   21    256    1   1402   2116   1475    493   2.6196    0.052
A-n64-k9 	BT-3   64   10    128    0   1402   1437   1437    128   0.8411    0.025
A-n64-k9 	BT-3   64   10    128    1   1402   1437   1437    128   0.8411    0.025
A-n64-k9 	BT-3   64    6    128    0   1402   1437   1437    128   0.8359    0.025
A-n64-k9 	BT-3   64    6    128    1   1402   1437   1437    128   0.8323    0.025
A-n64-k9 	BT-3   64   21    256    0   1402   2135   1451    619   3.1396    0.035
A-n64-k9 	BT-3   64   21    256    1   1402   2116   1475    414   2.0460    0.052
A-n64-k9 	BT-3   64   10    128    0   1402   1437   1437    128   0.7988    0.025
A-n64-k9 	BT-3   64   10    128    1   1402   1437   1437    128   0.8070    0.025
A-n64-k9 	BT-3   64    6    128    0   1402   1437   1437    128   0.7966    0.025
A-n64-k9 	BT-3   64    6    128    1   1402   1437   1437    128   0.8154    0.025
A-n64-k9 	BT-3   64   21    256    0   1402   2135   1445    643   3.1567    0.031
A-n64-k9 	BT-3   64   21    256    1   1402   2116   1475    473   2.4903    0.052
A-n64-k9 	BT-3   64   10    128    0   1402   1437   1437    128   0.8995    0.025
A-n64-k9 	BT-3   64   10    128    1   1402   1437   1437    128   0.8090    0.025
A-n64-k9 	BT-3   64    6    128    0   1402   1437   1437    128   0.7981    0.025
A-n64-k9 	BT-3   64    6    128    1   1402   1437   1437    128   0.8074    0.025
A-n64-k9 	BT-3   64   21    256    0   1402   2135   1522    304   1.4950    0.086
A-n64-k9 	BT-3   64   21    256    1   1402   2116   1475    491   2.4141    0.052
A-n64-k9 	BT-3   64   10    128    0   1402   1437   1437    128   0.7943    0.025
A-n64-k9 	BT-3   64   10    128    1   1402   1437   1437    128   0.8141    0.025
A-n64-k9 	BT-3   64    6    128    0   1402   1437   1437    128   0.8123    0.025
A-n64-k9 	BT-3   64    6    128    1   1402   1437   1437    128   0.7932    0.025
A-n64-k9 	BT-3   64   21    256    0   1402   2135   1479    566   2.8109    0.055
A-n64-k9 	BT-3   64   21    256    1   1402   2116   1475    406   2.0096    0.052
A-n64-k9 	BT-3   64   10    128    0   1402   1437   1437    128   0.7964    0.025
A-n64-k9 	BT-3   64   10    128    1   1402   1437   1437    128   0.7928    0.025
A-n64-k9 	BT-3   64    6    128    0   1402   1437   1437    128   0.7996    0.025
A-n64-k9 	BT-3   64    6    128    1   1402   1437   1437    128   0.8233    0.025
A-n64-k9 	BT-3   64   21    256    0   1402   2135   1463    852   4.2506    0.044
A-n64-k9 	BT-3   64   21    256    1   1402   2116   1486    294   1.4881    0.060
A-n64-k9 	BT-3   64   10    128    0   1402   1437   1437    128   0.8272    0.025
A-n64-k9 	BT-3   64   10    128    1   1402   1437   1437    128   0.8451    0.025
A-n64-k9 	BT-3   64    6    128    0   1402   1437   1437    128   0.9052    0.025
A-n64-k9 	BT-3   64    6    128    1   1402   1437   1437    128   0.8157    0.025
A-n64-k9 	BT-3   64   21    256    0   1402   2135   1457    477   2.5376    0.039
A-n64-k9 	BT-3   64   21    256    1   1402   2116   1475    423   2.3263    0.052
A-n64-k9 	BT-3   64   10    128    0   1402   1437   1437    128   0.8021    0.025
A-n64-k9 	BT-3   64   10    128    1   1402   1437   1437    128   0.8151    0.025
A-n64-k9 	BT-3   64    6    128    0   1402   1437   1437    128   0.8694    0.025
A-n64-k9 	BT-3   64    6    128    1   1402   1437   1437    128   0.8135    0.025
A-n64-k9 	BT-3   64   21    256    0   1402   2135   1479    382   2.0006    0.055
A-n64-k9 	BT-3   64   21    256    1   1402   2116   1475    468   2.3321    0.052
A-n64-k9 	BT-3   64   10    128    0   1402   1437   1437    128   0.8055    0.025
A-n64-k9 	BT-3   64   10    128    1   1402   1437   1437    128   0.8111    0.025
A-n64-k9 	BT-3   64    6    128    0   1402   1437   1437    128   0.8612    0.025
A-n64-k9 	BT-3   64    6    128    1   1402   1437   1437    128   0.9644    0.025
A-n64-k9 	BT-3   64   21    256    0   1402   2135   1451    872   4.5664    0.035
A-n64-k9 	BT-3   64   21    256    1   1402   2116   1475    466   2.2929    0.052
A-n64-k9 	BT-3   64   10    128    0   1402   1437   1437    128   0.7976    0.025
A-n64-k9 	BT-3   64   10    128    1   1402   1437   1437    128   0.8581    0.025
A-n64-k9 	BT-3   64    6    128    0   1402   1437   1437    128   0.8078    0.025
A-n64-k9 	BT-3   64    6    128    1   1402   1437   1437    128   0.8547    0.025
A-n64-k9 	BT-3   64   21    256    0   1402   2135   1481    416   2.1488    0.056
A-n64-k9 	BT-3   64   21    256    1   1402   2116   1475    467   2.3700    0.052
A-n64-k9 	BT-3   64   10    128    0   1402   1437   1437    128   0.7998    0.025
A-n64-k9 	BT-3   64   10    128    1   1402   1437   1437    128   0.7969    0.025
A-n64-k9 	BT-3   64    6    128    0   1402   1437   1437    128   0.7982    0.025
A-n64-k9 	BT-3   64    6    128    1   1402   1437   1437    128   0.7994    0.025
A-n64-k9 	BT-3   64   21    256    0   1402   2135   1443    738   3.6827    0.029
A-n64-k9 	BT-3   64   21    256    1   1402   2116   1475    465   2.4112    0.052
A-n64-k9 	BT-3   64   10    128    0   1402   1437   1437    128   0.7972    0.025
A-n64-k9 	BT-3   64   10    128    1   1402   1437   1437    128   0.8260    0.025
A-n64-k9 	BT-3   64    6    128    0   1402   1437   1437    128   0.8008    0.025
A-n64-k9 	BT-3   64    6    128    1   1402   1437   1437    128   0.8155    0.025
A-n64-k9 	BT-3   64   21    256    0   1402   2135   1491    348   1.9254    0.063
A-n64-k9 	BT-3   64   21    256    1   1402   2116   1475    457   2.2927    0.052
A-n64-k9 	BT-3   64   10    128    0   1402   1437   1437    128   0.7967    0.025
A-n64-k9 	BT-3   64   10    128    1   1402   1437   1437    128   0.8109    0.025
A-n64-k9 	BT-3   64    6    128    0   1402   1437   1437    128   0.8016    0.025
A-n64-k9 	BT-3   64    6    128    1   1402   1437   1437    128   0.8839    0.025
A-n64-k9 	BT-3   64   21    256    0   1402   2135   1450    768   4.0932    0.034
A-n64-k9 	BT-3   64   21    256    1   1402   2116   1475    482   2.6736    0.052
A-n64-k9 	BT-3   64   10    128    0   1402   1437   1437    128   0.8118    0.025
A-n64-k9 	BT-3   64   10    128    1   1402   1437   1437    128   0.7973    0.025
A-n64-k9 	BT-3   64    6    128    0   1402   1437   1437    128   0.8079    0.025
A-n64-k9 	BT-3   64    6    128    1   1402   1437   1437    128   0.8055    0.025
A-n64-k9 	BT-3   64   21    256    0   1402   2135   1447   1025   5.5513    0.032
A-n64-k9 	BT-3   64   21    256    1   1402   2116   1475    437   2.2003    0.052
A-n64-k9 	BT-3   64   10    128    0   1402   1437   1437    128   0.8640    0.025
A-n64-k9 	BT-3   64   10    128    1   1402   1437   1437    128   0.8272    0.025
A-n64-k9 	BT-3   64    6    128    0   1402   1437   1437    128   0.8892    0.025
A-n64-k9 	BT-3   64    6    128    1   1402   1437   1437    128   0.8814    0.025
A-n64-k9 	BT-3   64   21    256    0   1402   2135   1472    372   1.8392    0.050
A-n64-k9 	BT-3   64   21    256    1   1402   2116   1475    455   2.3277    0.052
A-n64-k9 	BT-3   64   10    128    0   1402   1437   1437    128   0.8066    0.025
A-n64-k9 	BT-3   64   10    128    1   1402   1437   1437    128   0.8444    0.025
A-n64-k9 	BT-3   64    6    128    0   1402   1437   1437    128   0.8231    0.025
A-n64-k9 	BT-3   64    6    128    1   1402   1437   1437    128   0.8618    0.025
A-n64-k9 	BT-3   64   21    256    0   1402   2135   1472    785   4.4884    0.050
A-n64-k9 	BT-3   64   21    256    1   1402   2116   1475    479   2.6884    0.052
A-n64-k9 	BT-3   64   10    128    0   1402   1437   1437    128   0.8314    0.025
A-n64-k9 	BT-3   64   10    128    1   1402   1437   1437    128   0.9531    0.025
A-n64-k9 	BT-3   64    6    128    0   1402   1437   1437    128   0.8265    0.025
A-n64-k9 	BT-3   64    6    128    1   1402   1437   1437    128   0.8316    0.025
A-n64-k9 	BT-3   64   21    256    0   1402   2135   1463    706   3.4646    0.044
A-n64-k9 	BT-3   64   21    256    1   1402   2116   1475    417   2.1229    0.052
A-n64-k9 	BT-3   64   10    128    0   1402   1437   1437    128   0.8163    0.025
A-n64-k9 	BT-3   64   10    128    1   1402   1437   1437    128   0.8272    0.025
A-n64-k9 	BT-3   64    6    128    0   1402   1437   1437    128   0.8081    0.025
A-n64-k9 	BT-3   64    6    128    1   1402   1437   1437    128   0.8150    0.025
A-n64-k9 	BT-3   64   21    256    0   1402   2135   1479    442   2.2195    0.055
A-n64-k9 	BT-3   64   21    256    1   1402   2116   1475    425   2.6238    0.052
A-n64-k9 	BT-3   64   10    128    0   1402   1437   1437    128   0.9341    0.025
A-n64-k9 	BT-3   64   10    128    1   1402   1437   1437    128   0.8419    0.025
A-n64-k9 	BT-3   64    6    128    0   1402   1437   1437    128   0.8269    0.025
A-n64-k9 	BT-3   64    6    128    1   1402   1437   1437    128   0.8949    0.025
A-n64-k9 	BT-3   64   21    256    0   1402   2135   1466    429   2.1145    0.046
A-n64-k9 	BT-3   64   21    256    1   1402   2116   1475    466   2.4571    0.052
A-n64-k9 	BT-3   64   10    128    0   1402   1437   1437    128   0.8007    0.025
A-n64-k9 	BT-3   64   10    128    1   1402   1437   1437    128   0.8286    0.025
A-n64-k9 	BT-3   64    6    128    0   1402   1437   1437    128   0.9738    0.025
A-n64-k9 	BT-3   64    6    128    1   1402   1437   1437    128   0.9136    0.025
A-n64-k9 	BT-3   64   21    256    0   1402   2135   1465    430   2.4390    0.045
A-n64-k9 	BT-3   64   21    256    1   1402   2116   1475    435   2.3871    0.052
A-n64-k9 	BT-3   64   10    128    0   1402   1437   1437    128   0.8330    0.025
A-n64-k9 	BT-3   64   10    128    1   1402   1437   1437    128   0.8224    0.025
A-n64-k9 	BT-3   64    6    128    0   1402   1437   1437    128   0.8373    0.025
A-n64-k9 	BT-3   64    6    128    1   1402   1437   1437    128   0.8439    0.025
A-n64-k9 	BT-3   64   21    256    0   1402   2135   1502    467   2.5237    0.071
A-n64-k9 	BT-3   64   21    256    1   1402   2116   1475    419   2.3085    0.052
A-n64-k9 	BT-3   64   10    128    0   1402   1437   1437    128   0.9020    0.025
A-n64-k9 	BT-3   64   10    128    1   1402   1437   1437    128   0.9586    0.025
A-n64-k9 	BT-3   64    6    128    0   1402   1437   1437    128   0.8940    0.025
A-n64-k9 	BT-3   64    6    128    1   1402   1437   1437    128   0.8303    0.025
A-n64-k9 	BT-3   64   21    256    0   1402   2135   1477    445   2.2201    0.053
A-n64-k9 	BT-3   64   21    256    1   1402   2116   1475    473   2.4450    0.052
A-n64-k9 	BT-3   64   10    128    0   1402   1437   1437    128   0.8266    0.025
A-n64-k9 	BT-3   64   10    128    1   1402   1437   1437    128   0.8356    0.025
A-n64-k9 	BT-3   64    6    128    0   1402   1437   1437    128   0.8338    0.025
A-n64-k9 	BT-3   64    6    128    1   1402   1437   1437    128   0.8423    0.025
A-n64-k9 	BT-3   64   21    256    0   1402   2135   1469    391   2.1028    0.048
A-n64-k9 	BT-3   64   21    256    1   1402   2116   1475    397   2.1526    0.052
A-n64-k9 	BT-3   64   10    128    0   1402   1437   1437    128   0.8196    0.025
A-n64-k9 	BT-3   64   10    128    1   1402   1437   1437    128   0.8184    0.025
A-n64-k9 	BT-3   64    6    128    0   1402   1437   1437    128   0.8407    0.025
A-n64-k9 	BT-3   64    6    128    1   1402   1437   1437    128   0.8241    0.025
A-n64-k9 	BT-3   64   21    256    0   1402   2135   1441    835   4.0920    0.028
A-n64-k9 	BT-3   64   21    256    1   1402   2116   1475    432   2.2075    0.052
A-n64-k9 	BT-3   64   10    128    0   1402   1437   1437    128   0.8109    0.025
A-n64-k9 	BT-3   64   10    128    1   1402   1437   1437    128   0.8038    0.025
A-n64-k9 	BT-3   64    6    128    0   1402   1437   1437    128   0.8405    0.025
A-n64-k9 	BT-3   64    6    128    1   1402   1437   1437    128   0.8187    0.025
A-n64-k9 	BT-3   64   21    256    0   1402   2135   1462    660   3.2288    0.043
A-n64-k9 	BT-3   64   21    256    1   1402   2116   1475    486   2.4654    0.052
A-n64-k9 	BT-3   64   10    128    0   1402   1437   1437    128   0.8183    0.025
A-n64-k9 	BT-3   64   10    128    1   1402   1437   1437    128   0.8251    0.025
A-n64-k9 	BT-3   64    6    128    0   1402   1437   1437    128   0.8569    0.025
A-n64-k9 	BT-3   64    6    128    1   1402   1437   1437    128   0.8385    0.025
A-n64-k9 	BT-3   64   21    256    0   1402   2135   1519    328   1.6522    0.083
A-n64-k9 	BT-3   64   21    256    1   1402   2116   1475    469   2.4097    0.052
A-n64-k9 	BT-3   64   10    128    0   1402   1437   1437    128   0.8077    0.025
A-n64-k9 	BT-3   64   10    128    1   1402   1437   1437    128   0.8317    0.025
A-n64-k9 	BT-3   64    6    128    0   1402   1437   1437    128   0.8143    0.025
A-n64-k9 	BT-3   64    6    128    1   1402   1437   1437    128   0.8204    0.025
A-n64-k9 	BT-3   64   21    256    0   1402   2135   1451    790   3.9220    0.035
A-n64-k9 	BT-3   64   21    256    1   1402   2116   1475    417   2.1299    0.052
A-n64-k9 	BT-3   64   10    128    0   1402   1437   1437    128   0.8163    0.025
A-n64-k9 	BT-3   64   10    128    1   1402   1437   1437    128   0.8142    0.025
A-n64-k9 	BT-3   64    6    128    0   1402   1437   1437    128   0.8233    0.025
A-n64-k9 	BT-3   64    6    128    1   1402   1437   1437    128   0.8368    0.025
A-n64-k9 	BT-3   64   21    256    0   1402   2135   1429    799   3.9565    0.019
A-n64-k9 	BT-3   64   21    256    1   1402   2116   1475    434   2.1813    0.052
A-n64-k9 	BT-3   64   10    128    0   1402   1429   1429    128   0.8252    0.019
A-n64-k9 	BT-3   64   10    128    1   1402   1429   1429    128   0.8435    0.019
A-n64-k9 	BT-3   64    6    128    0   1402   1429   1429    128   0.8282    0.019
A-n64-k9 	BT-3   64    6    128    1   1402   1429   1429    128   0.8283    0.019
A-n64-k9 	BT-3   64   21    256    0   1402   2135   1468    975   4.8882    0.047
A-n64-k9 	BT-3   64   21    256    1   1402   2116   1475    530   2.7254    0.052
A-n64-k9 	BT-3   64   10    128    0   1402   1429   1429    128   0.8330    0.019
A-n64-k9 	BT-3   64   10    128    1   1402   1429   1429    128   0.8318    0.019
A-n64-k9 	BT-3   64    6    128    0   1402   1429   1429    128   0.8278    0.019
A-n64-k9 	BT-3   64    6    128    1   1402   1429   1429    128   0.8477    0.019
A-n64-k9 	BT-3   64   21    256    0   1402   2135   1462    321   1.6515    0.043
A-n64-k9 	BT-3   64   21    256    1   1402   2116   1475    444   2.2542    0.052
A-n64-k9 	BT-3   64   10    128    0   1402   1429   1426    181   1.1016    0.017
A-n64-k9 	BT-3   64   10    128    1   1402   1429   1429    128   0.8292    0.019
A-n64-k9 	BT-3   64    6    128    0   1402   1426   1426    128   0.8255    0.017
A-n64-k9 	BT-3   64    6    128    1   1402   1426   1426    128   0.8199    0.017
A-n64-k9 	BT-3   64   21    256    0   1402   2135   1462    580   2.8570    0.043
A-n64-k9 	BT-3   64   21    256    1   1402   2116   1475    452   2.2838    0.052
A-n64-k9 	BT-3   64   10    128    0   1402   1426   1426    128   0.8354    0.017
A-n64-k9 	BT-3   64   10    128    1   1402   1426   1426    128   0.8146    0.017
A-n64-k9 	BT-3   64    6    128    0   1402   1426   1426    128   0.8213    0.017
A-n64-k9 	BT-3   64    6    128    1   1402   1426   1426    128   0.8195    0.017
A-n64-k9 	BT-3   64   21    256    0   1402   2135   1467    472   2.3819    0.046
A-n64-k9 	BT-3   64   21    256    1   1402   2116   1475    509   2.5789    0.052
A-n64-k9 	BT-3   64   10    128    0   1402   1426   1426    128   0.8802    0.017
A-n64-k9 	BT-3   64   10    128    1   1402   1426   1426    128   0.8460    0.017
A-n64-k9 	BT-3   64    6    128    0   1402   1426   1426    128   0.8958    0.017
A-n64-k9 	BT-3   64    6    128    1   1402   1426   1426    128   0.8398    0.017
A-n64-k9 	BT-3   64   21    256    0   1402   2135   1475    482   2.4383    0.052
A-n64-k9 	BT-3   64   21    256    1   1402   2116   1475    513   2.6215    0.052
A-n64-k9 	BT-3   64   10    128    0   1402   1426   1426    128   0.8406    0.017
A-n64-k9 	BT-3   64   10    128    1   1402   1426   1426    128   0.8428    0.017
A-n64-k9 	BT-3   64    6    128    0   1402   1426   1426    128   0.8301    0.017
A-n64-k9 	BT-3   64    6    128    1   1402   1426   1426    128   0.8267    0.017
A-n64-k9 	BT-3   64   21    256    0   1402   2135   1465   1030   5.2205    0.045
A-n64-k9 	BT-3   64   21    256    1   1402   2116   1475    414   2.3900    0.052
A-n64-k9 	BT-3   64   10    128    0   1402   1426   1426    128   0.9084    0.017
A-n64-k9 	BT-3   64   10    128    1   1402   1426   1426    128   0.9035    0.017
A-n64-k9 	BT-3   64    6    128    0   1402   1426   1426    128   0.9175    0.017
A-n64-k9 	BT-3   64    6    128    1   1402   1426   1426    128   0.8497    0.017
A-n64-k9 	BT-3   64   21    256    0   1402   2135   1506    412   2.1411    0.074
A-n64-k9 	BT-3   64   21    256    1   1402   2116   1475    468   2.3764    0.052
A-n64-k9 	BT-3   64   10    128    0   1402   1426   1426    128   0.8413    0.017
A-n64-k9 	BT-3   64   10    128    1   1402   1426   1426    128   0.8291    0.017
A-n64-k9 	BT-3   64    6    128    0   1402   1426   1426    128   0.8392    0.017
A-n64-k9 	BT-3   64    6    128    1   1402   1426   1426    128   0.8723    0.017
A-n64-k9 	BT-3   64   21    256    0   1402   2135   1473    559   2.7874    0.051
A-n64-k9 	BT-3   64   21    256    1   1402   2116   1475    415   2.1153    0.052
A-n64-k9 	BT-3   64   10    128    0   1402   1426   1426    128   0.8227    0.017
A-n64-k9 	BT-3   64   10    128    1   1402   1426   1426    128   0.8196    0.017
A-n64-k9 	BT-3   64    6    128    0   1402   1426   1426    128   0.8531    0.017
A-n64-k9 	BT-3   64    6    128    1   1402   1426   1426    128   0.8193    0.017
A-n64-k9 	BT-3   64   21    256    0   1402   2135   1465    901   4.4914    0.045
A-n64-k9 	BT-3   64   21    256    1   1402   2116   1475    528   2.6599    0.052
A-n64-k9 	BT-3   64   10    128    0   1402   1426   1426    128   0.8377    0.017
A-n64-k9 	BT-3   64   10    128    1   1402   1426   1426    128   0.8361    0.017
A-n64-k9 	BT-3   64    6    128    0   1402   1426   1426    128   0.8335    0.017
A-n64-k9 	BT-3   64    6    128    1   1402   1426   1426    128   0.8247    0.017
A-n64-k9 	BT-3   64   21    256    0   1402   2135   1448    493   2.4941    0.033
A-n64-k9 	BT-3   64   21    256    1   1402   2116   1475    459   2.4068    0.052
A-n64-k9 	BT-3   64   10    128    0   1402   1426   1426    128   0.8432    0.017
A-n64-k9 	BT-3   64   10    128    1   1402   1426   1426    128   0.8267    0.017
A-n64-k9 	BT-3   64    6    128    0   1402   1426   1426    128   0.8309    0.017
A-n64-k9 	BT-3   64    6    128    1   1402   1426   1426    128   0.8438    0.017
A-n64-k9 	BT-3   64   21    256    0   1402   2135   1522    304   1.5534    0.086
A-n64-k9 	BT-3   64   21    256    1   1402   2116   1475    486   2.5544    0.052
A-n64-k9 	BT-3   64   10    128    0   1402   1426   1426    128   0.8873    0.017
A-n64-k9 	BT-3   64   10    128    1   1402   1426   1426    128   0.9339    0.017
A-n64-k9 	BT-3   64    6    128    0   1402   1426   1426    128   0.9120    0.017
A-n64-k9 	BT-3   64    6    128    1   1402   1426   1426    128   0.9289    0.017
A-n64-k9 	BT-3   64   21    256    0   1402   2135   1537    315   1.6443    0.096
A-n64-k9 	BT-3   64   21    256    1   1402   2116   1475    476   2.4931    0.052
A-n64-k9 	BT-3   64   10    128    0   1402   1426   1426    128   0.8941    0.017
A-n64-k9 	BT-3   64   10    128    1   1402   1426   1426    128   0.8805    0.017
A-n64-k9 	BT-3   64    6    128    0   1402   1426   1426    128   0.8652    0.017
A-n64-k9 	BT-3   64    6    128    1   1402   1426   1426    128   0.8484    0.017
A-n64-k9 	BT-3   64   21    256    0   1402   2135   1522    304   1.5587    0.086
A-n64-k9 	BT-3   64   21    256    1   1402   2116   1475    467   2.4516    0.052
A-n64-k9 	BT-3   64   10    128    0   1402   1426   1426    128   0.8356    0.017
A-n64-k9 	BT-3   64   10    128    1   1402   1426   1426    128   0.8360    0.017
A-n64-k9 	BT-3   64    6    128    0   1402   1426   1426    128   0.8343    0.017
A-n64-k9 	BT-3   64    6    128    1   1402   1426   1426    128   0.8381    0.017
A-n64-k9 	BT-3   64   21    256    0   1402   2135   1470    563   3.0328    0.049
A-n64-k9 	BT-3   64   21    256    1   1402   2116   1475    460   2.4643    0.052
A-n64-k9 	BT-3   64   10    128    0   1402   1426   1426    128   0.8827    0.017
A-n64-k9 	BT-3   64   10    128    1   1402   1426   1426    128   0.8476    0.017
A-n64-k9 	BT-3   64    6    128    0   1402   1426   1426    128   0.8234    0.017
A-n64-k9 	BT-3   64    6    128    1   1402   1426   1426    128   0.8375    0.017
A-n64-k9 	BT-3   64   21    256    0   1402   2135   1466    626   3.1874    0.046
A-n64-k9 	BT-3   64   21    256    1   1402   2116   1475    516   2.7370    0.052
A-n64-k9 	BT-3   64   10    128    0   1402   1426   1426    128   0.8263    0.017
A-n64-k9 	BT-3   64   10    128    1   1402   1426   1426    128   0.8336    0.017
A-n64-k9 	BT-3   64    6    128    0   1402   1426   1426    128   0.8274    0.017
A-n64-k9 	BT-3   64    6    128    1   1402   1426   1426    128   0.8337    0.017
A-n64-k9 	BT-3   64   21    256    0   1402   2135   1462    381   1.9653    0.043
A-n64-k9 	BT-3   64   21    256    1   1402   2116   1475    462   2.3739    0.052
A-n64-k9 	BT-3   64   10    128    0   1402   1426   1426    128   0.8408    0.017
A-n64-k9 	BT-3   64   10    128    1   1402   1426   1426    128   0.8275    0.017
A-n64-k9 	BT-3   64    6    128    0   1402   1426   1426    128   0.8293    0.017
A-n64-k9 	BT-3   64    6    128    1   1402   1426   1426    128   0.8275    0.017
A-n64-k9 	BT-3   64   21    256    0   1402   2135   1430    733   3.7071    0.020
A-n64-k9 	BT-3   64   21    256    1   1402   2116   1475    531   2.6965    0.052
A-n64-k9 	BT-3   64   10    128    0   1402   1426   1426    128   0.8677    0.017
A-n64-k9 	BT-3   64   10    128    1   1402   1426   1426    128   0.8912    0.017
A-n64-k9 	BT-3   64    6    128    0   1402   1426   1426    128   0.8673    0.017
A-n64-k9 	BT-3   64    6    128    1   1402   1426   1426    128   0.8796    0.017
A-n64-k9 	BT-3   64   21    256    0   1402   2135   1467    599   3.0501    0.046
A-n64-k9 	BT-3   64   21    256    1   1402   2116   1475    494   2.5736    0.052
A-n64-k9 	BT-3   64   10    128    0   1402   1426   1426    128   0.8818    0.017
A-n64-k9 	BT-3   64   10    128    1   1402   1426   1426    128   0.8418    0.017
A-n64-k9 	BT-3   64    6    128    0   1402   1426   1426    128   0.8514    0.017
A-n64-k9 	BT-3   64    6    128    1   1402   1426   1426    128   0.8743    0.017
A-n64-k9 	BT-3   64   21    256    0   1402   2135   1449    403   2.0581    0.034
A-n64-k9 	BT-3   64   21    256    1   1402   2116   1475    472   2.4033    0.052
A-n64-k9 	BT-3   64   10    128    0   1402   1426   1426    128   0.8184    0.017
A-n64-k9 	BT-3   64   10    128    1   1402   1426   1426    128   0.8292    0.017
A-n64-k9 	BT-3   64    6    128    0   1402   1426   1426    128   0.8346    0.017
A-n64-k9 	BT-3   64    6    128    1   1402   1426   1426    128   0.8215    0.017
A-n64-k9 	BT-3   64   21    256    0   1402   2135   1451   1435   7.2851    0.035
A-n64-k9 	BT-3   64   21    256    1   1402   2116   1475    452   2.3072    0.052
A-n64-k9 	BT-3   64   10    128    0   1402   1426   1426    128   0.8404    0.017
A-n64-k9 	BT-3   64   10    128    1   1402   1426   1426    128   0.8675    0.017
A-n64-k9 	BT-3   64    6    128    0   1402   1426   1426    128   0.8184    0.017
A-n64-k9 	BT-3   64    6    128    1   1402   1426   1426    128   0.8289    0.017
A-n64-k9 	BT-3   64   21    256    0   1402   2135   1460    530   2.5981    0.041
A-n64-k9 	BT-3   64   21    256    1   1402   2116   1475    499   2.5070    0.052
A-n64-k9 	BT-3   64   10    128    0   1402   1426   1426    128   0.8598    0.017
A-n64-k9 	BT-3   64   10    128    1   1402   1426   1426    128   0.8321    0.017
A-n64-k9 	BT-3   64    6    128    0   1402   1426   1426    128   0.8376    0.017
A-n64-k9 	BT-3   64    6    128    1   1402   1426   1426    128   0.8702    0.017
A-n64-k9 	BT-3   64   21    256    0   1402   2135   1454    786   3.9400    0.037
A-n64-k9 	BT-3   64   21    256    1   1402   2116   1475    460   2.3130    0.052
A-n64-k9 	BT-3   64   10    128    0   1402   1426   1426    128   0.8215    0.017
A-n64-k9 	BT-3   64   10    128    1   1402   1426   1426    128   0.9552    0.017
A-n64-k9 	BT-3   64    6    128    0   1402   1426   1426    128   0.9077    0.017
A-n64-k9 	BT-3   64    6    128    1   1402   1426   1426    128   0.8447    0.017
A-n64-k9 	BT-3   64   21    256    0   1402   2135   1471    340   1.7425    0.049
A-n64-k9 	BT-3   64   21    256    1   1402   2116   1475    473   2.4314    0.052
A-n64-k9 	BT-3   64   10    128    0   1402   1426   1426    128   0.8834    0.017
A-n64-k9 	BT-3   64   10    128    1   1402   1426   1426    128   0.8747    0.017
A-n64-k9 	BT-3   64    6    128    0   1402   1426   1426    128   0.8425    0.017
A-n64-k9 	BT-3   64    6    128    1   1402   1426   1426    128   0.8371    0.017
A-n64-k9 	BT-3   64   21    256    0   1402   2135   1477    934   4.7446    0.053
A-n64-k9 	BT-3   64   21    256    1   1402   2116   1485    548   2.8196    0.059
A-n64-k9 	BT-3   64   10    128    0   1402   1426   1426    128   0.8564    0.017
A-n64-k9 	BT-3   64   10    128    1   1402   1426   1426    128   0.8217    0.017
A-n64-k9 	BT-3   64    6    128    0   1402   1426   1426    128   0.8224    0.017
A-n64-k9 	BT-3   64    6    128    1   1402   1426   1426    128   0.8636    0.017
A-n64-k9 	BT-3   64   21    256    0   1402   2135   1494    359   1.9161    0.066
A-n64-k9 	BT-3   64   21    256    1   1402   2116   1475    450   2.2885    0.052
A-n64-k9 	BT-3   64   10    128    0   1402   1426   1426    128   0.8530    0.017
A-n64-k9 	BT-3   64   10    128    1   1402   1426   1426    128   0.8388    0.017
A-n64-k9 	BT-3   64    6    128    0   1402   1426   1426    128   0.8516    0.017
A-n64-k9 	BT-3   64    6    128    1   1402   1426   1426    128   0.8185    0.017
A-n64-k9 	BT-3   64   21    256    0   1402   2135   1476    606   3.0279    0.053
A-n64-k9 	BT-3   64   21    256    1   1402   2116   1475    442   2.2600    0.052
A-n64-k9 	BT-3   64   10    128    0   1402   1426   1426    128   0.8186    0.017
A-n64-k9 	BT-3   64   10    128    1   1402   1426   1426    128   0.8172    0.017
A-n64-k9 	BT-3   64    6    128    0   1402   1426   1426    128   0.8310    0.017
A-n64-k9 	BT-3   64    6    128    1   1402   1426   1426    128   0.8234    0.017
A-n64-k9 	BT-3   64   21    256    0   1402   2135   1464    524   2.6191    0.044
A-n64-k9 	BT-3   64   21    256    1   1402   2116   1475    454   2.3108    0.052
A-n64-k9 	BT-3   64   10    128    0   1402   1426   1426    128   0.8318    0.017
A-n64-k9 	BT-3   64   10    128    1   1402   1426   1426    128   0.8224    0.017
A-n64-k9 	BT-3   64    6    128    0   1402   1426   1426    128   0.8275    0.017
A-n64-k9 	BT-3   64    6    128    1   1402   1426   1426    128   0.8237    0.017
A-n64-k9 	BT-3   64   21    256    0   1402   2135   1462    383   1.8928    0.043
A-n64-k9 	BT-3   64   21    256    1   1402   2116   1486    294   1.5169    0.060
A-n64-k9 	BT-3   64   10    128    0   1402   1426   1426    128   0.8271    0.017
A-n64-k9 	BT-3   64   10    128    1   1402   1426   1426    128   0.8494    0.017
A-n64-k9 	BT-3   64    6    128    0   1402   1426   1426    128   0.8329    0.017
A-n64-k9 	BT-3   64    6    128    1   1402   1426   1426    128   0.8151    0.017
A-n64-k9 	BT-3   64   21    256    0   1402   2135   1467    382   1.9006    0.046
A-n64-k9 	BT-3   64   21    256    1   1402   2116   1475    471   2.3695    0.052
A-n64-k9 	BT-3   64   10    128    0   1402   1426   1426    128   0.8341    0.017
A-n64-k9 	BT-3   64   10    128    1   1402   1426   1426    128   0.8231    0.017
A-n64-k9 	BT-3   64    6    128    0   1402   1426   1426    128   0.8153    0.017
A-n64-k9 	BT-3   64    6    128    1   1402   1426   1426    128   0.8154    0.017
A-n64-k9 	BT-3   64   21    256    0   1402   2135   1462    347   1.7842    0.043
A-n64-k9 	BT-3   64   21    256    1   1402   2116   1475    487   2.5426    0.052
A-n64-k9 	BT-3   64   10    128    0   1402   1426   1426    128   0.8539    0.017
A-n64-k9 	BT-3   64   10    128    1   1402   1426   1426    128   0.8370    0.017
A-n64-k9 	BT-3   64    6    128    0   1402   1426   1426    128   0.8337    0.017
A-n64-k9 	BT-3   64    6    128    1   1402   1426   1426    128   0.8515    0.017
A-n64-k9 	BT-3   64   21    256    0   1402   2135   1491    348   1.7619    0.063
A-n64-k9 	BT-3   64   21    256    1   1402   2116   1475    475   2.3953    0.052
A-n64-k9 	BT-3   64   10    128    0   1402   1426   1426    128   0.8249    0.017
A-n64-k9 	BT-3   64   10    128    1   1402   1426   1426    128   0.8273    0.017
A-n64-k9 	BT-3   64    6    128    0   1402   1426   1426    128   0.8319    0.017
A-n64-k9 	BT-3   64    6    128    1   1402   1426   1426    128   0.8456    0.017
A-n64-k9 	BT-3   64   21    256    0   1402   2135   1476    331   1.7128    0.053
A-n64-k9 	BT-3   64   21    256    1   1402   2116   1475    469   2.3946    0.052
A-n64-k9 	BT-3   64   10    128    0   1402   1426   1426    128   0.8609    0.017
A-n64-k9 	BT-3   64   10    128    1   1402   1426   1426    128   0.8427    0.017
A-n64-k9 	BT-3   64    6    128    0   1402   1426   1426    128   0.8367    0.017
A-n64-k9 	BT-3   64    6    128    1   1402   1426   1426    128   0.8489    0.017
A-n64-k9 	BT-3   64   21    256    0   1402   2135   1442    890   4.5004    0.029
A-n64-k9 	BT-3   64   21    256    1   1402   2116   1475    445   2.3118    0.052
A-n64-k9 	BT-3   64   10    128    0   1402   1426   1426    128   0.8393    0.017
A-n64-k9 	BT-3   64   10    128    1   1402   1426   1426    128   0.8364    0.017
A-n64-k9 	BT-3   64    6    128    0   1402   1426   1426    128   0.8404    0.017
A-n64-k9 	BT-3   64    6    128    1   1402   1426   1426    128   0.8490    0.017
A-n64-k9 	BT-3   64   21    256    0   1402   2135   1476    509   2.5525    0.053
A-n64-k9 	BT-3   64   21    256    1   1402   2116   1475    480   2.5243    0.052
A-n64-k9 	BT-3   64   10    128    0   1402   1426   1426    128   0.8402    0.017
A-n64-k9 	BT-3   64   10    128    1   1402   1426   1426    128   0.8389    0.017
A-n64-k9 	BT-3   64    6    128    0   1402   1426   1426    128   0.8398    0.017
A-n64-k9 	BT-3   64    6    128    1   1402   1426   1426    128   0.8375    0.017
A-n64-k9 	BT-3   64   21    256    0   1402   2135   1522    304   1.6219    0.086
A-n64-k9 	BT-3   64   21    256    1   1402   2116   1475    448   2.3219    0.052
A-n64-k9 	BT-3   64   10    128    0   1402   1426   1426    128   0.8734    0.017
A-n64-k9 	BT-3   64   10    128    1   1402   1426   1426    128   0.8451    0.017
A-n64-k9 	BT-3   64    6    128    0   1402   1426   1426    128   0.8421    0.017
A-n64-k9 	BT-3   64    6    128    1   1402   1426   1426    128   0.8523    0.017
A-n64-k9 	BT-3   64   21    256    0   1402   2135   1474    709   3.8931    0.051
A-n64-k9 	BT-3   64   21    256    1   1402   2116   1475    462   2.5039    0.052
A-n64-k9 	BT-3   64   10    128    0   1402   1426   1426    128   0.8600    0.017
A-n64-k9 	BT-3   64   10    128    1   1402   1426   1426    128   0.8339    0.017
A-n64-k9 	BT-3   64    6    128    0   1402   1426   1426    128   0.8399    0.017
A-n64-k9 	BT-3   64    6    128    1   1402   1426   1426    128   0.8223    0.017
A-n64-k9 	BT-3   64   21    256    0   1402   2135   1451    677   3.4087    0.035
A-n64-k9 	BT-3   64   21    256    1   1402   2116   1436    698   3.5376    0.024
A-n64-k9 	BT-3   64   10    128    0   1402   1426   1426    128   0.8314    0.017
A-n64-k9 	BT-3   64   10    128    1   1402   1426   1426    128   0.8263    0.017
A-n64-k9 	BT-3   64    6    128    0   1402   1426   1426    128   0.8334    0.017
A-n64-k9 	BT-3   64    6    128    1   1402   1426   1426    128   0.8577    0.017
A-n64-k9 	BT-3   64   21    256    0   1402   2135   1447    728   3.7261    0.032
A-n64-k9 	BT-3   64   21    256    1   1402   2116   1475    509   2.6090    0.052
A-n64-k9 	BT-3   64   10    128    0   1402   1426   1426    128   0.8310    0.017
A-n64-k9 	BT-3   64   10    128    1   1402   1426   1426    128   0.8256    0.017
A-n64-k9 	BT-3   64    6    128    0   1402   1426   1426    128   0.8149    0.017
A-n64-k9 	BT-3   64    6    128    1   1402   1426   1426    128   0.8198    0.017
A-n64-k9 	BT-3   64   21    256    0   1402   2135   1439    690   3.4302    0.026
A-n64-k9 	BT-3   64   21    256    1   1402   2116   1486    294   1.5389    0.060
A-n64-k9 	BT-3   64   10    128    0   1402   1426   1426    128   0.8508    0.017
A-n64-k9 	BT-3   64   10    128    1   1402   1426   1426    128   0.8177    0.017
A-n64-k9 	BT-3   64    6    128    0   1402   1426   1426    128   0.8538    0.017
A-n64-k9 	BT-3   64    6    128    1   1402   1426   1426    128   0.8618    0.017
A-n64-k9 	BT-3   64   21    256    0   1402   2135   1462    507   2.5171    0.043
A-n64-k9 	BT-3   64   21    256    1   1402   2116   1475    540   2.7723    0.052
A-n64-k9 	BT-3   64   10    128    0   1402   1426   1426    128   0.8257    0.017
A-n64-k9 	BT-3   64   10    128    1   1402   1426   1426    128   0.8236    0.017
A-n64-k9 	BT-3   64    6    128    0   1402   1426   1426    128   0.8208    0.017
A-n64-k9 	BT-3   64    6    128    1   1402   1426   1426    128   0.8368    0.017
A-n64-k9 	BT-3   64   21    256    0   1402   2135   1459    443   2.2226    0.041
A-n64-k9 	BT-3   64   21    256    1   1402   2116   1475    515   2.6055    0.052
A-n64-k9 	BT-3   64   10    128    0   1402   1426   1426    128   0.8235    0.017
A-n64-k9 	BT-3   64   10    128    1   1402   1426   1426    128   0.8218    0.017
A-n64-k9 	BT-3   64    6    128    0   1402   1426   1426    128   0.8284    0.017
A-n64-k9 	BT-3   64    6    128    1   1402   1426   1426    128   0.8661    0.017
A-n64-k9 	BT-3   64   21    256    0   1402   2135   1494    683   3.5255    0.066
A-n64-k9 	BT-3   64   21    256    1   1402   2116   1475    457   2.3152    0.052
A-n64-k9 	BT-3   64   10    128    0   1402   1426   1426    128   0.8350    0.017
A-n64-k9 	BT-3   64   10    128    1   1402   1426   1426    128   0.8181    0.017
A-n64-k9 	BT-3   64    6    128    0   1402   1426   1426    128   0.8358    0.017
A-n64-k9 	BT-3   64    6    128    1   1402   1426   1426    128   0.9190    0.017
A-n64-k9 	BT-3   64   21    256    0   1402   2135   1522    306   1.7262    0.086
A-n64-k9 	BT-3   64   21    256    1   1402   2116   1475    459   2.5046    0.052
A-n64-k9 	BT-3   64   10    128    0   1402   1426   1426    128   0.9189    0.017
A-n64-k9 	BT-3   64   10    128    1   1402   1426   1426    128   0.8365    0.017
A-n64-k9 	BT-3   64    6    128    0   1402   1426   1426    128   0.8602    0.017
A-n64-k9 	BT-3   64    6    128    1   1402   1426   1426    128   0.9101    0.017
A-n64-k9 	BT-3   64   21    256    0   1402   2135   1457    667   3.3193    0.039
A-n64-k9 	BT-3   64   21    256    1   1402   2116   1475    450   2.4858    0.052
A-n64-k9 	BT-3   64   10    128    0   1402   1426   1426    128   0.8389    0.017
A-n64-k9 	BT-3   64   10    128    1   1402   1426   1426    128   0.8574    0.017
A-n64-k9 	BT-3   64    6    128    0   1402   1426   1426    128   0.9314    0.017
A-n64-k9 	BT-3   64    6    128    1   1402   1426   1426    128   0.8669    0.017
A-n64-k9 	BT-3   64   21    256    0   1402   2135   1462    346   1.7177    0.043
A-n64-k9 	BT-3   64   21    256    1   1402   2116   1475    506   2.4977    0.052
A-n64-k9 	BT-3   64   10    128    0   1402   1426   1426    128   0.8027    0.017
A-n64-k9 	BT-3   64   10    128    1   1402   1426   1426    128   0.8056    0.017
A-n64-k9 	BT-3   64    6    128    0   1402   1426   1426    128   0.8162    0.017
A-n64-k9 	BT-3   64    6    128    1   1402   1426   1426    128   0.8029    0.017
A-n64-k9 	BT-3   64   21    256    0   1402   2135   1479    609   2.9486    0.055
A-n64-k9 	BT-3   64   21    256    1   1402   2116   1493    513   2.5347    0.065
A-n64-k9 	BT-3   64   10    128    0   1402   1426   1426    128   0.8145    0.017
A-n64-k9 	BT-3   64   10    128    1   1402   1426   1426    128   0.7991    0.017
A-n64-k9 	BT-3   64    6    128    0   1402   1426   1426    128   0.8025    0.017
A-n64-k9 	BT-3   64    6    128    1   1402   1426   1426    128   0.8037    0.017
A-n64-k9 	BT-3   64   21    256    0   1402   2135   1522    321   1.5941    0.086
A-n64-k9 	BT-3   64   21    256    1   1402   2116   1475    441   2.1753    0.052
A-n64-k9 	BT-3   64   10    128    0   1402   1426   1426    128   0.8145    0.017
A-n64-k9 	BT-3   64   10    128    1   1402   1426   1426    128   0.8043    0.017
A-n64-k9 	BT-3   64    6    128    0   1402   1426   1426    128   0.8046    0.017
A-n64-k9 	BT-3   64    6    128    1   1402   1426   1426    128   0.8037    0.017
A-n64-k9 	BT-3   64   21    256    0   1402   2135   1522    304   1.5445    0.086
A-n64-k9 	BT-3   64   21    256    1   1402   2116   1475    497   2.5246    0.052
A-n64-k9 	BT-3   64   10    128    0   1402   1426   1426    128   0.8174    0.017
A-n64-k9 	BT-3   64   10    128    1   1402   1426   1426    128   0.8026    0.017
A-n64-k9 	BT-3   64    6    128    0   1402   1426   1426    128   0.8081    0.017
A-n64-k9 	BT-3   64    6    128    1   1402   1426   1426    128   0.8067    0.017
A-n64-k9 	BT-3   64   21    256    0   1402   2135   1522    304   1.5475    0.086
A-n64-k9 	BT-3   64   21    256    1   1402   2116   1475    532   2.7238    0.052
A-n64-k9 	BT-3   64   10    128    0   1402   1426   1426    128   0.8038    0.017
A-n64-k9 	BT-3   64   10    128    1   1402   1426   1426    128   0.8004    0.017
A-n64-k9 	BT-3   64    6    128    0   1402   1426   1426    128   0.8113    0.017
A-n64-k9 	BT-3   64    6    128    1   1402   1426   1426    128   0.8024    0.017
A-n64-k9 	BT-3   64   21    256    0   1402   2135   1490    392   1.9439    0.063
A-n64-k9 	BT-3   64   21    256    1   1402   2116   1475    509   2.5681    0.052
A-n64-k9 	BT-3   64   10    128    0   1402   1426   1426    128   0.8574    0.017
A-n64-k9 	BT-3   64   10    128    1   1402   1426   1426    128   0.8023    0.017
A-n64-k9 	BT-3   64    6    128    0   1402   1426   1426    128   0.8064    0.017
A-n64-k9 	BT-3   64    6    128    1   1402   1426   1426    128   0.8024    0.017
A-n64-k9 	BT-3   64   21    256    0   1402   2135   1458    908   4.3953    0.040
A-n64-k9 	BT-3   64   21    256    1   1402   2116   1475    468   2.2867    0.052
A-n64-k9 	BT-3   64   10    128    0   1402   1426   1426    128   0.8175    0.017
A-n64-k9 	BT-3   64   10    128    1   1402   1426   1426    128   0.8031    0.017
A-n64-k9 	BT-3   64    6    128    0   1402   1426   1426    128   0.8035    0.017
A-n64-k9 	BT-3   64    6    128    1   1402   1426   1426    128   0.8000    0.017
A-n64-k9 	BT-3   64   21    256    0   1402   2135   1449    738   3.5290    0.034
A-n64-k9 	BT-3   64   21    256    1   1402   2116   1475    450   2.2264    0.052
A-n64-k9 	BT-3   64   10    128    0   1402   1426   1426    128   0.8083    0.017
A-n64-k9 	BT-3   64   10    128    1   1402   1426   1426    128   0.8078    0.017
A-n64-k9 	BT-3   64    6    128    0   1402   1426   1426    128   0.8131    0.017
A-n64-k9 	BT-3   64    6    128    1   1402   1426   1426    128   0.8040    0.017
A-n64-k9 	BT-3   64   21    256    0   1402   2135   1483    569   2.7424    0.058
A-n64-k9 	BT-3   64   21    256    1   1402   2116   1475    498   2.4382    0.052
A-n64-k9 	BT-3   64   10    128    0   1402   1426   1426    128   0.8074    0.017
A-n64-k9 	BT-3   64   10    128    1   1402   1426   1426    128   0.8544    0.017
A-n64-k9 	BT-3   64    6    128    0   1402   1426   1426    128   0.8092    0.017
A-n64-k9 	BT-3   64    6    128    1   1402   1426   1426    128   0.7959    0.017
A-n64-k9 	BT-3   64   21    256    0   1402   2135   1485    432   2.1288    0.059
A-n64-k9 	BT-3   64   21    256    1   1402   2116   1475    500   2.4478    0.052
A-n64-k9 	BT-3   64   10    128    0   1402   1426   1426    128   0.8091    0.017
A-n64-k9 	BT-3   64   10    128    1   1402   1426   1426    128   0.7994    0.017
A-n64-k9 	BT-3   64    6    128    0   1402   1426   1426    128   0.9395    0.017
A-n64-k9 	BT-3   64    6    128    1   1402   1426   1426    128   0.8081    0.017
A-n64-k9 	BT-3   64   21    256    0   1402   2135   1453    622   3.0398    0.036
A-n64-k9 	BT-3   64   21    256    1   1402   2116   1475    503   2.5160    0.052
A-n64-k9 	BT-3   64   10    128    0   1402   1426   1426    128   0.8089    0.017
A-n64-k9 	BT-3   64   10    128    1   1402   1426   1426    128   0.8071    0.017
A-n64-k9 	BT-3   64    6    128    0   1402   1426   1426    128   0.8053    0.017
A-n64-k9 	BT-3   64    6    128    1   1402   1426   1426    128   0.9273    0.017
A-n64-k9 	BT-3   64   21    256    0   1402   2135   1467    339   1.6356    0.046
A-n64-k9 	BT-3   64   21    256    1   1402   2116   1475    440   2.1549    0.052
A-n64-k9 	BT-3   64   10    128    0   1402   1426   1426    128   0.7953    0.017
A-n64-k9 	BT-3   64   10    128    1   1402   1426   1426    128   0.8208    0.017
A-n64-k9 	BT-3   64    6    128    0   1402   1426   1426    128   0.8033    0.017
A-n64-k9 	BT-3   64    6    128    1   1402   1426   1426    128   0.8099    0.017
A-n64-k9 	BT-3   64   21    256    0   1402   2135   1475    595   2.8772    0.052
A-n64-k9 	BT-3   64   21    256    1   1402   2116   1475    532   2.6054    0.052
A-n64-k9 	BT-3   64   10    128    0   1402   1426   1426    128   0.8198    0.017
A-n64-k9 	BT-3   64   10    128    1   1402   1426   1426    128   0.8088    0.017
A-n64-k9 	BT-3   64    6    128    0   1402   1426   1426    128   0.8070    0.017
A-n64-k9 	BT-3   64    6    128    1   1402   1426   1426    128   0.7980    0.017
