B-n52-k7 	BT-1   52   17    208    0    747   1326    753    221   0.6349    0.008
B-n52-k7 	BT-1   52   17    208    1    747   1085    754    226   0.6299    0.009
B-n52-k7 	BT-1   52   10    104    0    747   1092    752    107   0.3077    0.007
B-n52-k7 	BT-1   52   10    104    1    747    753    752    107   0.3045    0.007
B-n52-k7 	BT-1   52    5     52    0    747   1091    752     53   0.1676    0.007
B-n52-k7 	BT-1   52    5     52    1    747    752    752     52   0.1666    0.007
B-n52-k7 	BT-2   52   17    208    0    747   1326    761    222   0.6576    0.019
B-n52-k7 	BT-2   52   17    208    1    747   1085    781    258   0.7375    0.046
B-n52-k7 	BT-2   52   10    104    0    747    972    748    123   0.3454    0.001
B-n52-k7 	BT-2   52   10    104    1    747    761    757    120   0.3432    0.013
B-n52-k7 	BT-2   52    5     52    0    747    966    835     62   0.1937    0.118
B-n52-k7 	BT-2   52    5     52    1    747    748    748     52   0.1761    0.001
B-n52-k7 	BT-3   52   17    208    0    747   1326    760    636   2.3160    0.017
B-n52-k7 	BT-3   52   17    208    1    747   1085    749    641   2.2637    0.003
B-n52-k7 	BT-3   52   10    104    0    747   1094    748    155   0.7939    0.001
B-n52-k7 	BT-3   52   10    104    1    747    749    749    104   0.6953    0.003
B-n52-k7 	BT-3   52    5     52    0    747   1046    749     86   0.4376    0.003
B-n52-k7 	BT-3   52    5     52    1    747    748    748     52   0.3794    0.001
B-n52-k7 	BT-3   52   17    208    0    747   1326    777    246   1.3259    0.040
B-n52-k7 	BT-3   52   17    208    1    747   1085    757    517   2.0997    0.013
B-n52-k7 	BT-3   52   10    104    0    747   1046    748    161   0.7831    0.001
B-n52-k7 	BT-3   52   10    104    1    747    748    748    104   0.6965    0.001
B-n52-k7 	BT-3   52    5     52    0    747   1046    749     88   0.4341    0.003
B-n52-k7 	BT-3   52    5     52    1    747    748    748     52   0.3820    0.001
B-n52-k7 	BT-3   52   17    208    0    747   1326    763    253   1.3265    0.021
B-n52-k7 	BT-3   52   17    208    1    747   1085    761    254   1.3372    0.019
B-n52-k7 	BT-3   52   10    104    0    747   1046    749    170   0.8127    0.003
B-n52-k7 	BT-3   52   10    104    1    747    748    748    104   0.6956    0.001
B-n52-k7 	BT-3   52    5     52    0    747   1046    748    133   0.6845    0.001
B-n52-k7 	BT-3   52    5     52    1    747    748    748     52   0.3822    0.001
B-n52-k7 	BT-3   52   17    208    0    747   1326    763    253   1.2526    0.021
B-n52-k7 	BT-3   52   17    208    1    747   1085    761    254   1.2660    0.019
B-n52-k7 	BT-3   52   10    104    0    747   1046    750    130   0.7090    0.004
B-n52-k7 	BT-3   52   10    104    1    747    748    748    104   0.6854    0.001
B-n52-k7 	BT-3   52    5     52    0    747   1046    749     87   0.4509    0.003
B-n52-k7 	BT-3   52    5     52    1    747    748    748     52   0.3810    0.001
B-n52-k7 	BT-3   52   17    208    0    747   1326    758    356   1.5174    0.015
B-n52-k7 	BT-3   52   17    208    1    747   1085    752    294   1.3491    0.007
B-n52-k7 	BT-3   52   10    104    0    747   1046    748    162   0.7958    0.001
B-n52-k7 	BT-3   52   10    104    1    747    748    748    104   0.6899    0.001
B-n52-k7 	BT-3   52    5     52    0    747   1046    748     88   0.4362    0.001
B-n52-k7 	BT-3   52    5     52    1    747    748    747     91   0.4771    0.000
B-n52-k7 	BT-3   52   17    208    0    747   1326    757    272   1.3304    0.013
B-n52-k7 	BT-3   52   17    208    1    747   1085    755    256   1.2880    0.011
B-n52-k7 	BT-3   52   10    104    0    747   1158    758    136   0.7620    0.015
B-n52-k7 	BT-3   52   10    104    1    747    747    747    104   0.6883    0.000
B-n52-k7 	BT-3   52    5     52    0    747   1158    760    103   0.4755    0.017
B-n52-k7 	BT-3   52    5     52    1    747    747    747     52   0.3815    0.000
B-n52-k7 	BT-3   52   17    208    0    747   1326    763    253   1.2949    0.021
B-n52-k7 	BT-3   52   17    208    1    747   1085    749    419   1.6848    0.003
B-n52-k7 	BT-3   52   10    104    0    747   1158    753    147   0.7933    0.008
B-n52-k7 	BT-3   52   10    104    1    747    747    747    104   0.6911    0.000
B-n52-k7 	BT-3   52    5     52    0    747   1158    765     99   0.4597    0.024
B-n52-k7 	BT-3   52    5     52    1    747    747    747     52   0.3819    0.000
B-n52-k7 	BT-3   52   17    208    0    747   1326    769    330   1.4703    0.029
B-n52-k7 	BT-3   52   17    208    1    747   1085    765    476   1.8581    0.024
B-n52-k7 	BT-3   52   10    104    0    747   1158    755    254   1.0501    0.011
B-n52-k7 	BT-3   52   10    104    1    747    747    747    104   0.6912    0.000
B-n52-k7 	BT-3   52    5     52    0    747   1158    756    152   0.6405    0.012
B-n52-k7 	BT-3   52    5     52    1    747    747    747     52   0.3811    0.000
B-n52-k7 	BT-3   52   17    208    0    747   1326    763    253   1.2771    0.021
B-n52-k7 	BT-3   52   17    208    1    747   1085    755    429   1.7237    0.011
B-n52-k7 	BT-3   52   10    104    0    747   1158    756    259   1.0419    0.012
B-n52-k7 	BT-3   52   10    104    1    747    747    747    104   0.6952    0.000
B-n52-k7 	BT-3   52    5     52    0    747   1158    758     90   0.4500    0.015
B-n52-k7 	BT-3   52    5     52    1    747    747    747     52   0.3825    0.000
B-n52-k7 	BT-3   52   17    208    0    747   1326    757    247   1.2680    0.013
B-n52-k7 	BT-3   52   17    208    1    747   1085    760    309   1.4245    0.017
B-n52-k7 	BT-3   52   10    104    0    747   1158    747    139   0.7714    0.000
B-n52-k7 	BT-3   52   10    104    1    747    747    747    104   0.6955    0.000
B-n52-k7 	BT-3   52    5     52    0    747   1158    747     79   0.4433    0.000
B-n52-k7 	BT-3   52    5     52    1    747    747    747     52   0.4037    0.000
B-n52-k7 	BT-3   52   17    208    0    747   1326    766    345   1.5032    0.025
B-n52-k7 	BT-3   52   17    208    1    747   1085    754    262   1.3144    0.009
B-n52-k7 	BT-3   52   10    104    0    747   1158    752    200   0.8924    0.007
B-n52-k7 	BT-3   52   10    104    1    747    747    747    104   0.6894    0.000
B-n52-k7 	BT-3   52    5     52    0    747   1158    749     96   0.4692    0.003
B-n52-k7 	BT-3   52    5     52    1    747    747    747     52   0.4039    0.000
B-n52-k7 	BT-3   52   17    208    0    747   1326    763    253   1.2524    0.021
B-n52-k7 	BT-3   52   17    208    1    747   1085    754    894   2.9072    0.009
B-n52-k7 	BT-3   52   10    104    0    747   1158    759    139   0.7531    0.016
B-n52-k7 	BT-3   52   10    104    1    747    747    747    104   0.6851    0.000
B-n52-k7 	BT-3   52    5     52    0    747   1158    756    114   0.5441    0.012
B-n52-k7 	BT-3   52    5     52    1    747    747    747     52   0.4004    0.000
B-n52-k7 	BT-3   52   17    208    0    747   1326    757    272   1.3087    0.013
B-n52-k7 	BT-3   52   17    208    1    747   1085    758    306   1.4433    0.015
B-n52-k7 	BT-3   52   10    104    0    747   1158    752    229   1.1937    0.007
B-n52-k7 	BT-3   52   10    104    1    747    747    747    104   0.6865    0.000
B-n52-k7 	BT-3   52    5     52    0    747   1158    754    119   0.5437    0.009
B-n52-k7 	BT-3   52    5     52    1    747    747    747     52   0.4028    0.000
B-n52-k7 	BT-3   52   17    208    0    747   1326    758    318   1.4056    0.015
B-n52-k7 	BT-3   52   17    208    1    747   1085    758    374   1.5723    0.015
B-n52-k7 	BT-3   52   10    104    0    747   1158    763    155   0.8027    0.021
B-n52-k7 	BT-3   52   10    104    1    747    747    747    104   0.7004    0.000
B-n52-k7 	BT-3   52    5     52    0    747   1158    757    121   0.5622    0.013
B-n52-k7 	BT-3   52    5     52    1    747    747    747     52   0.4138    0.000
B-n52-k7 	BT-3   52   17    208    0    747   1326    755    258   1.2943    0.011
B-n52-k7 	BT-3   52   17    208    1    747   1085    758    245   1.2622    0.015
B-n52-k7 	BT-3   52   10    104    0    747   1158    756    147   0.7930    0.012
B-n52-k7 	BT-3   52   10    104    1    747    747    747    104   0.6894    0.000
B-n52-k7 	BT-3   52    5     52    0    747   1158    754    125   0.5542    0.009
B-n52-k7 	BT-3   52    5     52    1    747    747    747     52   0.4006    0.000
B-n52-k7 	BT-3   52   17    208    0    747   1326    777    246   1.2692    0.040
B-n52-k7 	BT-3   52   17    208    1    747   1085    749    325   1.4499    0.003
B-n52-k7 	BT-3   52   10    104    0    747   1158    753    134   0.7359    0.008
B-n52-k7 	BT-3   52   10    104    1    747    747    747    104   0.6865    0.000
B-n52-k7 	BT-3   52    5     52    0    747   1158    756    124   0.5493    0.012
B-n52-k7 	BT-3   52    5     52    1    747    747    747     52   0.4070    0.000
B-n52-k7 	BT-3   52   17    208    0    747   1326    752    245   1.2319    0.007
B-n52-k7 	BT-3   52   17    208    1    747   1085    750    549   2.0488    0.004
B-n52-k7 	BT-3   52   10    104    0    747   1158    749    158   0.7915    0.003
B-n52-k7 	BT-3   52   10    104    1    747    747    747    104   0.6900    0.000
B-n52-k7 	BT-3   52    5     52    0    747   1158    755    119   0.5346    0.011
B-n52-k7 	BT-3   52    5     52    1    747    747    747     52   0.4022    0.000
B-n52-k7 	BT-3   52   17    208    0    747   1326    749    527   1.9414    0.003
B-n52-k7 	BT-3   52   17    208    1    747   1085    771    307   1.4707    0.032
B-n52-k7 	BT-3   52   10    104    0    747   1158    750    158   0.8006    0.004
B-n52-k7 	BT-3   52   10    104    1    747    747    747    104   0.6890    0.000
B-n52-k7 	BT-3   52    5     52    0    747   1158    753    179   0.7197    0.008
B-n52-k7 	BT-3   52    5     52    1    747    747    747     52   0.3999    0.000
B-n52-k7 	BT-3   52   17    208    0    747   1326    756    278   1.2906    0.012
B-n52-k7 	BT-3   52   17    208    1    747   1085    748    681   2.4058    0.001
B-n52-k7 	BT-3   52   10    104    0    747   1158    753    161   0.8107    0.008
B-n52-k7 	BT-3   52   10    104    1    747    747    747    104   0.6920    0.000
B-n52-k7 	BT-3   52    5     52    0    747   1158    757     95   0.4817    0.013
B-n52-k7 	BT-3   52    5     52    1    747    747    747     52   0.4028    0.000
B-n52-k7 	BT-3   52   17    208    0    747   1326    755    301   1.3739    0.011
B-n52-k7 	BT-3   52   17    208    1    747   1085    752    579   2.1336    0.007
B-n52-k7 	BT-3   52   10    104    0    747   1158    752    154   0.8033    0.007
B-n52-k7 	BT-3   52   10    104    1    747    747    747    104   0.6877    0.000
B-n52-k7 	BT-3   52    5     52    0    747   1158    753     97   0.4873    0.008
B-n52-k7 	BT-3   52    5     52    1    747    747    747     52   0.4012    0.000
B-n52-k7 	BT-3   52   17    208    0    747   1326    751    438   1.7012    0.005
B-n52-k7 	BT-3   52   17    208    1    747   1085    751    331   1.4568    0.005
B-n52-k7 	BT-3   52   10    104    0    747   1158    753    147   0.7657    0.008
B-n52-k7 	BT-3   52   10    104    1    747    747    747    104   0.7201    0.000
B-n52-k7 	BT-3   52    5     52    0    747   1158    748    158   0.6658    0.001
B-n52-k7 	BT-3   52    5     52    1    747    747    747     52   0.4028    0.000
B-n52-k7 	BT-3   52   17    208    0    747   1326    755    473   1.7964    0.011
B-n52-k7 	BT-3   52   17    208    1    747   1085    752    317   1.4280    0.007
B-n52-k7 	BT-3   52   10    104    0    747   1158    749    247   1.0278    0.003
B-n52-k7 	BT-3   52   10    104    1    747    747    747    104   0.7008    0.000
B-n52-k7 	BT-3   52    5     52    0    747   1158    748    130   0.5925    0.001
B-n52-k7 	BT-3   52    5     52    1    747    747    747     52   0.4040    0.000
B-n52-k7 	BT-3   52   17    208    0    747   1326    755    465   1.7692    0.011
B-n52-k7 	BT-3   52   17    208    1    747   1085    779    339   1.5244    0.043
B-n52-k7 	BT-3   52   10    104    0    747   1158    763    240   1.0497    0.021
B-n52-k7 	BT-3   52   10    104    1    747    747    747    104   0.6929    0.000
B-n52-k7 	BT-3   52    5     52    0    747   1158    753     83   0.4784    0.008
B-n52-k7 	BT-3   52    5     52    1    747    747    747     52   0.4013    0.000
B-n52-k7 	BT-3   52   17    208    0    747   1326    758    318   1.4327    0.015
B-n52-k7 	BT-3   52   17    208    1    747   1085    773    591   2.1755    0.035
B-n52-k7 	BT-3   52   10    104    0    747   1158    748    184   0.8389    0.001
B-n52-k7 	BT-3   52   10    104    1    747    747    747    104   0.6926    0.000
B-n52-k7 	BT-3   52    5     52    0    747   1158    762    133   0.6365    0.020
B-n52-k7 	BT-3   52    5     52    1    747    747    747     52   0.4005    0.000
B-n52-k7 	BT-3   52   17    208    0    747   1326    762    252   1.3040    0.020
B-n52-k7 	BT-3   52   17    208    1    747   1085    765    342   1.5501    0.024
B-n52-k7 	BT-3   52   10    104    0    747   1158    753    161   0.8175    0.008
B-n52-k7 	BT-3   52   10    104    1    747    747    747    104   0.7025    0.000
B-n52-k7 	BT-3   52    5     52    0    747   1158    782     77   0.4341    0.047
B-n52-k7 	BT-3   52    5     52    1    747    747    747     52   0.4053    0.000
B-n52-k7 	BT-3   52   17    208    0    747   1326    757    550   2.0069    0.013
B-n52-k7 	BT-3   52   17    208    1    747   1085    752    350   1.5197    0.007
B-n52-k7 	BT-3   52   10    104    0    747   1158    752    187   0.8675    0.007
B-n52-k7 	BT-3   52   10    104    1    747    747    747    104   0.6983    0.000
B-n52-k7 	BT-3   52    5     52    0    747   1158    754    164   0.6618    0.009
B-n52-k7 	BT-3   52    5     52    1    747    747    747     52   0.4070    0.000
B-n52-k7 	BT-3   52   17    208    0    747   1326    771    250   1.2834    0.032
B-n52-k7 	BT-3   52   17    208    1    747   1085    758    296   1.3960    0.015
B-n52-k7 	BT-3   52   10    104    0    747   1158    763    174   0.8521    0.021
B-n52-k7 	BT-3   52   10    104    1    747    747    747    104   0.7130    0.000
B-n52-k7 	BT-3   52    5     52    0    747   1158    772    143   0.6057    0.033
B-n52-k7 	BT-3   52    5     52    1    747    747    747     52   0.4036    0.000
B-n52-k7 	BT-3   52   17    208    0    747   1326    763    253   1.2438    0.021
B-n52-k7 	BT-3   52   17    208    1    747   1085    757    268   1.3751    0.013
B-n52-k7 	BT-3   52   10    104    0    747   1158    753    278   1.1314    0.008
B-n52-k7 	BT-3   52   10    104    1    747    747    747    104   0.6990    0.000
B-n52-k7 	BT-3   52    5     52    0    747   1158    749     97   0.4747    0.003
B-n52-k7 	BT-3   52    5     52    1    747    747    747     52   0.4080    0.000
B-n52-k7 	BT-3   52   17    208    0    747   1326    763    253   1.2760    0.021
B-n52-k7 	BT-3   52   17    208    1    747   1085    751    464   1.8500    0.005
B-n52-k7 	BT-3   52   10    104    0    747   1158    753    142   0.7666    0.008
B-n52-k7 	BT-3   52   10    104    1    747    747    747    104   0.6988    0.000
B-n52-k7 	BT-3   52    5     52    0    747   1158    752    100   0.4776    0.007
B-n52-k7 	BT-3   52    5     52    1    747    747    747     52   0.4033    0.000
B-n52-k7 	BT-3   52   17    208    0    747   1326    748    446   1.7282    0.001
B-n52-k7 	BT-3   52   17    208    1    747   1085    756    311   1.4139    0.012
B-n52-k7 	BT-3   52   10    104    0    747   1158    749    162   0.8307    0.003
B-n52-k7 	BT-3   52   10    104    1    747    747    747    104   0.6941    0.000
B-n52-k7 	BT-3   52    5     52    0    747   1158    750    113   0.5302    0.004
B-n52-k7 	BT-3   52    5     52    1    747    747    747     52   0.4194    0.000
B-n52-k7 	BT-3   52   17    208    0    747   1326    764    246   1.2704    0.023
B-n52-k7 	BT-3   52   17    208    1    747   1085    750    444   1.7812    0.004
B-n52-k7 	BT-3   52   10    104    0    747   1158    748    195   0.8887    0.001
B-n52-k7 	BT-3   52   10    104    1    747    747    747    104   0.6879    0.000
B-n52-k7 	BT-3   52    5     52    0    747   1158    757    107   0.5247    0.013
B-n52-k7 	BT-3   52    5     52    1    747    747    747     52   0.4010    0.000
B-n52-k7 	BT-3   52   17    208    0    747   1326    774    251   1.2765    0.036
B-n52-k7 	BT-3   52   17    208    1    747   1085    750    572   2.0995    0.004
B-n52-k7 	BT-3   52   10    104    0    747   1158    758    146   0.7723    0.015
B-n52-k7 	BT-3   52   10    104    1    747    747    747    104   0.6993    0.000
B-n52-k7 	BT-3   52    5     52    0    747   1158    748     86   0.4752    0.001
B-n52-k7 	BT-3   52    5     52    1    747    747    747     52   0.4063    0.000
B-n52-k7 	BT-3   52   17    208    0    747   1326    763    253   1.2472    0.021
B-n52-k7 	BT-3   52   17    208    1    747   1085    754    342   1.5317    0.009
B-n52-k7 	BT-3   52   10    104    0    747   1158    758    134   0.7523    0.015
B-n52-k7 	BT-3   52   10    104    1    747    747    747    104   0.6964    0.000
B-n52-k7 	BT-3   52    5     52    0    747   1158    764     95   0.4740    0.023
B-n52-k7 	BT-3   52    5     52    1    747    747    747     52   0.4001    0.000
B-n52-k7 	BT-3   52   17    208    0    747   1326    763    253   1.2412    0.021
B-n52-k7 	BT-3   52   17    208    1    747   1085    759    574   2.1062    0.016
B-n52-k7 	BT-3   52   10    104    0    747   1158    758    210   0.9216    0.015
B-n52-k7 	BT-3   52   10    104    1    747    747    747    104   0.6912    0.000
B-n52-k7 	BT-3   52    5     52    0    747   1158    756    142   0.5953    0.012
B-n52-k7 	BT-3   52    5     52    1    747    747    747     52   0.4000    0.000
B-n52-k7 	BT-3   52   17    208    0    747   1326    749    638   2.2265    0.003
B-n52-k7 	BT-3   52   17    208    1    747   1085    765    274   1.3672    0.024
B-n52-k7 	BT-3   52   10    104    0    747   1158    748    230   0.9588    0.001
B-n52-k7 	BT-3   52   10    104    1    747    747    747    104   0.6920    0.000
B-n52-k7 	BT-3   52    5     52    0    747   1158    758     96   0.4800    0.015
B-n52-k7 	BT-3   52    5     52    1    747    747    747     52   0.4013    0.000
B-n52-k7 	BT-3   52   17    208    0    747   1326    763    253   1.2454    0.021
B-n52-k7 	BT-3   52   17    208    1    747   1085    749    309   1.4207    0.003
B-n52-k7 	BT-3   52   10    104    0    747   1158    766    228   0.9709    0.025
B-n52-k7 	BT-3   52   10    104    1    747    747    747    104   0.6898    0.000
B-n52-k7 	BT-3   52    5     52    0    747   1158    770     93   0.4733    0.031
B-n52-k7 	BT-3   52    5     52    1    747    747    747     52   0.4048    0.000
B-n52-k7 	BT-3   52   17    208    0    747   1326    763    253   1.2512    0.021
B-n52-k7 	BT-3   52   17    208    1    747   1085    755    336   1.4753    0.011
B-n52-k7 	BT-3   52   10    104    0    747   1158    752    155   0.7866    0.007
B-n52-k7 	BT-3   52   10    104    1    747    747    747    104   0.6895    0.000
B-n52-k7 	BT-3   52    5     52    0    747   1158    751    141   0.6303    0.005
B-n52-k7 	BT-3   52    5     52    1    747    747    747     52   0.4009    0.000
B-n52-k7 	BT-3   52   17    208    0    747   1326    763    253   1.2691    0.021
B-n52-k7 	BT-3   52   17    208    1    747   1085    749    312   1.4219    0.003
B-n52-k7 	BT-3   52   10    104    0    747   1158    747    147   0.7603    0.000
B-n52-k7 	BT-3   52   10    104    1    747    747    747    104   0.6914    0.000
B-n52-k7 	BT-3   52    5     52    0    747   1158    756     82   0.4369    0.012
B-n52-k7 	BT-3   52    5     52    1    747    747    747     52   0.3809    0.000
B-n52-k7 	BT-3   52   17    208    0    747   1326    763    253   1.2546    0.021
B-n52-k7 	BT-3   52   17    208    1    747   1085    752    460   1.8105    0.007
B-n52-k7 	BT-3   52   10    104    0    747   1158    747    207   0.9060    0.000
B-n52-k7 	BT-3   52   10    104    1    747    747    747    104   0.6866    0.000
B-n52-k7 	BT-3   52    5     52    0    747   1158    766    115   0.5137    0.025
B-n52-k7 	BT-3   52    5     52    1    747    747    747     52   0.3877    0.000
B-n52-k7 	BT-3   52   17    208    0    747   1326    749    456   1.7951    0.003
B-n52-k7 	BT-3   52   17    208    1    747   1085    747    454   1.8024    0.000
B-n52-k7 	BT-3   52   10    104    0    747   1158    763    141   0.7437    0.021
B-n52-k7 	BT-3   52   10    104    1    747    747    747    104   0.6894    0.000
B-n52-k7 	BT-3   52    5     52    0    747   1158    761    117   0.5242    0.019
B-n52-k7 	BT-3   52    5     52    1    747    747    747     52   0.3868    0.000
B-n52-k7 	BT-3   52   17    208    0    747   1326    759    296   1.3500    0.016
B-n52-k7 	BT-3   52   17    208    1    747   1085    761    623   2.2010    0.019
B-n52-k7 	BT-3   52   10    104    0    747   1158    757    195   0.9382    0.013
B-n52-k7 	BT-3   52   10    104    1    747    747    747    104   0.7452    0.000
B-n52-k7 	BT-3   52    5     52    0    747   1158    748     69   0.4275    0.001
B-n52-k7 	BT-3   52    5     52    1    747    747    747     52   0.3962    0.000
B-n52-k7 	BT-3   52   17    208    0    747   1326    763    253   1.2517    0.021
B-n52-k7 	BT-3   52   17    208    1    747   1085    752    477   1.8303    0.007
B-n52-k7 	BT-3   52   10    104    0    747   1158    752    162   0.8542    0.007
B-n52-k7 	BT-3   52   10    104    1    747    747    747    104   0.7381    0.000
B-n52-k7 	BT-3   52    5     52    0    747   1158    759     84   0.4444    0.016
B-n52-k7 	BT-3   52    5     52    1    747    747    747     52   0.3920    0.000
B-n52-k7 	BT-3   52   17    208    0    747   1326    749    529   1.9220    0.003
B-n52-k7 	BT-3   52   17    208    1    747   1085    752    276   1.3434    0.007
B-n52-k7 	BT-3   52   10    104    0    747   1158    752    178   0.8356    0.007
B-n52-k7 	BT-3   52   10    104    1    747    747    747    104   0.6911    0.000
B-n52-k7 	BT-3   52    5     52    0    747   1158    747     86   0.4238    0.000
B-n52-k7 	BT-3   52    5     52    1    747    747    747     52   0.3859    0.000
B-n52-k7 	BT-3   52   17    208    0    747   1326    763    253   1.3112    0.021
B-n52-k7 	BT-3   52   17    208    1    747   1085    757    330   1.5314    0.013
B-n52-k7 	BT-3   52   10    104    0    747   1158    757    171   0.8150    0.013
B-n52-k7 	BT-3   52   10    104    1    747    747    747    104   0.7045    0.000
B-n52-k7 	BT-3   52    5     52    0    747   1158    765    150   0.6511    0.024
B-n52-k7 	BT-3   52    5     52    1    747    747    747     52   0.3880    0.000
B-n52-k7 	BT-3   52   17    208    0    747   1326    763    253   1.3181    0.021
B-n52-k7 	BT-3   52   17    208    1    747   1085    749    380   1.7117    0.003
B-n52-k7 	BT-3   52   10    104    0    747   1158    797    132   0.7334    0.067
B-n52-k7 	BT-3   52   10    104    1    747    747    747    104   0.7015    0.000
B-n52-k7 	BT-3   52    5     52    0    747   1158    747     83   0.4358    0.000
B-n52-k7 	BT-3   52    5     52    1    747    747    747     52   0.3885    0.000
B-n52-k7 	BT-3   52   17    208    0    747   1326    771    251   1.2833    0.032
B-n52-k7 	BT-3   52   17    208    1    747   1085    758    255   1.2844    0.015
B-n52-k7 	BT-3   52   10    104    0    747   1158    752    232   0.9613    0.007
B-n52-k7 	BT-3   52   10    104    1    747    747    747    104   0.6879    0.000
B-n52-k7 	BT-3   52    5     52    0    747   1158    754    103   0.4823    0.009
B-n52-k7 	BT-3   52    5     52    1    747    747    747     52   0.3860    0.000
B-n52-k7 	BT-3   52   17    208    0    747   1326    757    272   1.2976    0.013
B-n52-k7 	BT-3   52   17    208    1    747   1085    747    303   1.3692    0.000
B-n52-k7 	BT-3   52   10    104    0    747   1158    756    166   0.8387    0.012
B-n52-k7 	BT-3   52   10    104    1    747    747    747    104   0.6972    0.000
B-n52-k7 	BT-3   52    5     52    0    747   1158    757    143   0.5842    0.013
B-n52-k7 	BT-3   52    5     52    1    747    747    747     52   0.3936    0.000
B-n52-k7 	BT-3   52   17    208    0    747   1326    763    253   1.2634    0.021
B-n52-k7 	BT-3   52   17    208    1    747   1085    754    381   1.6129    0.009
B-n52-k7 	BT-3   52   10    104    0    747   1158    753    161   0.8054    0.008
B-n52-k7 	BT-3   52   10    104    1    747    747    747    104   0.6959    0.000
B-n52-k7 	BT-3   52    5     52    0    747   1158    751    144   0.6138    0.005
B-n52-k7 	BT-3   52    5     52    1    747    747    747     52   0.3923    0.000
B-n52-k7 	BT-3   52   17    208    0    747   1326    763    253   1.3163    0.021
B-n52-k7 	BT-3   52   17    208    1    747   1085    750    426   1.7070    0.004
B-n52-k7 	BT-3   52   10    104    0    747   1158    752    219   0.9810    0.007
B-n52-k7 	BT-3   52   10    104    1    747    747    747    104   0.7139    0.000
B-n52-k7 	BT-3   52    5     52    0    747   1158    751     97   0.4644    0.005
B-n52-k7 	BT-3   52    5     52    1    747    747    747     52   0.3881    0.000
B-n52-k7 	BT-3   52   17    208    0    747   1326    757    272   1.3074    0.013
B-n52-k7 	BT-3   52   17    208    1    747   1085    751    470   1.8312    0.005
B-n52-k7 	BT-3   52   10    104    0    747   1158    753    278   1.1625    0.008
B-n52-k7 	BT-3   52   10    104    1    747    747    747    104   0.6919    0.000
B-n52-k7 	BT-3   52    5     52    0    747   1158    748    184   0.6829    0.001
B-n52-k7 	BT-3   52    5     52    1    747    747    747     52   0.4018    0.000
B-n52-k7 	BT-3   52   17    208    0    747   1326    756    373   1.5510    0.012
B-n52-k7 	BT-3   52   17    208    1    747   1085    751    353   1.5155    0.005
B-n52-k7 	BT-3   52   10    104    0    747   1158    758    204   0.9045    0.015
B-n52-k7 	BT-3   52   10    104    1    747    747    747    104   0.6909    0.000
B-n52-k7 	BT-3   52    5     52    0    747   1158    747     85   0.4202    0.000
B-n52-k7 	BT-3   52    5     52    1    747    747    747     52   0.3870    0.000
B-n52-k7 	BT-3   52   17    208    0    747   1326    753    379   1.6213    0.008
B-n52-k7 	BT-3   52   17    208    1    747   1085    751    335   1.5463    0.005
B-n52-k7 	BT-3   52   10    104    0    747   1158    747    137   0.7297    0.000
B-n52-k7 	BT-3   52   10    104    1    747    747    747    104   0.7140    0.000
B-n52-k7 	BT-3   52    5     52    0    747   1158    751    187   0.6892    0.005
B-n52-k7 	BT-3   52    5     52    1    747    747    747     52   0.3855    0.000
B-n52-k7 	BT-3   52   17    208    0    747   1326    763    253   1.3111    0.021
B-n52-k7 	BT-3   52   17    208    1    747   1085    763    358   1.6347    0.021
B-n52-k7 	BT-3   52   10    104    0    747   1158    748    158   0.7848    0.001
B-n52-k7 	BT-3   52   10    104    1    747    747    747    104   0.7073    0.000
B-n52-k7 	BT-3   52    5     52    0    747   1158    761    110   0.4812    0.019
B-n52-k7 	BT-3   52    5     52    1    747    747    747     52   0.3835    0.000
B-n52-k7 	BT-3   52   17    208    0    747   1326    748    248   1.3143    0.001
B-n52-k7 	BT-3   52   17    208    1    747   1085    753    381   1.6996    0.008
B-n52-k7 	BT-3   52   10    104    0    747   1158    753    266   1.1159    0.008
B-n52-k7 	BT-3   52   10    104    1    747    747    747    104   0.6980    0.000
B-n52-k7 	BT-3   52    5     52    0    747   1158    752     71   0.4238    0.007
B-n52-k7 	BT-3   52    5     52    1    747    747    747     52   0.3831    0.000
B-n52-k7 	BT-3   52   17    208    0    747   1326    763    253   1.3233    0.021
B-n52-k7 	BT-3   52   17    208    1    747   1085    757    506   2.0473    0.013
B-n52-k7 	BT-3   52   10    104    0    747   1158    752    209   0.9331    0.007
B-n52-k7 	BT-3   52   10    104    1    747    747    747    104   0.7026    0.000
B-n52-k7 	BT-3   52    5     52    0    747   1158    755    146   0.5785    0.011
B-n52-k7 	BT-3   52    5     52    1    747    747    747     52   0.3822    0.000
B-n52-k7 	BT-3   52   17    208    0    747   1326    763    253   1.3136    0.021
B-n52-k7 	BT-3   52   17    208    1    747   1085    759    420   1.7897    0.016
B-n52-k7 	BT-3   52   10    104    0    747   1158    755    190   0.8811    0.011
B-n52-k7 	BT-3   52   10    104    1    747    747    747    104   0.7001    0.000
B-n52-k7 	BT-3   52    5     52    0    747   1158    751    121   0.5214    0.005
B-n52-k7 	BT-3   52    5     52    1    747    747    747     52   0.3815    0.000
B-n52-k7 	BT-3   52   17    208    0    747   1326    760    394   1.7035    0.017
B-n52-k7 	BT-3   52   17    208    1    747   1085    748    459   1.8628    0.001
B-n52-k7 	BT-3   52   10    104    0    747   1158    751    148   0.7566    0.005
B-n52-k7 	BT-3   52   10    104    1    747    747    747    104   0.6951    0.000
B-n52-k7 	BT-3   52    5     52    0    747   1158    759    239   0.8428    0.016
B-n52-k7 	BT-3   52    5     52    1    747    747    747     52   0.3826    0.000
B-n52-k7 	BT-3   52   17    208    0    747   1326    753    380   1.6467    0.008
B-n52-k7 	BT-3   52   17    208    1    747   1085    758    421   1.7818    0.015
B-n52-k7 	BT-3   52   10    104    0    747   1158    755    244   1.0247    0.011
B-n52-k7 	BT-3   52   10    104    1    747    747    747    104   0.7144    0.000
B-n52-k7 	BT-3   52    5     52    0    747   1158    754    159   0.6322    0.009
B-n52-k7 	BT-3   52    5     52    1    747    747    747     52   0.3838    0.000
B-n52-k7 	BT-3   52   17    208    0    747   1326    751    406   1.7113    0.005
B-n52-k7 	BT-3   52   17    208    1    747   1085    754    305   1.4972    0.009
B-n52-k7 	BT-3   52   10    104    0    747   1158    752    236   1.0248    0.007
B-n52-k7 	BT-3   52   10    104    1    747    747    747    104   0.6975    0.000
B-n52-k7 	BT-3   52    5     52    0    747   1158    749    134   0.5390    0.003
B-n52-k7 	BT-3   52    5     52    1    747    747    747     52   0.3832    0.000
B-n52-k7 	BT-3   52   17    208    0    747   1326    763    253   1.3156    0.021
B-n52-k7 	BT-3   52   17    208    1    747   1085    752    439   1.8322    0.007
B-n52-k7 	BT-3   52   10    104    0    747   1158    758    149   0.7605    0.015
B-n52-k7 	BT-3   52   10    104    1    747    747    747    104   0.6971    0.000
B-n52-k7 	BT-3   52    5     52    0    747   1158    760    113   0.5111    0.017
B-n52-k7 	BT-3   52    5     52    1    747    747    747     52   0.3816    0.000
B-n52-k7 	BT-3   52   17    208    0    747   1326    756    260   1.3833    0.012
B-n52-k7 	BT-3   52   17    208    1    747   1085    751    403   1.7131    0.005
B-n52-k7 	BT-3   52   10    104    0    747   1158    758    280   1.1361    0.015
B-n52-k7 	BT-3   52   10    104    1    747    747    747    104   0.6970    0.000
B-n52-k7 	BT-3   52    5     52    0    747   1158    751    102   0.4723    0.005
B-n52-k7 	BT-3   52    5     52    1    747    747    747     52   0.3857    0.000
B-n52-k7 	BT-3   52   17    208    0    747   1326    763    253   1.3156    0.021
B-n52-k7 	BT-3   52   17    208    1    747   1085    759    262   1.3465    0.016
B-n52-k7 	BT-3   52   10    104    0    747   1158    754    256   1.0386    0.009
B-n52-k7 	BT-3   52   10    104    1    747    747    747    104   0.7018    0.000
B-n52-k7 	BT-3   52    5     52    0    747   1158    751    148   0.6032    0.005
B-n52-k7 	BT-3   52    5     52    1    747    747    747     52   0.3800    0.000
B-n52-k7 	BT-3   52   17    208    0    747   1326    748    268   1.3315    0.001
B-n52-k7 	BT-3   52   17    208    1    747   1085    754    557   2.2343    0.009
B-n52-k7 	BT-3   52   10    104    0    747   1158    748    168   0.7984    0.001
B-n52-k7 	BT-3   52   10    104    1    747    747    747    104   0.7171    0.000
B-n52-k7 	BT-3   52    5     52    0    747   1158    754    104   0.4666    0.009
B-n52-k7 	BT-3   52    5     52    1    747    747    747     52   0.3834    0.000
B-n52-k7 	BT-3   52   17    208    0    747   1326    772    255   1.3423    0.033
B-n52-k7 	BT-3   52   17    208    1    747   1085    752    547   2.1464    0.007
B-n52-k7 	BT-3   52   10    104    0    747   1158    756    186   0.8733    0.012
B-n52-k7 	BT-3   52   10    104    1    747    747    747    104   0.7088    0.000
B-n52-k7 	BT-3   52    5     52    0    747   1158    758     99   0.4509    0.015
B-n52-k7 	BT-3   52    5     52    1    747    747    747     52   0.3843    0.000
B-n52-k7 	BT-3   52   17    208    0    747   1326    747    455   1.8747    0.000
B-n52-k7 	BT-3   52   17    208    1    747   1085    752    316   1.5032    0.007
B-n52-k7 	BT-3   52   10    104    0    747   1158    758    244   1.0263    0.015
B-n52-k7 	BT-3   52   10    104    1    747    747    747    104   0.6945    0.000
B-n52-k7 	BT-3   52    5     52    0    747   1158    754     95   0.4509    0.009
B-n52-k7 	BT-3   52    5     52    1    747    747    747     52   0.3802    0.000
B-n52-k7 	BT-3   52   17    208    0    747   1326    763    253   1.3236    0.021
B-n52-k7 	BT-3   52   17    208    1    747   1085    758    289   1.4703    0.015
B-n52-k7 	BT-3   52   10    104    0    747   1158    755    141   0.7469    0.011
B-n52-k7 	BT-3   52   10    104    1    747    747    747    104   0.7158    0.000
B-n52-k7 	BT-3   52    5     52    0    747   1158    748     92   0.4597    0.001
B-n52-k7 	BT-3   52    5     52    1    747    747    747     52   0.3839    0.000
B-n52-k7 	BT-3   52   17    208    0    747   1326    763    253   1.3166    0.021
B-n52-k7 	BT-3   52   17    208    1    747   1085    752    535   2.1229    0.007
B-n52-k7 	BT-3   52   10    104    0    747   1158    757    237   0.9884    0.013
B-n52-k7 	BT-3   52   10    104    1    747    747    747    104   0.6998    0.000
B-n52-k7 	BT-3   52    5     52    0    747   1158    765    121   0.5210    0.024
B-n52-k7 	BT-3   52    5     52    1    747    747    747     52   0.3823    0.000
B-n52-k7 	BT-3   52   17    208    0    747   1326    763    253   1.3263    0.021
B-n52-k7 	BT-3   52   17    208    1    747   1085    753    381   1.6655    0.008
B-n52-k7 	BT-3   52   10    104    0    747   1158    751    152   0.7955    0.005
B-n52-k7 	BT-3   52   10    104    1    747    747    747    104   0.6961    0.000
B-n52-k7 	BT-3   52    5     52    0    747   1158    752     97   0.4671    0.007
B-n52-k7 	BT-3   52    5     52    1    747    747    747     52   0.3873    0.000
B-n52-k7 	BT-3   52   17    208    0    747   1326    769    262   1.3709    0.029
B-n52-k7 	BT-3   52   17    208    1    747   1085    753    273   1.3884    0.008
B-n52-k7 	BT-3   52   10    104    0    747   1158    747    139   0.7149    0.000
B-n52-k7 	BT-3   52   10    104    1    747    747    747    104   0.6992    0.000
B-n52-k7 	BT-3   52    5     52    0    747   1158    757     83   0.4202    0.013
B-n52-k7 	BT-3   52    5     52    1    747    747    747     52   0.3822    0.000
B-n52-k7 	BT-3   52   17    208    0    747   1326    753    450   1.8397    0.008
B-n52-k7 	BT-3   52   17    208    1    747   1085    756    308   1.4689    0.012
B-n52-k7 	BT-3   52   10    104    0    747   1158    796    123   0.7007    0.066
B-n52-k7 	BT-3   52   10    104    1    747    747    747    104   0.6946    0.000
B-n52-k7 	BT-3   52    5     52    0    747   1158    754    100   0.4559    0.009
B-n52-k7 	BT-3   52    5     52    1    747    747    747     52   0.3936    0.000
B-n52-k7 	BT-3   52   17    208    0    747   1326    763    253   1.3061    0.021
B-n52-k7 	BT-3   52   17    208    1    747   1085    759    264   1.3806    0.016
B-n52-k7 	BT-3   52   10    104    0    747   1158    750    180   0.8232    0.004
B-n52-k7 	BT-3   52   10    104    1    747    747    747    104   0.6978    0.000
B-n52-k7 	BT-3   52    5     52    0    747   1158    766    127   0.5157    0.025
B-n52-k7 	BT-3   52    5     52    1    747    747    747     52   0.3823    0.000
B-n52-k7 	BT-3   52   17    208    0    747   1326    772    261   1.4465    0.033
B-n52-k7 	BT-3   52   17    208    1    747   1085    754    295   1.4614    0.009
B-n52-k7 	BT-3   52   10    104    0    747   1158    760    156   0.7870    0.017
B-n52-k7 	BT-3   52   10    104    1    747    747    747    104   0.7000    0.000
B-n52-k7 	BT-3   52    5     52    0    747   1158    749    157   0.6122    0.003
B-n52-k7 	BT-3   52    5     52    1    747    747    747     52   0.3982    0.000
B-n52-k7 	BT-3   52   17    208    0    747   1326    763    253   1.3086    0.021
B-n52-k7 	BT-3   52   17    208    1    747   1085    759    444   1.8535    0.016
B-n52-k7 	BT-3   52   10    104    0    747   1158    762    256   1.0506    0.020
B-n52-k7 	BT-3   52   10    104    1    747    747    747    104   0.7006    0.000
B-n52-k7 	BT-3   52    5     52    0    747   1158    756    188   0.6928    0.012
B-n52-k7 	BT-3   52    5     52    1    747    747    747     52   0.3824    0.000
B-n52-k7 	BT-3   52   17    208    0    747   1326    763    253   1.3501    0.021
B-n52-k7 	BT-3   52   17    208    1    747   1085    749    350   1.5713    0.003
B-n52-k7 	BT-3   52   10    104    0    747   1158    764    143   0.7736    0.023
B-n52-k7 	BT-3   52   10    104    1    747    747    747    104   0.6988    0.000
B-n52-k7 	BT-3   52    5     52    0    747   1158    757    106   0.4814    0.013
B-n52-k7 	BT-3   52    5     52    1    747    747    747     52   0.3800    0.000
B-n52-k7 	BT-3   52   17    208    0    747   1326    763    253   1.3089    0.021
B-n52-k7 	BT-3   52   17    208    1    747   1085    748    459   1.8789    0.001
B-n52-k7 	BT-3   52   10    104    0    747   1158    749    247   1.0083    0.003
B-n52-k7 	BT-3   52   10    104    1    747    747    747    104   0.6978    0.000
B-n52-k7 	BT-3   52    5     52    0    747   1158    754    125   0.5375    0.009
B-n52-k7 	BT-3   52    5     52    1    747    747    747     52   0.3838    0.000
B-n52-k7 	BT-3   52   17    208    0    747   1326    763    253   1.3224    0.021
B-n52-k7 	BT-3   52   17    208    1    747   1085    756    431   1.8023    0.012
B-n52-k7 	BT-3   52   10    104    0    747   1158    762    175   0.8288    0.020
B-n52-k7 	BT-3   52   10    104    1    747    747    747    104   0.7026    0.000
B-n52-k7 	BT-3   52    5     52    0    747   1158    759     99   0.4651    0.016
B-n52-k7 	BT-3   52    5     52    1    747    747    747     52   0.3816    0.000
B-n52-k7 	BT-3   52   17    208    0    747   1326    753    653   2.8119    0.008
B-n52-k7 	BT-3   52   17    208    1    747   1085    752    484   1.9490    0.007
B-n52-k7 	BT-3   52   10    104    0    747   1158    748    201   0.8918    0.001
B-n52-k7 	BT-3   52   10    104    1    747    747    747    104   0.7006    0.000
B-n52-k7 	BT-3   52    5     52    0    747   1158    759    102   0.4590    0.016
B-n52-k7 	BT-3   52    5     52    1    747    747    747     52   0.3834    0.000
B-n52-k7 	BT-3   52   17    208    0    747   1326    755    259   1.3481    0.011
B-n52-k7 	BT-3   52   17    208    1    747   1085    750    371   1.6678    0.004
B-n52-k7 	BT-3   52   10    104    0    747   1158    756    191   0.8745    0.012
B-n52-k7 	BT-3   52   10    104    1    747    747    747    104   0.6940    0.000
B-n52-k7 	BT-3   52    5     52    0    747   1158    754    104   0.4708    0.009
B-n52-k7 	BT-3   52    5     52    1    747    747    747     52   0.3836    0.000
B-n52-k7 	BT-3   52   17    208    0    747   1326    771    250   1.3320    0.032
B-n52-k7 	BT-3   52   17    208    1    747   1085    771    325   1.5399    0.032
B-n52-k7 	BT-3   52   10    104    0    747   1158    749    297   1.1878    0.003
B-n52-k7 	BT-3   52   10    104    1    747    747    747    104   0.7144    0.000
B-n52-k7 	BT-3   52    5     52    0    747   1158    765     96   0.4504    0.024
B-n52-k7 	BT-3   52    5     52    1    747    747    747     52   0.3833    0.000
B-n52-k7 	BT-3   52   17    208    0    747   1326    763    253   1.3199    0.021
B-n52-k7 	BT-3   52   17    208    1    747   1085    769    380   1.7103    0.029
B-n52-k7 	BT-3   52   10    104    0    747   1158    753    161   0.8050    0.008
B-n52-k7 	BT-3   52   10    104    1    747    747    747    104   0.6975    0.000
B-n52-k7 	BT-3   52    5     52    0    747   1158    748    138   0.5475    0.001
B-n52-k7 	BT-3   52    5     52    1    747    747    747     52   0.3827    0.000
B-n52-k7 	BT-3   52   17    208    0    747   1326    764    246   1.3246    0.023
B-n52-k7 	BT-3   52   17    208    1    747   1085    752    497   1.9738    0.007
B-n52-k7 	BT-3   52   10    104    0    747   1158    751    223   0.9595    0.005
B-n52-k7 	BT-3   52   10    104    1    747    747    747    104   0.6969    0.000
B-n52-k7 	BT-3   52    5     52    0    747   1158    749     70   0.4026    0.003
B-n52-k7 	BT-3   52    5     52    1    747    747    747     52   0.3861    0.000
B-n52-k7 	BT-3   52   17    208    0    747   1326    763    253   1.3190    0.021
B-n52-k7 	BT-3   52   17    208    1    747   1085    756    417   1.7665    0.012
B-n52-k7 	BT-3   52   10    104    0    747   1158    747    155   0.7696    0.000
B-n52-k7 	BT-3   52   10    104    1    747    747    747    104   0.6935    0.000
B-n52-k7 	BT-3   52    5     52    0    747   1158    756     84   0.4358    0.012
B-n52-k7 	BT-3   52    5     52    1    747    747    747     52   0.3807    0.000
B-n52-k7 	BT-3   52   17    208    0    747   1326    755    424   1.7792    0.011
B-n52-k7 	BT-3   52   17    208    1    747   1085    754    407   1.7313    0.009
B-n52-k7 	BT-3   52   10    104    0    747   1158    759    155   0.7871    0.016
B-n52-k7 	BT-3   52   10    104    1    747    747    747    104   0.7018    0.000
B-n52-k7 	BT-3   52    5     52    0    747   1158    755    136   0.5633    0.011
B-n52-k7 	BT-3   52    5     52    1    747    747    747     52   0.3798    0.000
B-n52-k7 	BT-3   52   17    208    0    747   1326    763    253   1.3154    0.021
B-n52-k7 	BT-3   52   17    208    1    747   1085    752    303   1.4812    0.007
B-n52-k7 	BT-3   52   10    104    0    747   1158    753    204   0.9184    0.008
B-n52-k7 	BT-3   52   10    104    1    747    747    747    104   0.6965    0.000
B-n52-k7 	BT-3   52    5     52    0    747   1158    758     86   0.4433    0.015
B-n52-k7 	BT-3   52    5     52    1    747    747    747     52   0.3820    0.000
B-n52-k7 	BT-3   52   17    208    0    747   1326    754    444   1.8857    0.009
B-n52-k7 	BT-3   52   17    208    1    747   1085    749    764   2.7297    0.003
B-n52-k7 	BT-3   52   10    104    0    747   1158    749    247   1.0147    0.003
B-n52-k7 	BT-3   52   10    104    1    747    747    747    104   0.6959    0.000
B-n52-k7 	BT-3   52    5     52    0    747   1158    755     97   0.4637    0.011
B-n52-k7 	BT-3   52    5     52    1    747    747    747     52   0.3807    0.000
B-n52-k7 	BT-3   52   17    208    0    747   1326    763    253   1.3179    0.021
B-n52-k7 	BT-3   52   17    208    1    747   1085    763    250   1.3048    0.021
B-n52-k7 	BT-3   52   10    104    0    747   1158    758    133   0.7339    0.015
B-n52-k7 	BT-3   52   10    104    1    747    747    747    104   0.7077    0.000
B-n52-k7 	BT-3   52    5     52    0    747   1158    751     97   0.4658    0.005
B-n52-k7 	BT-3   52    5     52    1    747    747    747     52   0.3830    0.000
B-n52-k7 	BT-3   52   17    208    0    747   1326    763    253   1.3279    0.021
B-n52-k7 	BT-3   52   17    208    1    747   1085    764    269   1.3852    0.023
B-n52-k7 	BT-3   52   10    104    0    747   1158    753    142   0.7561    0.008
B-n52-k7 	BT-3   52   10    104    1    747    747    747    104   0.6985    0.000
B-n52-k7 	BT-3   52    5     52    0    747   1158    754    124   0.5205    0.009
B-n52-k7 	BT-3   52    5     52    1    747    747    747     52   0.3804    0.000
B-n52-k7 	BT-3   52   17    208    0    747   1326    762    252   1.3489    0.020
B-n52-k7 	BT-3   52   17    208    1    747   1085    777    253   1.3489    0.040
B-n52-k7 	BT-3   52   10    104    0    747   1158    797    132   0.7265    0.067
B-n52-k7 	BT-3   52   10    104    1    747    747    747    104   0.6954    0.000
B-n52-k7 	BT-3   52    5     52    0    747   1158    755    110   0.4852    0.011
B-n52-k7 	BT-3   52    5     52    1    747    747    747     52   0.3804    0.000
B-n52-k7 	BT-3   52   17    208    0    747   1326    783    235   1.3138    0.048
B-n52-k7 	BT-3   52   17    208    1    747   1085    766    468   1.9207    0.025
B-n52-k7 	BT-3   52   10    104    0    747   1158    749    210   0.9044    0.003
B-n52-k7 	BT-3   52   10    104    1    747    747    747    104   0.6980    0.000
B-n52-k7 	BT-3   52    5     52    0    747   1158    765    120   0.5179    0.024
B-n52-k7 	BT-3   52    5     52    1    747    747    747     52   0.3820    0.000
B-n52-k7 	BT-3   52   17    208    0    747   1326    763    253   1.3184    0.021
B-n52-k7 	BT-3   52   17    208    1    747   1085    752    319   1.5045    0.007
B-n52-k7 	BT-3   52   10    104    0    747   1158    749    147   0.7431    0.003
B-n52-k7 	BT-3   52   10    104    1    747    747    747    104   0.6974    0.000
B-n52-k7 	BT-3   52    5     52    0    747   1158    766    101   0.4798    0.025
B-n52-k7 	BT-3   52    5     52    1    747    747    747     52   0.3794    0.000
B-n52-k7 	BT-3   52   17    208    0    747   1326    763    253   1.3204    0.021
B-n52-k7 	BT-3   52   17    208    1    747   1085    754    292   1.4631    0.009
B-n52-k7 	BT-3   52   10    104    0    747   1158    748    174   0.8449    0.001
B-n52-k7 	BT-3   52   10    104    1    747    747    747    104   0.6980    0.000
B-n52-k7 	BT-3   52    5     52    0    747   1158    752    122   0.5096    0.007
B-n52-k7 	BT-3   52    5     52    1    747    747    747     52   0.3859    0.000
B-n52-k7 	BT-3   52   17    208    0    747   1326    763    253   1.3286    0.021
B-n52-k7 	BT-3   52   17    208    1    747   1085    755    303   1.4488    0.011
B-n52-k7 	BT-3   52   10    104    0    747   1158    797    132   0.7403    0.067
B-n52-k7 	BT-3   52   10    104    1    747    747    747    104   0.6972    0.000
B-n52-k7 	BT-3   52    5     52    0    747   1158    749     94   0.4564    0.003
B-n52-k7 	BT-3   52    5     52    1    747    747    747     52   0.3813    0.000
B-n52-k7 	BT-3   52   17    208    0    747   1326    752    540   2.0632    0.007
B-n52-k7 	BT-3   52   17    208    1    747   1085    749    636   2.3537    0.003
B-n52-k7 	BT-3   52   10    104    0    747   1158    749    164   0.8220    0.003
B-n52-k7 	BT-3   52   10    104    1    747    747    747    104   0.6947    0.000
B-n52-k7 	BT-3   52    5     52    0    747   1158    763    103   0.4719    0.021
B-n52-k7 	BT-3   52    5     52    1    747    747    747     52   0.3822    0.000
B-n52-k7 	BT-3   52   17    208    0    747   1326    752    265   1.3392    0.007
B-n52-k7 	BT-3   52   17    208    1    747   1085    765    274   1.4810    0.024
B-n52-k7 	BT-3   52   10    104    0    747   1158    764    172   0.8359    0.023
B-n52-k7 	BT-3   52   10    104    1    747    747    747    104   0.7014    0.000
B-n52-k7 	BT-3   52    5     52    0    747   1158    798    105   0.4906    0.068
B-n52-k7 	BT-3   52    5     52    1    747    747    747     52   0.3818    0.000
B-n52-k7 	BT-3   52   17    208    0    747   1326    763    253   1.3116    0.021
B-n52-k7 	BT-3   52   17    208    1    747   1085    757    378   1.6681    0.013
B-n52-k7 	BT-3   52   10    104    0    747   1158    751    158   0.7892    0.005
B-n52-k7 	BT-3   52   10    104    1    747    747    747    104   0.6979    0.000
B-n52-k7 	BT-3   52    5     52    0    747   1158    747     84   0.4264    0.000
B-n52-k7 	BT-3   52    5     52    1    747    747    747     52   0.3828    0.000
B-n52-k7 	BT-3   52   17    208    0    747   1326    763    253   1.2780    0.021
B-n52-k7 	BT-3   52   17    208    1    747   1085    751    358   1.5401    0.005
B-n52-k7 	BT-3   52   10    104    0    747   1158    753    161   0.8009    0.008
B-n52-k7 	BT-3   52   10    104    1    747    747    747    104   0.7145    0.000
B-n52-k7 	BT-3   52    5     52    0    747   1158    749     93   0.4420    0.003
B-n52-k7 	BT-3   52    5     52    1    747    747    747     52   0.3823    0.000
B-n52-k7 	BT-3   52   17    208    0    747   1326    757    289   1.3427    0.013
B-n52-k7 	BT-3   52   17    208    1    747   1085    749    734   2.5276    0.003
B-n52-k7 	BT-3   52   10    104    0    747   1158    759    291   1.1506    0.016
B-n52-k7 	BT-3   52   10    104    1    747    747    747    104   0.6949    0.000
B-n52-k7 	BT-3   52    5     52    0    747   1158    751     89   0.4425    0.005
B-n52-k7 	BT-3   52    5     52    1    747    747    747     52   0.3796    0.000
B-n52-k7 	BT-3   52   17    208    0    747   1326    752    452   1.8178    0.007
B-n52-k7 	BT-3   52   17    208    1    747   1085    760    423   1.7460    0.017
B-n52-k7 	BT-3   52   10    104    0    747   1158    764    202   0.9014    0.023
B-n52-k7 	BT-3   52   10    104    1    747    747    747    104   0.7011    0.000
B-n52-k7 	BT-3   52    5     52    0    747   1158    751     86   0.4435    0.005
B-n52-k7 	BT-3   52    5     52    1    747    747    747     52   0.3799    0.000
B-n52-k7 	BT-3   52   17    208    0    747   1326    750    429   1.6877    0.004
B-n52-k7 	BT-3   52   17    208    1    747   1085    789    286   1.3748    0.056
B-n52-k7 	BT-3   52   10    104    0    747   1158    749    188   0.9082    0.003
B-n52-k7 	BT-3   52   10    104    1    747    747    747    104   0.7290    0.000
B-n52-k7 	BT-3   52    5     52    0    747   1158    747    191   0.7098    0.000
B-n52-k7 	BT-3   52    5     52    1    747    747    747     52   0.3853    0.000
B-n52-k7 	BT-3   52   17    208    0    747   1326    749    373   1.5681    0.003
B-n52-k7 	BT-3   52   17    208    1    747   1085    756    397   1.6043    0.012
B-n52-k7 	BT-3   52   10    104    0    747   1158    764    266   1.0988    0.023
B-n52-k7 	BT-3   52   10    104    1    747    747    747    104   0.6920    0.000
B-n52-k7 	BT-3   52    5     52    0    747   1158    748    132   0.5651    0.001
B-n52-k7 	BT-3   52    5     52    1    747    747    747     52   0.3805    0.000
