P-n101-k4 	BT-1  101   33    404    0    681   1019    728    423  11.9895    0.069
P-n101-k4 	BT-1  101   33    404    1    681    993    744    421  11.6613    0.093
P-n101-k4 	BT-1  101   16    202    0    681    820    688    610  40.9804    0.010
P-n101-k4 	BT-1  101   16    202    1    681    728    698    276  31.5386    0.025
P-n101-k4 	BT-1  101  102    202    0    681    693    688    203 101.8905    0.010
P-n101-k4 	BT-1  101  102    202    1    681    688    688    202 101.8911    0.010
P-n101-k4 	BT-2  101   33    404    0    681   1019    733    555  15.4148    0.076
P-n101-k4 	BT-2  101   33    404    1    681    993    710    799  22.7282    0.043
P-n101-k4 	BT-2  101   16    202    0    681    888    712    288  46.2035    0.046
P-n101-k4 	BT-2  101   16    202    1    681    710    694    353  47.5000    0.019
P-n101-k4 	BT-2  101  102    202    0    681    785    716    213 137.8199    0.051
P-n101-k4 	BT-2  101  102    202    1    681    694    694    202 137.1675    0.019
P-n101-k4 	BT-3  101   33    404    0    681   1019    725    369   9.3692    0.065
P-n101-k4 	BT-3  101   33    404    1    681    993    728    365   9.2264    0.069
P-n101-k4 	BT-3  101   16    202    0    681    837    708    173  23.2691    0.040
P-n101-k4 	BT-3  101   16    202    1    681    725    720    147  22.5435    0.057
P-n101-k4 	BT-3  101  102    202    0    681    717    705    148  68.5781    0.035
P-n101-k4 	BT-3  101  102    202    1    681    708    705    151  68.4767    0.035
P-n101-k4 	BT-3  101   33    404    0    681   1019    725    375   9.7472    0.065
P-n101-k4 	BT-3  101   33    404    1    681    993    707    370   9.6404    0.038
P-n101-k4 	BT-3  101   16    202    0    681    792    709    148 224.8211    0.041
P-n101-k4 	BT-3  101   16    202    1    681    705    705    145 224.9276    0.035
P-n101-k4 	BT-3  101  102    202    0    681    792    709    147 674.4885    0.041
P-n101-k4 	BT-3  101  102    202    1    681    705    705    135 674.5291    0.035
P-n101-k4 	BT-3  101   33    404    0    681   1019    725    367   9.0874    0.065
P-n101-k4 	BT-3  101   33    404    1    681    993    707    369   9.4437    0.038
P-n101-k4 	BT-3  101   16    202    0    681    792    707    160 2042.4335    0.038
P-n101-k4 	BT-3  101   16    202    1    681    705    702    159 2042.5756    0.031
P-n101-k4 	BT-3  101  102    202    0    681    762    702    150 1832.4181    0.031
P-n101-k4 	BT-3  101  102    202    1    681    702    702    134 1831.9478    0.031
P-n101-k4 	BT-3  101   33    404    0    681   1019    725    375   9.4698    0.065
P-n101-k4 	BT-3  101   33    404    1    681    993    707    374   9.7798    0.038
P-n101-k4 	BT-3  101   16    202    0    681    762    702    140 1220.8550    0.031
P-n101-k4 	BT-3  101   16    202    1    681    702    702    142 1221.0343    0.031
P-n101-k4 	BT-3  101  102    202    0    681    762    702    144 -632.2611    0.031
P-n101-k4 	BT-3  101  102    202    1    681    702    702    134 -632.3221    0.031
P-n101-k4 	BT-3  101   33    404    0    681   1019    725    378   9.3773    0.065
P-n101-k4 	BT-3  101   33    404    1    681    993    707    372   9.5053    0.038
P-n101-k4 	BT-3  101   16    202    0    681    762    702    149 -1877.6958    0.031
P-n101-k4 	BT-3  101   16    202    1    681    702    702    136 -1878.1110    0.031
P-n101-k4 	BT-3  101  102    202    0    681    762    702    147 -1338.7371    0.031
P-n101-k4 	BT-3  101  102    202    1    681    702    702    144 -1338.5082    0.031
P-n101-k4 	BT-3  101   33    404    0    681   1019    725    374   9.2931    0.065
P-n101-k4 	BT-3  101   33    404    1    681    993    707    377   9.7113    0.038
P-n101-k4 	BT-3  101   16    202    0    681    762    702    152 298.3237    0.031
P-n101-k4 	BT-3  101   16    202    1    681    702    702    138 297.9249    0.031
P-n101-k4 	BT-3  101  102    202    0    681    762    702    146 894.2108    0.031
P-n101-k4 	BT-3  101  102    202    1    681    702    702    136 894.0704    0.031
P-n101-k4 	BT-3  101   33    404    0    681   1019    798    367   9.2708    0.172
P-n101-k4 	BT-3  101   33    404    1    681    993    707    369   9.6084    0.038
P-n101-k4 	BT-3  101   16    202    0    681    762    702    150 -1593.3933    0.031
P-n101-k4 	BT-3  101   16    202    1    681    702    702    148 -1593.2987    0.031
P-n101-k4 	BT-3  101  102    202    0    681    762    702    144 -485.2079    0.031
P-n101-k4 	BT-3  101  102    202    1    681    702    702    146 -485.1173    0.031
P-n101-k4 	BT-3  101   33    404    0    681   1019    725    364   9.4915    0.065
P-n101-k4 	BT-3  101   33    404    1    681    993    707    378   9.9694    0.038
P-n101-k4 	BT-3  101   16    202    0    681    762    702    146 -1436.1505    0.031
P-n101-k4 	BT-3  101   16    202    1    681    702    702    142 -1436.3047    0.031
P-n101-k4 	BT-3  101  102    202    0    681    762    702    142 -13.7962    0.031
P-n101-k4 	BT-3  101  102    202    1    681    702    702    138 -13.6857    0.031
P-n101-k4 	BT-3  101   33    404    0    681   1019    725    373   9.2283    0.065
P-n101-k4 	BT-3  101   33    404    1    681    993    707    369   9.5791    0.038
P-n101-k4 	BT-3  101   16    202    0    681    762    702    142 -22.3984    0.031
P-n101-k4 	BT-3  101   16    202    1    681    702    702    139 -22.3727    0.031
P-n101-k4 	BT-3  101  102    202    0    681    762    702    136 -67.4355    0.031
P-n101-k4 	BT-3  101  102    202    1    681    702    702    144 -66.9313    0.031
P-n101-k4 	BT-3  101   33    404    0    681   1019    718    382   9.2754    0.054
P-n101-k4 	BT-3  101   33    404    1    681    993    707    374   9.6823    0.038
P-n101-k4 	BT-3  101   16    202    0    681    762    702    141 -182.6058    0.031
P-n101-k4 	BT-3  101   16    202    1    681    702    702    136 -182.7207    0.031
P-n101-k4 	BT-3  101  102    202    0    681    762    704    142 -548.0126    0.034
P-n101-k4 	BT-3  101  102    202    1    681    702    702    151 -547.7128    0.031
P-n101-k4 	BT-3  101   33    404    0    681   1019    725    365   9.3225    0.065
P-n101-k4 	BT-3  101   33    404    1    681    993    707    377   9.7716    0.038
P-n101-k4 	BT-3  101   16    202    0    681    762    702    152 -1624.2908    0.031
P-n101-k4 	BT-3  101   16    202    1    681    702    702    141 -1624.3962    0.031
P-n101-k4 	BT-3  101  102    202    0    681    762    702    140 -578.3604    0.031
P-n101-k4 	BT-3  101  102    202    1    681    702    702    132 -578.3978    0.031
P-n101-k4 	BT-3  101   33    404    0    681   1019    725    368   9.2835    0.065
P-n101-k4 	BT-3  101   33    404    1    681    993    707    373   9.5384    0.038
P-n101-k4 	BT-3  101   16    202    0    681    762    702    144 -1716.1820    0.031
P-n101-k4 	BT-3  101   16    202    1    681    702    702    139 -1716.2452    0.031
P-n101-k4 	BT-3  101  102    202    0    681    762    702    145 -853.5338    0.031
P-n101-k4 	BT-3  101  102    202    1    681    702    702    144 -853.5858    0.031
P-n101-k4 	BT-3  101   33    404    0    681   1019    725    391   9.9423    0.065
P-n101-k4 	BT-3  101   33    404    1    681    993    707    380   9.8568    0.038
P-n101-k4 	BT-3  101   16    202    0    681    762    702    141 1754.0369    0.031
P-n101-k4 	BT-3  101   16    202    1    681    702    702    143 1754.1454    0.031
P-n101-k4 	BT-3  101  102    202    0    681    762    702    145 967.1581    0.031
P-n101-k4 	BT-3  101  102    202    1    681    702    702    146 967.5223    0.031
P-n101-k4 	BT-3  101   33    404    0    681   1019    725    372   9.3956    0.065
P-n101-k4 	BT-3  101   33    404    1    681    993    707    380   9.8614    0.038
P-n101-k4 	BT-3  101   16    202    0    681    762    702    140 -1373.9076    0.031
P-n101-k4 	BT-3  101   16    202    1    681    702    702    141 -1373.9591    0.031
P-n101-k4 	BT-3  101  102    202    0    681    762    702    139 173.1438    0.031
P-n101-k4 	BT-3  101  102    202    1    681    702    702    143 173.4206    0.031
P-n101-k4 	BT-3  101   33    404    0    681   1019    725    365   8.9512    0.065
P-n101-k4 	BT-3  101   33    404    1    681    993    707    369   9.5530    0.038
P-n101-k4 	BT-3  101   16    202    0    681    762    702    143 538.4206    0.031
P-n101-k4 	BT-3  101   16    202    1    681    702    702    140 538.4666    0.031
P-n101-k4 	BT-3  101  102    202    0    681    762    702    143 1615.3973    0.031
P-n101-k4 	BT-3  101  102    202    1    681    702    702    140 1615.3524    0.031
P-n101-k4 	BT-3  101   33    404    0    681   1019    717    395  10.4001    0.053
P-n101-k4 	BT-3  101   33    404    1    681    993    707    374   9.8430    0.038
P-n101-k4 	BT-3  101   16    202    0    681    762    702    144 571.3825    0.031
P-n101-k4 	BT-3  101   16    202    1    681    702    702    136 571.2341    0.031
P-n101-k4 	BT-3  101  102    202    0    681    762    702    142 1713.7777    0.031
P-n101-k4 	BT-3  101  102    202    1    681    702    702    139 1713.8950    0.031
P-n101-k4 	BT-3  101   33    404    0    681   1019    725    363   9.2321    0.065
P-n101-k4 	BT-3  101   33    404    1    681    993    707    361   9.3190    0.038
P-n101-k4 	BT-3  101   16    202    0    681    762    702    147 865.2049    0.031
P-n101-k4 	BT-3  101   16    202    1    681    702    702    140 864.9639    0.031
P-n101-k4 	BT-3  101  102    202    0    681    762    702    142 -1699.6829    0.031
P-n101-k4 	BT-3  101  102    202    1    681    702    702    144 -1699.5946    0.031
P-n101-k4 	BT-3  101   33    404    0    681   1019    725    387   9.7407    0.065
P-n101-k4 	BT-3  101   33    404    1    681    993    707    372   9.3100    0.038
P-n101-k4 	BT-3  101   16    202    0    681    762    702    143 -784.8500    0.031
P-n101-k4 	BT-3  101   16    202    1    681    702    702    145 -784.7313    0.031
P-n101-k4 	BT-3  101  102    202    0    681    762    702    141 1940.3770    0.031
P-n101-k4 	BT-3  101  102    202    1    681    702    702    140 1940.5861    0.031
P-n101-k4 	BT-3  101   33    404    0    681   1019    725    367   9.0602    0.065
P-n101-k4 	BT-3  101   33    404    1    681    993    707    371   9.3295    0.038
P-n101-k4 	BT-3  101   16    202    0    681    762    702    146 1544.8810    0.031
P-n101-k4 	BT-3  101   16    202    1    681    702    702    149 1545.0826    0.031
P-n101-k4 	BT-3  101  102    202    0    681    762    702    145 339.9128    0.031
P-n101-k4 	BT-3  101  102    202    1    681    702    702    136 339.8327    0.031
P-n101-k4 	BT-3  101   33    404    0    681   1019    725    371   9.2849    0.065
P-n101-k4 	BT-3  101   33    404    1    681    993    707    375   9.7039    0.038
P-n101-k4 	BT-3  101   16    202    0    681    762    702    146 1038.7118    0.031
P-n101-k4 	BT-3  101   16    202    1    681    702    702    135 1038.4082    0.031
P-n101-k4 	BT-3  101  102    202    0    681    762    702    142 -1179.3398    0.031
P-n101-k4 	BT-3  101  102    202    1    681    702    702    144 -1179.0332    0.031
P-n101-k4 	BT-3  101   33    404    0    681   1019    725    374   9.4677    0.065
P-n101-k4 	BT-3  101   33    404    1    681    993    707    377   9.8297    0.038
P-n101-k4 	BT-3  101   16    202    0    681    762    702    144 776.5213    0.031
P-n101-k4 	BT-3  101   16    202    1    681    702    702    136 776.5428    0.031
P-n101-k4 	BT-3  101  102    202    0    681    762    702    141 -1965.2622    0.031
P-n101-k4 	BT-3  101  102    202    1    681    702    702    146 -1964.9266    0.031
P-n101-k4 	BT-3  101   33    404    0    681   1019    725    371   9.2216    0.065
P-n101-k4 	BT-3  101   33    404    1    681    993    707    369   9.6245    0.038
P-n101-k4 	BT-3  101   16    202    0    681    762    702    138 -1581.7828    0.031
P-n101-k4 	BT-3  101   16    202    1    681    702    702    145 -1581.4587    0.031
P-n101-k4 	BT-3  101  102    202    0    681    762    702    143 -450.0308    0.031
P-n101-k4 	BT-3  101  102    202    1    681    702    702    139 -450.1065    0.031
P-n101-k4 	BT-3  101   33    404    0    681   1019    725    372   9.4072    0.065
P-n101-k4 	BT-3  101   33    404    1    681    993    707    375   9.9654    0.038
P-n101-k4 	BT-3  101   16    202    0    681    762    702    146 -1330.5508    0.031
P-n101-k4 	BT-3  101   16    202    1    681    702    702    147 -1330.5417    0.031
P-n101-k4 	BT-3  101  102    202    0    681    762    702    145 303.3304    0.031
P-n101-k4 	BT-3  101  102    202    1    681    702    702    144 303.1947    0.031
P-n101-k4 	BT-3  101   33    404    0    681   1019    725    364   9.0892    0.065
P-n101-k4 	BT-3  101   33    404    1    681    993    707    379   9.7323    0.038
P-n101-k4 	BT-3  101   16    202    0    681    762    702    145 928.5934    0.031
P-n101-k4 	BT-3  101   16    202    1    681    702    702    142 928.7243    0.031
P-n101-k4 	BT-3  101  102    202    0    681    762    702    144 -1509.2037    0.031
P-n101-k4 	BT-3  101  102    202    1    681    702    702    138 -1509.0525    0.031
P-n101-k4 	BT-3  101   33    404    0    681   1019    725    361   8.9682    0.065
P-n101-k4 	BT-3  101   33    404    1    681    993    707    368   9.5828    0.038
P-n101-k4 	BT-3  101   16    202    0    681    762    702    142 -213.8129    0.031
P-n101-k4 	BT-3  101   16    202    1    681    702    702    139 -213.8070    0.031
P-n101-k4 	BT-3  101  102    202    0    681    762    702    142 -641.3759    0.031
P-n101-k4 	BT-3  101  102    202    1    681    702    702    139 -641.4930    0.031
P-n101-k4 	BT-3  101   33    404    0    681   1019    725    375   9.7989    0.065
P-n101-k4 	BT-3  101   33    404    1    681    993    707    372   9.6949    0.038
P-n101-k4 	BT-3  101   16    202    0    681    762    702    144 -1904.6144    0.031
P-n101-k4 	BT-3  101   16    202    1    681    702    702    142 -1904.6757    0.031
P-n101-k4 	BT-3  101  102    202    0    681    762    702    147 -1419.0637    0.031
P-n101-k4 	BT-3  101  102    202    1    681    702    702    141 -1419.0320    0.031
P-n101-k4 	BT-3  101   33    404    0    681   1019    739    375   9.5383    0.085
P-n101-k4 	BT-3  101   33    404    1    681    993    707    375   9.8504    0.038
P-n101-k4 	BT-3  101   16    202    0    681    762    702    143  57.0636    0.031
P-n101-k4 	BT-3  101   16    202    1    681    702    702    143  57.0426    0.031
P-n101-k4 	BT-3  101  102    202    0    681    762    702    141 171.0025    0.031
P-n101-k4 	BT-3  101  102    202    1    681    702    702    139 171.0742    0.031
P-n101-k4 	BT-3  101   33    404    0    681   1019    725    360   9.0343    0.065
P-n101-k4 	BT-3  101   33    404    1    681    993    707    379   9.7340    0.038
P-n101-k4 	BT-3  101   16    202    0    681    762    702    155 532.4200    0.031
P-n101-k4 	BT-3  101   16    202    1    681    702    702    143 532.2272    0.031
P-n101-k4 	BT-3  101  102    202    0    681    762    702    140 1596.4594    0.031
P-n101-k4 	BT-3  101  102    202    1    681    702    702    133 1596.5684    0.031
P-n101-k4 	BT-3  101   33    404    0    681   1019    725    381   9.6747    0.065
P-n101-k4 	BT-3  101   33    404    1    681    993    707    371   9.6351    0.038
P-n101-k4 	BT-3  101   16    202    0    681    762    702    136 513.7402    0.031
P-n101-k4 	BT-3  101   16    202    1    681    702    702    142 514.2251    0.031
P-n101-k4 	BT-3  101  102    202    0    681    762    702    140 1541.8651    0.031
P-n101-k4 	BT-3  101  102    202    1    681    702    702    147 1542.2271    0.031
P-n101-k4 	BT-3  101   33    404    0    681   1019    725    363   9.3229    0.065
P-n101-k4 	BT-3  101   33    404    1    681    993    707    375   9.6041    0.038
P-n101-k4 	BT-3  101   16    202    0    681    762    702    135 349.7839    0.031
P-n101-k4 	BT-3  101   16    202    1    681    702    702    146 350.4010    0.031
P-n101-k4 	BT-3  101  102    202    0    681    762    702    148 1050.5936    0.031
P-n101-k4 	BT-3  101  102    202    1    681    702    702    144 1050.4708    0.031
P-n101-k4 	BT-3  101   33    404    0    681   1019    725    376   9.4954    0.065
P-n101-k4 	BT-3  101   33    404    1    681    993    707    369   9.5234    0.038
P-n101-k4 	BT-3  101   16    202    0    681    762    702    152 -1124.2072    0.031
P-n101-k4 	BT-3  101   16    202    1    681    702    702    147 -1124.4911    0.031
P-n101-k4 	BT-3  101  102    202    0    681    762    702    143 921.7388    0.031
P-n101-k4 	BT-3  101  102    202    1    681    702    702    139 921.6868    0.031
P-n101-k4 	BT-3  101   33    404    0    681   1019    725    372   9.2239    0.065
P-n101-k4 	BT-3  101   33    404    1    681    993    707    367   9.4291    0.038
P-n101-k4 	BT-3  101   16    202    0    681    762    702    141 -1511.3816    0.031
P-n101-k4 	BT-3  101   16    202    1    681    702    702    144 -1511.0183    0.031
P-n101-k4 	BT-3  101  102    202    0    681    762    702    139 -238.9117    0.031
P-n101-k4 	BT-3  101  102    202    1    681    702    702    132 -238.8598    0.031
P-n101-k4 	BT-3  101   33    404    0    681   1019    725    372   9.3908    0.065
P-n101-k4 	BT-3  101   33    404    1    681    993    742    402  10.6935    0.090
P-n101-k4 	BT-3  101   16    202    0    681    762    702    146 -696.3811    0.031
P-n101-k4 	BT-3  101   16    202    1    681    702    702    138 -696.4916    0.031
P-n101-k4 	BT-3  101  102    202    0    681    762    702    153 -2088.8982    0.031
P-n101-k4 	BT-3  101  102    202    1    681    702    702    132 -2089.3911    0.031
P-n101-k4 	BT-3  101   33    404    0    681   1019    725    369   9.3333    0.065
P-n101-k4 	BT-3  101   33    404    1    681    993    707    370   9.5601    0.038
P-n101-k4 	BT-3  101   16    202    0    681    762    702    151 -1953.5986    0.031
P-n101-k4 	BT-3  101   16    202    1    681    702    702    150 -1953.5541    0.031
P-n101-k4 	BT-3  101  102    202    0    681    762    702    146 -1565.8314    0.031
P-n101-k4 	BT-3  101  102    202    1    681    702    702    144 -1565.8510    0.031
P-n101-k4 	BT-3  101   33    404    0    681   1019    725    366   9.1504    0.065
P-n101-k4 	BT-3  101   33    404    1    681    993    707    370   9.5807    0.038
P-n101-k4 	BT-3  101   16    202    0    681    762    702    142 -383.7095    0.031
P-n101-k4 	BT-3  101   16    202    1    681    702    702    142 -383.8312    0.031
P-n101-k4 	BT-3  101  102    202    0    681    762    702    144 -1151.4785    0.031
P-n101-k4 	BT-3  101  102    202    1    681    702    702    139 -1151.3525    0.031
P-n101-k4 	BT-3  101   33    404    0    681   1019    725    368   9.2743    0.065
P-n101-k4 	BT-3  101   33    404    1    681    993    707    370   9.6178    0.038
P-n101-k4 	BT-3  101   16    202    0    681    762    702    148 859.7975    0.031
P-n101-k4 	BT-3  101   16    202    1    681    702    702    142 859.5540    0.031
P-n101-k4 	BT-3  101  102    202    0    681    762    702    142 -1716.1317    0.031
P-n101-k4 	BT-3  101  102    202    1    681    702    702    141 -1716.0927    0.031
P-n101-k4 	BT-3  101   33    404    0    681   1019    725    379   9.4728    0.065
P-n101-k4 	BT-3  101   33    404    1    681    993    707    370   9.6016    0.038
P-n101-k4 	BT-3  101   16    202    0    681    762    702    153 -833.9350    0.031
P-n101-k4 	BT-3  101   16    202    1    681    702    702    137 -834.1921    0.031
P-n101-k4 	BT-3  101  102    202    0    681    762    702    147 1792.7916    0.031
P-n101-k4 	BT-3  101  102    202    1    681    702    702    137 1792.6443    0.031
P-n101-k4 	BT-3  101   33    404    0    681   1019    725    377   9.6066    0.065
P-n101-k4 	BT-3  101   33    404    1    681    993    744    360   9.1690    0.093
P-n101-k4 	BT-3  101   16    202    0    681    762    702    148 1102.0571    0.031
P-n101-k4 	BT-3  101   16    202    1    681    702    702    142 1101.8633    0.031
P-n101-k4 	BT-3  101  102    202    0    681    762    702    140 -989.2313    0.031
P-n101-k4 	BT-3  101  102    202    1    681    702    702    142 -988.9548    0.031
P-n101-k4 	BT-3  101   33    404    0    681   1019    725    371   9.2857    0.065
P-n101-k4 	BT-3  101   33    404    1    681    993    707    362   9.1402    0.038
P-n101-k4 	BT-3  101   16    202    0    681    762    702    141 1346.0034    0.031
P-n101-k4 	BT-3  101   16    202    1    681    702    702    143 1346.2852    0.031
P-n101-k4 	BT-3  101  102    202    0    681    762    702    143 -256.7140    0.031
P-n101-k4 	BT-3  101  102    202    1    681    702    702    136 -256.6697    0.031
P-n101-k4 	BT-3  101   33    404    0    681   1019    725    376   9.5381    0.065
P-n101-k4 	BT-3  101   33    404    1    681    993    707    378   9.7652    0.038
P-n101-k4 	BT-3  101   16    202    0    681    762    702    137 -750.9244    0.031
P-n101-k4 	BT-3  101   16    202    1    681    702    702    149 -750.5131    0.031
P-n101-k4 	BT-3  101  102    202    0    681    762    702    147 2043.1620    0.031
P-n101-k4 	BT-3  101  102    202    1    681    702    702    140 2042.7678    0.031
P-n101-k4 	BT-3  101   33    404    0    681   1019    725    363   8.8522    0.065
P-n101-k4 	BT-3  101   33    404    1    681    993    707    362   9.9535    0.038
P-n101-k4 	BT-3  101   16    202    0    681    762    711    186 1853.8760    0.044
P-n101-k4 	BT-3  101   16    202    1    681    702    702    139 1852.7467    0.031
P-n101-k4 	BT-3  101  102    202    0    681    762    702    149 1264.5713    0.031
P-n101-k4 	BT-3  101  102    202    1    681    702    702    144 1264.6549    0.031
P-n101-k4 	BT-3  101   33    404    0    681   1019    725    380   9.3218    0.065
P-n101-k4 	BT-3  101   33    404    1    681    993    707    371   9.8725    0.038
P-n101-k4 	BT-3  101   16    202    0    681    762    702    145 -482.1731    0.031
P-n101-k4 	BT-3  101   16    202    1    681    702    702    140 -481.9919    0.031
P-n101-k4 	BT-3  101  102    202    0    681    762    702    145 -1446.5316    0.031
P-n101-k4 	BT-3  101  102    202    1    681    702    702    148 -1446.0494    0.031
P-n101-k4 	BT-3  101   33    404    0    681   1019    725    375   9.6652    0.065
P-n101-k4 	BT-3  101   33    404    1    681    993    707    370   9.6084    0.038
P-n101-k4 	BT-3  101   16    202    0    681    762    702    139 -24.8282    0.031
P-n101-k4 	BT-3  101   16    202    1    681    702    702    130 -25.0016    0.031
P-n101-k4 	BT-3  101  102    202    0    681    762    702    146 -74.5531    0.031
P-n101-k4 	BT-3  101  102    202    1    681    702    702    140 -74.6737    0.031
P-n101-k4 	BT-3  101   33    404    0    681   1019    761    367   9.3503    0.117
P-n101-k4 	BT-3  101   33    404    1    681    993    707    373   9.5757    0.038
P-n101-k4 	BT-3  101   16    202    0    681    762    702    142 -204.7059    0.031
P-n101-k4 	BT-3  101   16    202    1    681    702    702    143 -204.8748    0.031
P-n101-k4 	BT-3  101  102    202    0    681    762    702    144 -614.4677    0.031
P-n101-k4 	BT-3  101  102    202    1    681    702    702    143 -614.3576    0.031
P-n101-k4 	BT-3  101   33    404    0    681   1019    725    365   9.2845    0.065
P-n101-k4 	BT-3  101   33    404    1    681    993    728    359   9.2013    0.069
P-n101-k4 	BT-3  101   16    202    0    681    762    702    152 -1824.6250    0.031
P-n101-k4 	BT-3  101   16    202    1    681    702    702    151 -1824.4601    0.031
P-n101-k4 	BT-3  101  102    202    0    681    762    702    137 -1179.0190    0.031
P-n101-k4 	BT-3  101  102    202    1    681    702    702    142 -1178.6969    0.031
P-n101-k4 	BT-3  101   33    404    0    681   1019    725    361   9.2571    0.065
P-n101-k4 	BT-3  101   33    404    1    681    993    707    362   9.6135    0.038
P-n101-k4 	BT-3  101   16    202    0    681    762    702    139 777.0906    0.031
P-n101-k4 	BT-3  101   16    202    1    681    702    702    139 777.2911    0.031
P-n101-k4 	BT-3  101  102    202    0    681    762    702    143 -1963.2515    0.031
P-n101-k4 	BT-3  101  102    202    1    681    702    702    139 -1963.3873    0.031
P-n101-k4 	BT-3  101   33    404    0    681   1019    725    371   9.4663    0.065
P-n101-k4 	BT-3  101   33    404    1    681    993    707    360   9.3711    0.038
P-n101-k4 	BT-3  101   16    202    0    681    762    702    138 -1576.2770    0.031
P-n101-k4 	BT-3  101   16    202    1    681    702    702    138 -1576.3104    0.031
P-n101-k4 	BT-3  101  102    202    0    681    762    702    144 -433.8485    0.031
P-n101-k4 	BT-3  101  102    202    1    681    702    702    138 -434.0575    0.031
P-n101-k4 	BT-3  101   33    404    0    681   1019    725    379   9.6960    0.065
P-n101-k4 	BT-3  101   33    404    1    681    993    707    361   9.0045    0.038
P-n101-k4 	BT-3  101   16    202    0    681    762    702    148 -1282.9301    0.031
P-n101-k4 	BT-3  101   16    202    1    681    702    702    144 -1282.8605    0.031
P-n101-k4 	BT-3  101  102    202    0    681    762    702    146 446.1712    0.031
P-n101-k4 	BT-3  101  102    202    1    681    702    702    131 445.8738    0.031
P-n101-k4 	BT-3  101   33    404    0    681   1019    761    367   9.1678    0.117
P-n101-k4 	BT-3  101   33    404    1    681    993    707    374  10.1126    0.038
P-n101-k4 	BT-3  101   16    202    0    681    762    702    145 1357.7147    0.031
P-n101-k4 	BT-3  101   16    202    1    681    702    702    147 1357.8440    0.031
P-n101-k4 	BT-3  101  102    202    0    681    762    702    145 -221.9935    0.031
P-n101-k4 	BT-3  101  102    202    1    681    702    702    140 -222.0127    0.031
P-n101-k4 	BT-3  101   33    404    0    681   1019    725    376   9.4934    0.065
P-n101-k4 	BT-3  101   33    404    1    681    993    707    379  10.0516    0.038
P-n101-k4 	BT-3  101   16    202    0    681    762    702    141 -646.4962    0.031
P-n101-k4 	BT-3  101   16    202    1    681    702    702    143 -646.3683    0.031
P-n101-k4 	BT-3  101  102    202    0    681    762    702    140 -1939.2609    0.031
P-n101-k4 	BT-3  101  102    202    1    681    702    702    149 -1939.0272    0.031
P-n101-k4 	BT-3  101   33    404    0    681   1019    725    374   9.4541    0.065
P-n101-k4 	BT-3  101   33    404    1    681    993    729    357   9.1471    0.070
P-n101-k4 	BT-3  101   16    202    0    681    762    702    154 -1503.6675    0.031
P-n101-k4 	BT-3  101   16    202    1    681    702    702    141 -1504.1591    0.031
P-n101-k4 	BT-3  101  102    202    0    681    762    702    148 -216.5560    0.031
P-n101-k4 	BT-3  101  102    202    1    681    702    702    145 -216.6150    0.031
P-n101-k4 	BT-3  101   33    404    0    681   1019    725    374   9.4564    0.065
P-n101-k4 	BT-3  101   33    404    1    681    993    707    372   9.5698    0.038
P-n101-k4 	BT-3  101   16    202    0    681    762    702    148 -630.9380    0.031
P-n101-k4 	BT-3  101   16    202    1    681    702    702    145 -630.8515    0.031
P-n101-k4 	BT-3  101  102    202    0    681    762    702    145 -1892.8419    0.031
P-n101-k4 	BT-3  101  102    202    1    681    702    702    141 -1892.9027    0.031
P-n101-k4 	BT-3  101   33    404    0    681   1019    725    380   9.7624    0.065
P-n101-k4 	BT-3  101   33    404    1    681    993    779    349   8.9857    0.144
P-n101-k4 	BT-3  101   16    202    0    681    762    702    137 -1365.0631    0.031
P-n101-k4 	BT-3  101   16    202    1    681    702    702    130 -1365.0499    0.031
P-n101-k4 	BT-3  101  102    202    0    681    762    702    150 200.1242    0.031
P-n101-k4 	BT-3  101  102    202    1    681    702    702    141 199.9660    0.031
P-n101-k4 	BT-3  101   33    404    0    681   1019    725    362   9.1575    0.065
P-n101-k4 	BT-3  101   33    404    1    681    993    707    368   9.4931    0.038
P-n101-k4 	BT-3  101   16    202    0    681    762    702    147 618.9517    0.031
P-n101-k4 	BT-3  101   16    202    1    681    702    702    138 618.6131    0.031
P-n101-k4 	BT-3  101  102    202    0    681    762    702    154 1856.7180    0.031
P-n101-k4 	BT-3  101  102    202    1    681    702    702    139 1856.4541    0.031
P-n101-k4 	BT-3  101   33    404    0    681   1019    725    375   9.4365    0.065
P-n101-k4 	BT-3  101   33    404    1    681    993    707    373   9.6115    0.038
P-n101-k4 	BT-3  101   16    202    0    681    762    702    150 1293.8740    0.031
P-n101-k4 	BT-3  101   16    202    1    681    702    702    142 1293.4988    0.031
P-n101-k4 	BT-3  101  102    202    0    681    762    702    147 -413.8536    0.031
P-n101-k4 	BT-3  101  102    202    1    681    702    702    140 -414.1629    0.031
P-n101-k4 	BT-3  101   33    404    0    681   1019    725    376   9.5512    0.065
P-n101-k4 	BT-3  101   33    404    1    681    993    707    367   9.4123    0.038
P-n101-k4 	BT-3  101   16    202    0    681    762    702    155 -1222.8136    0.031
P-n101-k4 	BT-3  101   16    202    1    681    702    702    145 -1222.8013    0.031
P-n101-k4 	BT-3  101  102    202    0    681    762    702    139 626.2770    0.031
P-n101-k4 	BT-3  101  102    202    1    681    702    702    144 626.5201    0.031
P-n101-k4 	BT-3  101   33    404    0    681   1019    725    372   9.3648    0.065
P-n101-k4 	BT-3  101   33    404    1    681    993    707    369   9.4750    0.038
P-n101-k4 	BT-3  101   16    202    0    681    762    702    139 1897.9844    0.031
P-n101-k4 	BT-3  101   16    202    1    681    702    702    136 1897.9135    0.031
P-n101-k4 	BT-3  101  102    202    0    681    762    702    145 1398.7747    0.031
P-n101-k4 	BT-3  101  102    202    1    681    702    702    139 1398.8184    0.031
P-n101-k4 	BT-3  101   33    404    0    681   1019    725    368   9.4254    0.065
P-n101-k4 	BT-3  101   33    404    1    681    993    707    374   9.6175    0.038
P-n101-k4 	BT-3  101   16    202    0    681    762    702    142 -79.3726    0.031
P-n101-k4 	BT-3  101   16    202    1    681    702    702    134 -79.5234    0.031
P-n101-k4 	BT-3  101  102    202    0    681    762    702    145 -238.3781    0.031
P-n101-k4 	BT-3  101  102    202    1    681    702    702    145 -238.0778    0.031
P-n101-k4 	BT-3  101   33    404    0    681   1019    725    369   9.4452    0.065
P-n101-k4 	BT-3  101   33    404    1    681    993    707    367   9.3516    0.038
P-n101-k4 	BT-3  101   16    202    0    681    762    702    139 -696.0668    0.031
P-n101-k4 	BT-3  101   16    202    1    681    702    702    142 -696.0203    0.031
P-n101-k4 	BT-3  101  102    202    0    681    762    702    142 -2088.0195    0.031
P-n101-k4 	BT-3  101  102    202    1    681    702    702    141 -2088.0496    0.031
P-n101-k4 	BT-3  101   33    404    0    681   1019    725    353   8.7077    0.065
P-n101-k4 	BT-3  101   33    404    1    681    993    729    352   9.1004    0.070
P-n101-k4 	BT-3  101   16    202    0    681    762    702    148 -1951.2938    0.031
P-n101-k4 	BT-3  101   16    202    1    681    702    702    137 -1951.4395    0.031
P-n101-k4 	BT-3  101  102    202    0    681    762    702    141 -1559.3358    0.031
P-n101-k4 	BT-3  101  102    202    1    681    702    702    136 -1559.2113    0.031
P-n101-k4 	BT-3  101   33    404    0    681   1019    725    370   9.5652    0.065
P-n101-k4 	BT-3  101   33    404    1    681    993    707    367   9.5024    0.038
P-n101-k4 	BT-3  101   16    202    0    681    762    702    148 -363.5590    0.031
P-n101-k4 	BT-3  101   16    202    1    681    702    702    137 -363.6700    0.031
P-n101-k4 	BT-3  101  102    202    0    681    762    702    149 -1090.8380    0.031
P-n101-k4 	BT-3  101  102    202    1    681    702    702    141 -1090.7523    0.031
P-n101-k4 	BT-3  101   33    404    0    681   1019    725    374   9.4031    0.065
P-n101-k4 	BT-3  101   33    404    1    681    993    707    371   9.5380    0.038
P-n101-k4 	BT-3  101   16    202    0    681    762    702    139 1041.3387    0.031
P-n101-k4 	BT-3  101   16    202    1    681    702    702    142 1041.5717    0.031
P-n101-k4 	BT-3  101  102    202    0    681    762    702    148 -1170.5179    0.031
P-n101-k4 	BT-3  101  102    202    1    681    702    702    142 -1170.7432    0.031
P-n101-k4 	BT-3  101   33    404    0    681   1019    725    369   9.4266    0.065
P-n101-k4 	BT-3  101   33    404    1    681    993    707    368   9.5066    0.038
P-n101-k4 	BT-3  101   16    202    0    681    762    702    141 801.8115    0.031
P-n101-k4 	BT-3  101   16    202    1    681    702    702    132 801.6519    0.031
P-n101-k4 	BT-3  101  102    202    0    681    762    702    144 -1889.5145    0.031
P-n101-k4 	BT-3  101  102    202    1    681    702    702    137 -1889.7472    0.031
P-n101-k4 	BT-3  101   33    404    0    681   1019    725    373   9.5139    0.065
P-n101-k4 	BT-3  101   33    404    1    681    993    707    372   9.5488    0.038
P-n101-k4 	BT-3  101   16    202    0    681    762    702    139 -1354.8157    0.031
P-n101-k4 	BT-3  101   16    202    1    681    702    702    145 -1354.6440    0.031
P-n101-k4 	BT-3  101  102    202    0    681    762    702    141 230.6346    0.031
P-n101-k4 	BT-3  101  102    202    1    681    702    702    139 230.8199    0.031
P-n101-k4 	BT-3  101   33    404    0    681   1019    725    363   9.1622    0.065
P-n101-k4 	BT-3  101   33    404    1    681    993    707    367   9.4687    0.038
P-n101-k4 	BT-3  101   16    202    0    681    762    702    153 711.2288    0.031
P-n101-k4 	BT-3  101   16    202    1    681    702    702    142 710.8651    0.031
P-n101-k4 	BT-3  101  102    202    0    681    762    702    140 2132.7266    0.031
P-n101-k4 	BT-3  101  102    202    1    681    702    702    137 2132.8887    0.031
P-n101-k4 	BT-3  101   33    404    0    681   1019    725    364   9.4354    0.065
P-n101-k4 	BT-3  101   33    404    1    681    993    721    379   9.6777    0.059
P-n101-k4 	BT-3  101   16    202    0    681    762    702    146 2122.9243    0.031
P-n101-k4 	BT-3  101   16    202    1    681    702    702    140 2122.8149    0.031
P-n101-k4 	BT-3  101  102    202    0    681    762    702    142 2073.5181    0.031
P-n101-k4 	BT-3  101  102    202    1    681    702    702    139 2073.5129    0.031
P-n101-k4 	BT-3  101   33    404    0    681   1019    725    372   9.6989    0.065
P-n101-k4 	BT-3  101   33    404    1    681    993    729    363   9.3082    0.070
P-n101-k4 	BT-3  101   16    202    0    681    762    702    145 1944.7847    0.031
P-n101-k4 	BT-3  101   16    202    1    681    702    702    145 1944.6698    0.031
P-n101-k4 	BT-3  101  102    202    0    681    762    702    148 1539.1680    0.031
P-n101-k4 	BT-3  101  102    202    1    681    702    702    139 1539.1333    0.031
P-n101-k4 	BT-3  101   33    404    0    681   1019    725    391  10.0051    0.065
P-n101-k4 	BT-3  101   33    404    1    681    993    707    382  10.0764    0.038
P-n101-k4 	BT-3  101   16    202    0    681    762    702    145 342.5352    0.031
P-n101-k4 	BT-3  101   16    202    1    681    702    702    140 342.3697    0.031
P-n101-k4 	BT-3  101  102    202    0    681    762    702    149 1027.4166    0.031
P-n101-k4 	BT-3  101  102    202    1    681    702    702    138 1027.5791    0.031
P-n101-k4 	BT-3  101   33    404    0    681   1019    725    374  10.0436    0.065
P-n101-k4 	BT-3  101   33    404    1    681    993    707    380  10.0475    0.038
P-n101-k4 	BT-3  101   16    202    0    681    762    702    140 -1192.6094    0.031
P-n101-k4 	BT-3  101   16    202    1    681    702    702    139 -1192.6823    0.031
P-n101-k4 	BT-3  101  102    202    0    681    762    702    145 717.3747    0.031
P-n101-k4 	BT-3  101  102    202    1    681    702    702    133 716.9384    0.031
P-n101-k4 	BT-3  101   33    404    0    681   1019    725    377   9.5133    0.065
P-n101-k4 	BT-3  101   33    404    1    681    993    728    362   9.4339    0.069
P-n101-k4 	BT-3  101   16    202    0    681    762    702    146 -2124.4302    0.031
P-n101-k4 	BT-3  101   16    202    1    681    702    702    145 -2124.4023    0.031
P-n101-k4 	BT-3  101  102    202    0    681    762    702    142 -2078.4863    0.031
P-n101-k4 	BT-3  101  102    202    1    681    702    702    139 -2078.5464    0.031
P-n101-k4 	BT-3  101   33    404    0    681   1019    725    381   9.7522    0.065
P-n101-k4 	BT-3  101   33    404    1    681    993    707    360   9.3628    0.038
P-n101-k4 	BT-3  101   16    202    0    681    762    702    136 -1921.6123    0.031
P-n101-k4 	BT-3  101   16    202    1    681    702    702    136 -1921.5687    0.031
P-n101-k4 	BT-3  101  102    202    0    681    762    702    147 -1469.5396    0.031
P-n101-k4 	BT-3  101  102    202    1    681    702    702    148 -1469.2809    0.031
P-n101-k4 	BT-3  101   33    404    0    681   1019    725    371   9.4447    0.065
P-n101-k4 	BT-3  101   33    404    1    681    993    707    372   9.6952    0.038
P-n101-k4 	BT-3  101   16    202    0    681    762    702    146 -94.2178    0.031
P-n101-k4 	BT-3  101   16    202    1    681    702    702    136 -94.3685    0.031
P-n101-k4 	BT-3  101  102    202    0    681    762    702    143 -282.9753    0.031
P-n101-k4 	BT-3  101  102    202    1    681    702    702    134 -282.9728    0.031
P-n101-k4 	BT-3  101   33    404    0    681   1019    725    367   9.2700    0.065
P-n101-k4 	BT-3  101   33    404    1    681    993    707    370   9.5763    0.038
P-n101-k4 	BT-3  101   16    202    0    681    762    702    148 -830.0110    0.031
P-n101-k4 	BT-3  101   16    202    1    681    702    702    140 -830.1369    0.031
P-n101-k4 	BT-3  101  102    202    0    681    762    702    148 1805.0284    0.031
P-n101-k4 	BT-3  101  102    202    1    681    702    702    135 1804.5476    0.031
P-n101-k4 	BT-3  101   33    404    0    681   1019    725    375   9.2514    0.065
P-n101-k4 	BT-3  101   33    404    1    681    993    707    378   9.7807    0.038
P-n101-k4 	BT-3  101   16    202    0    681    762    702    147 1138.4865    0.031
P-n101-k4 	BT-3  101   16    202    1    681    702    702    135 1138.3491    0.031
P-n101-k4 	BT-3  101  102    202    0    681    762    702    134 -880.0414    0.031
P-n101-k4 	BT-3  101  102    202    1    681    702    702    141 -879.8058    0.031
P-n101-k4 	BT-3  101   33    404    0    681   1019    725    374   9.6550    0.065
P-n101-k4 	BT-3  101   33    404    1    681    993    707    370   9.4928    0.038
P-n101-k4 	BT-3  101   16    202    0    681    762    702    151 1674.8663    0.031
P-n101-k4 	BT-3  101   16    202    1    681    702    702    147 1674.6562    0.031
P-n101-k4 	BT-3  101  102    202    0    681    762    702    139 729.0209    0.031
P-n101-k4 	BT-3  101  102    202    1    681    702    702    146 729.3759    0.031
P-n101-k4 	BT-3  101   33    404    0    681   1019    725    363   9.0621    0.065
P-n101-k4 	BT-3  101   33    404    1    681    993    707    373  10.0313    0.038
P-n101-k4 	BT-3  101   16    202    0    681    762    702    145 -2088.1460    0.031
P-n101-k4 	BT-3  101   16    202    1    681    702    702    137 -2088.3071    0.031
P-n101-k4 	BT-3  101  102    202    0    681    762    702    144 -1969.8185    0.031
P-n101-k4 	BT-3  101  102    202    1    681    702    702    134 -1969.8528    0.031
P-n101-k4 	BT-3  101   33    404    0    681   1019    725    365   9.1212    0.065
P-n101-k4 	BT-3  101   33    404    1    681    993    707    374   9.4757    0.038
P-n101-k4 	BT-3  101   16    202    0    681    762    702    142 -1596.0104    0.031
P-n101-k4 	BT-3  101   16    202    1    681    702    702    146 -1595.8568    0.031
P-n101-k4 	BT-3  101  102    202    0    681    762    702    149 -492.7262    0.031
P-n101-k4 	BT-3  101  102    202    1    681    702    702    136 -492.9462    0.031
P-n101-k4 	BT-3  101   33    404    0    681   1019    798    354   8.9022    0.172
P-n101-k4 	BT-3  101   33    404    1    681    993    707    366   9.2979    0.038
P-n101-k4 	BT-3  101   16    202    0    681    762    702    143 -1460.3016    0.031
P-n101-k4 	BT-3  101   16    202    1    681    702    702    146 -1460.1666    0.031
P-n101-k4 	BT-3  101  102    202    0    681    762    702    149 -85.5554    0.031
P-n101-k4 	BT-3  101  102    202    1    681    702    702    138 -85.8763    0.031
P-n101-k4 	BT-3  101   33    404    0    681   1019    725    372   9.4494    0.065
P-n101-k4 	BT-3  101   33    404    1    681    993    707    363   9.3974    0.038
P-n101-k4 	BT-3  101   16    202    0    681    762    702    143 -238.2425    0.031
P-n101-k4 	BT-3  101   16    202    1    681    702    702    142 -238.2976    0.031
P-n101-k4 	BT-3  101  102    202    0    681    762    702    143 -714.9092    0.031
P-n101-k4 	BT-3  101  102    202    1    681    702    702    138 -714.7939    0.031
P-n101-k4 	BT-3  101   33    404    0    681   1019    725    367   9.1531    0.065
P-n101-k4 	BT-3  101   33    404    1    681    993    707    377   9.9098    0.038
P-n101-k4 	BT-3  101   16    202    0    681    762    702    143 -2125.6270    0.031
P-n101-k4 	BT-3  101   16    202    1    681    702    702    138 -2125.7595    0.031
P-n101-k4 	BT-3  101  102    202    0    681    762    702    146 -2081.7434    0.031
P-n101-k4 	BT-3  101  102    202    1    681    702    702    138 -2082.0752    0.031
P-n101-k4 	BT-3  101   33    404    0    681   1019    725    372   9.5047    0.065
P-n101-k4 	BT-3  101   33    404    1    681    993    707    362   9.3716    0.038
P-n101-k4 	BT-3  101   16    202    0    681    762    702    150 -1931.7295    0.031
P-n101-k4 	BT-3  101   16    202    1    681    702    702    143 -1931.6985    0.031
P-n101-k4 	BT-3  101  102    202    0    681    762    702    148 -1500.3069    0.031
P-n101-k4 	BT-3  101  102    202    1    681    702    702    134 -1500.6738    0.031
P-n101-k4 	BT-3  101   33    404    0    681   1019    725    368   9.0472    0.065
P-n101-k4 	BT-3  101   33    404    1    681    993    707    367   9.6863    0.038
P-n101-k4 	BT-3  101   16    202    0    681    762    702    135 -188.0454    0.031
P-n101-k4 	BT-3  101   16    202    1    681    702    702    144 -187.4400    0.031
P-n101-k4 	BT-3  101  102    202    0    681    762    702    148 -563.2382    0.031
P-n101-k4 	BT-3  101  102    202    1    681    702    702    140 -563.1934    0.031
P-n101-k4 	BT-3  101   33    404    0    681   1019    725    364   9.2860    0.065
P-n101-k4 	BT-3  101   33    404    1    681    993    707    361   9.2860    0.038
P-n101-k4 	BT-3  101   16    202    0    681    762    702    143 -1671.0579    0.031
P-n101-k4 	BT-3  101   16    202    1    681    702    702    137 -1670.9834    0.031
P-n101-k4 	BT-3  101  102    202    0    681    762    702    143 -718.0798    0.031
P-n101-k4 	BT-3  101  102    202    1    681    702    702    137 -718.1382    0.031
P-n101-k4 	BT-3  101   33    404    0    681   1019    725    364   9.0132    0.065
P-n101-k4 	BT-3  101   33    404    1    681    993    707    379  10.0051    0.038
P-n101-k4 	BT-3  101   16    202    0    681    762    702    142 -2135.3076    0.031
P-n101-k4 	BT-3  101   16    202    1    681    702    702    141 -2135.2600    0.031
P-n101-k4 	BT-3  101  102    202    0    681    762    702    146 -2110.9578    0.031
P-n101-k4 	BT-3  101  102    202    1    681    702    702    150 -2110.6187    0.031
P-n101-k4 	BT-3  101   33    404    0    681   1019    725    377   9.5481    0.065
P-n101-k4 	BT-3  101   33    404    1    681    993    707    353   9.0485    0.038
P-n101-k4 	BT-3  101   16    202    0    681    762    702    144 -2018.9731    0.031
P-n101-k4 	BT-3  101   16    202    1    681    702    702    143 -2018.7164    0.031
P-n101-k4 	BT-3  101  102    202    0    681    762    702    141 -1761.7950    0.031
P-n101-k4 	BT-3  101  102    202    1    681    702    702    142 -1761.5812    0.031
P-n101-k4 	BT-3  101   33    404    0    681   1019    725    374   9.5839    0.065
P-n101-k4 	BT-3  101   33    404    1    681    993    707    368   9.4566    0.038
P-n101-k4 	BT-3  101   16    202    0    681    762    702    148 -970.8206    0.031
P-n101-k4 	BT-3  101   16    202    1    681    702    702    144 -970.9125    0.031
P-n101-k4 	BT-3  101  102    202    0    681    762    702    148 1382.4364    0.031
P-n101-k4 	BT-3  101  102    202    1    681    702    702    137 1382.1862    0.031
P-n101-k4 	BT-3  101   33    404    0    681   1019    725    372   9.7301    0.065
P-n101-k4 	BT-3  101   33    404    1    681    993    707    373   9.5344    0.038
P-n101-k4 	BT-3  101   16    202    0    681    762    702    140 -128.9246    0.031
P-n101-k4 	BT-3  101   16    202    1    681    702    702    140 -128.8672    0.031
P-n101-k4 	BT-3  101  102    202    0    681    762    702    146 -386.5754    0.031
P-n101-k4 	BT-3  101  102    202    1    681    702    702    141 -386.5619    0.031
P-n101-k4 	BT-3  101   33    404    0    681   1019    725    373   9.3240    0.065
P-n101-k4 	BT-3  101   33    404    1    681    993    707    378   9.7359    0.038
P-n101-k4 	BT-3  101   16    202    0    681    762    702    142 -1140.8468    0.031
P-n101-k4 	BT-3  101   16    202    1    681    702    702    138 -1140.8168    0.031
P-n101-k4 	BT-3  101  102    202    0    681    762    702    145 872.6216    0.031
P-n101-k4 	BT-3  101  102    202    1    681    702    702    137 872.6047    0.031
P-n101-k4 	BT-3  101   33    404    0    681   1019    725    381   9.5858    0.065
P-n101-k4 	BT-3  101   33    404    1    681    993    707    372   9.6511    0.038
P-n101-k4 	BT-3  101   16    202    0    681    762    702    150 -1657.5979    0.031
P-n101-k4 	BT-3  101   16    202    1    681    702    702    144 -1657.8568    0.031
P-n101-k4 	BT-3  101  102    202    0    681    762    702    142 -678.5433    0.031
P-n101-k4 	BT-3  101  102    202    1    681    702    702    147 -678.1329    0.031
P-n101-k4 	BT-3  101   33    404    0    681   1019    725    377   9.4182    0.065
P-n101-k4 	BT-3  101   33    404    1    681    993    707    369   9.6128    0.038
P-n101-k4 	BT-3  101   16    202    0    681    762    702    145 -2015.9489    0.031
P-n101-k4 	BT-3  101   16    202    1    681    702    702    137 -2016.1426    0.031
P-n101-k4 	BT-3  101  102    202    0    681    762    702    153 -1753.0372    0.031
P-n101-k4 	BT-3  101  102    202    1    681    702    702    134 -1753.4241    0.031
P-n101-k4 	BT-3  101   33    404    0    681   1019    725    357   9.1827    0.065
P-n101-k4 	BT-3  101   33    404    1    681    993    707    363   9.3286    0.038
P-n101-k4 	BT-3  101   16    202    0    681    762    702    148 -946.1689    0.031
P-n101-k4 	BT-3  101   16    202    1    681    702    702    139 -946.2075    0.031
P-n101-k4 	BT-3  101  102    202    0    681    762    702    143 1456.5090    0.031
P-n101-k4 	BT-3  101  102    202    1    681    702    702    142 1456.6329    0.031
P-n101-k4 	BT-3  101   33    404    0    681   1019    725    370   9.1533    0.065
P-n101-k4 	BT-3  101   33    404    1    681    993    710    368   9.5092    0.043
P-n101-k4 	BT-3  101   16    202    0    681    762    702    145  93.2509    0.031
P-n101-k4 	BT-3  101   16    202    1    681    702    702    135  93.0729    0.031
P-n101-k4 	BT-3  101  102    202    0    681    762    702    141 279.4632    0.031
P-n101-k4 	BT-3  101  102    202    1    681    702    702    142 279.7952    0.031
P-n101-k4 	BT-3  101   33    404    0    681   1019    725    371   9.2689    0.065
P-n101-k4 	BT-3  101   33    404    1    681    993    707    374   9.6566    0.038
P-n101-k4 	BT-3  101   16    202    0    681    762    702    152 858.0915    0.031
P-n101-k4 	BT-3  101   16    202    1    681    702    702    136 857.7139    0.031
P-n101-k4 	BT-3  101  102    202    0    681    762    702    143 -1721.3242    0.031
P-n101-k4 	BT-3  101  102    202    1    681    702    702    137 -1721.3422    0.031
P-n101-k4 	BT-3  101   33    404    0    681   1019    725    372   9.5132    0.065
P-n101-k4 	BT-3  101   33    404    1    681    993    707    372   9.5586    0.038
P-n101-k4 	BT-3  101   16    202    0    681    762    702    147 -849.8648    0.031
P-n101-k4 	BT-3  101   16    202    1    681    702    702    137 -849.9510    0.031
P-n101-k4 	BT-3  101  102    202    0    681    762    702    137 1744.9255    0.031
P-n101-k4 	BT-3  101  102    202    1    681    702    702    145 1745.3687    0.031
P-n101-k4 	BT-3  101   33    404    0    681   1019    725    375   9.5252    0.065
P-n101-k4 	BT-3  101   33    404    1    681    993    707    375   9.7601    0.038
P-n101-k4 	BT-3  101   16    202    0    681    762    702    140 959.5594    0.031
P-n101-k4 	BT-3  101   16    202    1    681    702    702    141 959.7339    0.031
P-n101-k4 	BT-3  101  102    202    0    681    762    702    143 -1415.9529    0.031
P-n101-k4 	BT-3  101  102    202    1    681    702    702    133 -1416.1692    0.031
P-n101-k4 	BT-3  101   33    404    0    681   1019    725    377   9.3721    0.065
P-n101-k4 	BT-3  101   33    404    1    681    993    707    370   9.5789    0.038
P-n101-k4 	BT-3  101   16    202    0    681    762    702    142  65.8295    0.031
P-n101-k4 	BT-3  101   16    202    1    681    702    702    143  65.8935    0.031
P-n101-k4 	BT-3  101  102    202    0    681    762    702    147 197.7470    0.031
P-n101-k4 	BT-3  101  102    202    1    681    702    702    150 197.9836    0.031
P-n101-k4 	BT-3  101   33    404    0    681   1019    725    358   9.1076    0.065
P-n101-k4 	BT-3  101   33    404    1    681    993    707    376   9.6710    0.038
P-n101-k4 	BT-3  101   16    202    0    681    762    702    139 612.0652    0.031
P-n101-k4 	BT-3  101   16    202    1    681    702    702    138 612.1421    0.031
P-n101-k4 	BT-3  101  102    202    0    681    762    702    135 1835.9727    0.031
P-n101-k4 	BT-3  101  102    202    1    681    702    702    142 1836.4565    0.031
P-n101-k4 	BT-3  101   33    404    0    681   1019    725    370   9.3504    0.065
P-n101-k4 	BT-3  101   33    404    1    681    993    717    376   9.5347    0.053
P-n101-k4 	BT-3  101   16    202    0    681    762    702    141 1232.6696    0.031
P-n101-k4 	BT-3  101   16    202    1    681    702    702    140 1232.6600    0.031
P-n101-k4 	BT-3  101  102    202    0    681    762    702    146 -596.9139    0.031
P-n101-k4 	BT-3  101  102    202    1    681    702    702    135 -596.9923    0.031
P-n101-k4 	BT-3  101   33    404    0    681   1019    725    388   9.8251    0.065
P-n101-k4 	BT-3  101   33    404    1    681    993    707    374   9.5471    0.038
P-n101-k4 	BT-3  101   16    202    0    681    762    702    141 -1771.5188    0.031
P-n101-k4 	BT-3  101   16    202    1    681    702    702    146 -1771.4347    0.031
P-n101-k4 	BT-3  101  102    202    0    681    762    702    146 -1019.2621    0.031
P-n101-k4 	BT-3  101  102    202    1    681    702    702    141 -1019.5777    0.031
P-n101-k4 	BT-3  101   33    404    0    681   1019    725    372   9.5106    0.065
P-n101-k4 	BT-3  101   33    404    1    681    993    707    370   9.4119    0.038
P-n101-k4 	BT-3  101   16    202    0    681    762    702    142 1255.6348    0.031
P-n101-k4 	BT-3  101   16    202    1    681    702    702    144 1255.7236    0.031
P-n101-k4 	BT-3  101  102    202    0    681    762    762    143 -528.0341    0.119
P-n101-k4 	BT-3  101  102    202    1    681    702    702    141 -527.9458    0.031
