A-n46-k7 	BT-1   46   15    184    0    914   1537    937    395   0.8286    0.025
A-n46-k7 	BT-1   46   15    184    1    914   1307    991    200   0.4699    0.084
A-n46-k7 	BT-1   46    7     92    0    914   1349    924    104   0.2422    0.011
A-n46-k7 	BT-1   46    7     92    1    914    937    924    104   0.2382    0.011
A-n46-k7 	BT-1   46    4     92    0    914   1312    924     93   0.2237    0.011
A-n46-k7 	BT-1   46    4     92    1    914    924    924     92   0.2161    0.011
A-n46-k7 	BT-2   46   15    184    0    914   1537    922    240   0.5067    0.009
A-n46-k7 	BT-2   46   15    184    1    914   1307    975    247   0.5353    0.067
A-n46-k7 	BT-2   46    7     92    0    914   1034    925    104   0.2530    0.012
A-n46-k7 	BT-2   46    7     92    1    914    922    922     92   0.2335    0.009
A-n46-k7 	BT-2   46    4     92    0    914   1034    925    104   0.2502    0.012
A-n46-k7 	BT-2   46    4     92    1    914    922    922     92   0.2370    0.009
A-n46-k7 	BT-3   46   15    184    0    914   1537    949    218   0.4498    0.038
A-n46-k7 	BT-3   46   15    184    1    914   1307    936    273   0.5373    0.024
A-n46-k7 	BT-3   46    7     92    0    914   1161    966    265   0.5155    0.057
A-n46-k7 	BT-3   46    7     92    1    914    936    936     92   0.2392    0.024
A-n46-k7 	BT-3   46    4     92    0    914   1161    988    128   0.2981    0.081
A-n46-k7 	BT-3   46    4     92    1    914    936    936     92   0.2385    0.024
A-n46-k7 	BT-3   46   15    184    0    914   1537    917    292   0.5893    0.003
A-n46-k7 	BT-3   46   15    184    1    914   1307    928    447   0.8714    0.015
A-n46-k7 	BT-3   46    7     92    0    914   1236    975    113   0.2666    0.067
A-n46-k7 	BT-3   46    7     92    1    914    917    917     92   0.2430    0.003
A-n46-k7 	BT-3   46    4     92    0    914   1236    979    118   0.2851    0.071
A-n46-k7 	BT-3   46    4     92    1    914    917    916    112   0.2891    0.002
A-n46-k7 	BT-3   46   15    184    0    914   1537    919    384   0.7288    0.005
A-n46-k7 	BT-3   46   15    184    1    914   1307    930    314   0.6061    0.018
A-n46-k7 	BT-3   46    7     92    0    914   1081    921    105   0.2522    0.008
A-n46-k7 	BT-3   46    7     92    1    914    916    916     92   0.2365    0.002
A-n46-k7 	BT-3   46    4     92    0    914   1081    921    105   0.2607    0.008
A-n46-k7 	BT-3   46    4     92    1    914    916    914    113   0.2745    0.000
A-n46-k7 	BT-3   46   15    184    0    914   1537    917    389   0.7653    0.003
A-n46-k7 	BT-3   46   15    184    1    914   1307    948    307   0.6039    0.037
A-n46-k7 	BT-3   46    7     92    0    914   1414    978    166   0.3540    0.070
A-n46-k7 	BT-3   46    7     92    1    914    914    914     92   0.2371    0.000
A-n46-k7 	BT-3   46    4     92    0    914   1414   1014    156   0.3441    0.109
A-n46-k7 	BT-3   46    4     92    1    914    914    914     92   0.2320    0.000
A-n46-k7 	BT-3   46   15    184    0    914   1537    917    304   0.6080    0.003
A-n46-k7 	BT-3   46   15    184    1    914   1307    997    210   0.4381    0.091
A-n46-k7 	BT-3   46    7     92    0    914   1414    993    161   0.3355    0.086
A-n46-k7 	BT-3   46    7     92    1    914    914    914     92   0.2350    0.000
A-n46-k7 	BT-3   46    4     92    0    914   1414   1019    235   0.5153    0.115
A-n46-k7 	BT-3   46    4     92    1    914    914    914     92   0.2351    0.000
A-n46-k7 	BT-3   46   15    184    0    914   1537    917    481   0.9291    0.003
A-n46-k7 	BT-3   46   15    184    1    914   1307    984    223   0.4579    0.077
A-n46-k7 	BT-3   46    7     92    0    914   1414    993    185   0.3916    0.086
A-n46-k7 	BT-3   46    7     92    1    914    914    914     92   0.2372    0.000
A-n46-k7 	BT-3   46    4     92    0    914   1414   1008    193   0.3861    0.103
A-n46-k7 	BT-3   46    4     92    1    914    914    914     92   0.2336    0.000
A-n46-k7 	BT-3   46   15    184    0    914   1537    914    339   0.7014    0.000
A-n46-k7 	BT-3   46   15    184    1    914   1307    953    375   0.7467    0.043
A-n46-k7 	BT-3   46    7     92    0    914   1414    978    192   0.3980    0.070
A-n46-k7 	BT-3   46    7     92    1    914    914    914     92   0.2328    0.000
A-n46-k7 	BT-3   46    4     92    0    914   1414   1008    263   0.5576    0.103
A-n46-k7 	BT-3   46    4     92    1    914    914    914     92   0.2317    0.000
A-n46-k7 	BT-3   46   15    184    0    914   1537    914    573   1.1154    0.000
A-n46-k7 	BT-3   46   15    184    1    914   1307    928    537   1.0190    0.015
A-n46-k7 	BT-3   46    7     92    0    914   1414    978    226   0.4653    0.070
A-n46-k7 	BT-3   46    7     92    1    914    914    914     92   0.2354    0.000
A-n46-k7 	BT-3   46    4     92    0    914   1414   1008    232   0.4683    0.103
A-n46-k7 	BT-3   46    4     92    1    914    914    914     92   0.2344    0.000
A-n46-k7 	BT-3   46   15    184    0    914   1537    917    382   0.7598    0.003
A-n46-k7 	BT-3   46   15    184    1    914   1307    970    233   0.4674    0.061
A-n46-k7 	BT-3   46    7     92    0    914   1414    989    178   0.3835    0.082
A-n46-k7 	BT-3   46    7     92    1    914    914    914     92   0.2330    0.000
A-n46-k7 	BT-3   46    4     92    0    914   1414   1008    150   0.3114    0.103
A-n46-k7 	BT-3   46    4     92    1    914    914    914     92   0.2330    0.000
A-n46-k7 	BT-3   46   15    184    0    914   1537    919    324   0.6568    0.005
A-n46-k7 	BT-3   46   15    184    1    914   1307    988    217   0.4474    0.081
A-n46-k7 	BT-3   46    7     92    0    914   1414   1023    126   0.2857    0.119
A-n46-k7 	BT-3   46    7     92    1    914    914    914     92   0.2338    0.000
A-n46-k7 	BT-3   46    4     92    0    914   1414   1023    132   0.2965    0.119
A-n46-k7 	BT-3   46    4     92    1    914    914    914     92   0.2353    0.000
A-n46-k7 	BT-3   46   15    184    0    914   1537    949    218   0.4530    0.038
A-n46-k7 	BT-3   46   15    184    1    914   1307    944    410   0.7865    0.033
A-n46-k7 	BT-3   46    7     92    0    914   1414   1023    123   0.2924    0.119
A-n46-k7 	BT-3   46    7     92    1    914    914    914     92   0.2397    0.000
A-n46-k7 	BT-3   46    4     92    0    914   1414   1008    144   0.3000    0.103
A-n46-k7 	BT-3   46    4     92    1    914    914    914     92   0.2343    0.000
A-n46-k7 	BT-3   46   15    184    0    914   1537    919    371   0.7689    0.005
A-n46-k7 	BT-3   46   15    184    1    914   1307    928    578   1.1036    0.015
A-n46-k7 	BT-3   46    7     92    0    914   1414    954    451   0.8641    0.044
A-n46-k7 	BT-3   46    7     92    1    914    914    914     92   0.2331    0.000
A-n46-k7 	BT-3   46    4     92    0    914   1414   1019    262   0.5625    0.115
A-n46-k7 	BT-3   46    4     92    1    914    914    914     92   0.2474    0.000
A-n46-k7 	BT-3   46   15    184    0    914   1537    928    344   0.6783    0.015
A-n46-k7 	BT-3   46   15    184    1    914   1307    955    470   0.9141    0.045
A-n46-k7 	BT-3   46    7     92    0    914   1414    993    192   0.4018    0.086
A-n46-k7 	BT-3   46    7     92    1    914    914    914     92   0.2390    0.000
A-n46-k7 	BT-3   46    4     92    0    914   1414   1020    216   0.4733    0.116
A-n46-k7 	BT-3   46    4     92    1    914    914    914     92   0.2308    0.000
A-n46-k7 	BT-3   46   15    184    0    914   1537    949    218   0.4616    0.038
A-n46-k7 	BT-3   46   15    184    1    914   1307    932    412   0.7909    0.020
A-n46-k7 	BT-3   46    7     92    0    914   1414    989    171   0.3604    0.082
A-n46-k7 	BT-3   46    7     92    1    914    914    914     92   0.2365    0.000
A-n46-k7 	BT-3   46    4     92    0    914   1414   1020    218   0.4811    0.116
A-n46-k7 	BT-3   46    4     92    1    914    914    914     92   0.2340    0.000
A-n46-k7 	BT-3   46   15    184    0    914   1537    919    289   0.5878    0.005
A-n46-k7 	BT-3   46   15    184    1    914   1307    988    217   0.4584    0.081
A-n46-k7 	BT-3   46    7     92    0    914   1414    993    153   0.3343    0.086
A-n46-k7 	BT-3   46    7     92    1    914    914    914     92   0.2339    0.000
A-n46-k7 	BT-3   46    4     92    0    914   1414   1020    217   0.4741    0.116
A-n46-k7 	BT-3   46    4     92    1    914    914    914     92   0.2382    0.000
A-n46-k7 	BT-3   46   15    184    0    914   1537    928    366   0.7339    0.015
A-n46-k7 	BT-3   46   15    184    1    914   1307    944    307   0.6049    0.033
A-n46-k7 	BT-3   46    7     92    0    914   1414    978    192   0.3929    0.070
A-n46-k7 	BT-3   46    7     92    1    914    914    914     92   0.2344    0.000
A-n46-k7 	BT-3   46    4     92    0    914   1414   1000    368   0.7509    0.094
A-n46-k7 	BT-3   46    4     92    1    914    914    914     92   0.2346    0.000
A-n46-k7 	BT-3   46   15    184    0    914   1537    914    368   0.7482    0.000
A-n46-k7 	BT-3   46   15    184    1    914   1307    988    218   0.4447    0.081
A-n46-k7 	BT-3   46    7     92    0    914   1414    993    171   0.3582    0.086
A-n46-k7 	BT-3   46    7     92    1    914    914    914     92   0.2348    0.000
A-n46-k7 	BT-3   46    4     92    0    914   1414   1020    218   0.4764    0.116
A-n46-k7 	BT-3   46    4     92    1    914    914    914     92   0.2341    0.000
A-n46-k7 	BT-3   46   15    184    0    914   1537    949    218   0.4856    0.038
A-n46-k7 	BT-3   46   15    184    1    914   1307    971    461   0.8882    0.062
A-n46-k7 	BT-3   46    7     92    0    914   1414    978    242   0.4972    0.070
A-n46-k7 	BT-3   46    7     92    1    914    914    914     92   0.2368    0.000
A-n46-k7 	BT-3   46    4     92    0    914   1414   1006    235   0.4760    0.101
A-n46-k7 	BT-3   46    4     92    1    914    914    914     92   0.2329    0.000
A-n46-k7 	BT-3   46   15    184    0    914   1537    915    246   0.4858    0.001
A-n46-k7 	BT-3   46   15    184    1    914   1307    944    322   0.6268    0.033
A-n46-k7 	BT-3   46    7     92    0    914   1414    971    168   0.3414    0.062
A-n46-k7 	BT-3   46    7     92    1    914    914    914     92   0.2337    0.000
A-n46-k7 	BT-3   46    4     92    0    914   1414   1020    216   0.4784    0.116
A-n46-k7 	BT-3   46    4     92    1    914    914    914     92   0.2307    0.000
A-n46-k7 	BT-3   46   15    184    0    914   1537    914    258   0.5110    0.000
A-n46-k7 	BT-3   46   15    184    1    914   1307    988    217   0.4481    0.081
A-n46-k7 	BT-3   46    7     92    0    914   1414    989    239   0.4846    0.082
A-n46-k7 	BT-3   46    7     92    1    914    914    914     92   0.2334    0.000
A-n46-k7 	BT-3   46    4     92    0    914   1414   1020    159   0.3408    0.116
A-n46-k7 	BT-3   46    4     92    1    914    914    914     92   0.2329    0.000
A-n46-k7 	BT-3   46   15    184    0    914   1537    922    255   0.5058    0.009
A-n46-k7 	BT-3   46   15    184    1    914   1307    950    455   0.8836    0.039
A-n46-k7 	BT-3   46    7     92    0    914   1414   1008    156   0.3400    0.103
A-n46-k7 	BT-3   46    7     92    1    914    914    914     92   0.2338    0.000
A-n46-k7 	BT-3   46    4     92    0    914   1414   1014    144   0.3035    0.109
A-n46-k7 	BT-3   46    4     92    1    914    914    914     92   0.2337    0.000
A-n46-k7 	BT-3   46   15    184    0    914   1537    917    359   0.6973    0.003
A-n46-k7 	BT-3   46   15    184    1    914   1307    945    309   0.5983    0.034
A-n46-k7 	BT-3   46    7     92    0    914   1414    963    303   0.6305    0.054
A-n46-k7 	BT-3   46    7     92    1    914    914    914     92   0.2336    0.000
A-n46-k7 	BT-3   46    4     92    0    914   1414   1023    129   0.2889    0.119
A-n46-k7 	BT-3   46    4     92    1    914    914    914     92   0.2373    0.000
A-n46-k7 	BT-3   46   15    184    0    914   1537    919    339   0.6610    0.005
A-n46-k7 	BT-3   46   15    184    1    914   1307    944    265   0.5496    0.033
A-n46-k7 	BT-3   46    7     92    0    914   1414    993    163   0.3394    0.086
A-n46-k7 	BT-3   46    7     92    1    914    914    914     92   0.2334    0.000
A-n46-k7 	BT-3   46    4     92    0    914   1414   1014    148   0.3101    0.109
A-n46-k7 	BT-3   46    4     92    1    914    914    914     92   0.2369    0.000
A-n46-k7 	BT-3   46   15    184    0    914   1537    917    281   0.5518    0.003
A-n46-k7 	BT-3   46   15    184    1    914   1307    944    336   0.6514    0.033
A-n46-k7 	BT-3   46    7     92    0    914   1414    993    143   0.3065    0.086
A-n46-k7 	BT-3   46    7     92    1    914    914    914     92   0.2333    0.000
A-n46-k7 	BT-3   46    4     92    0    914   1414   1020    217   0.4809    0.116
A-n46-k7 	BT-3   46    4     92    1    914    914    914     92   0.2331    0.000
A-n46-k7 	BT-3   46   15    184    0    914   1537    917    572   1.0873    0.003
A-n46-k7 	BT-3   46   15    184    1    914   1307    936    395   0.7667    0.024
A-n46-k7 	BT-3   46    7     92    0    914   1414    974    268   0.5505    0.066
A-n46-k7 	BT-3   46    7     92    1    914    914    914     92   0.2344    0.000
A-n46-k7 	BT-3   46    4     92    0    914   1414   1019    261   0.5663    0.115
A-n46-k7 	BT-3   46    4     92    1    914    914    914     92   0.2325    0.000
A-n46-k7 	BT-3   46   15    184    0    914   1537    924    461   0.9074    0.011
A-n46-k7 	BT-3   46   15    184    1    914   1307    944    378   0.7457    0.033
A-n46-k7 	BT-3   46    7     92    0    914   1414    974    227   0.4833    0.066
A-n46-k7 	BT-3   46    7     92    1    914    914    914     92   0.2386    0.000
A-n46-k7 	BT-3   46    4     92    0    914   1414   1006    304   0.6925    0.101
A-n46-k7 	BT-3   46    4     92    1    914    914    914     92   0.2553    0.000
A-n46-k7 	BT-3   46   15    184    0    914   1537    922    331   0.6933    0.009
A-n46-k7 	BT-3   46   15    184    1    914   1307    956    294   0.7131    0.046
A-n46-k7 	BT-3   46    7     92    0    914   1414    993    136   0.4100    0.086
A-n46-k7 	BT-3   46    7     92    1    914    914    914     92   0.2644    0.000
A-n46-k7 	BT-3   46    4     92    0    914   1414   1023    132   0.3166    0.119
A-n46-k7 	BT-3   46    4     92    1    914    914    914     92   0.2383    0.000
A-n46-k7 	BT-3   46   15    184    0    914   1537    914    316   0.6605    0.000
A-n46-k7 	BT-3   46   15    184    1    914   1307    917    482   1.1767    0.003
A-n46-k7 	BT-3   46    7     92    0    914   1414    993    228   0.5397    0.086
A-n46-k7 	BT-3   46    7     92    1    914    914    914     92   0.2387    0.000
A-n46-k7 	BT-3   46    4     92    0    914   1414   1019    240   0.5195    0.115
A-n46-k7 	BT-3   46    4     92    1    914    914    914     92   0.2396    0.000
A-n46-k7 	BT-3   46   15    184    0    914   1537    923    361   0.7197    0.010
A-n46-k7 	BT-3   46   15    184    1    914   1307    976    304   0.6395    0.068
A-n46-k7 	BT-3   46    7     92    0    914   1414    993    165   0.3507    0.086
A-n46-k7 	BT-3   46    7     92    1    914    914    914     92   0.2346    0.000
A-n46-k7 	BT-3   46    4     92    0    914   1414   1020    216   0.4820    0.116
A-n46-k7 	BT-3   46    4     92    1    914    914    914     92   0.2431    0.000
A-n46-k7 	BT-3   46   15    184    0    914   1537    914    584   1.1935    0.000
A-n46-k7 	BT-3   46   15    184    1    914   1307    944    263   0.5329    0.033
A-n46-k7 	BT-3   46    7     92    0    914   1414    978    258   0.5197    0.070
A-n46-k7 	BT-3   46    7     92    1    914    914    914     92   0.2335    0.000
A-n46-k7 	BT-3   46    4     92    0    914   1414   1019    227   0.4985    0.115
A-n46-k7 	BT-3   46    4     92    1    914    914    914     92   0.2361    0.000
A-n46-k7 	BT-3   46   15    184    0    914   1537    919    251   0.5290    0.005
A-n46-k7 	BT-3   46   15    184    1    914   1307    944    315   0.6627    0.033
A-n46-k7 	BT-3   46    7     92    0    914   1414    993    165   0.3853    0.086
A-n46-k7 	BT-3   46    7     92    1    914    914    914     92   0.2362    0.000
A-n46-k7 	BT-3   46    4     92    0    914   1414   1019    267   0.6083    0.115
A-n46-k7 	BT-3   46    4     92    1    914    914    914     92   0.2371    0.000
A-n46-k7 	BT-3   46   15    184    0    914   1537    914    344   0.7811    0.000
A-n46-k7 	BT-3   46   15    184    1    914   1307    957    342   0.7145    0.047
A-n46-k7 	BT-3   46    7     92    0    914   1414    978    187   0.4011    0.070
A-n46-k7 	BT-3   46    7     92    1    914    914    914     92   0.2601    0.000
A-n46-k7 	BT-3   46    4     92    0    914   1414   1000    301   0.6541    0.094
A-n46-k7 	BT-3   46    4     92    1    914    914    914     92   0.2347    0.000
A-n46-k7 	BT-3   46   15    184    0    914   1537    925    360   0.7744    0.012
A-n46-k7 	BT-3   46   15    184    1    914   1307    949    416   0.8220    0.038
A-n46-k7 	BT-3   46    7     92    0    914   1414    993    168   0.3594    0.086
A-n46-k7 	BT-3   46    7     92    1    914    914    914     92   0.2562    0.000
A-n46-k7 	BT-3   46    4     92    0    914   1414   1014    138   0.3253    0.109
A-n46-k7 	BT-3   46    4     92    1    914    914    914     92   0.2334    0.000
A-n46-k7 	BT-3   46   15    184    0    914   1537    914    563   1.1578    0.000
A-n46-k7 	BT-3   46   15    184    1    914   1307    942    751   1.4472    0.031
A-n46-k7 	BT-3   46    7     92    0    914   1414    983    240   0.5853    0.075
A-n46-k7 	BT-3   46    7     92    1    914    914    914     92   0.2449    0.000
A-n46-k7 	BT-3   46    4     92    0    914   1414   1020    218   0.5210    0.116
A-n46-k7 	BT-3   46    4     92    1    914    914    914     92   0.2752    0.000
A-n46-k7 	BT-3   46   15    184    0    914   1537    919    383   0.8851    0.005
A-n46-k7 	BT-3   46   15    184    1    914   1307    933    522   1.0986    0.021
A-n46-k7 	BT-3   46    7     92    0    914   1414    993    152   0.3364    0.086
A-n46-k7 	BT-3   46    7     92    1    914    914    914     92   0.2368    0.000
A-n46-k7 	BT-3   46    4     92    0    914   1414    980    358   0.7110    0.072
A-n46-k7 	BT-3   46    4     92    1    914    914    914     92   0.2391    0.000
A-n46-k7 	BT-3   46   15    184    0    914   1537    914    512   1.1416    0.000
A-n46-k7 	BT-3   46   15    184    1    914   1307    988    218   0.5396    0.081
A-n46-k7 	BT-3   46    7     92    0    914   1414    993    187   0.4282    0.086
A-n46-k7 	BT-3   46    7     92    1    914    914    914     92   0.2522    0.000
A-n46-k7 	BT-3   46    4     92    0    914   1414   1008    287   0.6221    0.103
A-n46-k7 	BT-3   46    4     92    1    914    914    914     92   0.2425    0.000
A-n46-k7 	BT-3   46   15    184    0    914   1537    929    335   0.7044    0.016
A-n46-k7 	BT-3   46   15    184    1    914   1307    944    371   0.7343    0.033
A-n46-k7 	BT-3   46    7     92    0    914   1414    993    157   0.3363    0.086
A-n46-k7 	BT-3   46    7     92    1    914    914    914     92   0.2393    0.000
A-n46-k7 	BT-3   46    4     92    0    914   1414   1023    132   0.3351    0.119
A-n46-k7 	BT-3   46    4     92    1    914    914    914     92   0.2647    0.000
A-n46-k7 	BT-3   46   15    184    0    914   1537    914    395   0.7950    0.000
A-n46-k7 	BT-3   46   15    184    1    914   1307    989    216   0.4981    0.082
A-n46-k7 	BT-3   46    7     92    0    914   1414    993    192   0.4010    0.086
A-n46-k7 	BT-3   46    7     92    1    914    914    914     92   0.2339    0.000
A-n46-k7 	BT-3   46    4     92    0    914   1414   1020    216   0.4747    0.116
A-n46-k7 	BT-3   46    4     92    1    914    914    914     92   0.2451    0.000
A-n46-k7 	BT-3   46   15    184    0    914   1537    914    487   0.9277    0.000
A-n46-k7 	BT-3   46   15    184    1    914   1307    950    472   0.9052    0.039
A-n46-k7 	BT-3   46    7     92    0    914   1414    995    193   0.3988    0.089
A-n46-k7 	BT-3   46    7     92    1    914    914    914     92   0.2349    0.000
A-n46-k7 	BT-3   46    4     92    0    914   1414   1008    186   0.3771    0.103
A-n46-k7 	BT-3   46    4     92    1    914    914    914     92   0.2401    0.000
A-n46-k7 	BT-3   46   15    184    0    914   1537    917    440   0.8550    0.003
A-n46-k7 	BT-3   46   15    184    1    914   1307    951    357   0.6963    0.040
A-n46-k7 	BT-3   46    7     92    0    914   1414    993    160   0.3396    0.086
A-n46-k7 	BT-3   46    7     92    1    914    914    914     92   0.2365    0.000
A-n46-k7 	BT-3   46    4     92    0    914   1414   1019    241   0.5221    0.115
A-n46-k7 	BT-3   46    4     92    1    914    914    914     92   0.2320    0.000
A-n46-k7 	BT-3   46   15    184    0    914   1537    917    334   0.6581    0.003
A-n46-k7 	BT-3   46   15    184    1    914   1307    944    348   0.6822    0.033
A-n46-k7 	BT-3   46    7     92    0    914   1414    993    153   0.3338    0.086
A-n46-k7 	BT-3   46    7     92    1    914    914    914     92   0.2372    0.000
A-n46-k7 	BT-3   46    4     92    0    914   1414    988    216   0.4324    0.081
A-n46-k7 	BT-3   46    4     92    1    914    914    914     92   0.2555    0.000
A-n46-k7 	BT-3   46   15    184    0    914   1537    949    218   0.4420    0.038
A-n46-k7 	BT-3   46   15    184    1    914   1307    917    523   1.0104    0.003
A-n46-k7 	BT-3   46    7     92    0    914   1414    993    207   0.4344    0.086
A-n46-k7 	BT-3   46    7     92    1    914    914    914     92   0.2350    0.000
A-n46-k7 	BT-3   46    4     92    0    914   1414   1020    217   0.4860    0.116
A-n46-k7 	BT-3   46    4     92    1    914    914    914     92   0.2306    0.000
A-n46-k7 	BT-3   46   15    184    0    914   1537    949    218   0.4647    0.038
A-n46-k7 	BT-3   46   15    184    1    914   1307    945    374   0.7239    0.034
A-n46-k7 	BT-3   46    7     92    0    914   1414    978    212   0.4402    0.070
A-n46-k7 	BT-3   46    7     92    1    914    914    914     92   0.2354    0.000
A-n46-k7 	BT-3   46    4     92    0    914   1414   1019    262   0.5604    0.115
A-n46-k7 	BT-3   46    4     92    1    914    914    914     92   0.2380    0.000
A-n46-k7 	BT-3   46   15    184    0    914   1537    939    226   0.4490    0.027
A-n46-k7 	BT-3   46   15    184    1    914   1307    980    352   0.6943    0.072
A-n46-k7 	BT-3   46    7     92    0    914   1414    993    134   0.2945    0.086
A-n46-k7 	BT-3   46    7     92    1    914    914    914     92   0.2338    0.000
A-n46-k7 	BT-3   46    4     92    0    914   1414   1008    290   0.5966    0.103
A-n46-k7 	BT-3   46    4     92    1    914    914    914     92   0.2342    0.000
A-n46-k7 	BT-3   46   15    184    0    914   1537    917    344   0.6749    0.003
A-n46-k7 	BT-3   46   15    184    1    914   1307    944    314   0.6327    0.033
A-n46-k7 	BT-3   46    7     92    0    914   1414    989    244   0.5132    0.082
A-n46-k7 	BT-3   46    7     92    1    914    914    914     92   0.2386    0.000
A-n46-k7 	BT-3   46    4     92    0    914   1414   1020    216   0.4751    0.116
A-n46-k7 	BT-3   46    4     92    1    914    914    914     92   0.2354    0.000
A-n46-k7 	BT-3   46   15    184    0    914   1537    915    474   0.9130    0.001
A-n46-k7 	BT-3   46   15    184    1    914   1307    973    222   0.4701    0.065
A-n46-k7 	BT-3   46    7     92    0    914   1414    978    154   0.3499    0.070
A-n46-k7 	BT-3   46    7     92    1    914    914    914     92   0.2360    0.000
A-n46-k7 	BT-3   46    4     92    0    914   1414   1014    180   0.3730    0.109
A-n46-k7 	BT-3   46    4     92    1    914    914    914     92   0.2317    0.000
A-n46-k7 	BT-3   46   15    184    0    914   1537    915    388   0.7480    0.001
A-n46-k7 	BT-3   46   15    184    1    914   1307    932    682   1.2835    0.020
A-n46-k7 	BT-3   46    7     92    0    914   1414    971    163   0.3578    0.062
A-n46-k7 	BT-3   46    7     92    1    914    914    914     92   0.2375    0.000
A-n46-k7 	BT-3   46    4     92    0    914   1414   1020    216   0.4702    0.116
A-n46-k7 	BT-3   46    4     92    1    914    914    914     92   0.2324    0.000
A-n46-k7 	BT-3   46   15    184    0    914   1537    922    459   0.9329    0.009
A-n46-k7 	BT-3   46   15    184    1    914   1307    944    291   0.5766    0.033
A-n46-k7 	BT-3   46    7     92    0    914   1414    993    159   0.3375    0.086
A-n46-k7 	BT-3   46    7     92    1    914    914    914     92   0.2338    0.000
A-n46-k7 	BT-3   46    4     92    0    914   1414   1019    235   0.5169    0.115
A-n46-k7 	BT-3   46    4     92    1    914    914    914     92   0.2335    0.000
A-n46-k7 	BT-3   46   15    184    0    914   1537    915    293   0.5765    0.001
A-n46-k7 	BT-3   46   15    184    1    914   1307    977    334   0.6604    0.069
A-n46-k7 	BT-3   46    7     92    0    914   1414    993    183   0.3843    0.086
A-n46-k7 	BT-3   46    7     92    1    914    914    914     92   0.2475    0.000
A-n46-k7 	BT-3   46    4     92    0    914   1414   1020    216   0.4802    0.116
A-n46-k7 	BT-3   46    4     92    1    914    914    914     92   0.2345    0.000
A-n46-k7 	BT-3   46   15    184    0    914   1537    924    339   0.7028    0.011
A-n46-k7 	BT-3   46   15    184    1    914   1307    947    459   0.8903    0.036
A-n46-k7 	BT-3   46    7     92    0    914   1414    963    313   0.6167    0.054
A-n46-k7 	BT-3   46    7     92    1    914    914    914     92   0.2356    0.000
A-n46-k7 	BT-3   46    4     92    0    914   1414   1005    167   0.3499    0.100
A-n46-k7 	BT-3   46    4     92    1    914    914    914     92   0.2326    0.000
A-n46-k7 	BT-3   46   15    184    0    914   1537    916    526   1.0573    0.002
A-n46-k7 	BT-3   46   15    184    1    914   1307    982    279   0.5753    0.074
A-n46-k7 	BT-3   46    7     92    0    914   1414    985    183   0.3842    0.078
A-n46-k7 	BT-3   46    7     92    1    914    914    914     92   0.2365    0.000
A-n46-k7 	BT-3   46    4     92    0    914   1414   1023    129   0.2950    0.119
A-n46-k7 	BT-3   46    4     92    1    914    914    914     92   0.2366    0.000
A-n46-k7 	BT-3   46   15    184    0    914   1537    915    362   0.7135    0.001
A-n46-k7 	BT-3   46   15    184    1    914   1307    970    225   0.4601    0.061
A-n46-k7 	BT-3   46    7     92    0    914   1414    993    174   0.3692    0.086
A-n46-k7 	BT-3   46    7     92    1    914    914    914     92   0.2356    0.000
A-n46-k7 	BT-3   46    4     92    0    914   1414   1020    216   0.4829    0.116
A-n46-k7 	BT-3   46    4     92    1    914    914    914     92   0.2364    0.000
A-n46-k7 	BT-3   46   15    184    0    914   1537    917    373   0.7420    0.003
A-n46-k7 	BT-3   46   15    184    1    914   1307    928    454   0.8673    0.015
A-n46-k7 	BT-3   46    7     92    0    914   1414    993    146   0.3258    0.086
A-n46-k7 	BT-3   46    7     92    1    914    914    914     92   0.2396    0.000
A-n46-k7 	BT-3   46    4     92    0    914   1414   1014    258   0.5479    0.109
A-n46-k7 	BT-3   46    4     92    1    914    914    914     92   0.2323    0.000
A-n46-k7 	BT-3   46   15    184    0    914   1537    919    252   0.5337    0.005
A-n46-k7 	BT-3   46   15    184    1    914   1307    959    301   0.6289    0.049
A-n46-k7 	BT-3   46    7     92    0    914   1414    978    221   0.4623    0.070
A-n46-k7 	BT-3   46    7     92    1    914    914    914     92   0.2346    0.000
A-n46-k7 	BT-3   46    4     92    0    914   1414   1023    129   0.2923    0.119
A-n46-k7 	BT-3   46    4     92    1    914    914    914     92   0.2375    0.000
A-n46-k7 	BT-3   46   15    184    0    914   1537    917    400   0.7919    0.003
A-n46-k7 	BT-3   46   15    184    1    914   1307    970    445   0.9344    0.061
A-n46-k7 	BT-3   46    7     92    0    914   1414    993    157   0.3403    0.086
A-n46-k7 	BT-3   46    7     92    1    914    914    914     92   0.2345    0.000
A-n46-k7 	BT-3   46    4     92    0    914   1414   1020    217   0.4805    0.116
A-n46-k7 	BT-3   46    4     92    1    914    914    914     92   0.2325    0.000
A-n46-k7 	BT-3   46   15    184    0    914   1537    914    479   0.9571    0.000
A-n46-k7 	BT-3   46   15    184    1    914   1307    960    388   0.7993    0.050
A-n46-k7 	BT-3   46    7     92    0    914   1414    993    149   0.3444    0.086
A-n46-k7 	BT-3   46    7     92    1    914    914    914     92   0.2361    0.000
A-n46-k7 	BT-3   46    4     92    0    914   1414   1020    216   0.4814    0.116
A-n46-k7 	BT-3   46    4     92    1    914    914    914     92   0.2443    0.000
A-n46-k7 	BT-3   46   15    184    0    914   1537    917    436   0.8885    0.003
A-n46-k7 	BT-3   46   15    184    1    914   1307    946    442   0.8589    0.035
A-n46-k7 	BT-3   46    7     92    0    914   1414    963    360   0.7214    0.054
A-n46-k7 	BT-3   46    7     92    1    914    914    914     92   0.2400    0.000
A-n46-k7 	BT-3   46    4     92    0    914   1414   1014    189   0.3936    0.109
A-n46-k7 	BT-3   46    4     92    1    914    914    914     92   0.2342    0.000
A-n46-k7 	BT-3   46   15    184    0    914   1537    914    286   0.5790    0.000
A-n46-k7 	BT-3   46   15    184    1    914   1307    958    300   0.6152    0.048
A-n46-k7 	BT-3   46    7     92    0    914   1414    993    144   0.3142    0.086
A-n46-k7 	BT-3   46    7     92    1    914    914    914     92   0.2365    0.000
A-n46-k7 	BT-3   46    4     92    0    914   1414   1008    229   0.4642    0.103
A-n46-k7 	BT-3   46    4     92    1    914    914    914     92   0.2310    0.000
A-n46-k7 	BT-3   46   15    184    0    914   1537    949    218   0.4520    0.038
A-n46-k7 	BT-3   46   15    184    1    914   1307    988    217   0.5438    0.081
A-n46-k7 	BT-3   46    7     92    0    914   1414    993    188   0.3969    0.086
A-n46-k7 	BT-3   46    7     92    1    914    914    914     92   0.2372    0.000
A-n46-k7 	BT-3   46    4     92    0    914   1414   1020    220   0.4852    0.116
A-n46-k7 	BT-3   46    4     92    1    914    914    914     92   0.2322    0.000
A-n46-k7 	BT-3   46   15    184    0    914   1537    949    218   0.4566    0.038
A-n46-k7 	BT-3   46   15    184    1    914   1307    973    222   0.4819    0.065
A-n46-k7 	BT-3   46    7     92    0    914   1414    978    197   0.4015    0.070
A-n46-k7 	BT-3   46    7     92    1    914    914    914     92   0.2353    0.000
A-n46-k7 	BT-3   46    4     92    0    914   1414   1023    132   0.3000    0.119
A-n46-k7 	BT-3   46    4     92    1    914    914    914     92   0.2328    0.000
A-n46-k7 	BT-3   46   15    184    0    914   1537    924    345   0.6710    0.011
A-n46-k7 	BT-3   46   15    184    1    914   1307    924    665   1.2893    0.011
A-n46-k7 	BT-3   46    7     92    0    914   1414    979    246   0.5064    0.071
A-n46-k7 	BT-3   46    7     92    1    914    914    914     92   0.2397    0.000
A-n46-k7 	BT-3   46    4     92    0    914   1414   1009    141   0.3065    0.104
A-n46-k7 	BT-3   46    4     92    1    914    914    914     92   0.2439    0.000
A-n46-k7 	BT-3   46   15    184    0    914   1537    916    345   0.6771    0.002
A-n46-k7 	BT-3   46   15    184    1    914   1307    938    342   0.6736    0.026
A-n46-k7 	BT-3   46    7     92    0    914   1414    993    192   0.4063    0.086
A-n46-k7 	BT-3   46    7     92    1    914    914    914     92   0.2343    0.000
A-n46-k7 	BT-3   46    4     92    0    914   1414    975    316   0.6765    0.067
A-n46-k7 	BT-3   46    4     92    1    914    914    914     92   0.2457    0.000
A-n46-k7 	BT-3   46   15    184    0    914   1537    919    294   0.6034    0.005
A-n46-k7 	BT-3   46   15    184    1    914   1307    973    344   0.7376    0.065
A-n46-k7 	BT-3   46    7     92    0    914   1414    974    263   0.5500    0.066
A-n46-k7 	BT-3   46    7     92    1    914    914    914     92   0.2420    0.000
A-n46-k7 	BT-3   46    4     92    0    914   1414    980    371   0.7619    0.072
A-n46-k7 	BT-3   46    4     92    1    914    914    914     92   0.2360    0.000
A-n46-k7 	BT-3   46   15    184    0    914   1537    917    387   0.7509    0.003
A-n46-k7 	BT-3   46   15    184    1    914   1307    970    225   0.4671    0.061
A-n46-k7 	BT-3   46    7     92    0    914   1414    978    234   0.4948    0.070
A-n46-k7 	BT-3   46    7     92    1    914    914    914     92   0.2391    0.000
A-n46-k7 	BT-3   46    4     92    0    914   1414   1008    181   0.3699    0.103
A-n46-k7 	BT-3   46    4     92    1    914    914    914     92   0.2364    0.000
A-n46-k7 	BT-3   46   15    184    0    914   1537    921    393   0.7648    0.008
A-n46-k7 	BT-3   46   15    184    1    914   1307    952    392   0.7844    0.042
A-n46-k7 	BT-3   46    7     92    0    914   1414    989    198   0.4111    0.082
A-n46-k7 	BT-3   46    7     92    1    914    914    914     92   0.2401    0.000
A-n46-k7 	BT-3   46    4     92    0    914   1414   1019    238   0.5205    0.115
A-n46-k7 	BT-3   46    4     92    1    914    914    914     92   0.2322    0.000
A-n46-k7 	BT-3   46   15    184    0    914   1537    926    272   0.5452    0.013
A-n46-k7 	BT-3   46   15    184    1    914   1307    945    316   0.6181    0.034
A-n46-k7 	BT-3   46    7     92    0    914   1414    993    160   0.3441    0.086
A-n46-k7 	BT-3   46    7     92    1    914    914    914     92   0.2355    0.000
A-n46-k7 	BT-3   46    4     92    0    914   1414   1020    220   0.4828    0.116
A-n46-k7 	BT-3   46    4     92    1    914    914    914     92   0.2308    0.000
A-n46-k7 	BT-3   46   15    184    0    914   1537    949    218   0.4803    0.038
A-n46-k7 	BT-3   46   15    184    1    914   1307    946    372   0.7288    0.035
A-n46-k7 	BT-3   46    7     92    0    914   1414    997    196   0.4080    0.091
A-n46-k7 	BT-3   46    7     92    1    914    914    914     92   0.2347    0.000
A-n46-k7 	BT-3   46    4     92    0    914   1414   1008    299   0.6341    0.103
A-n46-k7 	BT-3   46    4     92    1    914    914    914     92   0.2378    0.000
A-n46-k7 	BT-3   46   15    184    0    914   1537    917    336   0.6537    0.003
A-n46-k7 	BT-3   46   15    184    1    914   1307    958    519   0.9989    0.048
A-n46-k7 	BT-3   46    7     92    0    914   1414    974    203   0.4361    0.066
A-n46-k7 	BT-3   46    7     92    1    914    914    914     92   0.2336    0.000
A-n46-k7 	BT-3   46    4     92    0    914   1414   1020    216   0.4745    0.116
A-n46-k7 	BT-3   46    4     92    1    914    914    914     92   0.2481    0.000
A-n46-k7 	BT-3   46   15    184    0    914   1537    919    396   0.7850    0.005
A-n46-k7 	BT-3   46   15    184    1    914   1307    947    328   0.6434    0.036
A-n46-k7 	BT-3   46    7     92    0    914   1414    972    346   0.6595    0.063
A-n46-k7 	BT-3   46    7     92    1    914    914    914     92   0.2322    0.000
A-n46-k7 	BT-3   46    4     92    0    914   1414   1023    132   0.2962    0.119
A-n46-k7 	BT-3   46    4     92    1    914    914    914     92   0.2321    0.000
A-n46-k7 	BT-3   46   15    184    0    914   1537    942    352   0.6953    0.031
A-n46-k7 	BT-3   46   15    184    1    914   1307    973    222   0.4543    0.065
A-n46-k7 	BT-3   46    7     92    0    914   1414    993    167   0.3499    0.086
A-n46-k7 	BT-3   46    7     92    1    914    914    914     92   0.2364    0.000
A-n46-k7 	BT-3   46    4     92    0    914   1414   1003    168   0.3518    0.097
A-n46-k7 	BT-3   46    4     92    1    914    914    914     92   0.2338    0.000
A-n46-k7 	BT-3   46   15    184    0    914   1537    919    384   0.7606    0.005
A-n46-k7 	BT-3   46   15    184    1    914   1307    958    415   0.8004    0.048
A-n46-k7 	BT-3   46    7     92    0    914   1414   1023    123   0.2801    0.119
A-n46-k7 	BT-3   46    7     92    1    914    914    914     92   0.2447    0.000
A-n46-k7 	BT-3   46    4     92    0    914   1414   1008    148   0.3174    0.103
A-n46-k7 	BT-3   46    4     92    1    914    914    914     92   0.2374    0.000
A-n46-k7 	BT-3   46   15    184    0    914   1537    916    329   0.6449    0.002
A-n46-k7 	BT-3   46   15    184    1    914   1307    988    217   0.4681    0.081
A-n46-k7 	BT-3   46    7     92    0    914   1414    993    159   0.3411    0.086
A-n46-k7 	BT-3   46    7     92    1    914    914    914     92   0.2354    0.000
A-n46-k7 	BT-3   46    4     92    0    914   1414   1004    299   0.6663    0.098
A-n46-k7 	BT-3   46    4     92    1    914    914    914     92   0.2478    0.000
A-n46-k7 	BT-3   46   15    184    0    914   1537    949    218   0.4516    0.038
A-n46-k7 	BT-3   46   15    184    1    914   1307    970    225   0.4578    0.061
A-n46-k7 	BT-3   46    7     92    0    914   1414    990    181   0.3723    0.083
A-n46-k7 	BT-3   46    7     92    1    914    914    914     92   0.2350    0.000
A-n46-k7 	BT-3   46    4     92    0    914   1414   1000    398   0.8141    0.094
A-n46-k7 	BT-3   46    4     92    1    914    914    914     92   0.2327    0.000
A-n46-k7 	BT-3   46   15    184    0    914   1537    914    512   1.0026    0.000
A-n46-k7 	BT-3   46   15    184    1    914   1307    925    734   1.3998    0.012
A-n46-k7 	BT-3   46    7     92    0    914   1414   1007    177   0.3757    0.102
A-n46-k7 	BT-3   46    7     92    1    914    914    914     92   0.2397    0.000
A-n46-k7 	BT-3   46    4     92    0    914   1414   1020    216   0.4762    0.116
A-n46-k7 	BT-3   46    4     92    1    914    914    914     92   0.2436    0.000
A-n46-k7 	BT-3   46   15    184    0    914   1537    914    273   0.5397    0.000
A-n46-k7 	BT-3   46   15    184    1    914   1307    936    358   0.7055    0.024
A-n46-k7 	BT-3   46    7     92    0    914   1414    993    159   0.3375    0.086
A-n46-k7 	BT-3   46    7     92    1    914    914    914     92   0.2377    0.000
A-n46-k7 	BT-3   46    4     92    0    914   1414   1020    216   0.4744    0.116
A-n46-k7 	BT-3   46    4     92    1    914    914    914     92   0.2322    0.000
A-n46-k7 	BT-3   46   15    184    0    914   1537    916    374   0.7353    0.002
A-n46-k7 	BT-3   46   15    184    1    914   1307    997    210   0.4395    0.091
A-n46-k7 	BT-3   46    7     92    0    914   1414   1023    123   0.2794    0.119
A-n46-k7 	BT-3   46    7     92    1    914    914    914     92   0.2330    0.000
A-n46-k7 	BT-3   46    4     92    0    914   1414   1020    218   0.4758    0.116
A-n46-k7 	BT-3   46    4     92    1    914    914    914     92   0.2402    0.000
A-n46-k7 	BT-3   46   15    184    0    914   1537    914    463   0.8898    0.000
A-n46-k7 	BT-3   46   15    184    1    914   1307    975    224   0.4602    0.067
A-n46-k7 	BT-3   46    7     92    0    914   1414    993    183   0.3793    0.086
A-n46-k7 	BT-3   46    7     92    1    914    914    914     92   0.2557    0.000
A-n46-k7 	BT-3   46    4     92    0    914   1414   1020    218   0.4837    0.116
A-n46-k7 	BT-3   46    4     92    1    914    914    914     92   0.2336    0.000
A-n46-k7 	BT-3   46   15    184    0    914   1537    920    273   0.5573    0.007
A-n46-k7 	BT-3   46   15    184    1    914   1307    932    446   0.8522    0.020
A-n46-k7 	BT-3   46    7     92    0    914   1414    978    191   0.4053    0.070
A-n46-k7 	BT-3   46    7     92    1    914    914    914     92   0.2329    0.000
A-n46-k7 	BT-3   46    4     92    0    914   1414   1008    170   0.3475    0.103
A-n46-k7 	BT-3   46    4     92    1    914    914    914     92   0.2327    0.000
A-n46-k7 	BT-3   46   15    184    0    914   1537    917    254   0.5556    0.003
A-n46-k7 	BT-3   46   15    184    1    914   1307    946    441   0.8564    0.035
A-n46-k7 	BT-3   46    7     92    0    914   1414   1023    123   0.2790    0.119
A-n46-k7 	BT-3   46    7     92    1    914    914    914     92   0.2344    0.000
A-n46-k7 	BT-3   46    4     92    0    914   1414   1020    218   0.4810    0.116
A-n46-k7 	BT-3   46    4     92    1    914    914    914     92   0.2390    0.000
A-n46-k7 	BT-3   46   15    184    0    914   1537    914    310   0.6118    0.000
A-n46-k7 	BT-3   46   15    184    1    914   1307    944    460   0.8655    0.033
A-n46-k7 	BT-3   46    7     92    0    914   1414    978    230   0.4801    0.070
A-n46-k7 	BT-3   46    7     92    1    914    914    914     92   0.2383    0.000
A-n46-k7 	BT-3   46    4     92    0    914   1414   1019    246   0.5312    0.115
A-n46-k7 	BT-3   46    4     92    1    914    914    914     92   0.2401    0.000
A-n46-k7 	BT-3   46   15    184    0    914   1537    916    314   0.6332    0.002
A-n46-k7 	BT-3   46   15    184    1    914   1307    944    259   0.5186    0.033
A-n46-k7 	BT-3   46    7     92    0    914   1414    974    212   0.4369    0.066
A-n46-k7 	BT-3   46    7     92    1    914    914    914     92   0.2373    0.000
A-n46-k7 	BT-3   46    4     92    0    914   1414   1008    185   0.4571    0.103
A-n46-k7 	BT-3   46    4     92    1    914    914    914     92   0.2597    0.000
A-n46-k7 	BT-3   46   15    184    0    914   1537    918    474   0.9507    0.004
A-n46-k7 	BT-3   46   15    184    1    914   1307    944    302   0.5975    0.033
A-n46-k7 	BT-3   46    7     92    0    914   1414    978    161   0.3536    0.070
A-n46-k7 	BT-3   46    7     92    1    914    914    914     92   0.2345    0.000
A-n46-k7 	BT-3   46    4     92    0    914   1414   1008    157   0.3243    0.103
A-n46-k7 	BT-3   46    4     92    1    914    914    914     92   0.2369    0.000
A-n46-k7 	BT-3   46   15    184    0    914   1537    949    218   0.4457    0.038
A-n46-k7 	BT-3   46   15    184    1    914   1307    949    327   0.6428    0.038
A-n46-k7 	BT-3   46    7     92    0    914   1414    978    151   0.3302    0.070
A-n46-k7 	BT-3   46    7     92    1    914    914    914     92   0.2338    0.000
A-n46-k7 	BT-3   46    4     92    0    914   1414    993    210   0.4475    0.086
A-n46-k7 	BT-3   46    4     92    1    914    914    914     92   0.2423    0.000
A-n46-k7 	BT-3   46   15    184    0    914   1537    917    549   1.0885    0.003
A-n46-k7 	BT-3   46   15    184    1    914   1307    944    315   0.6314    0.033
A-n46-k7 	BT-3   46    7     92    0    914   1414    993    169   0.3642    0.086
A-n46-k7 	BT-3   46    7     92    1    914    914    914     92   0.2362    0.000
A-n46-k7 	BT-3   46    4     92    0    914   1414   1023    128   0.2892    0.119
A-n46-k7 	BT-3   46    4     92    1    914    914    914     92   0.2346    0.000
A-n46-k7 	BT-3   46   15    184    0    914   1537    917    320   0.6455    0.003
A-n46-k7 	BT-3   46   15    184    1    914   1307    961    315   0.6259    0.051
A-n46-k7 	BT-3   46    7     92    0    914   1414    979    281   0.5653    0.071
A-n46-k7 	BT-3   46    7     92    1    914    914    914     92   0.2347    0.000
A-n46-k7 	BT-3   46    4     92    0    914   1414   1020    216   0.4784    0.116
A-n46-k7 	BT-3   46    4     92    1    914    914    914     92   0.2322    0.000
A-n46-k7 	BT-3   46   15    184    0    914   1537    915    449   0.8739    0.001
A-n46-k7 	BT-3   46   15    184    1    914   1307    988    217   0.4846    0.081
A-n46-k7 	BT-3   46    7     92    0    914   1414   1023    126   0.2927    0.119
A-n46-k7 	BT-3   46    7     92    1    914    914    914     92   0.2360    0.000
A-n46-k7 	BT-3   46    4     92    0    914   1414   1014    143   0.3003    0.109
A-n46-k7 	BT-3   46    4     92    1    914    914    914     92   0.2336    0.000
A-n46-k7 	BT-3   46   15    184    0    914   1537    917    339   0.6734    0.003
A-n46-k7 	BT-3   46   15    184    1    914   1307    988    217   0.4500    0.081
A-n46-k7 	BT-3   46    7     92    0    914   1414    981    209   0.4336    0.073
A-n46-k7 	BT-3   46    7     92    1    914    914    914     92   0.2350    0.000
A-n46-k7 	BT-3   46    4     92    0    914   1414   1020    218   0.4743    0.116
A-n46-k7 	BT-3   46    4     92    1    914    914    914     92   0.2473    0.000
A-n46-k7 	BT-3   46   15    184    0    914   1537    914    384   0.7855    0.000
A-n46-k7 	BT-3   46   15    184    1    914   1307    988    217   0.5208    0.081
A-n46-k7 	BT-3   46    7     92    0    914   1414    993    147   0.3306    0.086
A-n46-k7 	BT-3   46    7     92    1    914    914    914     92   0.2475    0.000
A-n46-k7 	BT-3   46    4     92    0    914   1414   1023    129   0.3099    0.119
A-n46-k7 	BT-3   46    4     92    1    914    914    914     92   0.2535    0.000
A-n46-k7 	BT-3   46   15    184    0    914   1537    917    586   1.2136    0.003
A-n46-k7 	BT-3   46   15    184    1    914   1307    988    217   0.4964    0.081
A-n46-k7 	BT-3   46    7     92    0    914   1414    989    224   0.4587    0.082
A-n46-k7 	BT-3   46    7     92    1    914    914    914     92   0.2374    0.000
A-n46-k7 	BT-3   46    4     92    0    914   1414   1006    262   0.5232    0.101
A-n46-k7 	BT-3   46    4     92    1    914    914    914     92   0.2381    0.000
A-n46-k7 	BT-3   46   15    184    0    914   1537    914    256   0.5323    0.000
A-n46-k7 	BT-3   46   15    184    1    914   1307    933    324   0.6319    0.021
A-n46-k7 	BT-3   46    7     92    0    914   1414    993    199   0.4160    0.086
A-n46-k7 	BT-3   46    7     92    1    914    914    914     92   0.2375    0.000
A-n46-k7 	BT-3   46    4     92    0    914   1414   1019    257   0.5524    0.115
A-n46-k7 	BT-3   46    4     92    1    914    914    914     92   0.2380    0.000
A-n46-k7 	BT-3   46   15    184    0    914   1537    917    362   0.7958    0.003
A-n46-k7 	BT-3   46   15    184    1    914   1307    972    228   0.4680    0.063
A-n46-k7 	BT-3   46    7     92    0    914   1414    978    165   0.3500    0.070
A-n46-k7 	BT-3   46    7     92    1    914    914    914     92   0.2347    0.000
A-n46-k7 	BT-3   46    4     92    0    914   1414    971    331   0.7080    0.062
A-n46-k7 	BT-3   46    4     92    1    914    914    914     92   0.2472    0.000
A-n46-k7 	BT-3   46   15    184    0    914   1537    949    218   0.4480    0.038
A-n46-k7 	BT-3   46   15    184    1    914   1307    928    276   0.5479    0.015
A-n46-k7 	BT-3   46    7     92    0    914   1414    971    160   0.3465    0.062
A-n46-k7 	BT-3   46    7     92    1    914    914    914     92   0.2368    0.000
A-n46-k7 	BT-3   46    4     92    0    914   1414   1020    218   0.4767    0.116
A-n46-k7 	BT-3   46    4     92    1    914    914    914     92   0.2311    0.000
A-n46-k7 	BT-3   46   15    184    0    914   1537    915    310   0.6068    0.001
A-n46-k7 	BT-3   46   15    184    1    914   1307    962    417   0.8069    0.053
A-n46-k7 	BT-3   46    7     92    0    914   1414    989    182   0.3824    0.082
A-n46-k7 	BT-3   46    7     92    1    914    914    914     92   0.2322    0.000
A-n46-k7 	BT-3   46    4     92    0    914   1414   1020    216   0.4760    0.116
A-n46-k7 	BT-3   46    4     92    1    914    914    914     92   0.2407    0.000
A-n46-k7 	BT-3   46   15    184    0    914   1537    914    327   0.6297    0.000
A-n46-k7 	BT-3   46   15    184    1    914   1307    960    533   1.0001    0.050
A-n46-k7 	BT-3   46    7     92    0    914   1414    993    183   0.3890    0.086
A-n46-k7 	BT-3   46    7     92    1    914    914    914     92   0.2356    0.000
A-n46-k7 	BT-3   46    4     92    0    914   1414   1008    164   0.3323    0.103
A-n46-k7 	BT-3   46    4     92    1    914    914    914     92   0.2356    0.000
A-n46-k7 	BT-3   46   15    184    0    914   1537    917    492   0.9801    0.003
A-n46-k7 	BT-3   46   15    184    1    914   1307    988    217   0.4631    0.081
A-n46-k7 	BT-3   46    7     92    0    914   1414    974    187   0.3971    0.066
A-n46-k7 	BT-3   46    7     92    1    914    914    914     92   0.2345    0.000
A-n46-k7 	BT-3   46    4     92    0    914   1414   1019    256   0.5558    0.115
A-n46-k7 	BT-3   46    4     92    1    914    914    914     92   0.2364    0.000
A-n46-k7 	BT-3   46   15    184    0    914   1537    923    316   0.6089    0.010
A-n46-k7 	BT-3   46   15    184    1    914   1307    988    217   0.4629    0.081
A-n46-k7 	BT-3   46    7     92    0    914   1414    974    183   0.3778    0.066
A-n46-k7 	BT-3   46    7     92    1    914    914    914     92   0.2341    0.000
A-n46-k7 	BT-3   46    4     92    0    914   1414   1008    151   0.3204    0.103
A-n46-k7 	BT-3   46    4     92    1    914    914    914     92   0.2408    0.000
A-n46-k7 	BT-3   46   15    184    0    914   1537    919    270   0.5308    0.005
A-n46-k7 	BT-3   46   15    184    1    914   1307    960    543   1.0350    0.050
A-n46-k7 	BT-3   46    7     92    0    914   1414    993    152   0.3369    0.086
A-n46-k7 	BT-3   46    7     92    1    914    914    914     92   0.2415    0.000
A-n46-k7 	BT-3   46    4     92    0    914   1414   1008    167   0.3448    0.103
A-n46-k7 	BT-3   46    4     92    1    914    914    914     92   0.2363    0.000
A-n46-k7 	BT-3   46   15    184    0    914   1537    914    394   0.7980    0.000
A-n46-k7 	BT-3   46   15    184    1    914   1307    944    306   0.6069    0.033
A-n46-k7 	BT-3   46    7     92    0    914   1414    964    172   0.3583    0.055
A-n46-k7 	BT-3   46    7     92    1    914    914    914     92   0.2350    0.000
A-n46-k7 	BT-3   46    4     92    0    914   1414   1020    216   0.4804    0.116
A-n46-k7 	BT-3   46    4     92    1    914    914    914     92   0.2328    0.000
A-n46-k7 	BT-3   46   15    184    0    914   1537    919    360   0.7111    0.005
A-n46-k7 	BT-3   46   15    184    1    914   1307    930    378   0.7472    0.018
A-n46-k7 	BT-3   46    7     92    0    914   1414    993    161   0.3403    0.086
A-n46-k7 	BT-3   46    7     92    1    914    914    914     92   0.2337    0.000
A-n46-k7 	BT-3   46    4     92    0    914   1414   1008    281   0.5846    0.103
A-n46-k7 	BT-3   46    4     92    1    914    914    914     92   0.2337    0.000
A-n46-k7 	BT-3   46   15    184    0    914   1537    917    302   0.6401    0.003
A-n46-k7 	BT-3   46   15    184    1    914   1307    962    545   1.1026    0.053
A-n46-k7 	BT-3   46    7     92    0    914   1414   1023    126   0.2822    0.119
A-n46-k7 	BT-3   46    7     92    1    914    914    914     92   0.2330    0.000
A-n46-k7 	BT-3   46    4     92    0    914   1414   1003    162   0.3436    0.097
A-n46-k7 	BT-3   46    4     92    1    914    914    914     92   0.2407    0.000
