A-n63-k10 	BT-1   63   21    252    0   1315   2144   1405    290   1.6765    0.068
A-n63-k10 	BT-1   63   21    252    1   1315   2066   1390    690   3.4410    0.057
A-n63-k10 	BT-1   63   10    126    0   1315   1530   1390    130   0.7444    0.057
A-n63-k10 	BT-1   63   10    126    1   1315   1390   1390    126   0.7042    0.057
A-n63-k10 	BT-1   63    6    126    0   1315   1530   1390    130   0.8255    0.057
A-n63-k10 	BT-1   63    6    126    1   1315   1390   1390    126   0.8376    0.057
A-n63-k10 	BT-2   63   21    252    0   1315   2144   1442    427   2.3150    0.097
A-n63-k10 	BT-2   63   21    252    1   1315   2066   1449    286   1.4669    0.102
A-n63-k10 	BT-2   63   10    126    0   1315   1561   1403    346   1.9025    0.067
A-n63-k10 	BT-2   63   10    126    1   1315   1442   1442    126   0.7382    0.097
A-n63-k10 	BT-2   63    6    126    0   1315   1424   1406    156   0.9343    0.069
A-n63-k10 	BT-2   63    6    126    1   1315   1403   1403    126   0.7425    0.067
A-n63-k10 	BT-3   63   21    252    0   1315   2144   1396    352   1.7725    0.062
A-n63-k10 	BT-3   63   21    252    1   1315   2066   1402    499   2.9401    0.066
A-n63-k10 	BT-3   63   10    126    0   1315   1420   1377    201   1.2827    0.047
A-n63-k10 	BT-3   63   10    126    1   1315   1396   1390    306   1.9370    0.057
A-n63-k10 	BT-3   63    6    126    0   1315   1784   1388    246   1.3900    0.056
A-n63-k10 	BT-3   63    6    126    1   1315   1377   1377    126   0.8516    0.047
A-n63-k10 	BT-3   63   21    252    0   1315   2144   1381    515   2.6163    0.050
A-n63-k10 	BT-3   63   21    252    1   1315   2066   1356    590   3.1094    0.031
A-n63-k10 	BT-3   63   10    126    0   1315   1386   1355    211   1.2744    0.030
A-n63-k10 	BT-3   63   10    126    1   1315   1356   1356    126   0.8733    0.031
A-n63-k10 	BT-3   63    6    126    0   1315   1517   1389    145   0.9194    0.056
A-n63-k10 	BT-3   63    6    126    1   1315   1355   1355    126   0.8454    0.030
A-n63-k10 	BT-3   63   21    252    0   1315   2144   1385    322   1.5709    0.053
A-n63-k10 	BT-3   63   21    252    1   1315   2066   1403    506   2.4999    0.067
A-n63-k10 	BT-3   63   10    126    0   1315   1517   1334    294   1.6433    0.014
A-n63-k10 	BT-3   63   10    126    1   1315   1355   1355    126   0.8317    0.030
A-n63-k10 	BT-3   63    6    126    0   1315   1383   1337    231   1.2934    0.017
A-n63-k10 	BT-3   63    6    126    1   1315   1334   1334    126   0.8390    0.014
A-n63-k10 	BT-3   63   21    252    0   1315   2144   1382    845   4.1875    0.051
A-n63-k10 	BT-3   63   21    252    1   1315   2066   1378    651   3.1692    0.048
A-n63-k10 	BT-3   63   10    126    0   1315   1383   1337    170   1.0000    0.017
A-n63-k10 	BT-3   63   10    126    1   1315   1334   1334    126   0.8126    0.014
A-n63-k10 	BT-3   63    6    126    0   1315   1383   1339    139   0.9111    0.018
A-n63-k10 	BT-3   63    6    126    1   1315   1334   1334    126   0.8524    0.014
A-n63-k10 	BT-3   63   21    252    0   1315   2144   1375    624   3.1011    0.046
A-n63-k10 	BT-3   63   21    252    1   1315   2066   1384    443   2.1772    0.052
A-n63-k10 	BT-3   63   10    126    0   1315   1383   1337    148   0.9002    0.017
A-n63-k10 	BT-3   63   10    126    1   1315   1334   1334    126   0.8240    0.014
A-n63-k10 	BT-3   63    6    126    0   1315   1383   1339    139   0.8614    0.018
A-n63-k10 	BT-3   63    6    126    1   1315   1334   1334    126   0.8353    0.014
A-n63-k10 	BT-3   63   21    252    0   1315   2144   1385    322   1.6022    0.053
A-n63-k10 	BT-3   63   21    252    1   1315   2066   1343    637   3.0872    0.021
A-n63-k10 	BT-3   63   10    126    0   1315   1383   1337    150   0.9070    0.017
A-n63-k10 	BT-3   63   10    126    1   1315   1334   1334    126   0.8260    0.014
A-n63-k10 	BT-3   63    6    126    0   1315   1383   1337    258   1.4719    0.017
A-n63-k10 	BT-3   63    6    126    1   1315   1334   1334    126   0.8278    0.014
A-n63-k10 	BT-3   63   21    252    0   1315   2144   1394    322   1.5970    0.060
A-n63-k10 	BT-3   63   21    252    1   1315   2066   1399    641   3.1221    0.064
A-n63-k10 	BT-3   63   10    126    0   1315   1383   1337    150   0.9153    0.017
A-n63-k10 	BT-3   63   10    126    1   1315   1334   1334    126   0.8312    0.014
A-n63-k10 	BT-3   63    6    126    0   1315   1383   1339    139   0.8564    0.018
A-n63-k10 	BT-3   63    6    126    1   1315   1334   1334    126   0.8344    0.014
A-n63-k10 	BT-3   63   21    252    0   1315   2144   1394    391   1.9118    0.060
A-n63-k10 	BT-3   63   21    252    1   1315   2066   1351    649   3.1676    0.027
A-n63-k10 	BT-3   63   10    126    0   1315   1383   1337    150   0.9142    0.017
A-n63-k10 	BT-3   63   10    126    1   1315   1334   1334    126   0.8400    0.014
A-n63-k10 	BT-3   63    6    126    0   1315   1383   1339    139   0.8728    0.018
A-n63-k10 	BT-3   63    6    126    1   1315   1334   1334    126   0.8419    0.014
A-n63-k10 	BT-3   63   21    252    0   1315   2144   1397    399   1.9425    0.062
A-n63-k10 	BT-3   63   21    252    1   1315   2066   1375   1222   5.8429    0.046
A-n63-k10 	BT-3   63   10    126    0   1315   1383   1337    150   0.9132    0.017
A-n63-k10 	BT-3   63   10    126    1   1315   1334   1334    126   0.8321    0.014
A-n63-k10 	BT-3   63    6    126    0   1315   1383   1339    139   0.8831    0.018
A-n63-k10 	BT-3   63    6    126    1   1315   1334   1334    126   0.8439    0.014
A-n63-k10 	BT-3   63   21    252    0   1315   2144   1385    322   1.5742    0.053
A-n63-k10 	BT-3   63   21    252    1   1315   2066   1339    765   3.6849    0.018
A-n63-k10 	BT-3   63   10    126    0   1315   1383   1337    184   1.0773    0.017
A-n63-k10 	BT-3   63   10    126    1   1315   1334   1334    126   0.8348    0.014
A-n63-k10 	BT-3   63    6    126    0   1315   1383   1337    238   1.3195    0.017
A-n63-k10 	BT-3   63    6    126    1   1315   1334   1334    126   0.8289    0.014
A-n63-k10 	BT-3   63   21    252    0   1315   2144   1396    314   1.5850    0.062
A-n63-k10 	BT-3   63   21    252    1   1315   2066   1389    629   3.0308    0.056
A-n63-k10 	BT-3   63   10    126    0   1315   1383   1337    148   0.9089    0.017
A-n63-k10 	BT-3   63   10    126    1   1315   1334   1334    126   0.8358    0.014
A-n63-k10 	BT-3   63    6    126    0   1315   1383   1339    139   0.8616    0.018
A-n63-k10 	BT-3   63    6    126    1   1315   1334   1334    126   0.8328    0.014
A-n63-k10 	BT-3   63   21    252    0   1315   2144   1386    343   1.7783    0.054
A-n63-k10 	BT-3   63   21    252    1   1315   2066   1384    694   3.4255    0.052
A-n63-k10 	BT-3   63   10    126    0   1315   1383   1337    150   0.9484    0.017
A-n63-k10 	BT-3   63   10    126    1   1315   1334   1334    126   0.8332    0.014
A-n63-k10 	BT-3   63    6    126    0   1315   1383   1337    216   1.2543    0.017
A-n63-k10 	BT-3   63    6    126    1   1315   1334   1334    126   0.8346    0.014
A-n63-k10 	BT-3   63   21    252    0   1315   2144   1347    642   3.1568    0.024
A-n63-k10 	BT-3   63   21    252    1   1315   2066   1386    445   2.1332    0.054
A-n63-k10 	BT-3   63   10    126    0   1315   1383   1337    166   0.9821    0.017
A-n63-k10 	BT-3   63   10    126    1   1315   1334   1334    126   0.8238    0.014
A-n63-k10 	BT-3   63    6    126    0   1315   1383   1337    244   1.3498    0.017
A-n63-k10 	BT-3   63    6    126    1   1315   1334   1334    126   0.8621    0.014
A-n63-k10 	BT-3   63   21    252    0   1315   2144   1395    315   1.5238    0.061
A-n63-k10 	BT-3   63   21    252    1   1315   2066   1351    846   4.0619    0.027
A-n63-k10 	BT-3   63   10    126    0   1315   1383   1337    150   0.9199    0.017
A-n63-k10 	BT-3   63   10    126    1   1315   1334   1334    126   0.8377    0.014
A-n63-k10 	BT-3   63    6    126    0   1315   1383   1337    230   1.3175    0.017
A-n63-k10 	BT-3   63    6    126    1   1315   1334   1334    126   0.8311    0.014
A-n63-k10 	BT-3   63   21    252    0   1315   2144   1378    878   4.3609    0.048
A-n63-k10 	BT-3   63   21    252    1   1315   2066   1385    845   4.0779    0.053
A-n63-k10 	BT-3   63   10    126    0   1315   1383   1337    209   1.2015    0.017
A-n63-k10 	BT-3   63   10    126    1   1315   1334   1334    126   0.8351    0.014
A-n63-k10 	BT-3   63    6    126    0   1315   1383   1339    139   0.8691    0.018
A-n63-k10 	BT-3   63    6    126    1   1315   1334   1334    126   0.8600    0.014
A-n63-k10 	BT-3   63   21    252    0   1315   2144   1340    614   2.9420    0.019
A-n63-k10 	BT-3   63   21    252    1   1315   2066   1413    412   2.0594    0.075
A-n63-k10 	BT-3   63   10    126    0   1315   1383   1337    148   0.9087    0.017
A-n63-k10 	BT-3   63   10    126    1   1315   1334   1334    126   0.8220    0.014
A-n63-k10 	BT-3   63    6    126    0   1315   1383   1339    139   0.9482    0.018
A-n63-k10 	BT-3   63    6    126    1   1315   1334   1334    126   0.8509    0.014
A-n63-k10 	BT-3   63   21    252    0   1315   2144   1379    547   2.6569    0.049
A-n63-k10 	BT-3   63   21    252    1   1315   2066   1386    558   2.6611    0.054
A-n63-k10 	BT-3   63   10    126    0   1315   1383   1337    148   0.9032    0.017
A-n63-k10 	BT-3   63   10    126    1   1315   1334   1334    126   0.8272    0.014
A-n63-k10 	BT-3   63    6    126    0   1315   1383   1337    232   1.3109    0.017
A-n63-k10 	BT-3   63    6    126    1   1315   1334   1334    126   0.8343    0.014
A-n63-k10 	BT-3   63   21    252    0   1315   2144   1395    314   1.5775    0.061
A-n63-k10 	BT-3   63   21    252    1   1315   2066   1430    456   2.3325    0.087
A-n63-k10 	BT-3   63   10    126    0   1315   1383   1337    150   0.9874    0.017
A-n63-k10 	BT-3   63   10    126    1   1315   1334   1334    126   0.9450    0.014
A-n63-k10 	BT-3   63    6    126    0   1315   1383   1339    139   0.9424    0.018
A-n63-k10 	BT-3   63    6    126    1   1315   1334   1334    126   0.9914    0.014
A-n63-k10 	BT-3   63   21    252    0   1315   2144   1394    379   1.9857    0.060
A-n63-k10 	BT-3   63   21    252    1   1315   2066   1351    746   3.6633    0.027
A-n63-k10 	BT-3   63   10    126    0   1315   1383   1337    150   0.9132    0.017
A-n63-k10 	BT-3   63   10    126    1   1315   1334   1334    126   0.8379    0.014
A-n63-k10 	BT-3   63    6    126    0   1315   1383   1339    139   0.8971    0.018
A-n63-k10 	BT-3   63    6    126    1   1315   1334   1334    126   0.8726    0.014
A-n63-k10 	BT-3   63   21    252    0   1315   2144   1389    465   2.2967    0.056
A-n63-k10 	BT-3   63   21    252    1   1315   2066   1387    867   4.3880    0.055
A-n63-k10 	BT-3   63   10    126    0   1315   1383   1337    174   1.1340    0.017
A-n63-k10 	BT-3   63   10    126    1   1315   1334   1334    126   0.8320    0.014
A-n63-k10 	BT-3   63    6    126    0   1315   1383   1339    139   0.8701    0.018
A-n63-k10 	BT-3   63    6    126    1   1315   1334   1334    126   0.9866    0.014
A-n63-k10 	BT-3   63   21    252    0   1315   2144   1383   1037   6.5867    0.052
A-n63-k10 	BT-3   63   21    252    1   1315   2066   1364    462   2.4206    0.037
A-n63-k10 	BT-3   63   10    126    0   1315   1383   1337    149   0.9555    0.017
A-n63-k10 	BT-3   63   10    126    1   1315   1334   1334    126   0.9029    0.014
A-n63-k10 	BT-3   63    6    126    0   1315   1383   1337    213   1.2586    0.017
A-n63-k10 	BT-3   63    6    126    1   1315   1334   1334    126   0.8693    0.014
A-n63-k10 	BT-3   63   21    252    0   1315   2144   1388    536   2.7354    0.056
A-n63-k10 	BT-3   63   21    252    1   1315   2066   1343    603   3.1675    0.021
A-n63-k10 	BT-3   63   10    126    0   1315   1383   1337    181   1.1635    0.017
A-n63-k10 	BT-3   63   10    126    1   1315   1334   1334    126   0.9262    0.014
A-n63-k10 	BT-3   63    6    126    0   1315   1383   1339    139   0.9344    0.018
A-n63-k10 	BT-3   63    6    126    1   1315   1334   1334    126   0.9225    0.014
A-n63-k10 	BT-3   63   21    252    0   1315   2144   1341   1403   7.3308    0.020
A-n63-k10 	BT-3   63   21    252    1   1315   2066   1381    871   4.8935    0.050
A-n63-k10 	BT-3   63   10    126    0   1315   1383   1337    148   0.9626    0.017
A-n63-k10 	BT-3   63   10    126    1   1315   1334   1334    126   0.8650    0.014
A-n63-k10 	BT-3   63    6    126    0   1315   1383   1337    254   1.4571    0.017
A-n63-k10 	BT-3   63    6    126    1   1315   1334   1334    126   0.8789    0.014
A-n63-k10 	BT-3   63   21    252    0   1315   2144   1397    311   1.8811    0.062
A-n63-k10 	BT-3   63   21    252    1   1315   2066   1407    330   1.7738    0.070
A-n63-k10 	BT-3   63   10    126    0   1315   1383   1337    150   0.9187    0.017
A-n63-k10 	BT-3   63   10    126    1   1315   1334   1334    126   0.8379    0.014
A-n63-k10 	BT-3   63    6    126    0   1315   1383   1337    228   1.2870    0.017
A-n63-k10 	BT-3   63    6    126    1   1315   1334   1334    126   0.8359    0.014
A-n63-k10 	BT-3   63   21    252    0   1315   2144   1396    349   1.7490    0.062
A-n63-k10 	BT-3   63   21    252    1   1315   2066   1392    481   2.4004    0.059
A-n63-k10 	BT-3   63   10    126    0   1315   1383   1337    157   0.9687    0.017
A-n63-k10 	BT-3   63   10    126    1   1315   1334   1334    126   0.8355    0.014
A-n63-k10 	BT-3   63    6    126    0   1315   1383   1339    139   0.8801    0.018
A-n63-k10 	BT-3   63    6    126    1   1315   1334   1334    126   0.8436    0.014
A-n63-k10 	BT-3   63   21    252    0   1315   2144   1395    319   1.5506    0.061
A-n63-k10 	BT-3   63   21    252    1   1315   2066   1414    652   3.2507    0.075
A-n63-k10 	BT-3   63   10    126    0   1315   1383   1337    178   1.0542    0.017
A-n63-k10 	BT-3   63   10    126    1   1315   1334   1330    210   1.2659    0.011
A-n63-k10 	BT-3   63    6    126    0   1315   1331   1330    135   0.8644    0.011
A-n63-k10 	BT-3   63    6    126    1   1315   1330   1330    126   0.8333    0.011
A-n63-k10 	BT-3   63   21    252    0   1315   2144   1364    628   3.0328    0.037
A-n63-k10 	BT-3   63   21    252    1   1315   2066   1347    502   2.4223    0.024
A-n63-k10 	BT-3   63   10    126    0   1315   1331   1330    135   0.8531    0.011
A-n63-k10 	BT-3   63   10    126    1   1315   1330   1330    126   0.8235    0.011
A-n63-k10 	BT-3   63    6    126    0   1315   1331   1330    135   0.8826    0.011
A-n63-k10 	BT-3   63    6    126    1   1315   1330   1330    126   0.8336    0.011
A-n63-k10 	BT-3   63   21    252    0   1315   2144   1395    315   1.5355    0.061
A-n63-k10 	BT-3   63   21    252    1   1315   2066   1426    439   2.1199    0.084
A-n63-k10 	BT-3   63   10    126    0   1315   1331   1330    135   0.8445    0.011
A-n63-k10 	BT-3   63   10    126    1   1315   1330   1330    126   0.8171    0.011
A-n63-k10 	BT-3   63    6    126    0   1315   1331   1330    135   0.8500    0.011
A-n63-k10 	BT-3   63    6    126    1   1315   1330   1330    126   0.9049    0.011
A-n63-k10 	BT-3   63   21    252    0   1315   2144   1395    315   1.5944    0.061
A-n63-k10 	BT-3   63   21    252    1   1315   2066   1404    369   2.0493    0.068
A-n63-k10 	BT-3   63   10    126    0   1315   1331   1330    135   0.9717    0.011
A-n63-k10 	BT-3   63   10    126    1   1315   1330   1330    126   0.9183    0.011
A-n63-k10 	BT-3   63    6    126    0   1315   1331   1330    135   0.9001    0.011
A-n63-k10 	BT-3   63    6    126    1   1315   1330   1330    126   0.8778    0.011
A-n63-k10 	BT-3   63   21    252    0   1315   2144   1385    322   1.6205    0.053
A-n63-k10 	BT-3   63   21    252    1   1315   2066   1339    695   3.6333    0.018
A-n63-k10 	BT-3   63   10    126    0   1315   1331   1330    135   0.8987    0.011
A-n63-k10 	BT-3   63   10    126    1   1315   1330   1330    126   0.8596    0.011
A-n63-k10 	BT-3   63    6    126    0   1315   1331   1330    135   0.9169    0.011
A-n63-k10 	BT-3   63    6    126    1   1315   1330   1330    126   0.8396    0.011
A-n63-k10 	BT-3   63   21    252    0   1315   2144   1392    392   2.0092    0.059
A-n63-k10 	BT-3   63   21    252    1   1315   2066   1373    955   5.3771    0.044
A-n63-k10 	BT-3   63   10    126    0   1315   1331   1330    135   1.0524    0.011
A-n63-k10 	BT-3   63   10    126    1   1315   1330   1330    126   0.9215    0.011
A-n63-k10 	BT-3   63    6    126    0   1315   1331   1330    135   0.8689    0.011
A-n63-k10 	BT-3   63    6    126    1   1315   1330   1330    126   0.8597    0.011
A-n63-k10 	BT-3   63   21    252    0   1315   2144   1370    464   2.2836    0.042
A-n63-k10 	BT-3   63   21    252    1   1315   2066   1386    477   2.4412    0.054
A-n63-k10 	BT-3   63   10    126    0   1315   1331   1330    135   0.9281    0.011
A-n63-k10 	BT-3   63   10    126    1   1315   1330   1330    126   0.8792    0.011
A-n63-k10 	BT-3   63    6    126    0   1315   1331   1330    135   0.9469    0.011
A-n63-k10 	BT-3   63    6    126    1   1315   1330   1330    126   1.0268    0.011
A-n63-k10 	BT-3   63   21    252    0   1315   2144   1395    315   1.7413    0.061
A-n63-k10 	BT-3   63   21    252    1   1315   2066   1382    766   3.7198    0.051
A-n63-k10 	BT-3   63   10    126    0   1315   1331   1330    135   0.8547    0.011
A-n63-k10 	BT-3   63   10    126    1   1315   1330   1330    126   0.8548    0.011
A-n63-k10 	BT-3   63    6    126    0   1315   1331   1330    135   0.8849    0.011
A-n63-k10 	BT-3   63    6    126    1   1315   1330   1330    126   0.9264    0.011
A-n63-k10 	BT-3   63   21    252    0   1315   2144   1389    398   2.1669    0.056
A-n63-k10 	BT-3   63   21    252    1   1315   2066   1326   1004   5.4660    0.008
A-n63-k10 	BT-3   63   10    126    0   1315   1358   1332    138   0.9423    0.013
A-n63-k10 	BT-3   63   10    126    1   1315   1326   1326    126   0.8231    0.008
A-n63-k10 	BT-3   63    6    126    0   1315   1358   1332    138   0.8763    0.013
A-n63-k10 	BT-3   63    6    126    1   1315   1326   1326    126   0.8307    0.008
A-n63-k10 	BT-3   63   21    252    0   1315   2144   1394    380   1.9203    0.060
A-n63-k10 	BT-3   63   21    252    1   1315   2066   1395    534   2.7878    0.061
A-n63-k10 	BT-3   63   10    126    0   1315   1358   1332    138   0.9276    0.013
A-n63-k10 	BT-3   63   10    126    1   1315   1326   1326    126   0.8608    0.008
A-n63-k10 	BT-3   63    6    126    0   1315   1358   1332    138   0.8842    0.013
A-n63-k10 	BT-3   63    6    126    1   1315   1326   1326    126   0.8223    0.008
A-n63-k10 	BT-3   63   21    252    0   1315   2144   1394    320   1.5659    0.060
A-n63-k10 	BT-3   63   21    252    1   1315   2066   1382    459   2.2420    0.051
A-n63-k10 	BT-3   63   10    126    0   1315   1358   1332    138   0.9195    0.013
A-n63-k10 	BT-3   63   10    126    1   1315   1326   1326    126   0.8355    0.008
A-n63-k10 	BT-3   63    6    126    0   1315   1358   1332    138   0.9559    0.013
A-n63-k10 	BT-3   63    6    126    1   1315   1326   1326    126   0.9485    0.008
A-n63-k10 	BT-3   63   21    252    0   1315   2144   1394    316   1.8659    0.060
A-n63-k10 	BT-3   63   21    252    1   1315   2066   1366    620   3.0863    0.039
A-n63-k10 	BT-3   63   10    126    0   1315   1358   1332    138   0.9386    0.013
A-n63-k10 	BT-3   63   10    126    1   1315   1326   1326    126   0.8182    0.008
A-n63-k10 	BT-3   63    6    126    0   1315   1358   1332    138   0.8527    0.013
A-n63-k10 	BT-3   63    6    126    1   1315   1326   1326    126   0.8006    0.008
A-n63-k10 	BT-3   63   21    252    0   1315   2144   1363    533   2.5819    0.037
A-n63-k10 	BT-3   63   21    252    1   1315   2066   1414    626   3.1028    0.075
A-n63-k10 	BT-3   63   10    126    0   1315   1358   1332    138   0.8806    0.013
A-n63-k10 	BT-3   63   10    126    1   1315   1326   1326    126   0.8147    0.008
A-n63-k10 	BT-3   63    6    126    0   1315   1358   1332    138   0.8851    0.013
A-n63-k10 	BT-3   63    6    126    1   1315   1326   1326    126   0.9489    0.008
A-n63-k10 	BT-3   63   21    252    0   1315   2144   1394    316   1.7385    0.060
A-n63-k10 	BT-3   63   21    252    1   1315   2066   1352    729   3.5203    0.028
A-n63-k10 	BT-3   63   10    126    0   1315   1358   1332    138   0.8708    0.013
A-n63-k10 	BT-3   63   10    126    1   1315   1326   1326    126   0.8656    0.008
A-n63-k10 	BT-3   63    6    126    0   1315   1358   1332    138   0.9510    0.013
A-n63-k10 	BT-3   63    6    126    1   1315   1326   1326    126   0.8722    0.008
A-n63-k10 	BT-3   63   21    252    0   1315   2144   1394    319   1.6443    0.060
A-n63-k10 	BT-3   63   21    252    1   1315   2066   1402    352   1.7438    0.066
A-n63-k10 	BT-3   63   10    126    0   1315   1358   1332    138   0.9249    0.013
A-n63-k10 	BT-3   63   10    126    1   1315   1326   1326    126   0.8308    0.008
A-n63-k10 	BT-3   63    6    126    0   1315   1358   1332    138   0.8671    0.013
A-n63-k10 	BT-3   63    6    126    1   1315   1326   1326    126   0.8130    0.008
A-n63-k10 	BT-3   63   21    252    0   1315   2144   1395    314   1.5674    0.061
A-n63-k10 	BT-3   63   21    252    1   1315   2066   1409    530   2.8458    0.071
A-n63-k10 	BT-3   63   10    126    0   1315   1358   1332    138   0.9943    0.013
A-n63-k10 	BT-3   63   10    126    1   1315   1326   1326    126   0.8218    0.008
A-n63-k10 	BT-3   63    6    126    0   1315   1358   1332    138   1.0943    0.013
A-n63-k10 	BT-3   63    6    126    1   1315   1326   1326    126   0.9957    0.008
A-n63-k10 	BT-3   63   21    252    0   1315   2144   1396    313   1.7785    0.062
A-n63-k10 	BT-3   63   21    252    1   1315   2066   1345    450   2.1919    0.023
A-n63-k10 	BT-3   63   10    126    0   1315   1358   1332    138   0.9205    0.013
A-n63-k10 	BT-3   63   10    126    1   1315   1326   1326    126   0.9466    0.008
A-n63-k10 	BT-3   63    6    126    0   1315   1358   1332    138   0.9843    0.013
A-n63-k10 	BT-3   63    6    126    1   1315   1326   1326    126   0.8194    0.008
A-n63-k10 	BT-3   63   21    252    0   1315   2144   1394    316   1.6089    0.060
A-n63-k10 	BT-3   63   21    252    1   1315   2066   1337    829   4.3993    0.017
A-n63-k10 	BT-3   63   10    126    0   1315   1358   1332    138   0.9653    0.013
A-n63-k10 	BT-3   63   10    126    1   1315   1326   1326    126   0.8992    0.008
A-n63-k10 	BT-3   63    6    126    0   1315   1358   1332    138   0.9490    0.013
A-n63-k10 	BT-3   63    6    126    1   1315   1326   1326    126   0.8611    0.008
A-n63-k10 	BT-3   63   21    252    0   1315   2144   1385    565   2.7993    0.053
A-n63-k10 	BT-3   63   21    252    1   1315   2066   1404    511   2.5255    0.068
A-n63-k10 	BT-3   63   10    126    0   1315   1358   1332    138   0.8739    0.013
A-n63-k10 	BT-3   63   10    126    1   1315   1326   1326    126   0.8301    0.008
A-n63-k10 	BT-3   63    6    126    0   1315   1358   1332    138   0.8882    0.013
A-n63-k10 	BT-3   63    6    126    1   1315   1326   1326    126   0.8350    0.008
A-n63-k10 	BT-3   63   21    252    0   1315   2144   1362    477   2.3434    0.036
A-n63-k10 	BT-3   63   21    252    1   1315   2066   1387    555   2.7654    0.055
A-n63-k10 	BT-3   63   10    126    0   1315   1358   1332    138   0.9005    0.013
A-n63-k10 	BT-3   63   10    126    1   1315   1326   1326    126   0.8353    0.008
A-n63-k10 	BT-3   63    6    126    0   1315   1358   1332    138   0.8980    0.013
A-n63-k10 	BT-3   63    6    126    1   1315   1326   1326    126   0.8261    0.008
A-n63-k10 	BT-3   63   21    252    0   1315   2144   1385    550   2.8390    0.053
A-n63-k10 	BT-3   63   21    252    1   1315   2066   1407    363   1.9071    0.070
A-n63-k10 	BT-3   63   10    126    0   1315   1358   1332    138   0.9173    0.013
A-n63-k10 	BT-3   63   10    126    1   1315   1326   1326    126   0.8253    0.008
A-n63-k10 	BT-3   63    6    126    0   1315   1358   1332    138   0.9462    0.013
A-n63-k10 	BT-3   63    6    126    1   1315   1326   1326    126   0.8243    0.008
A-n63-k10 	BT-3   63   21    252    0   1315   2144   1346    515   2.5243    0.024
A-n63-k10 	BT-3   63   21    252    1   1315   2066   1383    497   2.4073    0.052
A-n63-k10 	BT-3   63   10    126    0   1315   1358   1332    138   0.9037    0.013
A-n63-k10 	BT-3   63   10    126    1   1315   1326   1326    126   0.8458    0.008
A-n63-k10 	BT-3   63    6    126    0   1315   1358   1332    138   0.9740    0.013
A-n63-k10 	BT-3   63    6    126    1   1315   1326   1326    126   0.8939    0.008
A-n63-k10 	BT-3   63   21    252    0   1315   2144   1381    529   2.6466    0.050
A-n63-k10 	BT-3   63   21    252    1   1315   2066   1374    592   2.9530    0.045
A-n63-k10 	BT-3   63   10    126    0   1315   1358   1332    138   0.9013    0.013
A-n63-k10 	BT-3   63   10    126    1   1315   1326   1326    126   0.9142    0.008
A-n63-k10 	BT-3   63    6    126    0   1315   1358   1332    138   1.0128    0.013
A-n63-k10 	BT-3   63    6    126    1   1315   1326   1326    126   0.8404    0.008
A-n63-k10 	BT-3   63   21    252    0   1315   2144   1395    315   1.6409    0.061
A-n63-k10 	BT-3   63   21    252    1   1315   2066   1411    439   2.2437    0.073
A-n63-k10 	BT-3   63   10    126    0   1315   1358   1332    138   0.9750    0.013
A-n63-k10 	BT-3   63   10    126    1   1315   1326   1326    126   0.8549    0.008
A-n63-k10 	BT-3   63    6    126    0   1315   1358   1332    138   1.0934    0.013
A-n63-k10 	BT-3   63    6    126    1   1315   1326   1326    126   0.9741    0.008
A-n63-k10 	BT-3   63   21    252    0   1315   2144   1369    648   3.5199    0.041
A-n63-k10 	BT-3   63   21    252    1   1315   2066   1347    647   3.3996    0.024
A-n63-k10 	BT-3   63   10    126    0   1315   1358   1332    138   0.8949    0.013
A-n63-k10 	BT-3   63   10    126    1   1315   1326   1326    126   0.8436    0.008
A-n63-k10 	BT-3   63    6    126    0   1315   1358   1332    138   0.9472    0.013
A-n63-k10 	BT-3   63    6    126    1   1315   1326   1326    126   0.8380    0.008
A-n63-k10 	BT-3   63   21    252    0   1315   2144   1394    317   1.6082    0.060
A-n63-k10 	BT-3   63   21    252    1   1315   2066   1387    523   2.5681    0.055
A-n63-k10 	BT-3   63   10    126    0   1315   1358   1332    138   0.8969    0.013
A-n63-k10 	BT-3   63   10    126    1   1315   1326   1326    126   0.8337    0.008
A-n63-k10 	BT-3   63    6    126    0   1315   1358   1332    138   0.9045    0.013
A-n63-k10 	BT-3   63    6    126    1   1315   1326   1326    126   0.8206    0.008
A-n63-k10 	BT-3   63   21    252    0   1315   2144   1390    364   1.7699    0.057
A-n63-k10 	BT-3   63   21    252    1   1315   2066   1411    347   1.6640    0.073
A-n63-k10 	BT-3   63   10    126    0   1315   1358   1332    138   0.8726    0.013
A-n63-k10 	BT-3   63   10    126    1   1315   1326   1326    126   0.8056    0.008
A-n63-k10 	BT-3   63    6    126    0   1315   1358   1332    138   0.8539    0.013
A-n63-k10 	BT-3   63    6    126    1   1315   1326   1326    126   0.8078    0.008
A-n63-k10 	BT-3   63   21    252    0   1315   2144   1369    792   4.0344    0.041
A-n63-k10 	BT-3   63   21    252    1   1315   2066   1333    764   3.7870    0.014
A-n63-k10 	BT-3   63   10    126    0   1315   1358   1332    138   0.8650    0.013
A-n63-k10 	BT-3   63   10    126    1   1315   1326   1326    126   0.8271    0.008
A-n63-k10 	BT-3   63    6    126    0   1315   1358   1332    138   0.8846    0.013
A-n63-k10 	BT-3   63    6    126    1   1315   1326   1326    126   0.8078    0.008
A-n63-k10 	BT-3   63   21    252    0   1315   2144   1376    727   3.5522    0.046
A-n63-k10 	BT-3   63   21    252    1   1315   2066   1384    653   3.1405    0.052
A-n63-k10 	BT-3   63   10    126    0   1315   1358   1332    138   0.8902    0.013
A-n63-k10 	BT-3   63   10    126    1   1315   1326   1326    126   0.8236    0.008
A-n63-k10 	BT-3   63    6    126    0   1315   1358   1332    138   0.9813    0.013
A-n63-k10 	BT-3   63    6    126    1   1315   1326   1326    126   0.8240    0.008
A-n63-k10 	BT-3   63   21    252    0   1315   2144   1358    759   3.8059    0.033
A-n63-k10 	BT-3   63   21    252    1   1315   2066   1418    382   1.8745    0.078
A-n63-k10 	BT-3   63   10    126    0   1315   1358   1332    138   0.9002    0.013
A-n63-k10 	BT-3   63   10    126    1   1315   1326   1326    126   0.8235    0.008
A-n63-k10 	BT-3   63    6    126    0   1315   1358   1332    138   0.8791    0.013
A-n63-k10 	BT-3   63    6    126    1   1315   1326   1326    126   0.8183    0.008
A-n63-k10 	BT-3   63   21    252    0   1315   2144   1366    589   3.0552    0.039
A-n63-k10 	BT-3   63   21    252    1   1315   2066   1378    414   2.1111    0.048
A-n63-k10 	BT-3   63   10    126    0   1315   1358   1332    138   0.8738    0.013
A-n63-k10 	BT-3   63   10    126    1   1315   1326   1326    126   0.8273    0.008
A-n63-k10 	BT-3   63    6    126    0   1315   1358   1332    138   0.9046    0.013
A-n63-k10 	BT-3   63    6    126    1   1315   1326   1326    126   0.8407    0.008
A-n63-k10 	BT-3   63   21    252    0   1315   2144   1385    388   1.9086    0.053
A-n63-k10 	BT-3   63   21    252    1   1315   2066   1349    749   3.8557    0.026
A-n63-k10 	BT-3   63   10    126    0   1315   1358   1332    138   0.8828    0.013
A-n63-k10 	BT-3   63   10    126    1   1315   1326   1326    126   0.8323    0.008
A-n63-k10 	BT-3   63    6    126    0   1315   1358   1332    138   0.8990    0.013
A-n63-k10 	BT-3   63    6    126    1   1315   1326   1326    126   0.9193    0.008
A-n63-k10 	BT-3   63   21    252    0   1315   2144   1390    563   2.7538    0.057
A-n63-k10 	BT-3   63   21    252    1   1315   2066   1404    669   3.3391    0.068
A-n63-k10 	BT-3   63   10    126    0   1315   1358   1332    138   0.8756    0.013
A-n63-k10 	BT-3   63   10    126    1   1315   1326   1326    126   0.8188    0.008
A-n63-k10 	BT-3   63    6    126    0   1315   1358   1332    138   0.8798    0.013
A-n63-k10 	BT-3   63    6    126    1   1315   1326   1326    126   0.8787    0.008
A-n63-k10 	BT-3   63   21    252    0   1315   2144   1395    451   2.1919    0.061
A-n63-k10 	BT-3   63   21    252    1   1315   2066   1342    735   3.6227    0.021
A-n63-k10 	BT-3   63   10    126    0   1315   1358   1332    138   1.0248    0.013
A-n63-k10 	BT-3   63   10    126    1   1315   1326   1326    126   0.8567    0.008
A-n63-k10 	BT-3   63    6    126    0   1315   1358   1332    138   0.9594    0.013
A-n63-k10 	BT-3   63    6    126    1   1315   1326   1326    126   0.9084    0.008
A-n63-k10 	BT-3   63   21    252    0   1315   2144   1394    317   1.6640    0.060
A-n63-k10 	BT-3   63   21    252    1   1315   2066   1399    402   2.0705    0.064
A-n63-k10 	BT-3   63   10    126    0   1315   1358   1332    138   0.9455    0.013
A-n63-k10 	BT-3   63   10    126    1   1315   1326   1326    126   0.9078    0.008
A-n63-k10 	BT-3   63    6    126    0   1315   1358   1332    138   1.0189    0.013
A-n63-k10 	BT-3   63    6    126    1   1315   1326   1326    126   0.8612    0.008
A-n63-k10 	BT-3   63   21    252    0   1315   2144   1394    316   1.6874    0.060
A-n63-k10 	BT-3   63   21    252    1   1315   2066   1345    787   3.9127    0.023
A-n63-k10 	BT-3   63   10    126    0   1315   1358   1332    138   0.9016    0.013
A-n63-k10 	BT-3   63   10    126    1   1315   1326   1326    126   1.0338    0.008
A-n63-k10 	BT-3   63    6    126    0   1315   1358   1332    138   0.9275    0.013
A-n63-k10 	BT-3   63    6    126    1   1315   1326   1326    126   1.0447    0.008
A-n63-k10 	BT-3   63   21    252    0   1315   2144   1339   1314   6.8461    0.018
A-n63-k10 	BT-3   63   21    252    1   1315   2066   1386    527   2.6653    0.054
A-n63-k10 	BT-3   63   10    126    0   1315   1358   1332    138   0.9068    0.013
A-n63-k10 	BT-3   63   10    126    1   1315   1326   1326    126   0.8694    0.008
A-n63-k10 	BT-3   63    6    126    0   1315   1358   1332    138   0.8845    0.013
A-n63-k10 	BT-3   63    6    126    1   1315   1326   1326    126   0.9119    0.008
A-n63-k10 	BT-3   63   21    252    0   1315   2144   1398    491   2.5002    0.063
A-n63-k10 	BT-3   63   21    252    1   1315   2066   1385    555   2.8784    0.053
A-n63-k10 	BT-3   63   10    126    0   1315   1358   1332    138   0.8810    0.013
A-n63-k10 	BT-3   63   10    126    1   1315   1326   1326    126   0.8116    0.008
A-n63-k10 	BT-3   63    6    126    0   1315   1358   1332    138   0.8897    0.013
A-n63-k10 	BT-3   63    6    126    1   1315   1326   1326    126   0.8282    0.008
A-n63-k10 	BT-3   63   21    252    0   1315   2144   1394    316   1.5835    0.060
A-n63-k10 	BT-3   63   21    252    1   1315   2066   1373    499   2.5969    0.044
A-n63-k10 	BT-3   63   10    126    0   1315   1358   1332    138   0.9090    0.013
A-n63-k10 	BT-3   63   10    126    1   1315   1326   1326    126   0.8312    0.008
A-n63-k10 	BT-3   63    6    126    0   1315   1358   1332    138   0.8947    0.013
A-n63-k10 	BT-3   63    6    126    1   1315   1326   1326    126   0.8733    0.008
A-n63-k10 	BT-3   63   21    252    0   1315   2144   1394    316   1.6015    0.060
A-n63-k10 	BT-3   63   21    252    1   1315   2066   1372    636   3.0920    0.043
A-n63-k10 	BT-3   63   10    126    0   1315   1358   1332    138   0.8897    0.013
A-n63-k10 	BT-3   63   10    126    1   1315   1326   1326    126   0.8133    0.008
A-n63-k10 	BT-3   63    6    126    0   1315   1358   1332    138   0.8643    0.013
A-n63-k10 	BT-3   63    6    126    1   1315   1326   1326    126   0.8158    0.008
A-n63-k10 	BT-3   63   21    252    0   1315   2144   1395    314   1.5230    0.061
A-n63-k10 	BT-3   63   21    252    1   1315   2066   1346    711   3.5540    0.024
A-n63-k10 	BT-3   63   10    126    0   1315   1358   1332    138   0.8874    0.013
A-n63-k10 	BT-3   63   10    126    1   1315   1326   1326    126   0.8211    0.008
A-n63-k10 	BT-3   63    6    126    0   1315   1358   1332    138   0.8794    0.013
A-n63-k10 	BT-3   63    6    126    1   1315   1326   1326    126   0.8302    0.008
A-n63-k10 	BT-3   63   21    252    0   1315   2144   1395    314   1.5303    0.061
A-n63-k10 	BT-3   63   21    252    1   1315   2066   1402    431   2.0723    0.066
A-n63-k10 	BT-3   63   10    126    0   1315   1358   1332    138   0.8782    0.013
A-n63-k10 	BT-3   63   10    126    1   1315   1326   1326    126   0.8196    0.008
A-n63-k10 	BT-3   63    6    126    0   1315   1358   1332    138   0.8733    0.013
A-n63-k10 	BT-3   63    6    126    1   1315   1326   1326    126   0.8299    0.008
A-n63-k10 	BT-3   63   21    252    0   1315   2144   1397    311   1.5214    0.062
A-n63-k10 	BT-3   63   21    252    1   1315   2066   1373    563   2.7278    0.044
A-n63-k10 	BT-3   63   10    126    0   1315   1358   1332    138   0.8765    0.013
A-n63-k10 	BT-3   63   10    126    1   1315   1326   1326    126   0.8267    0.008
A-n63-k10 	BT-3   63    6    126    0   1315   1358   1332    138   0.8630    0.013
A-n63-k10 	BT-3   63    6    126    1   1315   1326   1326    126   0.8152    0.008
A-n63-k10 	BT-3   63   21    252    0   1315   2144   1394    316   1.6579    0.060
A-n63-k10 	BT-3   63   21    252    1   1315   2066   1403    381   2.0529    0.067
A-n63-k10 	BT-3   63   10    126    0   1315   1358   1332    138   0.8686    0.013
A-n63-k10 	BT-3   63   10    126    1   1315   1326   1326    126   0.8176    0.008
A-n63-k10 	BT-3   63    6    126    0   1315   1358   1332    138   0.9081    0.013
A-n63-k10 	BT-3   63    6    126    1   1315   1326   1326    126   0.8110    0.008
A-n63-k10 	BT-3   63   21    252    0   1315   2144   1394    317   1.5309    0.060
A-n63-k10 	BT-3   63   21    252    1   1315   2066   1381    833   4.3800    0.050
A-n63-k10 	BT-3   63   10    126    0   1315   1358   1332    138   0.9082    0.013
A-n63-k10 	BT-3   63   10    126    1   1315   1326   1326    126   0.8342    0.008
A-n63-k10 	BT-3   63    6    126    0   1315   1358   1332    138   0.8580    0.013
A-n63-k10 	BT-3   63    6    126    1   1315   1326   1326    126   0.8174    0.008
A-n63-k10 	BT-3   63   21    252    0   1315   2144   1394    316   1.6412    0.060
A-n63-k10 	BT-3   63   21    252    1   1315   2066   1400    405   2.1680    0.065
A-n63-k10 	BT-3   63   10    126    0   1315   1358   1332    138   0.9117    0.013
A-n63-k10 	BT-3   63   10    126    1   1315   1326   1326    126   0.8395    0.008
A-n63-k10 	BT-3   63    6    126    0   1315   1358   1332    138   0.8630    0.013
A-n63-k10 	BT-3   63    6    126    1   1315   1326   1326    126   0.8323    0.008
A-n63-k10 	BT-3   63   21    252    0   1315   2144   1364    904   4.7169    0.037
A-n63-k10 	BT-3   63   21    252    1   1315   2066   1412    463   2.4518    0.074
A-n63-k10 	BT-3   63   10    126    0   1315   1358   1332    138   0.8979    0.013
A-n63-k10 	BT-3   63   10    126    1   1315   1326   1326    126   0.8578    0.008
A-n63-k10 	BT-3   63    6    126    0   1315   1358   1332    138   0.8887    0.013
A-n63-k10 	BT-3   63    6    126    1   1315   1326   1326    126   0.8500    0.008
A-n63-k10 	BT-3   63   21    252    0   1315   2144   1358    654   3.2632    0.033
A-n63-k10 	BT-3   63   21    252    1   1315   2066   1415    649   3.3682    0.076
A-n63-k10 	BT-3   63   10    126    0   1315   1358   1332    138   0.9204    0.013
A-n63-k10 	BT-3   63   10    126    1   1315   1326   1326    126   0.9102    0.008
A-n63-k10 	BT-3   63    6    126    0   1315   1358   1332    138   0.9244    0.013
A-n63-k10 	BT-3   63    6    126    1   1315   1326   1326    126   0.8521    0.008
A-n63-k10 	BT-3   63   21    252    0   1315   2144   1394    317   1.5520    0.060
A-n63-k10 	BT-3   63   21    252    1   1315   2066   1381    459   2.2844    0.050
A-n63-k10 	BT-3   63   10    126    0   1315   1358   1332    138   0.8944    0.013
A-n63-k10 	BT-3   63   10    126    1   1315   1326   1326    126   0.8808    0.008
A-n63-k10 	BT-3   63    6    126    0   1315   1358   1332    138   0.9590    0.013
A-n63-k10 	BT-3   63    6    126    1   1315   1326   1326    126   0.8227    0.008
A-n63-k10 	BT-3   63   21    252    0   1315   2144   1388    435   2.1242    0.056
A-n63-k10 	BT-3   63   21    252    1   1315   2066   1371    732   3.5193    0.043
A-n63-k10 	BT-3   63   10    126    0   1315   1358   1332    138   0.8744    0.013
A-n63-k10 	BT-3   63   10    126    1   1315   1326   1326    126   0.8243    0.008
A-n63-k10 	BT-3   63    6    126    0   1315   1358   1332    138   0.9739    0.013
A-n63-k10 	BT-3   63    6    126    1   1315   1326   1326    126   0.8504    0.008
A-n63-k10 	BT-3   63   21    252    0   1315   2144   1397    311   1.5748    0.062
A-n63-k10 	BT-3   63   21    252    1   1315   2066   1386    435   2.2331    0.054
A-n63-k10 	BT-3   63   10    126    0   1315   1358   1332    138   0.9074    0.013
A-n63-k10 	BT-3   63   10    126    1   1315   1326   1326    126   0.8380    0.008
A-n63-k10 	BT-3   63    6    126    0   1315   1358   1332    138   0.8706    0.013
A-n63-k10 	BT-3   63    6    126    1   1315   1326   1326    126   0.8209    0.008
A-n63-k10 	BT-3   63   21    252    0   1315   2144   1381    545   2.5980    0.050
A-n63-k10 	BT-3   63   21    252    1   1315   2066   1359    412   1.9816    0.033
A-n63-k10 	BT-3   63   10    126    0   1315   1358   1332    138   0.9141    0.013
A-n63-k10 	BT-3   63   10    126    1   1315   1326   1326    126   0.8491    0.008
A-n63-k10 	BT-3   63    6    126    0   1315   1358   1332    138   0.8717    0.013
A-n63-k10 	BT-3   63    6    126    1   1315   1326   1326    126   0.8116    0.008
A-n63-k10 	BT-3   63   21    252    0   1315   2144   1396    407   1.9891    0.062
A-n63-k10 	BT-3   63   21    252    1   1315   2066   1360    656   3.2090    0.034
A-n63-k10 	BT-3   63   10    126    0   1315   1358   1332    138   0.8713    0.013
A-n63-k10 	BT-3   63   10    126    1   1315   1326   1326    126   0.8151    0.008
A-n63-k10 	BT-3   63    6    126    0   1315   1358   1332    138   0.8520    0.013
A-n63-k10 	BT-3   63    6    126    1   1315   1326   1326    126   0.8088    0.008
A-n63-k10 	BT-3   63   21    252    0   1315   2144   1394    345   1.6635    0.060
A-n63-k10 	BT-3   63   21    252    1   1315   2066   1352    674   3.2495    0.028
A-n63-k10 	BT-3   63   10    126    0   1315   1358   1332    138   0.8677    0.013
A-n63-k10 	BT-3   63   10    126    1   1315   1326   1326    126   0.8378    0.008
A-n63-k10 	BT-3   63    6    126    0   1315   1358   1332    138   0.8670    0.013
A-n63-k10 	BT-3   63    6    126    1   1315   1326   1326    126   0.7967    0.008
A-n63-k10 	BT-3   63   21    252    0   1315   2144   1394    387   1.8900    0.060
A-n63-k10 	BT-3   63   21    252    1   1315   2066   1387    946   4.6554    0.055
A-n63-k10 	BT-3   63   10    126    0   1315   1358   1331    264   1.4814    0.012
A-n63-k10 	BT-3   63   10    126    1   1315   1326   1326    126   0.8554    0.008
A-n63-k10 	BT-3   63    6    126    0   1315   1358   1332    138   0.8665    0.013
A-n63-k10 	BT-3   63    6    126    1   1315   1326   1326    126   0.8068    0.008
A-n63-k10 	BT-3   63   21    252    0   1315   2144   1356    513   2.4596    0.031
A-n63-k10 	BT-3   63   21    252    1   1315   2066   1411    764   3.6598    0.073
A-n63-k10 	BT-3   63   10    126    0   1315   1358   1332    138   0.8732    0.013
A-n63-k10 	BT-3   63   10    126    1   1315   1326   1326    126   0.8373    0.008
A-n63-k10 	BT-3   63    6    126    0   1315   1358   1332    138   0.8550    0.013
A-n63-k10 	BT-3   63    6    126    1   1315   1326   1326    126   0.8003    0.008
A-n63-k10 	BT-3   63   21    252    0   1315   2144   1394    350   1.7206    0.060
A-n63-k10 	BT-3   63   21    252    1   1315   2066   1376    687   3.5608    0.046
A-n63-k10 	BT-3   63   10    126    0   1315   1358   1332    138   0.8818    0.013
A-n63-k10 	BT-3   63   10    126    1   1315   1326   1326    126   0.8257    0.008
A-n63-k10 	BT-3   63    6    126    0   1315   1358   1332    138   0.9360    0.013
A-n63-k10 	BT-3   63    6    126    1   1315   1326   1326    126   0.8433    0.008
A-n63-k10 	BT-3   63   21    252    0   1315   2144   1396    327   1.6609    0.062
A-n63-k10 	BT-3   63   21    252    1   1315   2066   1411    481   2.4348    0.073
A-n63-k10 	BT-3   63   10    126    0   1315   1358   1332    138   0.8846    0.013
A-n63-k10 	BT-3   63   10    126    1   1315   1326   1326    126   0.8290    0.008
A-n63-k10 	BT-3   63    6    126    0   1315   1358   1332    138   0.8622    0.013
A-n63-k10 	BT-3   63    6    126    1   1315   1326   1326    126   0.8112    0.008
A-n63-k10 	BT-3   63   21    252    0   1315   2144   1386    723   3.6244    0.054
A-n63-k10 	BT-3   63   21    252    1   1315   2066   1381    406   1.9824    0.050
A-n63-k10 	BT-3   63   10    126    0   1315   1358   1332    138   0.8800    0.013
A-n63-k10 	BT-3   63   10    126    1   1315   1326   1326    126   0.8292    0.008
A-n63-k10 	BT-3   63    6    126    0   1315   1358   1332    138   0.9046    0.013
A-n63-k10 	BT-3   63    6    126    1   1315   1326   1326    126   0.8471    0.008
A-n63-k10 	BT-3   63   21    252    0   1315   2144   1380    670   3.2528    0.049
A-n63-k10 	BT-3   63   21    252    1   1315   2066   1389    683   3.3408    0.056
A-n63-k10 	BT-3   63   10    126    0   1315   1358   1332    138   0.8723    0.013
A-n63-k10 	BT-3   63   10    126    1   1315   1326   1326    126   0.8243    0.008
A-n63-k10 	BT-3   63    6    126    0   1315   1358   1332    138   0.9209    0.013
A-n63-k10 	BT-3   63    6    126    1   1315   1326   1326    126   0.9464    0.008
A-n63-k10 	BT-3   63   21    252    0   1315   2144   1396    434   2.4674    0.062
A-n63-k10 	BT-3   63   21    252    1   1315   2066   1402    400   2.1864    0.066
A-n63-k10 	BT-3   63   10    126    0   1315   1358   1332    138   1.0013    0.013
A-n63-k10 	BT-3   63   10    126    1   1315   1326   1326    126   0.8996    0.008
A-n63-k10 	BT-3   63    6    126    0   1315   1358   1332    138   0.9751    0.013
A-n63-k10 	BT-3   63    6    126    1   1315   1326   1326    126   0.9071    0.008
A-n63-k10 	BT-3   63   21    252    0   1315   2144   1394    343   1.7238    0.060
A-n63-k10 	BT-3   63   21    252    1   1315   2066   1406    469   2.3624    0.069
A-n63-k10 	BT-3   63   10    126    0   1315   1358   1332    138   0.9303    0.013
A-n63-k10 	BT-3   63   10    126    1   1315   1326   1326    126   0.8491    0.008
A-n63-k10 	BT-3   63    6    126    0   1315   1358   1332    138   0.9080    0.013
A-n63-k10 	BT-3   63    6    126    1   1315   1326   1326    126   0.8531    0.008
A-n63-k10 	BT-3   63   21    252    0   1315   2144   1394    316   1.6216    0.060
A-n63-k10 	BT-3   63   21    252    1   1315   2066   1348    606   3.0220    0.025
A-n63-k10 	BT-3   63   10    126    0   1315   1358   1332    138   0.9123    0.013
A-n63-k10 	BT-3   63   10    126    1   1315   1326   1326    126   0.8313    0.008
A-n63-k10 	BT-3   63    6    126    0   1315   1358   1332    138   0.8950    0.013
A-n63-k10 	BT-3   63    6    126    1   1315   1326   1326    126   0.8378    0.008
A-n63-k10 	BT-3   63   21    252    0   1315   2144   1387    600   3.1478    0.055
A-n63-k10 	BT-3   63   21    252    1   1315   2066   1372    462   2.3061    0.043
A-n63-k10 	BT-3   63   10    126    0   1315   1358   1332    138   0.9251    0.013
A-n63-k10 	BT-3   63   10    126    1   1315   1326   1326    126   0.8632    0.008
A-n63-k10 	BT-3   63    6    126    0   1315   1358   1332    138   0.9083    0.013
A-n63-k10 	BT-3   63    6    126    1   1315   1326   1326    126   0.8387    0.008
A-n63-k10 	BT-3   63   21    252    0   1315   2144   1395    315   1.6259    0.061
A-n63-k10 	BT-3   63   21    252    1   1315   2066   1387    333   1.7652    0.055
A-n63-k10 	BT-3   63   10    126    0   1315   1358   1332    138   0.9257    0.013
A-n63-k10 	BT-3   63   10    126    1   1315   1326   1326    126   0.8667    0.008
A-n63-k10 	BT-3   63    6    126    0   1315   1358   1332    138   0.9450    0.013
A-n63-k10 	BT-3   63    6    126    1   1315   1326   1326    126   0.8828    0.008
A-n63-k10 	BT-3   63   21    252    0   1315   2144   1394    316   1.5949    0.060
A-n63-k10 	BT-3   63   21    252    1   1315   2066   1373    505   2.5640    0.044
A-n63-k10 	BT-3   63   10    126    0   1315   1358   1332    138   0.8975    0.013
A-n63-k10 	BT-3   63   10    126    1   1315   1326   1326    126   0.8478    0.008
A-n63-k10 	BT-3   63    6    126    0   1315   1358   1332    138   0.9059    0.013
A-n63-k10 	BT-3   63    6    126    1   1315   1326   1326    126   0.8186    0.008
A-n63-k10 	BT-3   63   21    252    0   1315   2144   1394    317   1.6159    0.060
A-n63-k10 	BT-3   63   21    252    1   1315   2066   1368    681   3.5706    0.040
A-n63-k10 	BT-3   63   10    126    0   1315   1358   1332    138   0.9265    0.013
A-n63-k10 	BT-3   63   10    126    1   1315   1326   1326    126   0.9042    0.008
A-n63-k10 	BT-3   63    6    126    0   1315   1358   1332    138   0.9102    0.013
A-n63-k10 	BT-3   63    6    126    1   1315   1326   1326    126   0.8072    0.008
A-n63-k10 	BT-3   63   21    252    0   1315   2144   1396    349   1.7538    0.062
A-n63-k10 	BT-3   63   21    252    1   1315   2066   1354    725   3.4898    0.030
A-n63-k10 	BT-3   63   10    126    0   1315   1358   1332    138   0.8825    0.013
A-n63-k10 	BT-3   63   10    126    1   1315   1326   1326    126   0.8101    0.008
A-n63-k10 	BT-3   63    6    126    0   1315   1358   1332    138   0.8645    0.013
A-n63-k10 	BT-3   63    6    126    1   1315   1326   1326    126   0.8077    0.008
A-n63-k10 	BT-3   63   21    252    0   1315   2144   1347    926   4.4394    0.024
A-n63-k10 	BT-3   63   21    252    1   1315   2066   1380    638   3.1245    0.049
A-n63-k10 	BT-3   63   10    126    0   1315   1358   1332    138   0.8701    0.013
A-n63-k10 	BT-3   63   10    126    1   1315   1326   1326    126   0.8106    0.008
A-n63-k10 	BT-3   63    6    126    0   1315   1358   1332    138   0.8617    0.013
A-n63-k10 	BT-3   63    6    126    1   1315   1326   1326    126   0.8074    0.008
A-n63-k10 	BT-3   63   21    252    0   1315   2144   1347    719   3.4371    0.024
A-n63-k10 	BT-3   63   21    252    1   1315   2066   1423    448   2.1267    0.082
A-n63-k10 	BT-3   63   10    126    0   1315   1358   1332    138   0.8536    0.013
A-n63-k10 	BT-3   63   10    126    1   1315   1326   1326    126   0.8256    0.008
A-n63-k10 	BT-3   63    6    126    0   1315   1358   1332    138   0.8623    0.013
A-n63-k10 	BT-3   63    6    126    1   1315   1326   1326    126   0.8080    0.008
A-n63-k10 	BT-3   63   21    252    0   1315   2144   1394    316   1.5420    0.060
A-n63-k10 	BT-3   63   21    252    1   1315   2066   1382    628   2.9598    0.051
A-n63-k10 	BT-3   63   10    126    0   1315   1358   1332    138   0.8712    0.013
A-n63-k10 	BT-3   63   10    126    1   1315   1326   1326    126   0.8113    0.008
A-n63-k10 	BT-3   63    6    126    0   1315   1358   1332    138   0.8647    0.013
A-n63-k10 	BT-3   63    6    126    1   1315   1326   1326    126   0.8255    0.008
A-n63-k10 	BT-3   63   21    252    0   1315   2144   1395    314   1.5227    0.061
A-n63-k10 	BT-3   63   21    252    1   1315   2066   1399    444   2.1396    0.064
A-n63-k10 	BT-3   63   10    126    0   1315   1358   1332    138   0.8754    0.013
A-n63-k10 	BT-3   63   10    126    1   1315   1326   1326    126   0.8169    0.008
A-n63-k10 	BT-3   63    6    126    0   1315   1358   1332    138   0.8550    0.013
A-n63-k10 	BT-3   63    6    126    1   1315   1326   1326    126   0.8468    0.008
A-n63-k10 	BT-3   63   21    252    0   1315   2144   1398    509   2.5479    0.063
A-n63-k10 	BT-3   63   21    252    1   1315   2066   1406    449   2.1861    0.069
A-n63-k10 	BT-3   63   10    126    0   1315   1358   1332    138   0.8890    0.013
A-n63-k10 	BT-3   63   10    126    1   1315   1326   1326    126   0.8095    0.008
A-n63-k10 	BT-3   63    6    126    0   1315   1358   1332    138   0.8523    0.013
A-n63-k10 	BT-3   63    6    126    1   1315   1326   1326    126   0.8096    0.008
A-n63-k10 	BT-3   63   21    252    0   1315   2144   1394    345   1.7399    0.060
A-n63-k10 	BT-3   63   21    252    1   1315   2066   1391    896   4.3581    0.058
A-n63-k10 	BT-3   63   10    126    0   1315   1358   1332    138   0.8896    0.013
A-n63-k10 	BT-3   63   10    126    1   1315   1326   1326    126   0.7994    0.008
A-n63-k10 	BT-3   63    6    126    0   1315   1358   1332    138   0.8730    0.013
A-n63-k10 	BT-3   63    6    126    1   1315   1326   1326    126   0.8136    0.008
A-n63-k10 	BT-3   63   21    252    0   1315   2144   1394    343   1.6664    0.060
A-n63-k10 	BT-3   63   21    252    1   1315   2066   1407    417   2.0367    0.070
A-n63-k10 	BT-3   63   10    126    0   1315   1358   1332    138   0.8871    0.013
A-n63-k10 	BT-3   63   10    126    1   1315   1326   1326    126   0.7996    0.008
A-n63-k10 	BT-3   63    6    126    0   1315   1358   1332    138   0.8643    0.013
A-n63-k10 	BT-3   63    6    126    1   1315   1326   1326    126   0.7983    0.008
