A-n53-k7 	BT-1   53   17    212    0   1010   1690   1118    234   0.7358    0.107
A-n53-k7 	BT-1   53   17    212    1   1010   1576   1058    596   1.6946    0.048
A-n53-k7 	BT-1   53    8    106    0   1010   1097   1048    198   0.6174    0.038
A-n53-k7 	BT-1   53    8    106    1   1010   1058   1058    106   0.3615    0.048
A-n53-k7 	BT-1   53    5    106    0   1010   1080   1058    108   0.3690    0.048
A-n53-k7 	BT-1   53    5    106    1   1010   1048   1048    106   0.3653    0.038
A-n53-k7 	BT-2   53   17    212    0   1010   1690   1128    233   0.7156    0.117
A-n53-k7 	BT-2   53   17    212    1   1010   1576   1135    233   0.7037    0.124
A-n53-k7 	BT-2   53    8    106    0   1010   1214   1139    136   0.4553    0.128
A-n53-k7 	BT-2   53    8    106    1   1010   1128   1126    158   0.5048    0.115
A-n53-k7 	BT-2   53    5    106    0   1010   1234   1119    136   0.4540    0.108
A-n53-k7 	BT-2   53    5    106    1   1010   1126   1123    126   0.4258    0.112
A-n53-k7 	BT-3   53   17    212    0   1010   1690   1098    351   1.0226    0.087
A-n53-k7 	BT-3   53   17    212    1   1010   1576   1129    248   0.7336    0.118
A-n53-k7 	BT-3   53    8    106    0   1010   1116   1084    187   0.6056    0.073
A-n53-k7 	BT-3   53    8    106    1   1010   1098   1095    128   0.4717    0.084
A-n53-k7 	BT-3   53    5    106    0   1010   1087   1084    142   0.4887    0.073
A-n53-k7 	BT-3   53    5    106    1   1010   1084   1084    106   0.4024    0.073
A-n53-k7 	BT-3   53   17    212    0   1010   1690   1084    353   1.0165    0.073
A-n53-k7 	BT-3   53   17    212    1   1010   1576   1129    248   0.7307    0.118
A-n53-k7 	BT-3   53    8    106    0   1010   1087   1084    121   0.4416    0.073
A-n53-k7 	BT-3   53    8    106    1   1010   1084   1084    106   0.4216    0.073
A-n53-k7 	BT-3   53    5    106    0   1010   1087   1084    126   0.4470    0.073
A-n53-k7 	BT-3   53    5    106    1   1010   1084   1084    106   0.4058    0.073
A-n53-k7 	BT-3   53   17    212    0   1010   1690   1128    252   0.7540    0.117
A-n53-k7 	BT-3   53   17    212    1   1010   1576   1111    263   0.7641    0.100
A-n53-k7 	BT-3   53    8    106    0   1010   1087   1084    121   0.4387    0.073
A-n53-k7 	BT-3   53    8    106    1   1010   1084   1084    106   0.4134    0.073
A-n53-k7 	BT-3   53    5    106    0   1010   1087   1084    124   0.4472    0.073
A-n53-k7 	BT-3   53    5    106    1   1010   1084   1084    106   0.4016    0.073
A-n53-k7 	BT-3   53   17    212    0   1010   1690   1128    252   0.7577    0.117
A-n53-k7 	BT-3   53   17    212    1   1010   1576   1055    420   1.2224    0.045
A-n53-k7 	BT-3   53    8    106    0   1010   1136   1037    143   0.5023    0.027
A-n53-k7 	BT-3   53    8    106    1   1010   1055   1044    174   0.5840    0.034
A-n53-k7 	BT-3   53    5    106    0   1010   1060   1049    125   0.4518    0.039
A-n53-k7 	BT-3   53    5    106    1   1010   1037   1037    106   0.4062    0.027
A-n53-k7 	BT-3   53   17    212    0   1010   1690   1108    371   1.0736    0.097
A-n53-k7 	BT-3   53   17    212    1   1010   1576   1063    432   1.2121    0.052
A-n53-k7 	BT-3   53    8    106    0   1010   1060   1049    125   0.5201    0.039
A-n53-k7 	BT-3   53    8    106    1   1010   1037   1037    106   0.4111    0.027
A-n53-k7 	BT-3   53    5    106    0   1010   1060   1036    319   1.0106    0.026
A-n53-k7 	BT-3   53    5    106    1   1010   1037   1037    106   0.4096    0.027
A-n53-k7 	BT-3   53   17    212    0   1010   1690   1128    252   0.7753    0.117
A-n53-k7 	BT-3   53   17    212    1   1010   1576   1111    266   0.8003    0.100
A-n53-k7 	BT-3   53    8    106    0   1010   1041   1041    106   0.4180    0.031
A-n53-k7 	BT-3   53    8    106    1   1010   1036   1036    106   0.4095    0.026
A-n53-k7 	BT-3   53    5    106    0   1010   1041   1036    125   0.4652    0.026
A-n53-k7 	BT-3   53    5    106    1   1010   1036   1036    106   0.4056    0.026
A-n53-k7 	BT-3   53   17    212    0   1010   1690   1128    252   0.7601    0.117
A-n53-k7 	BT-3   53   17    212    1   1010   1576   1112    402   1.1465    0.101
A-n53-k7 	BT-3   53    8    106    0   1010   1041   1036    129   0.4662    0.026
A-n53-k7 	BT-3   53    8    106    1   1010   1036   1036    106   0.4095    0.026
A-n53-k7 	BT-3   53    5    106    0   1010   1041   1036    125   0.4710    0.026
A-n53-k7 	BT-3   53    5    106    1   1010   1036   1036    106   0.4022    0.026
A-n53-k7 	BT-3   53   17    212    0   1010   1690   1127    365   1.0689    0.116
A-n53-k7 	BT-3   53   17    212    1   1010   1576   1129    248   0.7537    0.118
A-n53-k7 	BT-3   53    8    106    0   1010   1041   1036    132   0.4755    0.026
A-n53-k7 	BT-3   53    8    106    1   1010   1036   1036    106   0.4207    0.026
A-n53-k7 	BT-3   53    5    106    0   1010   1041   1036    125   0.4781    0.026
A-n53-k7 	BT-3   53    5    106    1   1010   1036   1036    106   0.4058    0.026
A-n53-k7 	BT-3   53   17    212    0   1010   1690   1103    279   0.8789    0.092
A-n53-k7 	BT-3   53   17    212    1   1010   1576   1129    248   0.7747    0.118
A-n53-k7 	BT-3   53    8    106    0   1010   1041   1036    128   0.4754    0.026
A-n53-k7 	BT-3   53    8    106    1   1010   1036   1036    106   0.4015    0.026
A-n53-k7 	BT-3   53    5    106    0   1010   1041   1036    125   0.4610    0.026
A-n53-k7 	BT-3   53    5    106    1   1010   1036   1036    106   0.4022    0.026
A-n53-k7 	BT-3   53   17    212    0   1010   1690   1108    311   0.9009    0.097
A-n53-k7 	BT-3   53   17    212    1   1010   1576   1104    597   1.6945    0.093
A-n53-k7 	BT-3   53    8    106    0   1010   1041   1041    106   0.4061    0.031
A-n53-k7 	BT-3   53    8    106    1   1010   1036   1036    106   0.4057    0.026
A-n53-k7 	BT-3   53    5    106    0   1010   1041   1036    125   0.4677    0.026
A-n53-k7 	BT-3   53    5    106    1   1010   1036   1036    106   0.4043    0.026
A-n53-k7 	BT-3   53   17    212    0   1010   1690   1128    252   0.7667    0.117
A-n53-k7 	BT-3   53   17    212    1   1010   1576   1129    248   0.7401    0.118
A-n53-k7 	BT-3   53    8    106    0   1010   1041   1036    132   0.5078    0.026
A-n53-k7 	BT-3   53    8    106    1   1010   1036   1036    106   0.4452    0.026
A-n53-k7 	BT-3   53    5    106    0   1010   1041   1036    126   0.4968    0.026
A-n53-k7 	BT-3   53    5    106    1   1010   1036   1036    106   0.4069    0.026
A-n53-k7 	BT-3   53   17    212    0   1010   1690   1100    493   1.4395    0.089
A-n53-k7 	BT-3   53   17    212    1   1010   1576   1112    256   0.7554    0.101
A-n53-k7 	BT-3   53    8    106    0   1010   1041   1036    129   0.4909    0.026
A-n53-k7 	BT-3   53    8    106    1   1010   1036   1036    106   0.4245    0.026
A-n53-k7 	BT-3   53    5    106    0   1010   1041   1036    126   0.4867    0.026
A-n53-k7 	BT-3   53    5    106    1   1010   1036   1036    106   0.4076    0.026
A-n53-k7 	BT-3   53   17    212    0   1010   1690   1091    421   1.2293    0.080
A-n53-k7 	BT-3   53   17    212    1   1010   1576   1076    499   1.4091    0.065
A-n53-k7 	BT-3   53    8    106    0   1010   1041   1041    106   0.4136    0.031
A-n53-k7 	BT-3   53    8    106    1   1010   1036   1036    106   0.4082    0.026
A-n53-k7 	BT-3   53    5    106    0   1010   1041   1036    125   0.4592    0.026
A-n53-k7 	BT-3   53    5    106    1   1010   1036   1036    106   0.4071    0.026
A-n53-k7 	BT-3   53   17    212    0   1010   1690   1096    465   1.3181    0.085
A-n53-k7 	BT-3   53   17    212    1   1010   1576   1074    391   1.1389    0.063
A-n53-k7 	BT-3   53    8    106    0   1010   1041   1029    211   0.7009    0.019
A-n53-k7 	BT-3   53    8    106    1   1010   1036   1036    106   0.4256    0.026
A-n53-k7 	BT-3   53    5    106    0   1010   1054   1041    125   0.4562    0.031
A-n53-k7 	BT-3   53    5    106    1   1010   1029   1029    106   0.4523    0.019
A-n53-k7 	BT-3   53   17    212    0   1010   1690   1128    252   0.8053    0.117
A-n53-k7 	BT-3   53   17    212    1   1010   1576   1103    387   1.1178    0.092
A-n53-k7 	BT-3   53    8    106    0   1010   1054   1041    125   0.4659    0.031
A-n53-k7 	BT-3   53    8    106    1   1010   1029   1029    106   0.4164    0.019
A-n53-k7 	BT-3   53    5    106    0   1010   1054   1041    125   0.4624    0.031
A-n53-k7 	BT-3   53    5    106    1   1010   1029   1029    106   0.4090    0.019
A-n53-k7 	BT-3   53   17    212    0   1010   1690   1084    533   1.6794    0.073
A-n53-k7 	BT-3   53   17    212    1   1010   1576   1069    482   1.4083    0.058
A-n53-k7 	BT-3   53    8    106    0   1010   1054   1041    125   0.4780    0.031
A-n53-k7 	BT-3   53    8    106    1   1010   1029   1029    106   0.4173    0.019
A-n53-k7 	BT-3   53    5    106    0   1010   1054   1041    125   0.4636    0.031
A-n53-k7 	BT-3   53    5    106    1   1010   1029   1029    106   0.4204    0.019
A-n53-k7 	BT-3   53   17    212    0   1010   1690   1099    379   1.1492    0.088
A-n53-k7 	BT-3   53   17    212    1   1010   1576   1105    418   1.2127    0.094
A-n53-k7 	BT-3   53    8    106    0   1010   1054   1041    125   0.5290    0.031
A-n53-k7 	BT-3   53    8    106    1   1010   1029   1029    106   0.4166    0.019
A-n53-k7 	BT-3   53    5    106    0   1010   1054   1041    125   0.4829    0.031
A-n53-k7 	BT-3   53    5    106    1   1010   1029   1029    106   0.5168    0.019
A-n53-k7 	BT-3   53   17    212    0   1010   1690   1100    435   1.2605    0.089
A-n53-k7 	BT-3   53   17    212    1   1010   1576   1111    261   0.7725    0.100
A-n53-k7 	BT-3   53    8    106    0   1010   1054   1041    125   0.4654    0.031
A-n53-k7 	BT-3   53    8    106    1   1010   1029   1029    106   0.4190    0.019
A-n53-k7 	BT-3   53    5    106    0   1010   1054   1041    125   0.5455    0.031
A-n53-k7 	BT-3   53    5    106    1   1010   1029   1029    106   0.4242    0.019
A-n53-k7 	BT-3   53   17    212    0   1010   1690   1128    252   0.7724    0.117
A-n53-k7 	BT-3   53   17    212    1   1010   1576   1070    304   0.8856    0.059
A-n53-k7 	BT-3   53    8    106    0   1010   1054   1041    125   0.4650    0.031
A-n53-k7 	BT-3   53    8    106    1   1010   1029   1029    106   0.4145    0.019
A-n53-k7 	BT-3   53    5    106    0   1010   1054   1041    125   0.4741    0.031
A-n53-k7 	BT-3   53    5    106    1   1010   1029   1029    106   0.4230    0.019
A-n53-k7 	BT-3   53   17    212    0   1010   1690   1128    252   0.8524    0.117
A-n53-k7 	BT-3   53   17    212    1   1010   1576   1084    546   1.5896    0.073
A-n53-k7 	BT-3   53    8    106    0   1010   1054   1041    125   0.4694    0.031
A-n53-k7 	BT-3   53    8    106    1   1010   1029   1027    205   0.6874    0.017
A-n53-k7 	BT-3   53    5    106    0   1010   1232   1019    210   0.6780    0.009
A-n53-k7 	BT-3   53    5    106    1   1010   1027   1027    106   0.4124    0.017
A-n53-k7 	BT-3   53   17    212    0   1010   1690   1103    427   1.3412    0.092
A-n53-k7 	BT-3   53   17    212    1   1010   1576   1090    572   1.6643    0.079
A-n53-k7 	BT-3   53    8    106    0   1010   1188   1019    126   0.4764    0.009
A-n53-k7 	BT-3   53    8    106    1   1010   1019   1019    106   0.4171    0.009
A-n53-k7 	BT-3   53    5    106    0   1010   1188   1019    125   0.5047    0.009
A-n53-k7 	BT-3   53    5    106    1   1010   1019   1019    106   0.4191    0.009
A-n53-k7 	BT-3   53   17    212    0   1010   1690   1100    361   1.0961    0.089
A-n53-k7 	BT-3   53   17    212    1   1010   1576   1112    345   1.0400    0.101
A-n53-k7 	BT-3   53    8    106    0   1010   1188   1019    125   0.4649    0.009
A-n53-k7 	BT-3   53    8    106    1   1010   1019   1019    106   0.4218    0.009
A-n53-k7 	BT-3   53    5    106    0   1010   1188   1019    125   0.4693    0.009
A-n53-k7 	BT-3   53    5    106    1   1010   1019   1019    106   0.4020    0.009
A-n53-k7 	BT-3   53   17    212    0   1010   1690   1128    252   0.8720    0.117
A-n53-k7 	BT-3   53   17    212    1   1010   1576   1030    479   1.4609    0.020
A-n53-k7 	BT-3   53    8    106    0   1010   1188   1019    125   0.4525    0.009
A-n53-k7 	BT-3   53    8    106    1   1010   1019   1019    106   0.4164    0.009
A-n53-k7 	BT-3   53    5    106    0   1010   1188   1019    125   0.4525    0.009
A-n53-k7 	BT-3   53    5    106    1   1010   1019   1019    106   0.3957    0.009
A-n53-k7 	BT-3   53   17    212    0   1010   1690   1103    466   1.3708    0.092
A-n53-k7 	BT-3   53   17    212    1   1010   1576   1053    344   0.9789    0.043
A-n53-k7 	BT-3   53    8    106    0   1010   1188   1019    125   0.4476    0.009
A-n53-k7 	BT-3   53    8    106    1   1010   1019   1019    106   0.3973    0.009
A-n53-k7 	BT-3   53    5    106    0   1010   1188   1019    125   0.4558    0.009
A-n53-k7 	BT-3   53    5    106    1   1010   1019   1019    106   0.4018    0.009
A-n53-k7 	BT-3   53   17    212    0   1010   1690   1076    446   1.2620    0.065
A-n53-k7 	BT-3   53   17    212    1   1010   1576   1075    400   1.1339    0.064
A-n53-k7 	BT-3   53    8    106    0   1010   1188   1019    125   0.4544    0.009
A-n53-k7 	BT-3   53    8    106    1   1010   1019   1019    106   0.3980    0.009
A-n53-k7 	BT-3   53    5    106    0   1010   1188   1019    125   0.4492    0.009
A-n53-k7 	BT-3   53    5    106    1   1010   1019   1019    106   0.4093    0.009
A-n53-k7 	BT-3   53   17    212    0   1010   1690   1102    304   0.8896    0.091
A-n53-k7 	BT-3   53   17    212    1   1010   1576   1095    289   0.8237    0.084
A-n53-k7 	BT-3   53    8    106    0   1010   1188   1019    125   0.4491    0.009
A-n53-k7 	BT-3   53    8    106    1   1010   1019   1019    106   0.3982    0.009
A-n53-k7 	BT-3   53    5    106    0   1010   1188   1019    125   0.4471    0.009
A-n53-k7 	BT-3   53    5    106    1   1010   1019   1019    106   0.4158    0.009
A-n53-k7 	BT-3   53   17    212    0   1010   1690   1125    412   1.2150    0.114
A-n53-k7 	BT-3   53   17    212    1   1010   1576   1087    307   0.8822    0.076
A-n53-k7 	BT-3   53    8    106    0   1010   1188   1019    125   0.4470    0.009
A-n53-k7 	BT-3   53    8    106    1   1010   1019   1019    106   0.3986    0.009
A-n53-k7 	BT-3   53    5    106    0   1010   1188   1019    125   0.4588    0.009
A-n53-k7 	BT-3   53    5    106    1   1010   1019   1019    106   0.3995    0.009
A-n53-k7 	BT-3   53   17    212    0   1010   1690   1100    433   1.2440    0.089
A-n53-k7 	BT-3   53   17    212    1   1010   1576   1057    678   1.8624    0.047
A-n53-k7 	BT-3   53    8    106    0   1010   1188   1019    125   0.4470    0.009
A-n53-k7 	BT-3   53    8    106    1   1010   1019   1019    106   0.4095    0.009
A-n53-k7 	BT-3   53    5    106    0   1010   1188   1019    125   0.4562    0.009
A-n53-k7 	BT-3   53    5    106    1   1010   1019   1019    106   0.4159    0.009
A-n53-k7 	BT-3   53   17    212    0   1010   1690   1114    419   1.2903    0.103
A-n53-k7 	BT-3   53   17    212    1   1010   1576   1129    248   0.7481    0.118
A-n53-k7 	BT-3   53    8    106    0   1010   1188   1019    125   0.4745    0.009
A-n53-k7 	BT-3   53    8    106    1   1010   1019   1019    106   0.4112    0.009
A-n53-k7 	BT-3   53    5    106    0   1010   1188   1019    125   0.4533    0.009
A-n53-k7 	BT-3   53    5    106    1   1010   1019   1019    106   0.4027    0.009
A-n53-k7 	BT-3   53   17    212    0   1010   1690   1128    252   0.7525    0.117
A-n53-k7 	BT-3   53   17    212    1   1010   1576   1074    559   1.8652    0.063
A-n53-k7 	BT-3   53    8    106    0   1010   1188   1019    125   0.5596    0.009
A-n53-k7 	BT-3   53    8    106    1   1010   1019   1019    106   0.4068    0.009
A-n53-k7 	BT-3   53    5    106    0   1010   1188   1019    125   0.4733    0.009
A-n53-k7 	BT-3   53    5    106    1   1010   1019   1019    106   0.4130    0.009
A-n53-k7 	BT-3   53   17    212    0   1010   1690   1110    284   0.8782    0.099
A-n53-k7 	BT-3   53   17    212    1   1010   1576   1111    266   0.7728    0.100
A-n53-k7 	BT-3   53    8    106    0   1010   1188   1019    125   0.4854    0.009
A-n53-k7 	BT-3   53    8    106    1   1010   1019   1019    106   0.4091    0.009
A-n53-k7 	BT-3   53    5    106    0   1010   1188   1019    125   0.4584    0.009
A-n53-k7 	BT-3   53    5    106    1   1010   1019   1019    106   0.4323    0.009
A-n53-k7 	BT-3   53   17    212    0   1010   1690   1107    393   1.2277    0.096
A-n53-k7 	BT-3   53   17    212    1   1010   1576   1111    266   0.7615    0.100
A-n53-k7 	BT-3   53    8    106    0   1010   1188   1019    125   0.4484    0.009
A-n53-k7 	BT-3   53    8    106    1   1010   1019   1019    106   0.3956    0.009
A-n53-k7 	BT-3   53    5    106    0   1010   1188   1019    125   0.4855    0.009
A-n53-k7 	BT-3   53    5    106    1   1010   1019   1019    106   0.3965    0.009
A-n53-k7 	BT-3   53   17    212    0   1010   1690   1110    403   1.1480    0.099
A-n53-k7 	BT-3   53   17    212    1   1010   1576   1070    543   1.5789    0.059
A-n53-k7 	BT-3   53    8    106    0   1010   1188   1019    125   0.4478    0.009
A-n53-k7 	BT-3   53    8    106    1   1010   1019   1019    106   0.4002    0.009
A-n53-k7 	BT-3   53    5    106    0   1010   1188   1019    125   0.4596    0.009
A-n53-k7 	BT-3   53    5    106    1   1010   1019   1019    106   0.3932    0.009
A-n53-k7 	BT-3   53   17    212    0   1010   1690   1128    252   0.7513    0.117
A-n53-k7 	BT-3   53   17    212    1   1010   1576   1111    381   1.0944    0.100
A-n53-k7 	BT-3   53    8    106    0   1010   1188   1019    125   0.4487    0.009
A-n53-k7 	BT-3   53    8    106    1   1010   1019   1019    106   0.3987    0.009
A-n53-k7 	BT-3   53    5    106    0   1010   1188   1019    125   0.4527    0.009
A-n53-k7 	BT-3   53    5    106    1   1010   1019   1019    106   0.3962    0.009
A-n53-k7 	BT-3   53   17    212    0   1010   1690   1110    415   1.2358    0.099
A-n53-k7 	BT-3   53   17    212    1   1010   1576   1110    403   1.1509    0.099
A-n53-k7 	BT-3   53    8    106    0   1010   1188   1019    125   0.5019    0.009
A-n53-k7 	BT-3   53    8    106    1   1010   1019   1019    106   0.4044    0.009
A-n53-k7 	BT-3   53    5    106    0   1010   1188   1019    125   0.4482    0.009
A-n53-k7 	BT-3   53    5    106    1   1010   1019   1019    106   0.4032    0.009
A-n53-k7 	BT-3   53   17    212    0   1010   1690   1100    309   0.8948    0.089
A-n53-k7 	BT-3   53   17    212    1   1010   1576   1112    288   0.8329    0.101
A-n53-k7 	BT-3   53    8    106    0   1010   1188   1019    125   0.4546    0.009
A-n53-k7 	BT-3   53    8    106    1   1010   1019   1019    106   0.3974    0.009
A-n53-k7 	BT-3   53    5    106    0   1010   1188   1019    125   0.4473    0.009
A-n53-k7 	BT-3   53    5    106    1   1010   1019   1019    106   0.4045    0.009
A-n53-k7 	BT-3   53   17    212    0   1010   1690   1128    253   0.7532    0.117
A-n53-k7 	BT-3   53   17    212    1   1010   1576   1103    392   1.2377    0.092
A-n53-k7 	BT-3   53    8    106    0   1010   1188   1019    125   0.4489    0.009
A-n53-k7 	BT-3   53    8    106    1   1010   1019   1019    106   0.4047    0.009
A-n53-k7 	BT-3   53    5    106    0   1010   1188   1019    125   0.4518    0.009
A-n53-k7 	BT-3   53    5    106    1   1010   1019   1019    106   0.4013    0.009
A-n53-k7 	BT-3   53   17    212    0   1010   1690   1128    252   0.7779    0.117
A-n53-k7 	BT-3   53   17    212    1   1010   1576   1089    269   0.7865    0.078
A-n53-k7 	BT-3   53    8    106    0   1010   1188   1019    125   0.4547    0.009
A-n53-k7 	BT-3   53    8    106    1   1010   1019   1019    106   0.3999    0.009
A-n53-k7 	BT-3   53    5    106    0   1010   1188   1019    125   0.4663    0.009
A-n53-k7 	BT-3   53    5    106    1   1010   1019   1019    106   0.4020    0.009
A-n53-k7 	BT-3   53   17    212    0   1010   1690   1124    456   1.3069    0.113
A-n53-k7 	BT-3   53   17    212    1   1010   1576   1095    373   1.0503    0.084
A-n53-k7 	BT-3   53    8    106    0   1010   1188   1019    125   0.4476    0.009
A-n53-k7 	BT-3   53    8    106    1   1010   1019   1019    106   0.4007    0.009
A-n53-k7 	BT-3   53    5    106    0   1010   1188   1019    125   0.4519    0.009
A-n53-k7 	BT-3   53    5    106    1   1010   1019   1019    106   0.4097    0.009
A-n53-k7 	BT-3   53   17    212    0   1010   1690   1101    411   1.3190    0.090
A-n53-k7 	BT-3   53   17    212    1   1010   1576   1036    701   1.9362    0.026
A-n53-k7 	BT-3   53    8    106    0   1010   1188   1019    125   0.4528    0.009
A-n53-k7 	BT-3   53    8    106    1   1010   1019   1019    106   0.3952    0.009
A-n53-k7 	BT-3   53    5    106    0   1010   1188   1019    125   0.4643    0.009
A-n53-k7 	BT-3   53    5    106    1   1010   1019   1019    106   0.4076    0.009
A-n53-k7 	BT-3   53   17    212    0   1010   1690   1110    327   0.9555    0.099
A-n53-k7 	BT-3   53   17    212    1   1010   1576   1106    277   0.8502    0.095
A-n53-k7 	BT-3   53    8    106    0   1010   1188   1019    125   0.4548    0.009
A-n53-k7 	BT-3   53    8    106    1   1010   1019   1019    106   0.4011    0.009
A-n53-k7 	BT-3   53    5    106    0   1010   1188   1019    125   0.4511    0.009
A-n53-k7 	BT-3   53    5    106    1   1010   1019   1019    106   0.4012    0.009
A-n53-k7 	BT-3   53   17    212    0   1010   1690   1025    572   1.6541    0.015
A-n53-k7 	BT-3   53   17    212    1   1010   1576   1111    266   0.7853    0.100
A-n53-k7 	BT-3   53    8    106    0   1010   1188   1019    125   0.4544    0.009
A-n53-k7 	BT-3   53    8    106    1   1010   1019   1019    106   0.3989    0.009
A-n53-k7 	BT-3   53    5    106    0   1010   1188   1019    125   0.4547    0.009
A-n53-k7 	BT-3   53    5    106    1   1010   1019   1019    106   0.4080    0.009
A-n53-k7 	BT-3   53   17    212    0   1010   1690   1084    326   0.9902    0.073
A-n53-k7 	BT-3   53   17    212    1   1010   1576   1111    264   0.7648    0.100
A-n53-k7 	BT-3   53    8    106    0   1010   1188   1019    125   0.4545    0.009
A-n53-k7 	BT-3   53    8    106    1   1010   1019   1019    106   0.3934    0.009
A-n53-k7 	BT-3   53    5    106    0   1010   1188   1019    125   0.4586    0.009
A-n53-k7 	BT-3   53    5    106    1   1010   1019   1019    106   0.3983    0.009
A-n53-k7 	BT-3   53   17    212    0   1010   1690   1111    278   0.8102    0.100
A-n53-k7 	BT-3   53   17    212    1   1010   1576   1132    245   0.7132    0.121
A-n53-k7 	BT-3   53    8    106    0   1010   1188   1019    125   0.4613    0.009
A-n53-k7 	BT-3   53    8    106    1   1010   1019   1019    106   0.4005    0.009
A-n53-k7 	BT-3   53    5    106    0   1010   1188   1019    125   0.4559    0.009
A-n53-k7 	BT-3   53    5    106    1   1010   1019   1019    106   0.4001    0.009
A-n53-k7 	BT-3   53   17    212    0   1010   1690   1125    284   0.8330    0.114
A-n53-k7 	BT-3   53   17    212    1   1010   1576   1087    374   1.0806    0.076
A-n53-k7 	BT-3   53    8    106    0   1010   1188   1019    125   0.4560    0.009
A-n53-k7 	BT-3   53    8    106    1   1010   1019   1019    106   0.3943    0.009
A-n53-k7 	BT-3   53    5    106    0   1010   1188   1019    125   0.4494    0.009
A-n53-k7 	BT-3   53    5    106    1   1010   1019   1019    106   0.4019    0.009
A-n53-k7 	BT-3   53   17    212    0   1010   1690   1098    395   1.1289    0.087
A-n53-k7 	BT-3   53   17    212    1   1010   1576   1112    450   1.2893    0.101
A-n53-k7 	BT-3   53    8    106    0   1010   1188   1019    125   0.4580    0.009
A-n53-k7 	BT-3   53    8    106    1   1010   1019   1019    106   0.3950    0.009
A-n53-k7 	BT-3   53    5    106    0   1010   1188   1019    125   0.4469    0.009
A-n53-k7 	BT-3   53    5    106    1   1010   1019   1019    106   0.3978    0.009
A-n53-k7 	BT-3   53   17    212    0   1010   1690   1128    252   0.7505    0.117
A-n53-k7 	BT-3   53   17    212    1   1010   1576   1053    722   1.9924    0.043
A-n53-k7 	BT-3   53    8    106    0   1010   1188   1019    125   0.4537    0.009
A-n53-k7 	BT-3   53    8    106    1   1010   1019   1019    106   0.4395    0.009
A-n53-k7 	BT-3   53    5    106    0   1010   1188   1019    125   0.4477    0.009
A-n53-k7 	BT-3   53    5    106    1   1010   1019   1019    106   0.3993    0.009
A-n53-k7 	BT-3   53   17    212    0   1010   1690   1100    336   0.9686    0.089
A-n53-k7 	BT-3   53   17    212    1   1010   1576   1111    434   1.2270    0.100
A-n53-k7 	BT-3   53    8    106    0   1010   1188   1019    125   0.4507    0.009
A-n53-k7 	BT-3   53    8    106    1   1010   1019   1019    106   0.3980    0.009
A-n53-k7 	BT-3   53    5    106    0   1010   1188   1019    125   0.4608    0.009
A-n53-k7 	BT-3   53    5    106    1   1010   1019   1019    106   0.4558    0.009
A-n53-k7 	BT-3   53   17    212    0   1010   1690   1127    281   0.8567    0.116
A-n53-k7 	BT-3   53   17    212    1   1010   1576   1112    256   0.7395    0.101
A-n53-k7 	BT-3   53    8    106    0   1010   1188   1019    125   0.4456    0.009
A-n53-k7 	BT-3   53    8    106    1   1010   1019   1019    106   0.4135    0.009
A-n53-k7 	BT-3   53    5    106    0   1010   1188   1019    125   0.4600    0.009
A-n53-k7 	BT-3   53    5    106    1   1010   1019   1019    106   0.4033    0.009
A-n53-k7 	BT-3   53   17    212    0   1010   1690   1110    421   1.2172    0.099
A-n53-k7 	BT-3   53   17    212    1   1010   1576   1060    582   1.6571    0.050
A-n53-k7 	BT-3   53    8    106    0   1010   1188   1019    125   0.4475    0.009
A-n53-k7 	BT-3   53    8    106    1   1010   1019   1019    106   0.4004    0.009
A-n53-k7 	BT-3   53    5    106    0   1010   1188   1019    125   0.4551    0.009
A-n53-k7 	BT-3   53    5    106    1   1010   1019   1019    106   0.4024    0.009
A-n53-k7 	BT-3   53   17    212    0   1010   1690   1128    252   0.7604    0.117
A-n53-k7 	BT-3   53   17    212    1   1010   1576   1129    248   0.7178    0.118
A-n53-k7 	BT-3   53    8    106    0   1010   1188   1019    125   0.4541    0.009
A-n53-k7 	BT-3   53    8    106    1   1010   1019   1019    106   0.3971    0.009
A-n53-k7 	BT-3   53    5    106    0   1010   1188   1019    125   0.4486    0.009
A-n53-k7 	BT-3   53    5    106    1   1010   1019   1019    106   0.4073    0.009
A-n53-k7 	BT-3   53   17    212    0   1010   1690   1098    421   1.1992    0.087
A-n53-k7 	BT-3   53   17    212    1   1010   1576   1106    279   0.8016    0.095
A-n53-k7 	BT-3   53    8    106    0   1010   1188   1019    125   0.4460    0.009
A-n53-k7 	BT-3   53    8    106    1   1010   1019   1019    106   0.4018    0.009
A-n53-k7 	BT-3   53    5    106    0   1010   1188   1019    125   0.4511    0.009
A-n53-k7 	BT-3   53    5    106    1   1010   1019   1019    106   0.3974    0.009
A-n53-k7 	BT-3   53   17    212    0   1010   1690   1128    252   0.7364    0.117
A-n53-k7 	BT-3   53   17    212    1   1010   1576   1091    605   1.6821    0.080
A-n53-k7 	BT-3   53    8    106    0   1010   1188   1019    125   0.4489    0.009
A-n53-k7 	BT-3   53    8    106    1   1010   1019   1019    106   0.4006    0.009
A-n53-k7 	BT-3   53    5    106    0   1010   1188   1019    125   0.4535    0.009
A-n53-k7 	BT-3   53    5    106    1   1010   1019   1019    106   0.4060    0.009
A-n53-k7 	BT-3   53   17    212    0   1010   1690   1100    372   1.0863    0.089
A-n53-k7 	BT-3   53   17    212    1   1010   1576   1129    248   0.7239    0.118
A-n53-k7 	BT-3   53    8    106    0   1010   1188   1019    125   0.4546    0.009
A-n53-k7 	BT-3   53    8    106    1   1010   1019   1019    106   0.3957    0.009
A-n53-k7 	BT-3   53    5    106    0   1010   1188   1019    125   0.4568    0.009
A-n53-k7 	BT-3   53    5    106    1   1010   1019   1019    106   0.3953    0.009
A-n53-k7 	BT-3   53   17    212    0   1010   1690   1125    619   1.7647    0.114
A-n53-k7 	BT-3   53   17    212    1   1010   1576   1111    262   0.7519    0.100
A-n53-k7 	BT-3   53    8    106    0   1010   1188   1019    125   0.4607    0.009
A-n53-k7 	BT-3   53    8    106    1   1010   1019   1019    106   0.3984    0.009
A-n53-k7 	BT-3   53    5    106    0   1010   1188   1019    125   0.4469    0.009
A-n53-k7 	BT-3   53    5    106    1   1010   1019   1019    106   0.4031    0.009
A-n53-k7 	BT-3   53   17    212    0   1010   1690   1112    373   1.0917    0.101
A-n53-k7 	BT-3   53   17    212    1   1010   1576   1069    393   1.1266    0.058
A-n53-k7 	BT-3   53    8    106    0   1010   1188   1019    125   0.4620    0.009
A-n53-k7 	BT-3   53    8    106    1   1010   1019   1019    106   0.3968    0.009
A-n53-k7 	BT-3   53    5    106    0   1010   1188   1019    125   0.4526    0.009
A-n53-k7 	BT-3   53    5    106    1   1010   1019   1019    106   0.3989    0.009
A-n53-k7 	BT-3   53   17    212    0   1010   1690   1103    506   1.4662    0.092
A-n53-k7 	BT-3   53   17    212    1   1010   1576   1070    463   1.2943    0.059
A-n53-k7 	BT-3   53    8    106    0   1010   1188   1019    125   0.4467    0.009
A-n53-k7 	BT-3   53    8    106    1   1010   1019   1019    106   0.4003    0.009
A-n53-k7 	BT-3   53    5    106    0   1010   1188   1019    125   0.4482    0.009
A-n53-k7 	BT-3   53    5    106    1   1010   1019   1019    106   0.4012    0.009
A-n53-k7 	BT-3   53   17    212    0   1010   1690   1128    252   0.7603    0.117
A-n53-k7 	BT-3   53   17    212    1   1010   1576   1079    432   1.2175    0.068
A-n53-k7 	BT-3   53    8    106    0   1010   1188   1019    125   0.4496    0.009
A-n53-k7 	BT-3   53    8    106    1   1010   1019   1019    106   0.3990    0.009
A-n53-k7 	BT-3   53    5    106    0   1010   1188   1019    125   0.4495    0.009
A-n53-k7 	BT-3   53    5    106    1   1010   1019   1019    106   0.3978    0.009
A-n53-k7 	BT-3   53   17    212    0   1010   1690   1047    496   1.4402    0.037
A-n53-k7 	BT-3   53   17    212    1   1010   1576   1053    952   2.6317    0.043
A-n53-k7 	BT-3   53    8    106    0   1010   1188   1019    125   0.4698    0.009
A-n53-k7 	BT-3   53    8    106    1   1010   1019   1019    106   0.4007    0.009
A-n53-k7 	BT-3   53    5    106    0   1010   1188   1019    125   0.4505    0.009
A-n53-k7 	BT-3   53    5    106    1   1010   1019   1019    106   0.3992    0.009
A-n53-k7 	BT-3   53   17    212    0   1010   1690   1100    282   0.8223    0.089
A-n53-k7 	BT-3   53   17    212    1   1010   1576   1073    619   1.6981    0.062
A-n53-k7 	BT-3   53    8    106    0   1010   1188   1019    125   0.4579    0.009
A-n53-k7 	BT-3   53    8    106    1   1010   1019   1019    106   0.4070    0.009
A-n53-k7 	BT-3   53    5    106    0   1010   1188   1019    125   0.4528    0.009
A-n53-k7 	BT-3   53    5    106    1   1010   1019   1019    106   0.4057    0.009
A-n53-k7 	BT-3   53   17    212    0   1010   1690   1053    581   1.6282    0.043
A-n53-k7 	BT-3   53   17    212    1   1010   1576   1113    264   0.7559    0.102
A-n53-k7 	BT-3   53    8    106    0   1010   1188   1019    125   0.4483    0.009
A-n53-k7 	BT-3   53    8    106    1   1010   1019   1019    106   0.4021    0.009
A-n53-k7 	BT-3   53    5    106    0   1010   1188   1019    125   0.4662    0.009
A-n53-k7 	BT-3   53    5    106    1   1010   1019   1019    106   0.3980    0.009
A-n53-k7 	BT-3   53   17    212    0   1010   1690   1100    455   1.3471    0.089
A-n53-k7 	BT-3   53   17    212    1   1010   1576   1111    380   1.0920    0.100
A-n53-k7 	BT-3   53    8    106    0   1010   1188   1019    125   0.4521    0.009
A-n53-k7 	BT-3   53    8    106    1   1010   1019   1019    106   0.3959    0.009
A-n53-k7 	BT-3   53    5    106    0   1010   1188   1019    125   0.4568    0.009
A-n53-k7 	BT-3   53    5    106    1   1010   1019   1019    106   0.3984    0.009
A-n53-k7 	BT-3   53   17    212    0   1010   1690   1110    444   1.2742    0.099
A-n53-k7 	BT-3   53   17    212    1   1010   1576   1098    412   1.1473    0.087
A-n53-k7 	BT-3   53    8    106    0   1010   1188   1019    125   0.4580    0.009
A-n53-k7 	BT-3   53    8    106    1   1010   1019   1019    106   0.4003    0.009
A-n53-k7 	BT-3   53    5    106    0   1010   1188   1019    125   0.4465    0.009
A-n53-k7 	BT-3   53    5    106    1   1010   1019   1019    106   0.4066    0.009
A-n53-k7 	BT-3   53   17    212    0   1010   1690   1124    504   1.4389    0.113
A-n53-k7 	BT-3   53   17    212    1   1010   1576   1126    290   0.8410    0.115
A-n53-k7 	BT-3   53    8    106    0   1010   1188   1019    125   0.4460    0.009
A-n53-k7 	BT-3   53    8    106    1   1010   1019   1019    106   0.3949    0.009
A-n53-k7 	BT-3   53    5    106    0   1010   1188   1019    125   0.4501    0.009
A-n53-k7 	BT-3   53    5    106    1   1010   1019   1019    106   0.3984    0.009
A-n53-k7 	BT-3   53   17    212    0   1010   1690   1115    425   1.2253    0.104
A-n53-k7 	BT-3   53   17    212    1   1010   1576   1095    302   0.8899    0.084
A-n53-k7 	BT-3   53    8    106    0   1010   1188   1019    125   0.4525    0.009
A-n53-k7 	BT-3   53    8    106    1   1010   1019   1019    106   0.4185    0.009
A-n53-k7 	BT-3   53    5    106    0   1010   1188   1019    125   0.4474    0.009
A-n53-k7 	BT-3   53    5    106    1   1010   1019   1019    106   0.4021    0.009
A-n53-k7 	BT-3   53   17    212    0   1010   1690   1128    252   0.7583    0.117
A-n53-k7 	BT-3   53   17    212    1   1010   1576   1089    269   0.7873    0.078
A-n53-k7 	BT-3   53    8    106    0   1010   1188   1019    125   0.4474    0.009
A-n53-k7 	BT-3   53    8    106    1   1010   1019   1019    106   0.4259    0.009
A-n53-k7 	BT-3   53    5    106    0   1010   1188   1019    125   0.4456    0.009
A-n53-k7 	BT-3   53    5    106    1   1010   1019   1019    106   0.3970    0.009
A-n53-k7 	BT-3   53   17    212    0   1010   1690   1110    364   1.0468    0.099
A-n53-k7 	BT-3   53   17    212    1   1010   1576   1086    279   0.7962    0.075
A-n53-k7 	BT-3   53    8    106    0   1010   1188   1019    125   0.4461    0.009
A-n53-k7 	BT-3   53    8    106    1   1010   1019   1019    106   0.4021    0.009
A-n53-k7 	BT-3   53    5    106    0   1010   1188   1019    125   0.4514    0.009
A-n53-k7 	BT-3   53    5    106    1   1010   1019   1019    106   0.4100    0.009
A-n53-k7 	BT-3   53   17    212    0   1010   1690   1068    684   1.9474    0.057
A-n53-k7 	BT-3   53   17    212    1   1010   1576   1112    258   0.7670    0.101
A-n53-k7 	BT-3   53    8    106    0   1010   1188   1019    125   0.4452    0.009
A-n53-k7 	BT-3   53    8    106    1   1010   1019   1019    106   0.4163    0.009
A-n53-k7 	BT-3   53    5    106    0   1010   1188   1019    125   0.4565    0.009
A-n53-k7 	BT-3   53    5    106    1   1010   1019   1019    106   0.4025    0.009
A-n53-k7 	BT-3   53   17    212    0   1010   1690   1080    457   1.3541    0.069
A-n53-k7 	BT-3   53   17    212    1   1010   1576   1069    618   1.7147    0.058
A-n53-k7 	BT-3   53    8    106    0   1010   1188   1019    125   0.4507    0.009
A-n53-k7 	BT-3   53    8    106    1   1010   1019   1019    106   0.3988    0.009
A-n53-k7 	BT-3   53    5    106    0   1010   1188   1019    125   0.4516    0.009
A-n53-k7 	BT-3   53    5    106    1   1010   1019   1019    106   0.3946    0.009
A-n53-k7 	BT-3   53   17    212    0   1010   1690   1128    252   0.7458    0.117
A-n53-k7 	BT-3   53   17    212    1   1010   1576   1054    597   1.7258    0.044
A-n53-k7 	BT-3   53    8    106    0   1010   1188   1019    125   0.4577    0.009
A-n53-k7 	BT-3   53    8    106    1   1010   1019   1019    106   0.4093    0.009
A-n53-k7 	BT-3   53    5    106    0   1010   1188   1019    125   0.4469    0.009
A-n53-k7 	BT-3   53    5    106    1   1010   1019   1019    106   0.4069    0.009
A-n53-k7 	BT-3   53   17    212    0   1010   1690   1094    767   2.1710    0.083
A-n53-k7 	BT-3   53   17    212    1   1010   1576   1103    396   1.1260    0.092
A-n53-k7 	BT-3   53    8    106    0   1010   1188   1019    125   0.4483    0.009
A-n53-k7 	BT-3   53    8    106    1   1010   1019   1019    106   0.4006    0.009
A-n53-k7 	BT-3   53    5    106    0   1010   1188   1019    125   0.4471    0.009
A-n53-k7 	BT-3   53    5    106    1   1010   1019   1019    106   0.3972    0.009
A-n53-k7 	BT-3   53   17    212    0   1010   1690   1128    252   0.8211    0.117
A-n53-k7 	BT-3   53   17    212    1   1010   1576   1071    430   1.2187    0.060
A-n53-k7 	BT-3   53    8    106    0   1010   1188   1019    125   0.4439    0.009
A-n53-k7 	BT-3   53    8    106    1   1010   1019   1019    106   0.3951    0.009
A-n53-k7 	BT-3   53    5    106    0   1010   1188   1019    125   0.4470    0.009
A-n53-k7 	BT-3   53    5    106    1   1010   1019   1019    106   0.4010    0.009
A-n53-k7 	BT-3   53   17    212    0   1010   1690   1084    449   1.2877    0.073
A-n53-k7 	BT-3   53   17    212    1   1010   1576   1111    261   0.7668    0.100
A-n53-k7 	BT-3   53    8    106    0   1010   1188   1019    125   0.4530    0.009
A-n53-k7 	BT-3   53    8    106    1   1010   1019   1019    106   0.3963    0.009
A-n53-k7 	BT-3   53    5    106    0   1010   1188   1019    125   0.4484    0.009
A-n53-k7 	BT-3   53    5    106    1   1010   1019   1019    106   0.3960    0.009
A-n53-k7 	BT-3   53   17    212    0   1010   1690   1100    401   1.1296    0.089
A-n53-k7 	BT-3   53   17    212    1   1010   1576   1111    263   0.7494    0.100
A-n53-k7 	BT-3   53    8    106    0   1010   1188   1019    125   0.4492    0.009
A-n53-k7 	BT-3   53    8    106    1   1010   1019   1019    106   0.3968    0.009
A-n53-k7 	BT-3   53    5    106    0   1010   1188   1019    125   0.4540    0.009
A-n53-k7 	BT-3   53    5    106    1   1010   1019   1019    106   0.3942    0.009
A-n53-k7 	BT-3   53   17    212    0   1010   1690   1128    252   0.7761    0.117
A-n53-k7 	BT-3   53   17    212    1   1010   1576   1062    575   1.5910    0.051
A-n53-k7 	BT-3   53    8    106    0   1010   1188   1019    125   0.4510    0.009
A-n53-k7 	BT-3   53    8    106    1   1010   1019   1019    106   0.3976    0.009
A-n53-k7 	BT-3   53    5    106    0   1010   1188   1019    125   0.4529    0.009
A-n53-k7 	BT-3   53    5    106    1   1010   1019   1019    106   0.4032    0.009
A-n53-k7 	BT-3   53   17    212    0   1010   1690   1120    418   1.1929    0.109
A-n53-k7 	BT-3   53   17    212    1   1010   1576   1087    291   0.8310    0.076
A-n53-k7 	BT-3   53    8    106    0   1010   1188   1019    125   0.4769    0.009
A-n53-k7 	BT-3   53    8    106    1   1010   1019   1019    106   0.4064    0.009
A-n53-k7 	BT-3   53    5    106    0   1010   1188   1019    125   0.4595    0.009
A-n53-k7 	BT-3   53    5    106    1   1010   1019   1019    106   0.3970    0.009
A-n53-k7 	BT-3   53   17    212    0   1010   1690   1128    252   0.7499    0.117
A-n53-k7 	BT-3   53   17    212    1   1010   1576   1112    260   0.7427    0.101
A-n53-k7 	BT-3   53    8    106    0   1010   1188   1019    125   0.4557    0.009
A-n53-k7 	BT-3   53    8    106    1   1010   1019   1019    106   0.3956    0.009
A-n53-k7 	BT-3   53    5    106    0   1010   1188   1019    125   0.4452    0.009
A-n53-k7 	BT-3   53    5    106    1   1010   1019   1019    106   0.3992    0.009
A-n53-k7 	BT-3   53   17    212    0   1010   1690   1110    416   1.1762    0.099
A-n53-k7 	BT-3   53   17    212    1   1010   1576   1111    378   1.0851    0.100
A-n53-k7 	BT-3   53    8    106    0   1010   1188   1019    125   0.4517    0.009
A-n53-k7 	BT-3   53    8    106    1   1010   1019   1019    106   0.3977    0.009
A-n53-k7 	BT-3   53    5    106    0   1010   1188   1019    125   0.4477    0.009
A-n53-k7 	BT-3   53    5    106    1   1010   1019   1019    106   0.4013    0.009
A-n53-k7 	BT-3   53   17    212    0   1010   1690   1060    796   2.2943    0.050
A-n53-k7 	BT-3   53   17    212    1   1010   1576   1111    266   0.7849    0.100
A-n53-k7 	BT-3   53    8    106    0   1010   1188   1019    125   0.4528    0.009
A-n53-k7 	BT-3   53    8    106    1   1010   1019   1019    106   0.4008    0.009
A-n53-k7 	BT-3   53    5    106    0   1010   1188   1019    125   0.4524    0.009
A-n53-k7 	BT-3   53    5    106    1   1010   1019   1019    106   0.3995    0.009
A-n53-k7 	BT-3   53   17    212    0   1010   1690   1105    285   0.8422    0.094
A-n53-k7 	BT-3   53   17    212    1   1010   1576   1111    266   0.8840    0.100
A-n53-k7 	BT-3   53    8    106    0   1010   1188   1019    125   0.4495    0.009
A-n53-k7 	BT-3   53    8    106    1   1010   1019   1019    106   0.4003    0.009
A-n53-k7 	BT-3   53    5    106    0   1010   1188   1019    125   0.4499    0.009
A-n53-k7 	BT-3   53    5    106    1   1010   1019   1019    106   0.3975    0.009
A-n53-k7 	BT-3   53   17    212    0   1010   1690   1085    590   1.6614    0.074
A-n53-k7 	BT-3   53   17    212    1   1010   1576   1114    309   0.9930    0.103
A-n53-k7 	BT-3   53    8    106    0   1010   1188   1019    125   0.4499    0.009
A-n53-k7 	BT-3   53    8    106    1   1010   1019   1019    106   0.4048    0.009
A-n53-k7 	BT-3   53    5    106    0   1010   1188   1019    125   0.4555    0.009
A-n53-k7 	BT-3   53    5    106    1   1010   1019   1019    106   0.3977    0.009
A-n53-k7 	BT-3   53   17    212    0   1010   1690   1128    252   0.7529    0.117
A-n53-k7 	BT-3   53   17    212    1   1010   1576   1129    248   0.7313    0.118
A-n53-k7 	BT-3   53    8    106    0   1010   1188   1019    125   0.4485    0.009
A-n53-k7 	BT-3   53    8    106    1   1010   1019   1019    106   0.3996    0.009
A-n53-k7 	BT-3   53    5    106    0   1010   1188   1019    125   0.4904    0.009
A-n53-k7 	BT-3   53    5    106    1   1010   1019   1019    106   0.3979    0.009
A-n53-k7 	BT-3   53   17    212    0   1010   1690   1098    486   1.3643    0.087
A-n53-k7 	BT-3   53   17    212    1   1010   1576   1111    262   0.7683    0.100
A-n53-k7 	BT-3   53    8    106    0   1010   1188   1019    125   0.4594    0.009
A-n53-k7 	BT-3   53    8    106    1   1010   1019   1019    106   0.3912    0.009
A-n53-k7 	BT-3   53    5    106    0   1010   1188   1019    125   0.4481    0.009
A-n53-k7 	BT-3   53    5    106    1   1010   1019   1019    106   0.4532    0.009
A-n53-k7 	BT-3   53   17    212    0   1010   1690   1090    465   1.3327    0.079
A-n53-k7 	BT-3   53   17    212    1   1010   1576   1129    248   0.7322    0.118
A-n53-k7 	BT-3   53    8    106    0   1010   1188   1019    125   0.4510    0.009
A-n53-k7 	BT-3   53    8    106    1   1010   1019   1019    106   0.3996    0.009
A-n53-k7 	BT-3   53    5    106    0   1010   1188   1019    125   0.4521    0.009
A-n53-k7 	BT-3   53    5    106    1   1010   1019   1019    106   0.3991    0.009
A-n53-k7 	BT-3   53   17    212    0   1010   1690   1094    411   1.1861    0.083
A-n53-k7 	BT-3   53   17    212    1   1010   1576   1111    264   0.7721    0.100
A-n53-k7 	BT-3   53    8    106    0   1010   1188   1019    125   0.4511    0.009
A-n53-k7 	BT-3   53    8    106    1   1010   1019   1019    106   0.4021    0.009
A-n53-k7 	BT-3   53    5    106    0   1010   1188   1019    125   0.4518    0.009
A-n53-k7 	BT-3   53    5    106    1   1010   1019   1019    106   0.3982    0.009
A-n53-k7 	BT-3   53   17    212    0   1010   1690   1128    252   0.7569    0.117
A-n53-k7 	BT-3   53   17    212    1   1010   1576   1083    445   1.2748    0.072
A-n53-k7 	BT-3   53    8    106    0   1010   1188   1019    125   0.5323    0.009
A-n53-k7 	BT-3   53    8    106    1   1010   1019   1019    106   0.4697    0.009
A-n53-k7 	BT-3   53    5    106    0   1010   1188   1019    125   0.4552    0.009
A-n53-k7 	BT-3   53    5    106    1   1010   1019   1019    106   0.4031    0.009
A-n53-k7 	BT-3   53   17    212    0   1010   1690   1087    552   1.5564    0.076
A-n53-k7 	BT-3   53   17    212    1   1010   1576   1129    248   0.7370    0.118
A-n53-k7 	BT-3   53    8    106    0   1010   1188   1019    125   0.4492    0.009
A-n53-k7 	BT-3   53    8    106    1   1010   1019   1019    106   0.4016    0.009
A-n53-k7 	BT-3   53    5    106    0   1010   1188   1019    125   0.4498    0.009
A-n53-k7 	BT-3   53    5    106    1   1010   1019   1019    106   0.4056    0.009
A-n53-k7 	BT-3   53   17    212    0   1010   1690   1100    422   1.2200    0.089
A-n53-k7 	BT-3   53   17    212    1   1010   1576   1111    261   0.7874    0.100
A-n53-k7 	BT-3   53    8    106    0   1010   1188   1019    125   0.4556    0.009
A-n53-k7 	BT-3   53    8    106    1   1010   1019   1019    106   0.4019    0.009
A-n53-k7 	BT-3   53    5    106    0   1010   1188   1019    125   0.4498    0.009
A-n53-k7 	BT-3   53    5    106    1   1010   1019   1019    106   0.4037    0.009
A-n53-k7 	BT-3   53   17    212    0   1010   1690   1084    408   1.1800    0.073
A-n53-k7 	BT-3   53   17    212    1   1010   1576   1129    248   0.7260    0.118
A-n53-k7 	BT-3   53    8    106    0   1010   1188   1019    125   0.4507    0.009
A-n53-k7 	BT-3   53    8    106    1   1010   1019   1019    106   0.3961    0.009
A-n53-k7 	BT-3   53    5    106    0   1010   1188   1019    125   0.4486    0.009
A-n53-k7 	BT-3   53    5    106    1   1010   1019   1019    106   0.4008    0.009
A-n53-k7 	BT-3   53   17    212    0   1010   1690   1099    422   1.2253    0.088
A-n53-k7 	BT-3   53   17    212    1   1010   1576   1111    262   0.7537    0.100
A-n53-k7 	BT-3   53    8    106    0   1010   1188   1019    125   0.4613    0.009
A-n53-k7 	BT-3   53    8    106    1   1010   1019   1019    106   0.3933    0.009
A-n53-k7 	BT-3   53    5    106    0   1010   1188   1019    125   0.4529    0.009
A-n53-k7 	BT-3   53    5    106    1   1010   1019   1019    106   0.3965    0.009
A-n53-k7 	BT-3   53   17    212    0   1010   1690   1094    356   1.0078    0.083
A-n53-k7 	BT-3   53   17    212    1   1010   1576   1111    264   0.7636    0.100
A-n53-k7 	BT-3   53    8    106    0   1010   1188   1019    125   0.4480    0.009
A-n53-k7 	BT-3   53    8    106    1   1010   1019   1019    106   0.4004    0.009
A-n53-k7 	BT-3   53    5    106    0   1010   1188   1019    125   0.4629    0.009
A-n53-k7 	BT-3   53    5    106    1   1010   1019   1019    106   0.3930    0.009
A-n53-k7 	BT-3   53   17    212    0   1010   1690   1103    446   1.2979    0.092
A-n53-k7 	BT-3   53   17    212    1   1010   1576   1115    309   0.8835    0.104
A-n53-k7 	BT-3   53    8    106    0   1010   1188   1019    125   0.4489    0.009
A-n53-k7 	BT-3   53    8    106    1   1010   1019   1019    106   0.4071    0.009
A-n53-k7 	BT-3   53    5    106    0   1010   1188   1019    125   0.4486    0.009
A-n53-k7 	BT-3   53    5    106    1   1010   1019   1019    106   0.3961    0.009
A-n53-k7 	BT-3   53   17    212    0   1010   1690   1115    487   1.3784    0.104
A-n53-k7 	BT-3   53   17    212    1   1010   1576   1071    345   0.9701    0.060
A-n53-k7 	BT-3   53    8    106    0   1010   1188   1019    125   0.4575    0.009
A-n53-k7 	BT-3   53    8    106    1   1010   1019   1019    106   0.3986    0.009
A-n53-k7 	BT-3   53    5    106    0   1010   1188   1019    125   0.4536    0.009
A-n53-k7 	BT-3   53    5    106    1   1010   1019   1019    106   0.3976    0.009
A-n53-k7 	BT-3   53   17    212    0   1010   1690   1094    389   1.1190    0.083
A-n53-k7 	BT-3   53   17    212    1   1010   1576   1064    594   1.6593    0.053
A-n53-k7 	BT-3   53    8    106    0   1010   1188   1019    125   0.4475    0.009
A-n53-k7 	BT-3   53    8    106    1   1010   1019   1019    106   0.3972    0.009
A-n53-k7 	BT-3   53    5    106    0   1010   1188   1019    125   0.4507    0.009
A-n53-k7 	BT-3   53    5    106    1   1010   1019   1019    106   0.3970    0.009
A-n53-k7 	BT-3   53   17    212    0   1010   1690   1084    308   0.9117    0.073
A-n53-k7 	BT-3   53   17    212    1   1010   1576   1106    279   0.7896    0.095
A-n53-k7 	BT-3   53    8    106    0   1010   1188   1019    125   0.4511    0.009
A-n53-k7 	BT-3   53    8    106    1   1010   1019   1019    106   0.4029    0.009
A-n53-k7 	BT-3   53    5    106    0   1010   1188   1019    125   0.4606    0.009
A-n53-k7 	BT-3   53    5    106    1   1010   1019   1019    106   0.3922    0.009
A-n53-k7 	BT-3   53   17    212    0   1010   1690   1061    644   1.7913    0.050
A-n53-k7 	BT-3   53   17    212    1   1010   1576   1094    270   0.7644    0.083
A-n53-k7 	BT-3   53    8    106    0   1010   1188   1019    125   0.4505    0.009
A-n53-k7 	BT-3   53    8    106    1   1010   1019   1019    106   0.3930    0.009
A-n53-k7 	BT-3   53    5    106    0   1010   1188   1019    125   0.4541    0.009
A-n53-k7 	BT-3   53    5    106    1   1010   1019   1019    106   0.3975    0.009
A-n53-k7 	BT-3   53   17    212    0   1010   1690   1128    252   0.7504    0.117
A-n53-k7 	BT-3   53   17    212    1   1010   1576   1072    375   1.0484    0.061
A-n53-k7 	BT-3   53    8    106    0   1010   1188   1019    125   0.4490    0.009
A-n53-k7 	BT-3   53    8    106    1   1010   1019   1019    106   0.3934    0.009
A-n53-k7 	BT-3   53    5    106    0   1010   1188   1019    125   0.4528    0.009
A-n53-k7 	BT-3   53    5    106    1   1010   1019   1019    106   0.3953    0.009
A-n53-k7 	BT-3   53   17    212    0   1010   1690   1100    417   1.2197    0.089
A-n53-k7 	BT-3   53   17    212    1   1010   1576   1052    766   2.1061    0.042
A-n53-k7 	BT-3   53    8    106    0   1010   1188   1019    125   0.4829    0.009
A-n53-k7 	BT-3   53    8    106    1   1010   1019   1019    106   0.3948    0.009
A-n53-k7 	BT-3   53    5    106    0   1010   1188   1019    125   0.4489    0.009
A-n53-k7 	BT-3   53    5    106    1   1010   1019   1019    106   0.3961    0.009
A-n53-k7 	BT-3   53   17    212    0   1010   1690   1126    298   0.8686    0.115
A-n53-k7 	BT-3   53   17    212    1   1010   1576   1111    266   0.7782    0.100
A-n53-k7 	BT-3   53    8    106    0   1010   1188   1019    125   0.4482    0.009
A-n53-k7 	BT-3   53    8    106    1   1010   1019   1019    106   0.3992    0.009
A-n53-k7 	BT-3   53    5    106    0   1010   1188   1019    125   0.4479    0.009
A-n53-k7 	BT-3   53    5    106    1   1010   1019   1019    106   0.3947    0.009
A-n53-k7 	BT-3   53   17    212    0   1010   1690   1128    252   0.7496    0.117
A-n53-k7 	BT-3   53   17    212    1   1010   1576   1111    402   1.1532    0.100
A-n53-k7 	BT-3   53    8    106    0   1010   1188   1019    125   0.5045    0.009
A-n53-k7 	BT-3   53    8    106    1   1010   1019   1019    106   0.4524    0.009
A-n53-k7 	BT-3   53    5    106    0   1010   1188   1019    125   0.4530    0.009
A-n53-k7 	BT-3   53    5    106    1   1010   1019   1019    106   0.3980    0.009
