A-n39-k5 	BT-1   39   13    156    0    822   1411    832    270   0.3787    0.012
A-n39-k5 	BT-1   39   13    156    1    822   1385    894    170   0.2387    0.088
A-n39-k5 	BT-1   39    6     78    0    822    865    832     81   0.1337    0.012
A-n39-k5 	BT-1   39    6     78    1    822    832    832     78   0.1182    0.012
A-n39-k5 	BT-1   39    3     78    0    822    865    832     81   0.1272    0.012
A-n39-k5 	BT-1   39    3     78    1    822    832    832     78   0.1180    0.012
A-n39-k5 	BT-2   39   13    156    0    822   1411    846    175   0.2235    0.029
A-n39-k5 	BT-2   39   13    156    1    822   1385    881    170   0.2234    0.072
A-n39-k5 	BT-2   39    6     78    0    822    896    832    106   0.1521    0.012
A-n39-k5 	BT-2   39    6     78    1    822    846    846     78   0.1194    0.029
A-n39-k5 	BT-2   39    3     78    0    822    849    833     93   0.1349    0.013
A-n39-k5 	BT-2   39    3     78    1    822    832    832     78   0.1208    0.012
A-n39-k5 	BT-3   39   13    156    0    822   1411    837    179   0.2268    0.018
A-n39-k5 	BT-3   39   13    156    1    822   1385    825    307   0.3554    0.004
A-n39-k5 	BT-3   39    6     78    0    822    855    825     99   0.1511    0.004
A-n39-k5 	BT-3   39    6     78    1    822    825    825     78   0.1304    0.004
A-n39-k5 	BT-3   39    3     78    0    822    855    825     94   0.1419    0.004
A-n39-k5 	BT-3   39    3     78    1    822    825    825     78   0.1303    0.004
A-n39-k5 	BT-3   39   13    156    0    822   1411    837    179   0.2217    0.018
A-n39-k5 	BT-3   39   13    156    1    822   1385    839    191   0.2329    0.021
A-n39-k5 	BT-3   39    6     78    0    822    855    825    101   0.1526    0.004
A-n39-k5 	BT-3   39    6     78    1    822    825    825     78   0.1313    0.004
A-n39-k5 	BT-3   39    3     78    0    822    855    825     94   0.1415    0.004
A-n39-k5 	BT-3   39    3     78    1    822    825    825     78   0.1314    0.004
A-n39-k5 	BT-3   39   13    156    0    822   1411    830    296   0.3479    0.010
A-n39-k5 	BT-3   39   13    156    1    822   1385    858    186   0.2318    0.044
A-n39-k5 	BT-3   39    6     78    0    822    855    825     95   0.1442    0.004
A-n39-k5 	BT-3   39    6     78    1    822    825    825     78   0.1323    0.004
A-n39-k5 	BT-3   39    3     78    0    822    855    825     94   0.1416    0.004
A-n39-k5 	BT-3   39    3     78    1    822    825    825     78   0.1303    0.004
A-n39-k5 	BT-3   39   13    156    0    822   1411    851    181   0.2282    0.035
A-n39-k5 	BT-3   39   13    156    1    822   1385    825    459   0.5154    0.004
A-n39-k5 	BT-3   39    6     78    0    822    855    827    110   0.1606    0.006
A-n39-k5 	BT-3   39    6     78    1    822    825    825     78   0.1300    0.004
A-n39-k5 	BT-3   39    3     78    0    822    855    825     94   0.1411    0.004
A-n39-k5 	BT-3   39    3     78    1    822    825    825     78   0.1306    0.004
A-n39-k5 	BT-3   39   13    156    0    822   1411    831    320   0.3694    0.011
A-n39-k5 	BT-3   39   13    156    1    822   1385    825    324   0.3748    0.004
A-n39-k5 	BT-3   39    6     78    0    822    855    825    101   0.1525    0.004
A-n39-k5 	BT-3   39    6     78    1    822    825    825     78   0.1312    0.004
A-n39-k5 	BT-3   39    3     78    0    822    855    825     94   0.1423    0.004
A-n39-k5 	BT-3   39    3     78    1    822    825    825     78   0.1316    0.004
A-n39-k5 	BT-3   39   13    156    0    822   1411    833    327   0.3762    0.013
A-n39-k5 	BT-3   39   13    156    1    822   1385    834    429   0.4822    0.015
A-n39-k5 	BT-3   39    6     78    0    822    855    825    102   0.1525    0.004
A-n39-k5 	BT-3   39    6     78    1    822    825    825     78   0.1303    0.004
A-n39-k5 	BT-3   39    3     78    0    822    855    825     94   0.1433    0.004
A-n39-k5 	BT-3   39    3     78    1    822    825    825     78   0.1315    0.004
A-n39-k5 	BT-3   39   13    156    0    822   1411    837    179   0.2536    0.018
A-n39-k5 	BT-3   39   13    156    1    822   1385    830    351   0.3991    0.010
A-n39-k5 	BT-3   39    6     78    0    822    855    825     95   0.1443    0.004
A-n39-k5 	BT-3   39    6     78    1    822    825    825     78   0.1302    0.004
A-n39-k5 	BT-3   39    3     78    0    822    855    825     94   0.1417    0.004
A-n39-k5 	BT-3   39    3     78    1    822    825    825     78   0.1335    0.004
A-n39-k5 	BT-3   39   13    156    0    822   1411    829    228   0.2793    0.009
A-n39-k5 	BT-3   39   13    156    1    822   1385    827    258   0.3059    0.006
A-n39-k5 	BT-3   39    6     78    0    822    855    825    110   0.1600    0.004
A-n39-k5 	BT-3   39    6     78    1    822    825    825     78   0.1314    0.004
A-n39-k5 	BT-3   39    3     78    0    822    855    825     94   0.1422    0.004
A-n39-k5 	BT-3   39    3     78    1    822    825    825     78   0.1318    0.004
A-n39-k5 	BT-3   39   13    156    0    822   1411    837    179   0.2212    0.018
A-n39-k5 	BT-3   39   13    156    1    822   1385    865    186   0.2340    0.052
A-n39-k5 	BT-3   39    6     78    0    822    855    825     95   0.1457    0.004
A-n39-k5 	BT-3   39    6     78    1    822    825    825     78   0.1324    0.004
A-n39-k5 	BT-3   39    3     78    0    822    855    825     94   0.1424    0.004
A-n39-k5 	BT-3   39    3     78    1    822    825    825     78   0.1325    0.004
A-n39-k5 	BT-3   39   13    156    0    822   1411    837    179   0.2205    0.018
A-n39-k5 	BT-3   39   13    156    1    822   1385    850    227   0.2716    0.034
A-n39-k5 	BT-3   39    6     78    0    822    855    825    101   0.1519    0.004
A-n39-k5 	BT-3   39    6     78    1    822    825    825     78   0.1423    0.004
A-n39-k5 	BT-3   39    3     78    0    822    855    825     94   0.1414    0.004
A-n39-k5 	BT-3   39    3     78    1    822    825    825     78   0.1313    0.004
A-n39-k5 	BT-3   39   13    156    0    822   1411    837    179   0.2218    0.018
A-n39-k5 	BT-3   39   13    156    1    822   1385    834    457   0.5115    0.015
A-n39-k5 	BT-3   39    6     78    0    822    855    826    103   0.1612    0.005
A-n39-k5 	BT-3   39    6     78    1    822    825    825     78   0.1306    0.004
A-n39-k5 	BT-3   39    3     78    0    822    855    825     94   0.1443    0.004
A-n39-k5 	BT-3   39    3     78    1    822    825    825     78   0.1305    0.004
A-n39-k5 	BT-3   39   13    156    0    822   1411    837    179   0.2264    0.018
A-n39-k5 	BT-3   39   13    156    1    822   1385    839    307   0.3582    0.021
A-n39-k5 	BT-3   39    6     78    0    822    855    825    103   0.1544    0.004
A-n39-k5 	BT-3   39    6     78    1    822    825    825     78   0.1308    0.004
A-n39-k5 	BT-3   39    3     78    0    822    855    825     94   0.1416    0.004
A-n39-k5 	BT-3   39    3     78    1    822    825    825     78   0.1327    0.004
A-n39-k5 	BT-3   39   13    156    0    822   1411    833    325   0.3707    0.013
A-n39-k5 	BT-3   39   13    156    1    822   1385    839    486   0.5401    0.021
A-n39-k5 	BT-3   39    6     78    0    822    855    826    103   0.1526    0.005
A-n39-k5 	BT-3   39    6     78    1    822    825    825     78   0.1321    0.004
A-n39-k5 	BT-3   39    3     78    0    822    855    825     94   0.1415    0.004
A-n39-k5 	BT-3   39    3     78    1    822    825    825     78   0.1304    0.004
A-n39-k5 	BT-3   39   13    156    0    822   1411    837    179   0.2207    0.018
A-n39-k5 	BT-3   39   13    156    1    822   1385    858    186   0.2262    0.044
A-n39-k5 	BT-3   39    6     78    0    822    855    826    103   0.1536    0.005
A-n39-k5 	BT-3   39    6     78    1    822    825    825     78   0.1327    0.004
A-n39-k5 	BT-3   39    3     78    0    822    855    825     94   0.1432    0.004
A-n39-k5 	BT-3   39    3     78    1    822    825    825     78   0.1315    0.004
A-n39-k5 	BT-3   39   13    156    0    822   1411    837    179   0.2220    0.018
A-n39-k5 	BT-3   39   13    156    1    822   1385    830    447   0.5004    0.010
A-n39-k5 	BT-3   39    6     78    0    822    855    825    104   0.1551    0.004
A-n39-k5 	BT-3   39    6     78    1    822    825    825     78   0.1318    0.004
A-n39-k5 	BT-3   39    3     78    0    822    855    825     94   0.1422    0.004
A-n39-k5 	BT-3   39    3     78    1    822    825    825     78   0.1321    0.004
A-n39-k5 	BT-3   39   13    156    0    822   1411    837    179   0.2235    0.018
A-n39-k5 	BT-3   39   13    156    1    822   1385    827    365   0.4150    0.006
A-n39-k5 	BT-3   39    6     78    0    822    855    825    101   0.1533    0.004
A-n39-k5 	BT-3   39    6     78    1    822    825    825     78   0.1345    0.004
A-n39-k5 	BT-3   39    3     78    0    822    855    825     94   0.1417    0.004
A-n39-k5 	BT-3   39    3     78    1    822    825    825     78   0.1311    0.004
A-n39-k5 	BT-3   39   13    156    0    822   1411    837    179   0.2233    0.018
A-n39-k5 	BT-3   39   13    156    1    822   1385    829    195   0.2389    0.009
A-n39-k5 	BT-3   39    6     78    0    822    855    826     94   0.1484    0.005
A-n39-k5 	BT-3   39    6     78    1    822    825    825     78   0.1355    0.004
A-n39-k5 	BT-3   39    3     78    0    822    855    825     94   0.1826    0.004
A-n39-k5 	BT-3   39    3     78    1    822    825    825     78   0.1411    0.004
A-n39-k5 	BT-3   39   13    156    0    822   1411    837    179   0.2315    0.018
A-n39-k5 	BT-3   39   13    156    1    822   1385    829    457   0.5152    0.009
A-n39-k5 	BT-3   39    6     78    0    822    855    825    100   0.1529    0.004
A-n39-k5 	BT-3   39    6     78    1    822    825    825     78   0.1309    0.004
A-n39-k5 	BT-3   39    3     78    0    822    855    825     94   0.1417    0.004
A-n39-k5 	BT-3   39    3     78    1    822    825    825     78   0.1314    0.004
A-n39-k5 	BT-3   39   13    156    0    822   1411    825    314   0.3598    0.004
A-n39-k5 	BT-3   39   13    156    1    822   1385    829    195   0.2472    0.009
A-n39-k5 	BT-3   39    6     78    0    822    855    826    104   0.1635    0.005
A-n39-k5 	BT-3   39    6     78    1    822    825    825     78   0.1331    0.004
A-n39-k5 	BT-3   39    3     78    0    822    855    825     94   0.1425    0.004
A-n39-k5 	BT-3   39    3     78    1    822    825    825     78   0.1311    0.004
A-n39-k5 	BT-3   39   13    156    0    822   1411    837    179   0.2325    0.018
A-n39-k5 	BT-3   39   13    156    1    822   1385    831    325   0.3807    0.011
A-n39-k5 	BT-3   39    6     78    0    822    855    826    103   0.1533    0.005
A-n39-k5 	BT-3   39    6     78    1    822    825    825     78   0.1301    0.004
A-n39-k5 	BT-3   39    3     78    0    822    855    825     94   0.1416    0.004
A-n39-k5 	BT-3   39    3     78    1    822    825    825     78   0.1434    0.004
A-n39-k5 	BT-3   39   13    156    0    822   1411    836    246   0.2913    0.017
A-n39-k5 	BT-3   39   13    156    1    822   1385    845    303   0.3458    0.028
A-n39-k5 	BT-3   39    6     78    0    822    855    825     96   0.1450    0.004
A-n39-k5 	BT-3   39    6     78    1    822    825    825     78   0.1298    0.004
A-n39-k5 	BT-3   39    3     78    0    822    855    825     94   0.1433    0.004
A-n39-k5 	BT-3   39    3     78    1    822    825    825     78   0.1320    0.004
A-n39-k5 	BT-3   39   13    156    0    822   1411    837    179   0.2230    0.018
A-n39-k5 	BT-3   39   13    156    1    822   1385    845    206   0.2517    0.028
A-n39-k5 	BT-3   39    6     78    0    822    855    825    101   0.1513    0.004
A-n39-k5 	BT-3   39    6     78    1    822    825    825     78   0.1301    0.004
A-n39-k5 	BT-3   39    3     78    0    822    855    825     94   0.1427    0.004
A-n39-k5 	BT-3   39    3     78    1    822    825    825     78   0.1317    0.004
A-n39-k5 	BT-3   39   13    156    0    822   1411    837    179   0.2251    0.018
A-n39-k5 	BT-3   39   13    156    1    822   1385    839    311   0.3658    0.021
A-n39-k5 	BT-3   39    6     78    0    822    855    826    101   0.1524    0.005
A-n39-k5 	BT-3   39    6     78    1    822    825    825     78   0.1317    0.004
A-n39-k5 	BT-3   39    3     78    0    822    855    825     94   0.1415    0.004
A-n39-k5 	BT-3   39    3     78    1    822    825    825     78   0.1311    0.004
A-n39-k5 	BT-3   39   13    156    0    822   1411    837    179   0.2271    0.018
A-n39-k5 	BT-3   39   13    156    1    822   1385    833    417   0.4729    0.013
A-n39-k5 	BT-3   39    6     78    0    822    855    826     95   0.1482    0.005
A-n39-k5 	BT-3   39    6     78    1    822    825    825     78   0.1319    0.004
A-n39-k5 	BT-3   39    3     78    0    822    855    825     94   0.1418    0.004
A-n39-k5 	BT-3   39    3     78    1    822    825    825     78   0.1311    0.004
A-n39-k5 	BT-3   39   13    156    0    822   1411    837    179   0.2225    0.018
A-n39-k5 	BT-3   39   13    156    1    822   1385    829    195   0.2377    0.009
A-n39-k5 	BT-3   39    6     78    0    822    855    826    101   0.1530    0.005
A-n39-k5 	BT-3   39    6     78    1    822    825    825     78   0.1312    0.004
A-n39-k5 	BT-3   39    3     78    0    822    855    825     94   0.1434    0.004
A-n39-k5 	BT-3   39    3     78    1    822    825    825     78   0.1304    0.004
A-n39-k5 	BT-3   39   13    156    0    822   1411    837    179   0.2230    0.018
A-n39-k5 	BT-3   39   13    156    1    822   1385    833    202   0.2451    0.013
A-n39-k5 	BT-3   39    6     78    0    822    855    826    100   0.1513    0.005
A-n39-k5 	BT-3   39    6     78    1    822    825    825     78   0.1307    0.004
A-n39-k5 	BT-3   39    3     78    0    822    855    825     94   0.1416    0.004
A-n39-k5 	BT-3   39    3     78    1    822    825    825     78   0.1311    0.004
A-n39-k5 	BT-3   39   13    156    0    822   1411    837    179   0.2293    0.018
A-n39-k5 	BT-3   39   13    156    1    822   1385    865    186   0.2250    0.052
A-n39-k5 	BT-3   39    6     78    0    822    855    825     95   0.1438    0.004
A-n39-k5 	BT-3   39    6     78    1    822    825    825     78   0.1311    0.004
A-n39-k5 	BT-3   39    3     78    0    822    855    825     94   0.1413    0.004
A-n39-k5 	BT-3   39    3     78    1    822    825    825     78   0.1309    0.004
A-n39-k5 	BT-3   39   13    156    0    822   1411    837    179   0.2248    0.018
A-n39-k5 	BT-3   39   13    156    1    822   1385    874    183   0.2260    0.063
A-n39-k5 	BT-3   39    6     78    0    822    855    826    101   0.1516    0.005
A-n39-k5 	BT-3   39    6     78    1    822    825    825     78   0.1303    0.004
A-n39-k5 	BT-3   39    3     78    0    822    855    825     94   0.1424    0.004
A-n39-k5 	BT-3   39    3     78    1    822    825    825     78   0.1314    0.004
A-n39-k5 	BT-3   39   13    156    0    822   1411    837    179   0.2236    0.018
A-n39-k5 	BT-3   39   13    156    1    822   1385    874    184   0.2253    0.063
A-n39-k5 	BT-3   39    6     78    0    822    855    827    135   0.1851    0.006
A-n39-k5 	BT-3   39    6     78    1    822    825    825     78   0.1315    0.004
A-n39-k5 	BT-3   39    3     78    0    822    855    825     94   0.1422    0.004
A-n39-k5 	BT-3   39    3     78    1    822    825    825     78   0.1311    0.004
A-n39-k5 	BT-3   39   13    156    0    822   1411    837    179   0.2245    0.018
A-n39-k5 	BT-3   39   13    156    1    822   1385    845    205   0.2511    0.028
A-n39-k5 	BT-3   39    6     78    0    822    855    826    101   0.1527    0.005
A-n39-k5 	BT-3   39    6     78    1    822    825    825     78   0.1320    0.004
A-n39-k5 	BT-3   39    3     78    0    822    855    825     94   0.1422    0.004
A-n39-k5 	BT-3   39    3     78    1    822    825    825     78   0.1319    0.004
A-n39-k5 	BT-3   39   13    156    0    822   1411    826    354   0.4174    0.005
A-n39-k5 	BT-3   39   13    156    1    822   1385    853    367   0.4295    0.038
A-n39-k5 	BT-3   39    6     78    0    822    855    826    103   0.1544    0.005
A-n39-k5 	BT-3   39    6     78    1    822    825    825     78   0.1313    0.004
A-n39-k5 	BT-3   39    3     78    0    822    855    825     94   0.1445    0.004
A-n39-k5 	BT-3   39    3     78    1    822    825    825     78   0.1313    0.004
A-n39-k5 	BT-3   39   13    156    0    822   1411    837    179   0.2238    0.018
A-n39-k5 	BT-3   39   13    156    1    822   1385    830    278   0.3253    0.010
A-n39-k5 	BT-3   39    6     78    0    822    855    825     95   0.1451    0.004
A-n39-k5 	BT-3   39    6     78    1    822    825    825     78   0.1337    0.004
A-n39-k5 	BT-3   39    3     78    0    822    855    825     94   0.1478    0.004
A-n39-k5 	BT-3   39    3     78    1    822    825    825     78   0.1323    0.004
A-n39-k5 	BT-3   39   13    156    0    822   1411    825    265   0.3142    0.004
A-n39-k5 	BT-3   39   13    156    1    822   1385    840    238   0.2890    0.022
A-n39-k5 	BT-3   39    6     78    0    822    855    825     95   0.1450    0.004
A-n39-k5 	BT-3   39    6     78    1    822    825    825     78   0.1314    0.004
A-n39-k5 	BT-3   39    3     78    0    822    855    825     94   0.1423    0.004
A-n39-k5 	BT-3   39    3     78    1    822    825    825     78   0.1329    0.004
A-n39-k5 	BT-3   39   13    156    0    822   1411    831    421   0.4790    0.011
A-n39-k5 	BT-3   39   13    156    1    822   1385    843    235   0.2888    0.026
A-n39-k5 	BT-3   39    6     78    0    822    855    825     99   0.1505    0.004
A-n39-k5 	BT-3   39    6     78    1    822    825    825     78   0.1300    0.004
A-n39-k5 	BT-3   39    3     78    0    822    855    825     94   0.1417    0.004
A-n39-k5 	BT-3   39    3     78    1    822    825    825     78   0.1315    0.004
A-n39-k5 	BT-3   39   13    156    0    822   1411    830    294   0.3404    0.010
A-n39-k5 	BT-3   39   13    156    1    822   1385    858    188   0.2337    0.044
A-n39-k5 	BT-3   39    6     78    0    822    855    825     94   0.1476    0.004
A-n39-k5 	BT-3   39    6     78    1    822    825    825     78   0.1318    0.004
A-n39-k5 	BT-3   39    3     78    0    822    855    825     94   0.1415    0.004
A-n39-k5 	BT-3   39    3     78    1    822    825    825     78   0.1311    0.004
A-n39-k5 	BT-3   39   13    156    0    822   1411    825    305   0.3535    0.004
A-n39-k5 	BT-3   39   13    156    1    822   1385    830    258   0.2992    0.010
A-n39-k5 	BT-3   39    6     78    0    822    855    826    103   0.1530    0.005
A-n39-k5 	BT-3   39    6     78    1    822    825    825     78   0.1310    0.004
A-n39-k5 	BT-3   39    3     78    0    822    855    825     94   0.1417    0.004
A-n39-k5 	BT-3   39    3     78    1    822    825    825     78   0.1314    0.004
A-n39-k5 	BT-3   39   13    156    0    822   1411    837    180   0.2282    0.018
A-n39-k5 	BT-3   39   13    156    1    822   1385    855    317   0.3681    0.040
A-n39-k5 	BT-3   39    6     78    0    822    855    826    103   0.1526    0.005
A-n39-k5 	BT-3   39    6     78    1    822    825    825     78   0.1319    0.004
A-n39-k5 	BT-3   39    3     78    0    822    855    825     94   0.1423    0.004
A-n39-k5 	BT-3   39    3     78    1    822    825    825     78   0.1309    0.004
A-n39-k5 	BT-3   39   13    156    0    822   1411    837    179   0.2215    0.018
A-n39-k5 	BT-3   39   13    156    1    822   1385    874    183   0.2236    0.063
A-n39-k5 	BT-3   39    6     78    0    822    855    825     99   0.1501    0.004
A-n39-k5 	BT-3   39    6     78    1    822    825    825     78   0.1306    0.004
A-n39-k5 	BT-3   39    3     78    0    822    855    825     94   0.1421    0.004
A-n39-k5 	BT-3   39    3     78    1    822    825    825     78   0.1324    0.004
A-n39-k5 	BT-3   39   13    156    0    822   1411    832    296   0.3501    0.012
A-n39-k5 	BT-3   39   13    156    1    822   1385    851    267   0.3081    0.035
A-n39-k5 	BT-3   39    6     78    0    822    855    825     95   0.1443    0.004
A-n39-k5 	BT-3   39    6     78    1    822    825    825     78   0.1309    0.004
A-n39-k5 	BT-3   39    3     78    0    822    855    825     94   0.1422    0.004
A-n39-k5 	BT-3   39    3     78    1    822    825    825     78   0.1317    0.004
A-n39-k5 	BT-3   39   13    156    0    822   1411    837    179   0.2278    0.018
A-n39-k5 	BT-3   39   13    156    1    822   1385    830    355   0.4029    0.010
A-n39-k5 	BT-3   39    6     78    0    822    855    825     95   0.1449    0.004
A-n39-k5 	BT-3   39    6     78    1    822    825    825     78   0.1304    0.004
A-n39-k5 	BT-3   39    3     78    0    822    855    825     94   0.1423    0.004
A-n39-k5 	BT-3   39    3     78    1    822    825    825     78   0.1307    0.004
A-n39-k5 	BT-3   39   13    156    0    822   1411    837    179   0.2230    0.018
A-n39-k5 	BT-3   39   13    156    1    822   1385    865    186   0.2350    0.052
A-n39-k5 	BT-3   39    6     78    0    822    855    826    121   0.1723    0.005
A-n39-k5 	BT-3   39    6     78    1    822    825    825     78   0.1312    0.004
A-n39-k5 	BT-3   39    3     78    0    822    855    825     94   0.1444    0.004
A-n39-k5 	BT-3   39    3     78    1    822    825    825     78   0.1337    0.004
A-n39-k5 	BT-3   39   13    156    0    822   1411    837    179   0.2262    0.018
A-n39-k5 	BT-3   39   13    156    1    822   1385    828    256   0.2967    0.007
A-n39-k5 	BT-3   39    6     78    0    822    855    845     93   0.1482    0.028
A-n39-k5 	BT-3   39    6     78    1    822    825    825     78   0.1332    0.004
A-n39-k5 	BT-3   39    3     78    0    822    855    825     94   0.1427    0.004
A-n39-k5 	BT-3   39    3     78    1    822    825    825     78   0.1315    0.004
A-n39-k5 	BT-3   39   13    156    0    822   1411    837    179   0.2225    0.018
A-n39-k5 	BT-3   39   13    156    1    822   1385    837    449   0.5327    0.018
A-n39-k5 	BT-3   39    6     78    0    822    855    825    103   0.1548    0.004
A-n39-k5 	BT-3   39    6     78    1    822    825    825     78   0.1314    0.004
A-n39-k5 	BT-3   39    3     78    0    822    855    825     94   0.1425    0.004
A-n39-k5 	BT-3   39    3     78    1    822    825    825     78   0.1311    0.004
A-n39-k5 	BT-3   39   13    156    0    822   1411    837    179   0.2266    0.018
A-n39-k5 	BT-3   39   13    156    1    822   1385    858    188   0.2285    0.044
A-n39-k5 	BT-3   39    6     78    0    822    855    825     95   0.1443    0.004
A-n39-k5 	BT-3   39    6     78    1    822    825    825     78   0.1315    0.004
A-n39-k5 	BT-3   39    3     78    0    822    855    825     94   0.1412    0.004
A-n39-k5 	BT-3   39    3     78    1    822    825    825     78   0.1313    0.004
A-n39-k5 	BT-3   39   13    156    0    822   1411    837    179   0.2220    0.018
A-n39-k5 	BT-3   39   13    156    1    822   1385    835    375   0.4278    0.016
A-n39-k5 	BT-3   39    6     78    0    822    855    825    103   0.1537    0.004
A-n39-k5 	BT-3   39    6     78    1    822    825    825     78   0.1319    0.004
A-n39-k5 	BT-3   39    3     78    0    822    855    825     94   0.1414    0.004
A-n39-k5 	BT-3   39    3     78    1    822    825    825     78   0.1310    0.004
A-n39-k5 	BT-3   39   13    156    0    822   1411    837    179   0.2228    0.018
A-n39-k5 	BT-3   39   13    156    1    822   1385    850    245   0.2941    0.034
A-n39-k5 	BT-3   39    6     78    0    822    855    826    101   0.1533    0.005
A-n39-k5 	BT-3   39    6     78    1    822    825    825     78   0.1302    0.004
A-n39-k5 	BT-3   39    3     78    0    822    855    825     94   0.1430    0.004
A-n39-k5 	BT-3   39    3     78    1    822    825    825     78   0.1312    0.004
A-n39-k5 	BT-3   39   13    156    0    822   1411    837    179   0.2255    0.018
A-n39-k5 	BT-3   39   13    156    1    822   1385    827    331   0.3746    0.006
A-n39-k5 	BT-3   39    6     78    0    822    855    825     95   0.1448    0.004
A-n39-k5 	BT-3   39    6     78    1    822    825    825     78   0.1304    0.004
A-n39-k5 	BT-3   39    3     78    0    822    855    825     94   0.1415    0.004
A-n39-k5 	BT-3   39    3     78    1    822    825    825     78   0.1307    0.004
A-n39-k5 	BT-3   39   13    156    0    822   1411    834    302   0.3556    0.015
A-n39-k5 	BT-3   39   13    156    1    822   1385    833    282   0.3276    0.013
A-n39-k5 	BT-3   39    6     78    0    822    855    825    100   0.1550    0.004
A-n39-k5 	BT-3   39    6     78    1    822    825    825     78   0.1312    0.004
A-n39-k5 	BT-3   39    3     78    0    822    855    825     94   0.1413    0.004
A-n39-k5 	BT-3   39    3     78    1    822    825    825     78   0.1321    0.004
A-n39-k5 	BT-3   39   13    156    0    822   1411    825    269   0.3144    0.004
A-n39-k5 	BT-3   39   13    156    1    822   1385    843    226   0.2690    0.026
A-n39-k5 	BT-3   39    6     78    0    822    855    825    101   0.1528    0.004
A-n39-k5 	BT-3   39    6     78    1    822    825    825     78   0.1316    0.004
A-n39-k5 	BT-3   39    3     78    0    822    855    825     94   0.1456    0.004
A-n39-k5 	BT-3   39    3     78    1    822    825    825     78   0.1323    0.004
A-n39-k5 	BT-3   39   13    156    0    822   1411    837    179   0.2259    0.018
A-n39-k5 	BT-3   39   13    156    1    822   1385    841    277   0.3261    0.023
A-n39-k5 	BT-3   39    6     78    0    822    855    825    110   0.1621    0.004
A-n39-k5 	BT-3   39    6     78    1    822    825    825     78   0.1307    0.004
A-n39-k5 	BT-3   39    3     78    0    822    855    825     94   0.1421    0.004
A-n39-k5 	BT-3   39    3     78    1    822    825    825     78   0.1320    0.004
A-n39-k5 	BT-3   39   13    156    0    822   1411    837    179   0.2203    0.018
A-n39-k5 	BT-3   39   13    156    1    822   1385    858    188   0.2301    0.044
A-n39-k5 	BT-3   39    6     78    0    822    855    825    101   0.1521    0.004
A-n39-k5 	BT-3   39    6     78    1    822    825    825     78   0.1316    0.004
A-n39-k5 	BT-3   39    3     78    0    822    855    825     94   0.1433    0.004
A-n39-k5 	BT-3   39    3     78    1    822    825    825     78   0.1315    0.004
A-n39-k5 	BT-3   39   13    156    0    822   1411    833    290   0.3372    0.013
A-n39-k5 	BT-3   39   13    156    1    822   1385    831    286   0.3294    0.011
A-n39-k5 	BT-3   39    6     78    0    822    855    825    101   0.1528    0.004
A-n39-k5 	BT-3   39    6     78    1    822    825    825     78   0.1359    0.004
A-n39-k5 	BT-3   39    3     78    0    822    855    825     94   0.1422    0.004
A-n39-k5 	BT-3   39    3     78    1    822    825    825     78   0.1315    0.004
A-n39-k5 	BT-3   39   13    156    0    822   1411    827    269   0.3176    0.006
A-n39-k5 	BT-3   39   13    156    1    822   1385    848    193   0.2353    0.032
A-n39-k5 	BT-3   39    6     78    0    822    855    825     95   0.1444    0.004
A-n39-k5 	BT-3   39    6     78    1    822    825    825     78   0.1300    0.004
A-n39-k5 	BT-3   39    3     78    0    822    855    825     94   0.1415    0.004
A-n39-k5 	BT-3   39    3     78    1    822    825    825     78   0.1305    0.004
A-n39-k5 	BT-3   39   13    156    0    822   1411    837    179   0.2243    0.018
A-n39-k5 	BT-3   39   13    156    1    822   1385    829    195   0.2391    0.009
A-n39-k5 	BT-3   39    6     78    0    822    855    826    103   0.1535    0.005
A-n39-k5 	BT-3   39    6     78    1    822    825    825     78   0.1308    0.004
A-n39-k5 	BT-3   39    3     78    0    822    855    825     94   0.1421    0.004
A-n39-k5 	BT-3   39    3     78    1    822    825    825     78   0.1314    0.004
A-n39-k5 	BT-3   39   13    156    0    822   1411    828    387   0.4424    0.007
A-n39-k5 	BT-3   39   13    156    1    822   1385    844    412   0.4623    0.027
A-n39-k5 	BT-3   39    6     78    0    822    855    826    103   0.1530    0.005
A-n39-k5 	BT-3   39    6     78    1    822    825    825     78   0.1319    0.004
A-n39-k5 	BT-3   39    3     78    0    822    855    825     94   0.1422    0.004
A-n39-k5 	BT-3   39    3     78    1    822    825    825     78   0.1317    0.004
A-n39-k5 	BT-3   39   13    156    0    822   1411    837    179   0.2225    0.018
A-n39-k5 	BT-3   39   13    156    1    822   1385    830    313   0.3740    0.010
A-n39-k5 	BT-3   39    6     78    0    822    855    825    101   0.1524    0.004
A-n39-k5 	BT-3   39    6     78    1    822    825    825     78   0.1311    0.004
A-n39-k5 	BT-3   39    3     78    0    822    855    825     94   0.1415    0.004
A-n39-k5 	BT-3   39    3     78    1    822    825    825     78   0.1307    0.004
A-n39-k5 	BT-3   39   13    156    0    822   1411    837    179   0.2284    0.018
A-n39-k5 	BT-3   39   13    156    1    822   1385    865    186   0.2379    0.052
A-n39-k5 	BT-3   39    6     78    0    822    855    826    103   0.1533    0.005
A-n39-k5 	BT-3   39    6     78    1    822    825    825     78   0.1300    0.004
A-n39-k5 	BT-3   39    3     78    0    822    855    825     94   0.1416    0.004
A-n39-k5 	BT-3   39    3     78    1    822    825    825     78   0.1308    0.004
A-n39-k5 	BT-3   39   13    156    0    822   1411    831    278   0.3238    0.011
A-n39-k5 	BT-3   39   13    156    1    822   1385    833    324   0.3691    0.013
A-n39-k5 	BT-3   39    6     78    0    822    855    825     95   0.1456    0.004
A-n39-k5 	BT-3   39    6     78    1    822    825    825     78   0.1303    0.004
A-n39-k5 	BT-3   39    3     78    0    822    855    825     94   0.1428    0.004
A-n39-k5 	BT-3   39    3     78    1    822    825    825     78   0.1338    0.004
A-n39-k5 	BT-3   39   13    156    0    822   1411    837    179   0.2224    0.018
A-n39-k5 	BT-3   39   13    156    1    822   1385    829    195   0.2389    0.009
A-n39-k5 	BT-3   39    6     78    0    822    855    825     95   0.1455    0.004
A-n39-k5 	BT-3   39    6     78    1    822    825    825     78   0.1299    0.004
A-n39-k5 	BT-3   39    3     78    0    822    855    825     94   0.1415    0.004
A-n39-k5 	BT-3   39    3     78    1    822    825    825     78   0.1314    0.004
A-n39-k5 	BT-3   39   13    156    0    822   1411    837    179   0.2235    0.018
A-n39-k5 	BT-3   39   13    156    1    822   1385    830    313   0.3572    0.010
A-n39-k5 	BT-3   39    6     78    0    822    855    825    100   0.1546    0.004
A-n39-k5 	BT-3   39    6     78    1    822    825    825     78   0.1306    0.004
A-n39-k5 	BT-3   39    3     78    0    822    855    825     94   0.1420    0.004
A-n39-k5 	BT-3   39    3     78    1    822    825    825     78   0.1323    0.004
A-n39-k5 	BT-3   39   13    156    0    822   1411    837    179   0.2291    0.018
A-n39-k5 	BT-3   39   13    156    1    822   1385    827    445   0.4976    0.006
A-n39-k5 	BT-3   39    6     78    0    822    855    825     95   0.1446    0.004
A-n39-k5 	BT-3   39    6     78    1    822    825    825     78   0.1400    0.004
A-n39-k5 	BT-3   39    3     78    0    822    855    825     94   0.1432    0.004
A-n39-k5 	BT-3   39    3     78    1    822    825    825     78   0.1324    0.004
A-n39-k5 	BT-3   39   13    156    0    822   1411    832    228   0.2742    0.012
A-n39-k5 	BT-3   39   13    156    1    822   1385    822    408   0.4477    0.000
A-n39-k5 	BT-3   39    6     78    0    822    842    822    103   0.1556    0.000
A-n39-k5 	BT-3   39    6     78    1    822    822    822     78   0.1284    0.000
A-n39-k5 	BT-3   39    3     78    0    822    842    822    165   0.2315    0.000
A-n39-k5 	BT-3   39    3     78    1    822    822    822     78   0.1289    0.000
A-n39-k5 	BT-3   39   13    156    0    822   1411    832    282   0.3344    0.012
A-n39-k5 	BT-3   39   13    156    1    822   1385    874    183   0.2264    0.063
A-n39-k5 	BT-3   39    6     78    0    822    842    822     95   0.1454    0.000
A-n39-k5 	BT-3   39    6     78    1    822    822    822     78   0.1284    0.000
A-n39-k5 	BT-3   39    3     78    0    822    842    822    147   0.1986    0.000
A-n39-k5 	BT-3   39    3     78    1    822    822    822     78   0.1280    0.000
A-n39-k5 	BT-3   39   13    156    0    822   1411    837    179   0.2250    0.018
A-n39-k5 	BT-3   39   13    156    1    822   1385    874    184   0.2251    0.063
A-n39-k5 	BT-3   39    6     78    0    822    842    822    101   0.1525    0.000
A-n39-k5 	BT-3   39    6     78    1    822    822    822     78   0.1292    0.000
A-n39-k5 	BT-3   39    3     78    0    822    842    830     92   0.1438    0.010
A-n39-k5 	BT-3   39    3     78    1    822    822    822     78   0.1285    0.000
A-n39-k5 	BT-3   39   13    156    0    822   1411    834    298   0.3468    0.015
A-n39-k5 	BT-3   39   13    156    1    822   1385    822    334   0.3793    0.000
A-n39-k5 	BT-3   39    6     78    0    822    842    822    124   0.1749    0.000
A-n39-k5 	BT-3   39    6     78    1    822    822    822     78   0.1296    0.000
A-n39-k5 	BT-3   39    3     78    0    822    842    822    171   0.2393    0.000
A-n39-k5 	BT-3   39    3     78    1    822    822    822     78   0.1284    0.000
A-n39-k5 	BT-3   39   13    156    0    822   1411    837    179   0.2205    0.018
A-n39-k5 	BT-3   39   13    156    1    822   1385    874    184   0.2251    0.063
A-n39-k5 	BT-3   39    6     78    0    822    842    822     95   0.1453    0.000
A-n39-k5 	BT-3   39    6     78    1    822    822    822     78   0.1286    0.000
A-n39-k5 	BT-3   39    3     78    0    822    842    830     91   0.1433    0.010
A-n39-k5 	BT-3   39    3     78    1    822    822    822     78   0.1293    0.000
A-n39-k5 	BT-3   39   13    156    0    822   1411    827    279   0.3284    0.006
A-n39-k5 	BT-3   39   13    156    1    822   1385    825    231   0.2686    0.004
A-n39-k5 	BT-3   39    6     78    0    822    842    822    106   0.1568    0.000
A-n39-k5 	BT-3   39    6     78    1    822    822    822     78   0.1291    0.000
A-n39-k5 	BT-3   39    3     78    0    822    842    830     92   0.1432    0.010
A-n39-k5 	BT-3   39    3     78    1    822    822    822     78   0.1288    0.000
A-n39-k5 	BT-3   39   13    156    0    822   1411    830    332   0.3820    0.010
A-n39-k5 	BT-3   39   13    156    1    822   1385    858    186   0.2280    0.044
A-n39-k5 	BT-3   39    6     78    0    822    842    822     96   0.1461    0.000
A-n39-k5 	BT-3   39    6     78    1    822    822    822     78   0.1286    0.000
A-n39-k5 	BT-3   39    3     78    0    822    842    830     92   0.1449    0.010
A-n39-k5 	BT-3   39    3     78    1    822    822    822     78   0.1283    0.000
A-n39-k5 	BT-3   39   13    156    0    822   1411    837    179   0.2253    0.018
A-n39-k5 	BT-3   39   13    156    1    822   1385    858    188   0.2303    0.044
A-n39-k5 	BT-3   39    6     78    0    822    842    822     96   0.1480    0.000
A-n39-k5 	BT-3   39    6     78    1    822    822    822     78   0.1302    0.000
A-n39-k5 	BT-3   39    3     78    0    822    842    822    168   0.2194    0.000
A-n39-k5 	BT-3   39    3     78    1    822    822    822     78   0.1283    0.000
A-n39-k5 	BT-3   39   13    156    0    822   1411    837    179   0.2215    0.018
A-n39-k5 	BT-3   39   13    156    1    822   1385    848    193   0.2348    0.032
A-n39-k5 	BT-3   39    6     78    0    822    842    822    170   0.2229    0.000
A-n39-k5 	BT-3   39    6     78    1    822    822    822     78   0.1284    0.000
A-n39-k5 	BT-3   39    3     78    0    822    842    822    151   0.2020    0.000
A-n39-k5 	BT-3   39    3     78    1    822    822    822     78   0.1282    0.000
A-n39-k5 	BT-3   39   13    156    0    822   1411    837    179   0.2240    0.018
A-n39-k5 	BT-3   39   13    156    1    822   1385    858    302   0.3497    0.044
A-n39-k5 	BT-3   39    6     78    0    822    842    822     95   0.1466    0.000
A-n39-k5 	BT-3   39    6     78    1    822    822    822     78   0.1283    0.000
A-n39-k5 	BT-3   39    3     78    0    822    842    822    103   0.1540    0.000
A-n39-k5 	BT-3   39    3     78    1    822    822    822     78   0.1279    0.000
A-n39-k5 	BT-3   39   13    156    0    822   1411    837    179   0.2219    0.018
A-n39-k5 	BT-3   39   13    156    1    822   1385    830    301   0.3527    0.010
A-n39-k5 	BT-3   39    6     78    0    822    842    822    103   0.1525    0.000
A-n39-k5 	BT-3   39    6     78    1    822    822    822     78   0.1289    0.000
A-n39-k5 	BT-3   39    3     78    0    822    842    822    145   0.1981    0.000
A-n39-k5 	BT-3   39    3     78    1    822    822    822     78   0.1285    0.000
A-n39-k5 	BT-3   39   13    156    0    822   1411    837    179   0.2227    0.018
A-n39-k5 	BT-3   39   13    156    1    822   1385    863    186   0.2261    0.050
A-n39-k5 	BT-3   39    6     78    0    822    842    822     97   0.1481    0.000
A-n39-k5 	BT-3   39    6     78    1    822    822    822     78   0.1300    0.000
A-n39-k5 	BT-3   39    3     78    0    822    842    822    133   0.1844    0.000
A-n39-k5 	BT-3   39    3     78    1    822    822    822     78   0.1279    0.000
A-n39-k5 	BT-3   39   13    156    0    822   1411    837    179   0.2236    0.018
A-n39-k5 	BT-3   39   13    156    1    822   1385    825    348   0.3916    0.004
A-n39-k5 	BT-3   39    6     78    0    822    842    822    110   0.1611    0.000
A-n39-k5 	BT-3   39    6     78    1    822    822    822     78   0.1414    0.000
A-n39-k5 	BT-3   39    3     78    0    822    842    830     92   0.1722    0.010
A-n39-k5 	BT-3   39    3     78    1    822    822    822     78   0.1281    0.000
A-n39-k5 	BT-3   39   13    156    0    822   1411    837    179   0.2219    0.018
A-n39-k5 	BT-3   39   13    156    1    822   1385    843    227   0.2674    0.026
A-n39-k5 	BT-3   39    6     78    0    822    842    822    100   0.1505    0.000
A-n39-k5 	BT-3   39    6     78    1    822    822    822     78   0.1281    0.000
A-n39-k5 	BT-3   39    3     78    0    822    842    822    150   0.2028    0.000
A-n39-k5 	BT-3   39    3     78    1    822    822    822     78   0.1314    0.000
A-n39-k5 	BT-3   39   13    156    0    822   1411    837    179   0.2210    0.018
A-n39-k5 	BT-3   39   13    156    1    822   1385    847    293   0.3366    0.030
A-n39-k5 	BT-3   39    6     78    0    822    842    822    146   0.1980    0.000
A-n39-k5 	BT-3   39    6     78    1    822    822    822     78   0.1287    0.000
A-n39-k5 	BT-3   39    3     78    0    822    842    822    102   0.1525    0.000
A-n39-k5 	BT-3   39    3     78    1    822    822    822     78   0.1326    0.000
A-n39-k5 	BT-3   39   13    156    0    822   1411    837    179   0.2298    0.018
A-n39-k5 	BT-3   39   13    156    1    822   1385    848    193   0.2349    0.032
A-n39-k5 	BT-3   39    6     78    0    822    842    822    103   0.1559    0.000
A-n39-k5 	BT-3   39    6     78    1    822    822    822     78   0.1287    0.000
A-n39-k5 	BT-3   39    3     78    0    822    842    830     92   0.1427    0.010
A-n39-k5 	BT-3   39    3     78    1    822    822    822     78   0.1283    0.000
A-n39-k5 	BT-3   39   13    156    0    822   1411    837    179   0.2249    0.018
A-n39-k5 	BT-3   39   13    156    1    822   1385    835    302   0.3418    0.016
A-n39-k5 	BT-3   39    6     78    0    822    842    822     98   0.1510    0.000
A-n39-k5 	BT-3   39    6     78    1    822    822    822     78   0.1294    0.000
A-n39-k5 	BT-3   39    3     78    0    822    842    830     92   0.1425    0.010
A-n39-k5 	BT-3   39    3     78    1    822    822    822     78   0.1281    0.000
A-n39-k5 	BT-3   39   13    156    0    822   1411    831    249   0.2949    0.011
A-n39-k5 	BT-3   39   13    156    1    822   1385    832    333   0.3846    0.012
A-n39-k5 	BT-3   39    6     78    0    822    842    822     96   0.1472    0.000
A-n39-k5 	BT-3   39    6     78    1    822    822    822     78   0.1281    0.000
A-n39-k5 	BT-3   39    3     78    0    822    842    830     92   0.1426    0.010
A-n39-k5 	BT-3   39    3     78    1    822    822    822     78   0.1291    0.000
A-n39-k5 	BT-3   39   13    156    0    822   1411    837    179   0.2203    0.018
A-n39-k5 	BT-3   39   13    156    1    822   1385    837    298   0.3385    0.018
A-n39-k5 	BT-3   39    6     78    0    822    842    822     95   0.1449    0.000
A-n39-k5 	BT-3   39    6     78    1    822    822    822     78   0.1286    0.000
A-n39-k5 	BT-3   39    3     78    0    822    842    830     92   0.1436    0.010
A-n39-k5 	BT-3   39    3     78    1    822    822    822     78   0.1285    0.000
A-n39-k5 	BT-3   39   13    156    0    822   1411    830    316   0.3650    0.010
A-n39-k5 	BT-3   39   13    156    1    822   1385    837    199   0.2406    0.018
A-n39-k5 	BT-3   39    6     78    0    822    842    822    101   0.1510    0.000
A-n39-k5 	BT-3   39    6     78    1    822    822    822     78   0.1285    0.000
A-n39-k5 	BT-3   39    3     78    0    822    842    822    171   0.2236    0.000
A-n39-k5 	BT-3   39    3     78    1    822    822    822     78   0.1285    0.000
A-n39-k5 	BT-3   39   13    156    0    822   1411    837    179   0.2223    0.018
A-n39-k5 	BT-3   39   13    156    1    822   1385    858    188   0.2295    0.044
A-n39-k5 	BT-3   39    6     78    0    822    842    822     95   0.1474    0.000
A-n39-k5 	BT-3   39    6     78    1    822    822    822     78   0.1297    0.000
A-n39-k5 	BT-3   39    3     78    0    822    842    830     92   0.1429    0.010
A-n39-k5 	BT-3   39    3     78    1    822    822    822     78   0.1282    0.000
A-n39-k5 	BT-3   39   13    156    0    822   1411    837    179   0.2212    0.018
A-n39-k5 	BT-3   39   13    156    1    822   1385    855    313   0.3555    0.040
A-n39-k5 	BT-3   39    6     78    0    822    842    822    101   0.1519    0.000
A-n39-k5 	BT-3   39    6     78    1    822    822    822     78   0.1331    0.000
A-n39-k5 	BT-3   39    3     78    0    822    842    822    142   0.1944    0.000
A-n39-k5 	BT-3   39    3     78    1    822    822    822     78   0.1278    0.000
A-n39-k5 	BT-3   39   13    156    0    822   1411    837    179   0.2227    0.018
A-n39-k5 	BT-3   39   13    156    1    822   1385    829    291   0.3353    0.009
A-n39-k5 	BT-3   39    6     78    0    822    842    822     95   0.1457    0.000
A-n39-k5 	BT-3   39    6     78    1    822    822    822     78   0.1278    0.000
A-n39-k5 	BT-3   39    3     78    0    822    842    822    137   0.1891    0.000
A-n39-k5 	BT-3   39    3     78    1    822    822    822     78   0.1289    0.000
A-n39-k5 	BT-3   39   13    156    0    822   1411    837    179   0.2199    0.018
A-n39-k5 	BT-3   39   13    156    1    822   1385    865    186   0.2276    0.052
A-n39-k5 	BT-3   39    6     78    0    822    842    822     95   0.1465    0.000
A-n39-k5 	BT-3   39    6     78    1    822    822    822     78   0.1303    0.000
A-n39-k5 	BT-3   39    3     78    0    822    842    830     92   0.1435    0.010
A-n39-k5 	BT-3   39    3     78    1    822    822    822     78   0.1317    0.000
A-n39-k5 	BT-3   39   13    156    0    822   1411    837    179   0.2236    0.018
A-n39-k5 	BT-3   39   13    156    1    822   1385    874    183   0.2252    0.063
A-n39-k5 	BT-3   39    6     78    0    822    842    822     96   0.1471    0.000
A-n39-k5 	BT-3   39    6     78    1    822    822    822     78   0.1286    0.000
A-n39-k5 	BT-3   39    3     78    0    822    842    822    149   0.2014    0.000
A-n39-k5 	BT-3   39    3     78    1    822    822    822     78   0.1286    0.000
A-n39-k5 	BT-3   39   13    156    0    822   1411    837    179   0.2209    0.018
A-n39-k5 	BT-3   39   13    156    1    822   1385    850    188   0.2296    0.034
A-n39-k5 	BT-3   39    6     78    0    822    842    822    101   0.1524    0.000
A-n39-k5 	BT-3   39    6     78    1    822    822    822     78   0.1300    0.000
A-n39-k5 	BT-3   39    3     78    0    822    842    822    131   0.1822    0.000
A-n39-k5 	BT-3   39    3     78    1    822    822    822     78   0.1292    0.000
A-n39-k5 	BT-3   39   13    156    0    822   1411    837    179   0.2223    0.018
A-n39-k5 	BT-3   39   13    156    1    822   1385    829    278   0.3329    0.009
A-n39-k5 	BT-3   39    6     78    0    822    842    822    101   0.1521    0.000
A-n39-k5 	BT-3   39    6     78    1    822    822    822     78   0.1286    0.000
A-n39-k5 	BT-3   39    3     78    0    822    842    822    101   0.1530    0.000
A-n39-k5 	BT-3   39    3     78    1    822    822    822     78   0.1278    0.000
A-n39-k5 	BT-3   39   13    156    0    822   1411    837    179   0.2214    0.018
A-n39-k5 	BT-3   39   13    156    1    822   1385    847    295   0.3448    0.030
A-n39-k5 	BT-3   39    6     78    0    822    842    822    103   0.1787    0.000
A-n39-k5 	BT-3   39    6     78    1    822    822    822     78   0.1311    0.000
A-n39-k5 	BT-3   39    3     78    0    822    842    822    121   0.1749    0.000
A-n39-k5 	BT-3   39    3     78    1    822    822    822     78   0.1291    0.000
A-n39-k5 	BT-3   39   13    156    0    822   1411    830    285   0.3362    0.010
A-n39-k5 	BT-3   39   13    156    1    822   1385    834    202   0.2453    0.015
A-n39-k5 	BT-3   39    6     78    0    822    842    822    101   0.1522    0.000
A-n39-k5 	BT-3   39    6     78    1    822    822    822     78   0.1292    0.000
A-n39-k5 	BT-3   39    3     78    0    822    842    830     92   0.1422    0.010
A-n39-k5 	BT-3   39    3     78    1    822    822    822     78   0.1282    0.000
A-n39-k5 	BT-3   39   13    156    0    822   1411    837    179   0.2237    0.018
A-n39-k5 	BT-3   39   13    156    1    822   1385    834    256   0.3028    0.015
A-n39-k5 	BT-3   39    6     78    0    822    842    822    105   0.1561    0.000
A-n39-k5 	BT-3   39    6     78    1    822    822    822     78   0.1297    0.000
A-n39-k5 	BT-3   39    3     78    0    822    842    822    155   0.2076    0.000
A-n39-k5 	BT-3   39    3     78    1    822    822    822     78   0.1286    0.000
A-n39-k5 	BT-3   39   13    156    0    822   1411    837    179   0.2212    0.018
A-n39-k5 	BT-3   39   13    156    1    822   1385    851    253   0.2988    0.035
A-n39-k5 	BT-3   39    6     78    0    822    842    830     90   0.1410    0.010
A-n39-k5 	BT-3   39    6     78    1    822    822    822     78   0.1278    0.000
A-n39-k5 	BT-3   39    3     78    0    822    842    822    148   0.2000    0.000
A-n39-k5 	BT-3   39    3     78    1    822    822    822     78   0.1284    0.000
A-n39-k5 	BT-3   39   13    156    0    822   1411    837    179   0.2209    0.018
A-n39-k5 	BT-3   39   13    156    1    822   1385    850    247   0.2864    0.034
A-n39-k5 	BT-3   39    6     78    0    822    842    822     98   0.1489    0.000
A-n39-k5 	BT-3   39    6     78    1    822    822    822     78   0.1288    0.000
A-n39-k5 	BT-3   39    3     78    0    822    842    822    111   0.1606    0.000
A-n39-k5 	BT-3   39    3     78    1    822    822    822     78   0.1278    0.000
A-n39-k5 	BT-3   39   13    156    0    822   1411    837    179   0.2229    0.018
A-n39-k5 	BT-3   39   13    156    1    822   1385    836    315   0.3566    0.017
A-n39-k5 	BT-3   39    6     78    0    822    842    822     95   0.1468    0.000
A-n39-k5 	BT-3   39    6     78    1    822    822    822     78   0.1295    0.000
A-n39-k5 	BT-3   39    3     78    0    822    842    822     97   0.1462    0.000
A-n39-k5 	BT-3   39    3     78    1    822    822    822     78   0.1283    0.000
A-n39-k5 	BT-3   39   13    156    0    822   1411    837    179   0.2229    0.018
A-n39-k5 	BT-3   39   13    156    1    822   1385    842    221   0.2644    0.024
A-n39-k5 	BT-3   39    6     78    0    822    842    822    105   0.1559    0.000
A-n39-k5 	BT-3   39    6     78    1    822    822    822     78   0.1285    0.000
A-n39-k5 	BT-3   39    3     78    0    822    842    830     92   0.1423    0.010
A-n39-k5 	BT-3   39    3     78    1    822    822    822     78   0.1274    0.000
A-n39-k5 	BT-3   39   13    156    0    822   1411    837    179   0.2194    0.018
A-n39-k5 	BT-3   39   13    156    1    822   1385    844    193   0.2329    0.027
A-n39-k5 	BT-3   39    6     78    0    822    842    822    101   0.1523    0.000
A-n39-k5 	BT-3   39    6     78    1    822    822    822     78   0.1284    0.000
A-n39-k5 	BT-3   39    3     78    0    822    842    822     99   0.1505    0.000
A-n39-k5 	BT-3   39    3     78    1    822    822    822     78   0.1279    0.000
A-n39-k5 	BT-3   39   13    156    0    822   1411    831    243   0.2930    0.011
A-n39-k5 	BT-3   39   13    156    1    822   1385    855    186   0.2266    0.040
A-n39-k5 	BT-3   39    6     78    0    822    842    822    103   0.1550    0.000
A-n39-k5 	BT-3   39    6     78    1    822    822    822     78   0.1285    0.000
A-n39-k5 	BT-3   39    3     78    0    822    842    822    139   0.1908    0.000
A-n39-k5 	BT-3   39    3     78    1    822    822    822     78   0.1272    0.000
A-n39-k5 	BT-3   39   13    156    0    822   1411    827    294   0.3372    0.006
A-n39-k5 	BT-3   39   13    156    1    822   1385    874    183   0.2288    0.063
A-n39-k5 	BT-3   39    6     78    0    822    842    822    101   0.1526    0.000
A-n39-k5 	BT-3   39    6     78    1    822    822    822     78   0.1294    0.000
A-n39-k5 	BT-3   39    3     78    0    822    842    822    120   0.1724    0.000
A-n39-k5 	BT-3   39    3     78    1    822    822    822     78   0.1276    0.000
A-n39-k5 	BT-3   39   13    156    0    822   1411    837    179   0.2241    0.018
A-n39-k5 	BT-3   39   13    156    1    822   1385    848    193   0.2336    0.032
A-n39-k5 	BT-3   39    6     78    0    822    842    822    102   0.1526    0.000
A-n39-k5 	BT-3   39    6     78    1    822    822    822     78   0.1280    0.000
A-n39-k5 	BT-3   39    3     78    0    822    842    830     91   0.1435    0.010
A-n39-k5 	BT-3   39    3     78    1    822    822    822     78   0.1324    0.000
A-n39-k5 	BT-3   39   13    156    0    822   1411    837    179   0.2232    0.018
A-n39-k5 	BT-3   39   13    156    1    822   1385    829    483   0.5428    0.009
A-n39-k5 	BT-3   39    6     78    0    822    842    822     95   0.1468    0.000
A-n39-k5 	BT-3   39    6     78    1    822    822    822     78   0.1281    0.000
A-n39-k5 	BT-3   39    3     78    0    822    842    830     92   0.1467    0.010
A-n39-k5 	BT-3   39    3     78    1    822    822    822     78   0.1376    0.000
