A-n33-k5 	BT-1   33   11    132    0    661   1072    666    143   0.1176    0.008
A-n33-k5 	BT-1   33   11    132    1    661   1011    684    195   0.1692    0.035
A-n33-k5 	BT-1   33    5     66    0    661    681    666     67   0.0633    0.008
A-n33-k5 	BT-1   33    5     66    1    661    666    664     71   0.0619    0.005
A-n33-k5 	BT-1   33    3     66    0    661    707    664     67   0.0627    0.005
A-n33-k5 	BT-1   33    3     66    1    661    664    664     66   0.0559    0.005
A-n33-k5 	BT-2   33   11    132    0    661   1072    678    142   0.1082    0.026
A-n33-k5 	BT-2   33   11    132    1    661   1011    698    141   0.1051    0.056
A-n33-k5 	BT-2   33    5     66    0    661    687    687     66   0.0632    0.039
A-n33-k5 	BT-2   33    5     66    1    661    678    673     83   0.0687    0.018
A-n33-k5 	BT-2   33    3     66    0    661    709    692     76   0.0677    0.047
A-n33-k5 	BT-2   33    3     66    1    661    673    673     66   0.0567    0.018
A-n33-k5 	BT-3   33   11    132    0    661   1072    661    161   0.1140    0.000
A-n33-k5 	BT-3   33   11    132    1    661   1011    664    153   0.1154    0.005
A-n33-k5 	BT-3   33    5     66    0    661    674    661    141   0.1161    0.000
A-n33-k5 	BT-3   33    5     66    1    661    661    661     66   0.0636    0.000
A-n33-k5 	BT-3   33    3     66    0    661    674    661    118   0.0976    0.000
A-n33-k5 	BT-3   33    3     66    1    661    661    661     66   0.0619    0.000
A-n33-k5 	BT-3   33   11    132    0    661   1072    666    152   0.1088    0.008
A-n33-k5 	BT-3   33   11    132    1    661   1011    661    235   0.1608    0.000
A-n33-k5 	BT-3   33    5     66    0    661    674    661     86   0.0792    0.000
A-n33-k5 	BT-3   33    5     66    1    661    661    661     66   0.0631    0.000
A-n33-k5 	BT-3   33    3     66    0    661    674    674     66   0.0639    0.020
A-n33-k5 	BT-3   33    3     66    1    661    661    661     66   0.0648    0.000
A-n33-k5 	BT-3   33   11    132    0    661   1072    666    152   0.1102    0.008
A-n33-k5 	BT-3   33   11    132    1    661   1011    664    153   0.1111    0.005
A-n33-k5 	BT-3   33    5     66    0    661    674    664    149   0.1247    0.005
A-n33-k5 	BT-3   33    5     66    1    661    661    661     66   0.0635    0.000
A-n33-k5 	BT-3   33    3     66    0    661    674    674     66   0.0641    0.020
A-n33-k5 	BT-3   33    3     66    1    661    661    661     66   0.0625    0.000
A-n33-k5 	BT-3   33   11    132    0    661   1072    666    152   0.1095    0.008
A-n33-k5 	BT-3   33   11    132    1    661   1011    664    153   0.1136    0.005
A-n33-k5 	BT-3   33    5     66    0    661    674    661    140   0.1166    0.000
A-n33-k5 	BT-3   33    5     66    1    661    661    661     66   0.0634    0.000
A-n33-k5 	BT-3   33    3     66    0    661    674    674     66   0.0644    0.020
A-n33-k5 	BT-3   33    3     66    1    661    661    661     66   0.0616    0.000
A-n33-k5 	BT-3   33   11    132    0    661   1072    666    152   0.1104    0.008
A-n33-k5 	BT-3   33   11    132    1    661   1011    664    153   0.1151    0.005
A-n33-k5 	BT-3   33    5     66    0    661    674    661    132   0.1116    0.000
A-n33-k5 	BT-3   33    5     66    1    661    661    661     66   0.0641    0.000
A-n33-k5 	BT-3   33    3     66    0    661    674    672    101   0.0886    0.017
A-n33-k5 	BT-3   33    3     66    1    661    661    661     66   0.0632    0.000
A-n33-k5 	BT-3   33   11    132    0    661   1072    662    184   0.1310    0.002
A-n33-k5 	BT-3   33   11    132    1    661   1011    664    153   0.1123    0.005
A-n33-k5 	BT-3   33    5     66    0    661    674    664    112   0.0946    0.005
A-n33-k5 	BT-3   33    5     66    1    661    661    661     66   0.0619    0.000
A-n33-k5 	BT-3   33    3     66    0    661    674    674     66   0.0652    0.020
A-n33-k5 	BT-3   33    3     66    1    661    661    661     66   0.0627    0.000
A-n33-k5 	BT-3   33   11    132    0    661   1072    661    267   0.1817    0.000
A-n33-k5 	BT-3   33   11    132    1    661   1011    664    153   0.1151    0.005
A-n33-k5 	BT-3   33    5     66    0    661    674    664    111   0.0929    0.005
A-n33-k5 	BT-3   33    5     66    1    661    661    661     66   0.0620    0.000
A-n33-k5 	BT-3   33    3     66    0    661    674    674     66   0.0652    0.020
A-n33-k5 	BT-3   33    3     66    1    661    661    661     66   0.0626    0.000
A-n33-k5 	BT-3   33   11    132    0    661   1072    666    152   0.1086    0.008
A-n33-k5 	BT-3   33   11    132    1    661   1011    664    153   0.1142    0.005
A-n33-k5 	BT-3   33    5     66    0    661    674    664    120   0.0997    0.005
A-n33-k5 	BT-3   33    5     66    1    661    661    661     66   0.0620    0.000
A-n33-k5 	BT-3   33    3     66    0    661    674    674     66   0.0651    0.020
A-n33-k5 	BT-3   33    3     66    1    661    661    661     66   0.0628    0.000
A-n33-k5 	BT-3   33   11    132    0    661   1072    661    272   0.1853    0.000
A-n33-k5 	BT-3   33   11    132    1    661   1011    664    153   0.1101    0.005
A-n33-k5 	BT-3   33    5     66    0    661    674    661    153   0.1197    0.000
A-n33-k5 	BT-3   33    5     66    1    661    661    661     66   0.0618    0.000
A-n33-k5 	BT-3   33    3     66    0    661    674    674     66   0.0660    0.020
A-n33-k5 	BT-3   33    3     66    1    661    661    661     66   0.0641    0.000
A-n33-k5 	BT-3   33   11    132    0    661   1072    661    278   0.1906    0.000
A-n33-k5 	BT-3   33   11    132    1    661   1011    664    153   0.1096    0.005
A-n33-k5 	BT-3   33    5     66    0    661    674    664    111   0.0976    0.005
A-n33-k5 	BT-3   33    5     66    1    661    661    661     66   0.0636    0.000
A-n33-k5 	BT-3   33    3     66    0    661    674    672    122   0.1040    0.017
A-n33-k5 	BT-3   33    3     66    1    661    661    661     66   0.0634    0.000
A-n33-k5 	BT-3   33   11    132    0    661   1072    661    253   0.1742    0.000
A-n33-k5 	BT-3   33   11    132    1    661   1011    664    153   0.1140    0.005
A-n33-k5 	BT-3   33    5     66    0    661    674    661    133   0.1082    0.000
A-n33-k5 	BT-3   33    5     66    1    661    661    661     66   0.0624    0.000
A-n33-k5 	BT-3   33    3     66    0    661    674    674     66   0.0643    0.020
A-n33-k5 	BT-3   33    3     66    1    661    661    661     66   0.0618    0.000
A-n33-k5 	BT-3   33   11    132    0    661   1072    661    181   0.1277    0.000
A-n33-k5 	BT-3   33   11    132    1    661   1011    664    153   0.1109    0.005
A-n33-k5 	BT-3   33    5     66    0    661    674    661    142   0.1188    0.000
A-n33-k5 	BT-3   33    5     66    1    661    661    661     66   0.0638    0.000
A-n33-k5 	BT-3   33    3     66    0    661    674    674     66   0.0651    0.020
A-n33-k5 	BT-3   33    3     66    1    661    661    661     66   0.0629    0.000
A-n33-k5 	BT-3   33   11    132    0    661   1072    666    152   0.1096    0.008
A-n33-k5 	BT-3   33   11    132    1    661   1011    664    153   0.1104    0.005
A-n33-k5 	BT-3   33    5     66    0    661    674    661    138   0.1137    0.000
A-n33-k5 	BT-3   33    5     66    1    661    661    661     66   0.0638    0.000
A-n33-k5 	BT-3   33    3     66    0    661    674    674     66   0.0641    0.020
A-n33-k5 	BT-3   33    3     66    1    661    661    661     66   0.0669    0.000
A-n33-k5 	BT-3   33   11    132    0    661   1072    666    152   0.1073    0.008
A-n33-k5 	BT-3   33   11    132    1    661   1011    664    153   0.1094    0.005
A-n33-k5 	BT-3   33    5     66    0    661    674    661    137   0.1148    0.000
A-n33-k5 	BT-3   33    5     66    1    661    661    661     66   0.0630    0.000
A-n33-k5 	BT-3   33    3     66    0    661    674    674     66   0.0645    0.020
A-n33-k5 	BT-3   33    3     66    1    661    661    661     66   0.0619    0.000
A-n33-k5 	BT-3   33   11    132    0    661   1072    666    152   0.1086    0.008
A-n33-k5 	BT-3   33   11    132    1    661   1011    664    153   0.1092    0.005
A-n33-k5 	BT-3   33    5     66    0    661    674    664     89   0.0815    0.005
A-n33-k5 	BT-3   33    5     66    1    661    661    661     66   0.0641    0.000
A-n33-k5 	BT-3   33    3     66    0    661    674    674     66   0.0632    0.020
A-n33-k5 	BT-3   33    3     66    1    661    661    661     66   0.0616    0.000
A-n33-k5 	BT-3   33   11    132    0    661   1072    661    273   0.2047    0.000
A-n33-k5 	BT-3   33   11    132    1    661   1011    664    153   0.1191    0.005
A-n33-k5 	BT-3   33    5     66    0    661    674    664    163   0.1304    0.005
A-n33-k5 	BT-3   33    5     66    1    661    661    661     66   0.0628    0.000
A-n33-k5 	BT-3   33    3     66    0    661    674    674     66   0.0638    0.020
A-n33-k5 	BT-3   33    3     66    1    661    661    661     66   0.0624    0.000
A-n33-k5 	BT-3   33   11    132    0    661   1072    666    152   0.1082    0.008
A-n33-k5 	BT-3   33   11    132    1    661   1011    664    153   0.1104    0.005
A-n33-k5 	BT-3   33    5     66    0    661    674    661    135   0.1128    0.000
A-n33-k5 	BT-3   33    5     66    1    661    661    661     66   0.0628    0.000
A-n33-k5 	BT-3   33    3     66    0    661    674    674     66   0.0661    0.020
A-n33-k5 	BT-3   33    3     66    1    661    661    661     66   0.0634    0.000
A-n33-k5 	BT-3   33   11    132    0    661   1072    666    152   0.1102    0.008
A-n33-k5 	BT-3   33   11    132    1    661   1011    664    153   0.1198    0.005
A-n33-k5 	BT-3   33    5     66    0    661    674    664    106   0.0931    0.005
A-n33-k5 	BT-3   33    5     66    1    661    661    661     66   0.0625    0.000
A-n33-k5 	BT-3   33    3     66    0    661    674    674     66   0.0653    0.020
A-n33-k5 	BT-3   33    3     66    1    661    661    661     66   0.0638    0.000
A-n33-k5 	BT-3   33   11    132    0    661   1072    664    219   0.1505    0.005
A-n33-k5 	BT-3   33   11    132    1    661   1011    664    153   0.1121    0.005
A-n33-k5 	BT-3   33    5     66    0    661    674    661    135   0.1121    0.000
A-n33-k5 	BT-3   33    5     66    1    661    661    661     66   0.0616    0.000
A-n33-k5 	BT-3   33    3     66    0    661    674    674     66   0.0651    0.020
A-n33-k5 	BT-3   33    3     66    1    661    661    661     66   0.0619    0.000
A-n33-k5 	BT-3   33   11    132    0    661   1072    666    152   0.1079    0.008
A-n33-k5 	BT-3   33   11    132    1    661   1011    664    153   0.1135    0.005
A-n33-k5 	BT-3   33    5     66    0    661    674    664    115   0.0966    0.005
A-n33-k5 	BT-3   33    5     66    1    661    661    661     66   0.0635    0.000
A-n33-k5 	BT-3   33    3     66    0    661    674    674     66   0.0642    0.020
A-n33-k5 	BT-3   33    3     66    1    661    661    661     66   0.0625    0.000
A-n33-k5 	BT-3   33   11    132    0    661   1072    661    177   0.1246    0.000
A-n33-k5 	BT-3   33   11    132    1    661   1011    664    153   0.1105    0.005
A-n33-k5 	BT-3   33    5     66    0    661    674    661    188   0.1497    0.000
A-n33-k5 	BT-3   33    5     66    1    661    661    661     66   0.0623    0.000
A-n33-k5 	BT-3   33    3     66    0    661    674    674     66   0.0650    0.020
A-n33-k5 	BT-3   33    3     66    1    661    661    661     66   0.0634    0.000
A-n33-k5 	BT-3   33   11    132    0    661   1072    666    152   0.1083    0.008
A-n33-k5 	BT-3   33   11    132    1    661   1011    664    153   0.1107    0.005
A-n33-k5 	BT-3   33    5     66    0    661    674    661    132   0.1088    0.000
A-n33-k5 	BT-3   33    5     66    1    661    661    661     66   0.0628    0.000
A-n33-k5 	BT-3   33    3     66    0    661    674    674     66   0.0692    0.020
A-n33-k5 	BT-3   33    3     66    1    661    661    661     66   0.0620    0.000
A-n33-k5 	BT-3   33   11    132    0    661   1072    662    212   0.1504    0.002
A-n33-k5 	BT-3   33   11    132    1    661   1011    664    153   0.1157    0.005
A-n33-k5 	BT-3   33    5     66    0    661    674    661    150   0.1237    0.000
A-n33-k5 	BT-3   33    5     66    1    661    661    661     66   0.0641    0.000
A-n33-k5 	BT-3   33    3     66    0    661    674    674     66   0.0650    0.020
A-n33-k5 	BT-3   33    3     66    1    661    661    661     66   0.0622    0.000
A-n33-k5 	BT-3   33   11    132    0    661   1072    661    183   0.1270    0.000
A-n33-k5 	BT-3   33   11    132    1    661   1011    664    153   0.1109    0.005
A-n33-k5 	BT-3   33    5     66    0    661    674    661    148   0.1177    0.000
A-n33-k5 	BT-3   33    5     66    1    661    661    661     66   0.0620    0.000
A-n33-k5 	BT-3   33    3     66    0    661    674    674     66   0.0641    0.020
A-n33-k5 	BT-3   33    3     66    1    661    661    661     66   0.0627    0.000
A-n33-k5 	BT-3   33   11    132    0    661   1072    661    177   0.1318    0.000
A-n33-k5 	BT-3   33   11    132    1    661   1011    664    153   0.1153    0.005
A-n33-k5 	BT-3   33    5     66    0    661    674    661    175   0.1327    0.000
A-n33-k5 	BT-3   33    5     66    1    661    661    661     66   0.0617    0.000
A-n33-k5 	BT-3   33    3     66    0    661    674    674     66   0.0662    0.020
A-n33-k5 	BT-3   33    3     66    1    661    661    661     66   0.0636    0.000
A-n33-k5 	BT-3   33   11    132    0    661   1072    662    270   0.2057    0.002
A-n33-k5 	BT-3   33   11    132    1    661   1011    664    153   0.1379    0.005
A-n33-k5 	BT-3   33    5     66    0    661    674    664    111   0.1018    0.005
A-n33-k5 	BT-3   33    5     66    1    661    661    661     66   0.0721    0.000
A-n33-k5 	BT-3   33    3     66    0    661    674    674     66   0.0723    0.020
A-n33-k5 	BT-3   33    3     66    1    661    661    661     66   0.0670    0.000
A-n33-k5 	BT-3   33   11    132    0    661   1072    666    152   0.1068    0.008
A-n33-k5 	BT-3   33   11    132    1    661   1011    664    153   0.1143    0.005
A-n33-k5 	BT-3   33    5     66    0    661    674    661    155   0.1236    0.000
A-n33-k5 	BT-3   33    5     66    1    661    661    661     66   0.0636    0.000
A-n33-k5 	BT-3   33    3     66    0    661    674    674     66   0.0639    0.020
A-n33-k5 	BT-3   33    3     66    1    661    661    661     66   0.0616    0.000
A-n33-k5 	BT-3   33   11    132    0    661   1072    661    216   0.1502    0.000
A-n33-k5 	BT-3   33   11    132    1    661   1011    664    153   0.1144    0.005
A-n33-k5 	BT-3   33    5     66    0    661    674    661    109   0.0970    0.000
A-n33-k5 	BT-3   33    5     66    1    661    661    661     66   0.0647    0.000
A-n33-k5 	BT-3   33    3     66    0    661    674    674     66   0.0701    0.020
A-n33-k5 	BT-3   33    3     66    1    661    661    661     66   0.0625    0.000
A-n33-k5 	BT-3   33   11    132    0    661   1072    661    219   0.1589    0.000
A-n33-k5 	BT-3   33   11    132    1    661   1011    664    153   0.1168    0.005
A-n33-k5 	BT-3   33    5     66    0    661    674    661    112   0.0939    0.000
A-n33-k5 	BT-3   33    5     66    1    661    661    661     66   0.0618    0.000
A-n33-k5 	BT-3   33    3     66    0    661    674    674     66   0.0647    0.020
A-n33-k5 	BT-3   33    3     66    1    661    661    661     66   0.0635    0.000
A-n33-k5 	BT-3   33   11    132    0    661   1072    666    152   0.1132    0.008
A-n33-k5 	BT-3   33   11    132    1    661   1011    664    153   0.1162    0.005
A-n33-k5 	BT-3   33    5     66    0    661    674    664    107   0.0911    0.005
A-n33-k5 	BT-3   33    5     66    1    661    661    661     66   0.0629    0.000
A-n33-k5 	BT-3   33    3     66    0    661    674    674     66   0.0655    0.020
A-n33-k5 	BT-3   33    3     66    1    661    661    661     66   0.0628    0.000
A-n33-k5 	BT-3   33   11    132    0    661   1072    661    204   0.1490    0.000
A-n33-k5 	BT-3   33   11    132    1    661   1011    664    153   0.1324    0.005
A-n33-k5 	BT-3   33    5     66    0    661    674    664    137   0.1126    0.005
A-n33-k5 	BT-3   33    5     66    1    661    661    661     66   0.0640    0.000
A-n33-k5 	BT-3   33    3     66    0    661    674    674     66   0.0648    0.020
A-n33-k5 	BT-3   33    3     66    1    661    661    661     66   0.0630    0.000
A-n33-k5 	BT-3   33   11    132    0    661   1072    666    152   0.1099    0.008
A-n33-k5 	BT-3   33   11    132    1    661   1011    664    153   0.1138    0.005
A-n33-k5 	BT-3   33    5     66    0    661    674    661    140   0.1145    0.000
A-n33-k5 	BT-3   33    5     66    1    661    661    661     66   0.0636    0.000
A-n33-k5 	BT-3   33    3     66    0    661    674    674     66   0.0650    0.020
A-n33-k5 	BT-3   33    3     66    1    661    661    661     66   0.0651    0.000
A-n33-k5 	BT-3   33   11    132    0    661   1072    661    252   0.1765    0.000
A-n33-k5 	BT-3   33   11    132    1    661   1011    664    153   0.1163    0.005
A-n33-k5 	BT-3   33    5     66    0    661    674    664    106   0.0922    0.005
A-n33-k5 	BT-3   33    5     66    1    661    661    661     66   0.0638    0.000
A-n33-k5 	BT-3   33    3     66    0    661    674    674     66   0.0650    0.020
A-n33-k5 	BT-3   33    3     66    1    661    661    661     66   0.0625    0.000
A-n33-k5 	BT-3   33   11    132    0    661   1072    662    158   0.1136    0.002
A-n33-k5 	BT-3   33   11    132    1    661   1011    664    153   0.1139    0.005
A-n33-k5 	BT-3   33    5     66    0    661    674    664     98   0.0877    0.005
A-n33-k5 	BT-3   33    5     66    1    661    661    661     66   0.0628    0.000
A-n33-k5 	BT-3   33    3     66    0    661    674    674     66   0.0644    0.020
A-n33-k5 	BT-3   33    3     66    1    661    661    661     66   0.0621    0.000
A-n33-k5 	BT-3   33   11    132    0    661   1072    666    152   0.1092    0.008
A-n33-k5 	BT-3   33   11    132    1    661   1011    664    153   0.1122    0.005
A-n33-k5 	BT-3   33    5     66    0    661    674    661    146   0.1162    0.000
A-n33-k5 	BT-3   33    5     66    1    661    661    661     66   0.0620    0.000
A-n33-k5 	BT-3   33    3     66    0    661    674    674     66   0.0654    0.020
A-n33-k5 	BT-3   33    3     66    1    661    661    661     66   0.0645    0.000
A-n33-k5 	BT-3   33   11    132    0    661   1072    665    161   0.1214    0.006
A-n33-k5 	BT-3   33   11    132    1    661   1011    664    153   0.1208    0.005
A-n33-k5 	BT-3   33    5     66    0    661    674    661    128   0.1060    0.000
A-n33-k5 	BT-3   33    5     66    1    661    661    661     66   0.0616    0.000
A-n33-k5 	BT-3   33    3     66    0    661    674    672    130   0.1108    0.017
A-n33-k5 	BT-3   33    3     66    1    661    661    661     66   0.0636    0.000
A-n33-k5 	BT-3   33   11    132    0    661   1072    661    182   0.1288    0.000
A-n33-k5 	BT-3   33   11    132    1    661   1011    664    153   0.1092    0.005
A-n33-k5 	BT-3   33    5     66    0    661    674    664     96   0.0874    0.005
A-n33-k5 	BT-3   33    5     66    1    661    661    661     66   0.0642    0.000
A-n33-k5 	BT-3   33    3     66    0    661    674    674     66   0.0665    0.020
A-n33-k5 	BT-3   33    3     66    1    661    661    661     66   0.0641    0.000
A-n33-k5 	BT-3   33   11    132    0    661   1072    666    152   0.1089    0.008
A-n33-k5 	BT-3   33   11    132    1    661   1011    664    153   0.1342    0.005
A-n33-k5 	BT-3   33    5     66    0    661    674    664    149   0.1195    0.005
A-n33-k5 	BT-3   33    5     66    1    661    661    661     66   0.0626    0.000
A-n33-k5 	BT-3   33    3     66    0    661    674    674     66   0.0656    0.020
A-n33-k5 	BT-3   33    3     66    1    661    661    661     66   0.0641    0.000
A-n33-k5 	BT-3   33   11    132    0    661   1072    661    239   0.1670    0.000
A-n33-k5 	BT-3   33   11    132    1    661   1011    664    153   0.1093    0.005
A-n33-k5 	BT-3   33    5     66    0    661    674    661    206   0.1570    0.000
A-n33-k5 	BT-3   33    5     66    1    661    661    661     66   0.0725    0.000
A-n33-k5 	BT-3   33    3     66    0    661    674    674     66   0.0724    0.020
A-n33-k5 	BT-3   33    3     66    1    661    661    661     66   0.0625    0.000
A-n33-k5 	BT-3   33   11    132    0    661   1072    666    152   0.1078    0.008
A-n33-k5 	BT-3   33   11    132    1    661   1011    664    153   0.1130    0.005
A-n33-k5 	BT-3   33    5     66    0    661    674    664    163   0.1360    0.005
A-n33-k5 	BT-3   33    5     66    1    661    661    661     66   0.0625    0.000
A-n33-k5 	BT-3   33    3     66    0    661    674    674     66   0.0643    0.020
A-n33-k5 	BT-3   33    3     66    1    661    661    661     66   0.0637    0.000
A-n33-k5 	BT-3   33   11    132    0    661   1072    661    184   0.1288    0.000
A-n33-k5 	BT-3   33   11    132    1    661   1011    664    153   0.1104    0.005
A-n33-k5 	BT-3   33    5     66    0    661    674    661    142   0.1195    0.000
A-n33-k5 	BT-3   33    5     66    1    661    661    661     66   0.0627    0.000
A-n33-k5 	BT-3   33    3     66    0    661    674    674     66   0.0658    0.020
A-n33-k5 	BT-3   33    3     66    1    661    661    661     66   0.0643    0.000
A-n33-k5 	BT-3   33   11    132    0    661   1072    666    152   0.1099    0.008
A-n33-k5 	BT-3   33   11    132    1    661   1011    664    153   0.1102    0.005
A-n33-k5 	BT-3   33    5     66    0    661    674    661    130   0.1079    0.000
A-n33-k5 	BT-3   33    5     66    1    661    661    661     66   0.0625    0.000
A-n33-k5 	BT-3   33    3     66    0    661    674    674     66   0.0637    0.020
A-n33-k5 	BT-3   33    3     66    1    661    661    661     66   0.0621    0.000
A-n33-k5 	BT-3   33   11    132    0    661   1072    661    161   0.1133    0.000
A-n33-k5 	BT-3   33   11    132    1    661   1011    664    153   0.1088    0.005
A-n33-k5 	BT-3   33    5     66    0    661    674    661    103   0.0918    0.000
A-n33-k5 	BT-3   33    5     66    1    661    661    661     66   0.0640    0.000
A-n33-k5 	BT-3   33    3     66    0    661    674    674     66   0.0669    0.020
A-n33-k5 	BT-3   33    3     66    1    661    661    661     66   0.0626    0.000
A-n33-k5 	BT-3   33   11    132    0    661   1072    662    203   0.1484    0.002
A-n33-k5 	BT-3   33   11    132    1    661   1011    664    153   0.1116    0.005
A-n33-k5 	BT-3   33    5     66    0    661    674    664    117   0.0964    0.005
A-n33-k5 	BT-3   33    5     66    1    661    661    661     66   0.0621    0.000
A-n33-k5 	BT-3   33    3     66    0    661    674    674     66   0.0644    0.020
A-n33-k5 	BT-3   33    3     66    1    661    661    661     66   0.0624    0.000
A-n33-k5 	BT-3   33   11    132    0    661   1072    666    152   0.1100    0.008
A-n33-k5 	BT-3   33   11    132    1    661   1011    664    153   0.1141    0.005
A-n33-k5 	BT-3   33    5     66    0    661    674    661    137   0.1134    0.000
A-n33-k5 	BT-3   33    5     66    1    661    661    661     66   0.0623    0.000
A-n33-k5 	BT-3   33    3     66    0    661    674    674     66   0.0660    0.020
A-n33-k5 	BT-3   33    3     66    1    661    661    661     66   0.0651    0.000
A-n33-k5 	BT-3   33   11    132    0    661   1072    666    152   0.1109    0.008
A-n33-k5 	BT-3   33   11    132    1    661   1011    664    153   0.1127    0.005
A-n33-k5 	BT-3   33    5     66    0    661    674    664    153   0.1261    0.005
A-n33-k5 	BT-3   33    5     66    1    661    661    661     66   0.0622    0.000
A-n33-k5 	BT-3   33    3     66    0    661    674    674     66   0.0657    0.020
A-n33-k5 	BT-3   33    3     66    1    661    661    661     66   0.0632    0.000
A-n33-k5 	BT-3   33   11    132    0    661   1072    661    178   0.1256    0.000
A-n33-k5 	BT-3   33   11    132    1    661   1011    664    153   0.1165    0.005
A-n33-k5 	BT-3   33    5     66    0    661    674    661    174   0.1416    0.000
A-n33-k5 	BT-3   33    5     66    1    661    661    661     66   0.0629    0.000
A-n33-k5 	BT-3   33    3     66    0    661    674    674     66   0.0678    0.020
A-n33-k5 	BT-3   33    3     66    1    661    661    661     66   0.0633    0.000
A-n33-k5 	BT-3   33   11    132    0    661   1072    661    184   0.1326    0.000
A-n33-k5 	BT-3   33   11    132    1    661   1011    664    153   0.1127    0.005
A-n33-k5 	BT-3   33    5     66    0    661    674    661    150   0.1306    0.000
A-n33-k5 	BT-3   33    5     66    1    661    661    661     66   0.0646    0.000
A-n33-k5 	BT-3   33    3     66    0    661    674    674     66   0.0642    0.020
A-n33-k5 	BT-3   33    3     66    1    661    661    661     66   0.0621    0.000
A-n33-k5 	BT-3   33   11    132    0    661   1072    661    245   0.1759    0.000
A-n33-k5 	BT-3   33   11    132    1    661   1011    664    153   0.1146    0.005
A-n33-k5 	BT-3   33    5     66    0    661    674    664    113   0.0967    0.005
A-n33-k5 	BT-3   33    5     66    1    661    661    661     66   0.0629    0.000
A-n33-k5 	BT-3   33    3     66    0    661    674    674     66   0.0639    0.020
A-n33-k5 	BT-3   33    3     66    1    661    661    661     66   0.0619    0.000
A-n33-k5 	BT-3   33   11    132    0    661   1072    662    220   0.1508    0.002
A-n33-k5 	BT-3   33   11    132    1    661   1011    664    153   0.1167    0.005
A-n33-k5 	BT-3   33    5     66    0    661    674    674     66   0.0645    0.020
A-n33-k5 	BT-3   33    5     66    1    661    661    661     66   0.0634    0.000
A-n33-k5 	BT-3   33    3     66    0    661    674    674     66   0.0646    0.020
A-n33-k5 	BT-3   33    3     66    1    661    661    661     66   0.0617    0.000
A-n33-k5 	BT-3   33   11    132    0    661   1072    661    322   0.2268    0.000
A-n33-k5 	BT-3   33   11    132    1    661   1011    664    153   0.1098    0.005
A-n33-k5 	BT-3   33    5     66    0    661    674    664    113   0.1003    0.005
A-n33-k5 	BT-3   33    5     66    1    661    661    661     66   0.0636    0.000
A-n33-k5 	BT-3   33    3     66    0    661    674    674     66   0.0637    0.020
A-n33-k5 	BT-3   33    3     66    1    661    661    661     66   0.0661    0.000
A-n33-k5 	BT-3   33   11    132    0    661   1072    666    152   0.1091    0.008
A-n33-k5 	BT-3   33   11    132    1    661   1011    664    153   0.1102    0.005
A-n33-k5 	BT-3   33    5     66    0    661    674    661    143   0.1179    0.000
A-n33-k5 	BT-3   33    5     66    1    661    661    661     66   0.0669    0.000
A-n33-k5 	BT-3   33    3     66    0    661    674    674     66   0.0663    0.020
A-n33-k5 	BT-3   33    3     66    1    661    661    661     66   0.0624    0.000
A-n33-k5 	BT-3   33   11    132    0    661   1072    666    152   0.1085    0.008
A-n33-k5 	BT-3   33   11    132    1    661   1011    664    153   0.1158    0.005
A-n33-k5 	BT-3   33    5     66    0    661    674    672    100   0.0893    0.017
A-n33-k5 	BT-3   33    5     66    1    661    661    661     66   0.0636    0.000
A-n33-k5 	BT-3   33    3     66    0    661    674    674     66   0.0649    0.020
A-n33-k5 	BT-3   33    3     66    1    661    661    661     66   0.0623    0.000
A-n33-k5 	BT-3   33   11    132    0    661   1072    666    152   0.1066    0.008
A-n33-k5 	BT-3   33   11    132    1    661   1011    664    153   0.1159    0.005
A-n33-k5 	BT-3   33    5     66    0    661    674    661    132   0.1103    0.000
A-n33-k5 	BT-3   33    5     66    1    661    661    661     66   0.0636    0.000
A-n33-k5 	BT-3   33    3     66    0    661    674    674     66   0.0639    0.020
A-n33-k5 	BT-3   33    3     66    1    661    661    661     66   0.0616    0.000
A-n33-k5 	BT-3   33   11    132    0    661   1072    666    152   0.1125    0.008
A-n33-k5 	BT-3   33   11    132    1    661   1011    664    153   0.1133    0.005
A-n33-k5 	BT-3   33    5     66    0    661    674    664    109   0.0974    0.005
A-n33-k5 	BT-3   33    5     66    1    661    661    661     66   0.0635    0.000
A-n33-k5 	BT-3   33    3     66    0    661    674    674     66   0.0657    0.020
A-n33-k5 	BT-3   33    3     66    1    661    661    661     66   0.0615    0.000
A-n33-k5 	BT-3   33   11    132    0    661   1072    664    167   0.1199    0.005
A-n33-k5 	BT-3   33   11    132    1    661   1011    664    153   0.1104    0.005
A-n33-k5 	BT-3   33    5     66    0    661    674    661    110   0.0924    0.000
A-n33-k5 	BT-3   33    5     66    1    661    661    661     66   0.0629    0.000
A-n33-k5 	BT-3   33    3     66    0    661    674    674     66   0.0676    0.020
A-n33-k5 	BT-3   33    3     66    1    661    661    661     66   0.0629    0.000
A-n33-k5 	BT-3   33   11    132    0    661   1072    666    152   0.1090    0.008
A-n33-k5 	BT-3   33   11    132    1    661   1011    664    153   0.1172    0.005
A-n33-k5 	BT-3   33    5     66    0    661    674    661    117   0.1217    0.000
A-n33-k5 	BT-3   33    5     66    1    661    661    661     66   0.0631    0.000
A-n33-k5 	BT-3   33    3     66    0    661    674    674     66   0.0663    0.020
A-n33-k5 	BT-3   33    3     66    1    661    661    661     66   0.0635    0.000
A-n33-k5 	BT-3   33   11    132    0    661   1072    661    249   0.1765    0.000
A-n33-k5 	BT-3   33   11    132    1    661   1011    664    153   0.1082    0.005
A-n33-k5 	BT-3   33    5     66    0    661    674    661    101   0.0902    0.000
A-n33-k5 	BT-3   33    5     66    1    661    661    661     66   0.0631    0.000
A-n33-k5 	BT-3   33    3     66    0    661    674    674     66   0.0639    0.020
A-n33-k5 	BT-3   33    3     66    1    661    661    661     66   0.0622    0.000
A-n33-k5 	BT-3   33   11    132    0    661   1072    664    225   0.1605    0.005
A-n33-k5 	BT-3   33   11    132    1    661   1011    664    153   0.1103    0.005
A-n33-k5 	BT-3   33    5     66    0    661    674    664     85   0.0792    0.005
A-n33-k5 	BT-3   33    5     66    1    661    661    661     66   0.0654    0.000
A-n33-k5 	BT-3   33    3     66    0    661    674    674     66   0.0644    0.020
A-n33-k5 	BT-3   33    3     66    1    661    661    661     66   0.0615    0.000
A-n33-k5 	BT-3   33   11    132    0    661   1072    666    152   0.1074    0.008
A-n33-k5 	BT-3   33   11    132    1    661   1011    664    153   0.1128    0.005
A-n33-k5 	BT-3   33    5     66    0    661    674    672     98   0.0832    0.017
A-n33-k5 	BT-3   33    5     66    1    661    661    661     66   0.0639    0.000
A-n33-k5 	BT-3   33    3     66    0    661    674    674     66   0.0644    0.020
A-n33-k5 	BT-3   33    3     66    1    661    661    661     66   0.0649    0.000
A-n33-k5 	BT-3   33   11    132    0    661   1072    666    152   0.1125    0.008
A-n33-k5 	BT-3   33   11    132    1    661   1011    664    153   0.1134    0.005
A-n33-k5 	BT-3   33    5     66    0    661    674    661    126   0.1058    0.000
A-n33-k5 	BT-3   33    5     66    1    661    661    661     66   0.0641    0.000
A-n33-k5 	BT-3   33    3     66    0    661    674    672    121   0.1053    0.017
A-n33-k5 	BT-3   33    3     66    1    661    661    661     66   0.0685    0.000
A-n33-k5 	BT-3   33   11    132    0    661   1072    692    153   0.1120    0.047
A-n33-k5 	BT-3   33   11    132    1    661   1011    664    153   0.1131    0.005
A-n33-k5 	BT-3   33    5     66    0    661    674    661    149   0.1208    0.000
A-n33-k5 	BT-3   33    5     66    1    661    661    661     66   0.0636    0.000
A-n33-k5 	BT-3   33    3     66    0    661    674    674     66   0.0648    0.020
A-n33-k5 	BT-3   33    3     66    1    661    661    661     66   0.0634    0.000
A-n33-k5 	BT-3   33   11    132    0    661   1072    661    247   0.1690    0.000
A-n33-k5 	BT-3   33   11    132    1    661   1011    664    153   0.1117    0.005
A-n33-k5 	BT-3   33    5     66    0    661    674    661    112   0.0946    0.000
A-n33-k5 	BT-3   33    5     66    1    661    661    661     66   0.0633    0.000
A-n33-k5 	BT-3   33    3     66    0    661    674    674     66   0.0642    0.020
A-n33-k5 	BT-3   33    3     66    1    661    661    661     66   0.0637    0.000
A-n33-k5 	BT-3   33   11    132    0    661   1072    661    196   0.1428    0.000
A-n33-k5 	BT-3   33   11    132    1    661   1011    664    153   0.1146    0.005
A-n33-k5 	BT-3   33    5     66    0    661    674    664    114   0.0975    0.005
A-n33-k5 	BT-3   33    5     66    1    661    661    661     66   0.0625    0.000
A-n33-k5 	BT-3   33    3     66    0    661    674    674     66   0.0631    0.020
A-n33-k5 	BT-3   33    3     66    1    661    661    661     66   0.0620    0.000
A-n33-k5 	BT-3   33   11    132    0    661   1072    666    152   0.1105    0.008
A-n33-k5 	BT-3   33   11    132    1    661   1011    664    153   0.1123    0.005
A-n33-k5 	BT-3   33    5     66    0    661    674    664    137   0.1147    0.005
A-n33-k5 	BT-3   33    5     66    1    661    661    661     66   0.0621    0.000
A-n33-k5 	BT-3   33    3     66    0    661    674    674     66   0.0641    0.020
A-n33-k5 	BT-3   33    3     66    1    661    661    661     66   0.0618    0.000
A-n33-k5 	BT-3   33   11    132    0    661   1072    666    152   0.1085    0.008
A-n33-k5 	BT-3   33   11    132    1    661   1011    664    153   0.1133    0.005
A-n33-k5 	BT-3   33    5     66    0    661    674    664    128   0.1131    0.005
A-n33-k5 	BT-3   33    5     66    1    661    661    661     66   0.0631    0.000
A-n33-k5 	BT-3   33    3     66    0    661    674    674     66   0.0637    0.020
A-n33-k5 	BT-3   33    3     66    1    661    661    661     66   0.0618    0.000
A-n33-k5 	BT-3   33   11    132    0    661   1072    661    270   0.1880    0.000
A-n33-k5 	BT-3   33   11    132    1    661   1011    664    153   0.1156    0.005
A-n33-k5 	BT-3   33    5     66    0    661    674    661    153   0.1254    0.000
A-n33-k5 	BT-3   33    5     66    1    661    661    661     66   0.0644    0.000
A-n33-k5 	BT-3   33    3     66    0    661    674    674     66   0.0630    0.020
A-n33-k5 	BT-3   33    3     66    1    661    661    661     66   0.0619    0.000
A-n33-k5 	BT-3   33   11    132    0    661   1072    666    152   0.1111    0.008
A-n33-k5 	BT-3   33   11    132    1    661   1011    664    153   0.1121    0.005
A-n33-k5 	BT-3   33    5     66    0    661    674    661    130   0.1121    0.000
A-n33-k5 	BT-3   33    5     66    1    661    661    661     66   0.0647    0.000
A-n33-k5 	BT-3   33    3     66    0    661    674    674     66   0.0647    0.020
A-n33-k5 	BT-3   33    3     66    1    661    661    661     66   0.0630    0.000
A-n33-k5 	BT-3   33   11    132    0    661   1072    666    152   0.1089    0.008
A-n33-k5 	BT-3   33   11    132    1    661   1011    664    153   0.1099    0.005
A-n33-k5 	BT-3   33    5     66    0    661    674    664    123   0.1034    0.005
A-n33-k5 	BT-3   33    5     66    1    661    661    661     66   0.0632    0.000
A-n33-k5 	BT-3   33    3     66    0    661    674    674     66   0.0665    0.020
A-n33-k5 	BT-3   33    3     66    1    661    661    661     66   0.0638    0.000
A-n33-k5 	BT-3   33   11    132    0    661   1072    661    249   0.1702    0.000
A-n33-k5 	BT-3   33   11    132    1    661   1011    664    153   0.1171    0.005
A-n33-k5 	BT-3   33    5     66    0    661    674    664    101   0.0969    0.005
A-n33-k5 	BT-3   33    5     66    1    661    661    661     66   0.0620    0.000
A-n33-k5 	BT-3   33    3     66    0    661    674    674     66   0.0639    0.020
A-n33-k5 	BT-3   33    3     66    1    661    661    661     66   0.0625    0.000
A-n33-k5 	BT-3   33   11    132    0    661   1072    666    152   0.1103    0.008
A-n33-k5 	BT-3   33   11    132    1    661   1011    664    153   0.1103    0.005
A-n33-k5 	BT-3   33    5     66    0    661    674    664    108   0.0905    0.005
A-n33-k5 	BT-3   33    5     66    1    661    661    661     66   0.0616    0.000
A-n33-k5 	BT-3   33    3     66    0    661    674    674     66   0.0657    0.020
A-n33-k5 	BT-3   33    3     66    1    661    661    661     66   0.0632    0.000
A-n33-k5 	BT-3   33   11    132    0    661   1072    661    161   0.1181    0.000
A-n33-k5 	BT-3   33   11    132    1    661   1011    664    153   0.1110    0.005
A-n33-k5 	BT-3   33    5     66    0    661    674    664    112   0.0998    0.005
A-n33-k5 	BT-3   33    5     66    1    661    661    661     66   0.0632    0.000
A-n33-k5 	BT-3   33    3     66    0    661    674    674     66   0.0669    0.020
A-n33-k5 	BT-3   33    3     66    1    661    661    661     66   0.0637    0.000
A-n33-k5 	BT-3   33   11    132    0    661   1072    666    152   0.1140    0.008
A-n33-k5 	BT-3   33   11    132    1    661   1011    664    153   0.1145    0.005
A-n33-k5 	BT-3   33    5     66    0    661    674    661    114   0.0985    0.000
A-n33-k5 	BT-3   33    5     66    1    661    661    661     66   0.0637    0.000
A-n33-k5 	BT-3   33    3     66    0    661    674    674     66   0.0636    0.020
A-n33-k5 	BT-3   33    3     66    1    661    661    661     66   0.0615    0.000
A-n33-k5 	BT-3   33   11    132    0    661   1072    661    281   0.1924    0.000
A-n33-k5 	BT-3   33   11    132    1    661   1011    664    153   0.1148    0.005
A-n33-k5 	BT-3   33    5     66    0    661    674    661    126   0.1063    0.000
A-n33-k5 	BT-3   33    5     66    1    661    661    661     66   0.0629    0.000
A-n33-k5 	BT-3   33    3     66    0    661    674    674     66   0.0672    0.020
A-n33-k5 	BT-3   33    3     66    1    661    661    661     66   0.0622    0.000
A-n33-k5 	BT-3   33   11    132    0    661   1072    666    152   0.1103    0.008
A-n33-k5 	BT-3   33   11    132    1    661   1011    664    153   0.1142    0.005
A-n33-k5 	BT-3   33    5     66    0    661    674    661    130   0.1073    0.000
A-n33-k5 	BT-3   33    5     66    1    661    661    661     66   0.0624    0.000
A-n33-k5 	BT-3   33    3     66    0    661    674    674     66   0.0647    0.020
A-n33-k5 	BT-3   33    3     66    1    661    661    661     66   0.0643    0.000
A-n33-k5 	BT-3   33   11    132    0    661   1072    666    152   0.1200    0.008
A-n33-k5 	BT-3   33   11    132    1    661   1011    664    153   0.1202    0.005
A-n33-k5 	BT-3   33    5     66    0    661    674    661     91   0.0828    0.000
A-n33-k5 	BT-3   33    5     66    1    661    661    661     66   0.0657    0.000
A-n33-k5 	BT-3   33    3     66    0    661    674    674     66   0.0668    0.020
A-n33-k5 	BT-3   33    3     66    1    661    661    661     66   0.0653    0.000
A-n33-k5 	BT-3   33   11    132    0    661   1072    664    265   0.2111    0.005
A-n33-k5 	BT-3   33   11    132    1    661   1011    664    153   0.1134    0.005
A-n33-k5 	BT-3   33    5     66    0    661    674    674     66   0.0666    0.020
A-n33-k5 	BT-3   33    5     66    1    661    661    661     66   0.0647    0.000
A-n33-k5 	BT-3   33    3     66    0    661    674    674     66   0.0644    0.020
A-n33-k5 	BT-3   33    3     66    1    661    661    661     66   0.0628    0.000
A-n33-k5 	BT-3   33   11    132    0    661   1072    666    152   0.1094    0.008
A-n33-k5 	BT-3   33   11    132    1    661   1011    664    153   0.1161    0.005
A-n33-k5 	BT-3   33    5     66    0    661    674    661    156   0.1292    0.000
A-n33-k5 	BT-3   33    5     66    1    661    661    661     66   0.0758    0.000
A-n33-k5 	BT-3   33    3     66    0    661    674    674     66   0.0653    0.020
A-n33-k5 	BT-3   33    3     66    1    661    661    661     66   0.0635    0.000
A-n33-k5 	BT-3   33   11    132    0    661   1072    662    275   0.1971    0.002
A-n33-k5 	BT-3   33   11    132    1    661   1011    671    340   0.2408    0.015
A-n33-k5 	BT-3   33    5     66    0    661    674    661    129   0.1122    0.000
A-n33-k5 	BT-3   33    5     66    1    661    661    661     66   0.0617    0.000
A-n33-k5 	BT-3   33    3     66    0    661    674    674     66   0.0658    0.020
A-n33-k5 	BT-3   33    3     66    1    661    661    661     66   0.0616    0.000
A-n33-k5 	BT-3   33   11    132    0    661   1072    664    231   0.1626    0.005
A-n33-k5 	BT-3   33   11    132    1    661   1011    664    153   0.1105    0.005
A-n33-k5 	BT-3   33    5     66    0    661    674    661    150   0.1544    0.000
A-n33-k5 	BT-3   33    5     66    1    661    661    661     66   0.0657    0.000
A-n33-k5 	BT-3   33    3     66    0    661    674    674     66   0.0751    0.020
A-n33-k5 	BT-3   33    3     66    1    661    661    661     66   0.0770    0.000
A-n33-k5 	BT-3   33   11    132    0    661   1072    666    152   0.1285    0.008
A-n33-k5 	BT-3   33   11    132    1    661   1011    664    153   0.1335    0.005
A-n33-k5 	BT-3   33    5     66    0    661    674    661    146   0.1275    0.000
A-n33-k5 	BT-3   33    5     66    1    661    661    661     66   0.0641    0.000
A-n33-k5 	BT-3   33    3     66    0    661    674    674     66   0.0669    0.020
A-n33-k5 	BT-3   33    3     66    1    661    661    661     66   0.0631    0.000
A-n33-k5 	BT-3   33   11    132    0    661   1072    666    152   0.1140    0.008
A-n33-k5 	BT-3   33   11    132    1    661   1011    664    153   0.1302    0.005
A-n33-k5 	BT-3   33    5     66    0    661    674    672     85   0.0918    0.017
A-n33-k5 	BT-3   33    5     66    1    661    661    661     66   0.0640    0.000
A-n33-k5 	BT-3   33    3     66    0    661    674    674     66   0.0668    0.020
A-n33-k5 	BT-3   33    3     66    1    661    661    661     66   0.0659    0.000
A-n33-k5 	BT-3   33   11    132    0    661   1072    666    152   0.1314    0.008
A-n33-k5 	BT-3   33   11    132    1    661   1011    664    153   0.1118    0.005
A-n33-k5 	BT-3   33    5     66    0    661    674    664    100   0.0888    0.005
A-n33-k5 	BT-3   33    5     66    1    661    661    661     66   0.0644    0.000
A-n33-k5 	BT-3   33    3     66    0    661    674    674     66   0.0641    0.020
A-n33-k5 	BT-3   33    3     66    1    661    661    661     66   0.0679    0.000
A-n33-k5 	BT-3   33   11    132    0    661   1072    666    152   0.1139    0.008
A-n33-k5 	BT-3   33   11    132    1    661   1011    664    153   0.1171    0.005
A-n33-k5 	BT-3   33    5     66    0    661    674    661    132   0.1113    0.000
A-n33-k5 	BT-3   33    5     66    1    661    661    661     66   0.0630    0.000
A-n33-k5 	BT-3   33    3     66    0    661    674    674     66   0.0651    0.020
A-n33-k5 	BT-3   33    3     66    1    661    661    661     66   0.0797    0.000
A-n33-k5 	BT-3   33   11    132    0    661   1072    666    152   0.1288    0.008
A-n33-k5 	BT-3   33   11    132    1    661   1011    664    153   0.1181    0.005
A-n33-k5 	BT-3   33    5     66    0    661    674    661    141   0.1171    0.000
A-n33-k5 	BT-3   33    5     66    1    661    661    661     66   0.0627    0.000
A-n33-k5 	BT-3   33    3     66    0    661    674    674     66   0.0657    0.020
A-n33-k5 	BT-3   33    3     66    1    661    661    661     66   0.0644    0.000
A-n33-k5 	BT-3   33   11    132    0    661   1072    666    152   0.1144    0.008
A-n33-k5 	BT-3   33   11    132    1    661   1011    664    153   0.1197    0.005
A-n33-k5 	BT-3   33    5     66    0    661    674    664    132   0.1099    0.005
A-n33-k5 	BT-3   33    5     66    1    661    661    661     66   0.0641    0.000
A-n33-k5 	BT-3   33    3     66    0    661    674    674     66   0.0665    0.020
A-n33-k5 	BT-3   33    3     66    1    661    661    661     66   0.0649    0.000
A-n33-k5 	BT-3   33   11    132    0    661   1072    666    152   0.1553    0.008
A-n33-k5 	BT-3   33   11    132    1    661   1011    664    153   0.1384    0.005
A-n33-k5 	BT-3   33    5     66    0    661    674    661    129   0.1097    0.000
A-n33-k5 	BT-3   33    5     66    1    661    661    661     66   0.0650    0.000
A-n33-k5 	BT-3   33    3     66    0    661    674    672    104   0.0933    0.017
A-n33-k5 	BT-3   33    3     66    1    661    661    661     66   0.0636    0.000
A-n33-k5 	BT-3   33   11    132    0    661   1072    661    161   0.1164    0.000
A-n33-k5 	BT-3   33   11    132    1    661   1011    664    153   0.1130    0.005
A-n33-k5 	BT-3   33    5     66    0    661    674    661    134   0.1146    0.000
A-n33-k5 	BT-3   33    5     66    1    661    661    661     66   0.0635    0.000
A-n33-k5 	BT-3   33    3     66    0    661    674    672    115   0.0968    0.017
A-n33-k5 	BT-3   33    3     66    1    661    661    661     66   0.0619    0.000
A-n33-k5 	BT-3   33   11    132    0    661   1072    661    208   0.1631    0.000
A-n33-k5 	BT-3   33   11    132    1    661   1011    664    153   0.1325    0.005
A-n33-k5 	BT-3   33    5     66    0    661    674    664    138   0.1291    0.005
A-n33-k5 	BT-3   33    5     66    1    661    661    661     66   0.0682    0.000
A-n33-k5 	BT-3   33    3     66    0    661    674    674     66   0.0716    0.020
A-n33-k5 	BT-3   33    3     66    1    661    661    661     66   0.0668    0.000
A-n33-k5 	BT-3   33   11    132    0    661   1072    661    209   0.1432    0.000
A-n33-k5 	BT-3   33   11    132    1    661   1011    664    153   0.1126    0.005
A-n33-k5 	BT-3   33    5     66    0    661    674    661    111   0.0946    0.000
A-n33-k5 	BT-3   33    5     66    1    661    661    661     66   0.0627    0.000
A-n33-k5 	BT-3   33    3     66    0    661    674    674     66   0.0658    0.020
A-n33-k5 	BT-3   33    3     66    1    661    661    661     66   0.0633    0.000
A-n33-k5 	BT-3   33   11    132    0    661   1072    662    270   0.1893    0.002
A-n33-k5 	BT-3   33   11    132    1    661   1011    664    153   0.1119    0.005
A-n33-k5 	BT-3   33    5     66    0    661    674    672     97   0.0851    0.017
A-n33-k5 	BT-3   33    5     66    1    661    661    661     66   0.0617    0.000
A-n33-k5 	BT-3   33    3     66    0    661    674    672    114   0.0991    0.017
A-n33-k5 	BT-3   33    3     66    1    661    661    661     66   0.0632    0.000
A-n33-k5 	BT-3   33   11    132    0    661   1072    666    152   0.1070    0.008
A-n33-k5 	BT-3   33   11    132    1    661   1011    664    153   0.1126    0.005
A-n33-k5 	BT-3   33    5     66    0    661    674    664    127   0.1059    0.005
A-n33-k5 	BT-3   33    5     66    1    661    661    661     66   0.0625    0.000
A-n33-k5 	BT-3   33    3     66    0    661    674    674     66   0.0656    0.020
A-n33-k5 	BT-3   33    3     66    1    661    661    661     66   0.0633    0.000
A-n33-k5 	BT-3   33   11    132    0    661   1072    666    152   0.1071    0.008
A-n33-k5 	BT-3   33   11    132    1    661   1011    664    153   0.1108    0.005
A-n33-k5 	BT-3   33    5     66    0    661    674    674     66   0.0639    0.020
A-n33-k5 	BT-3   33    5     66    1    661    661    661     66   0.0629    0.000
A-n33-k5 	BT-3   33    3     66    0    661    674    674     66   0.0676    0.020
A-n33-k5 	BT-3   33    3     66    1    661    661    661     66   0.0632    0.000
A-n33-k5 	BT-3   33   11    132    0    661   1072    666    152   0.1081    0.008
A-n33-k5 	BT-3   33   11    132    1    661   1011    664    153   0.1112    0.005
A-n33-k5 	BT-3   33    5     66    0    661    674    664    110   0.0927    0.005
A-n33-k5 	BT-3   33    5     66    1    661    661    661     66   0.0615    0.000
A-n33-k5 	BT-3   33    3     66    0    661    674    674     66   0.0664    0.020
A-n33-k5 	BT-3   33    3     66    1    661    661    661     66   0.0632    0.000
A-n33-k5 	BT-3   33   11    132    0    661   1072    666    152   0.1089    0.008
A-n33-k5 	BT-3   33   11    132    1    661   1011    664    153   0.1083    0.005
A-n33-k5 	BT-3   33    5     66    0    661    674    664     82   0.0741    0.005
A-n33-k5 	BT-3   33    5     66    1    661    661    661     66   0.0613    0.000
A-n33-k5 	BT-3   33    3     66    0    661    674    674     66   0.0655    0.020
A-n33-k5 	BT-3   33    3     66    1    661    661    661     66   0.0634    0.000
A-n33-k5 	BT-3   33   11    132    0    661   1072    666    152   0.1118    0.008
A-n33-k5 	BT-3   33   11    132    1    661   1011    664    153   0.1153    0.005
A-n33-k5 	BT-3   33    5     66    0    661    674    664    112   0.0937    0.005
A-n33-k5 	BT-3   33    5     66    1    661    661    661     66   0.0624    0.000
A-n33-k5 	BT-3   33    3     66    0    661    674    674     66   0.0658    0.020
A-n33-k5 	BT-3   33    3     66    1    661    661    661     66   0.0630    0.000
A-n33-k5 	BT-3   33   11    132    0    661   1072    661    197   0.1338    0.000
A-n33-k5 	BT-3   33   11    132    1    661   1011    664    153   0.1109    0.005
A-n33-k5 	BT-3   33    5     66    0    661    674    664    122   0.1023    0.005
A-n33-k5 	BT-3   33    5     66    1    661    661    661     66   0.0631    0.000
A-n33-k5 	BT-3   33    3     66    0    661    674    674     66   0.0656    0.020
A-n33-k5 	BT-3   33    3     66    1    661    661    661     66   0.0633    0.000
A-n33-k5 	BT-3   33   11    132    0    661   1072    661    218   0.1542    0.000
A-n33-k5 	BT-3   33   11    132    1    661   1011    664    153   0.1152    0.005
A-n33-k5 	BT-3   33    5     66    0    661    674    674     66   0.0648    0.020
A-n33-k5 	BT-3   33    5     66    1    661    661    661     66   0.0629    0.000
A-n33-k5 	BT-3   33    3     66    0    661    674    674     66   0.0659    0.020
A-n33-k5 	BT-3   33    3     66    1    661    661    661     66   0.0637    0.000
A-n33-k5 	BT-3   33   11    132    0    661   1072    666    152   0.1085    0.008
A-n33-k5 	BT-3   33   11    132    1    661   1011    664    153   0.1130    0.005
A-n33-k5 	BT-3   33    5     66    0    661    674    664    127   0.1106    0.005
A-n33-k5 	BT-3   33    5     66    1    661    661    661     66   0.0629    0.000
A-n33-k5 	BT-3   33    3     66    0    661    674    674     66   0.0661    0.020
A-n33-k5 	BT-3   33    3     66    1    661    661    661     66   0.0635    0.000
A-n33-k5 	BT-3   33   11    132    0    661   1072    666    152   0.1097    0.008
A-n33-k5 	BT-3   33   11    132    1    661   1011    664    153   0.1088    0.005
A-n33-k5 	BT-3   33    5     66    0    661    674    661    104   0.0896    0.000
A-n33-k5 	BT-3   33    5     66    1    661    661    661     66   0.0669    0.000
A-n33-k5 	BT-3   33    3     66    0    661    674    674     66   0.0638    0.020
A-n33-k5 	BT-3   33    3     66    1    661    661    661     66   0.0616    0.000
