P-n60-k10 	BT-1   60   20    240    0    706    949    755    307   2.2002    0.069
P-n60-k10 	BT-1   60   20    240    1    706    962    799    252   1.8542    0.132
P-n60-k10 	BT-1   60   10    120    0    706    755    749    121   4.9123    0.061
P-n60-k10 	BT-1   60   10    120    1    706    755    749    125   4.9605    0.061
P-n60-k10 	BT-1   60   36    120    0    706    793    749    121  14.8123    0.061
P-n60-k10 	BT-1   60   36    120    1    706    749    749    120  14.7867    0.061
P-n60-k10 	BT-2   60   20    240    0    706    949    766    255   1.8320    0.085
P-n60-k10 	BT-2   60   20    240    1    706    962    756    294   2.1379    0.071
P-n60-k10 	BT-2   60   10    120    0    706    756    756    120   4.8506    0.071
P-n60-k10 	BT-2   60   10    120    1    706    756    756    120   4.8254    0.071
P-n60-k10 	BT-2   60   36    120    0    706    756    756    120  14.5334    0.071
P-n60-k10 	BT-2   60   36    120    1    706    756    756    120  14.4970    0.071
P-n60-k10 	BT-3   60   20    240    0    706    949    759    436   3.0652    0.075
P-n60-k10 	BT-3   60   20    240    1    706    962    753    432   3.0459    0.067
P-n60-k10 	BT-3   60   10    120    0    706    753    753     80   6.6710    0.067
P-n60-k10 	BT-3   60   10    120    1    706    753    753     77   6.6616    0.067
P-n60-k10 	BT-3   60   36    120    0    706    753    753     86  20.0427    0.067
P-n60-k10 	BT-3   60   36    120    1    706    753    753     85  20.0504    0.067
P-n60-k10 	BT-3   60   20    240    0    706    949    759    309   2.1759    0.075
P-n60-k10 	BT-3   60   20    240    1    706    962    765    313   2.1731    0.084
P-n60-k10 	BT-3   60   10    120    0    706    753    753     84  64.4697    0.067
P-n60-k10 	BT-3   60   10    120    1    706    753    753     85  64.4942    0.067
P-n60-k10 	BT-3   60   36    120    0    706    753    753     85 193.4352    0.067
P-n60-k10 	BT-3   60   36    120    1    706    753    753     82 193.4388    0.067
P-n60-k10 	BT-3   60   20    240    0    706    949    779    394   2.7188    0.103
P-n60-k10 	BT-3   60   20    240    1    706    962    764    303   2.0871    0.082
P-n60-k10 	BT-3   60   10    120    0    706    753    753     81 585.0988    0.067
P-n60-k10 	BT-3   60   10    120    1    706    753    753     83 585.1228    0.067
P-n60-k10 	BT-3   60   36    120    0    706    753    753     85 1755.3489    0.067
P-n60-k10 	BT-3   60   36    120    1    706    753    753     85 1755.3517    0.067
P-n60-k10 	BT-3   60   20    240    0    706    949    787    224   1.5417    0.115
P-n60-k10 	BT-3   60   20    240    1    706    962    766    400   2.8010    0.085
P-n60-k10 	BT-3   60   10    120    0    706    753    753     84 975.4124    0.067
P-n60-k10 	BT-3   60   10    120    1    706    753    753     79 975.3931    0.067
P-n60-k10 	BT-3   60   36    120    0    706    753    753     82 -1368.7642    0.067
P-n60-k10 	BT-3   60   36    120    1    706    753    753     84 -1368.7339    0.067
P-n60-k10 	BT-3   60   20    240    0    706    949    769    258   1.7684    0.089
P-n60-k10 	BT-3   60   20    240    1    706    962    813    261   1.8116    0.152
P-n60-k10 	BT-3   60   10    120    0    706    753    753     85 192.3002    0.067
P-n60-k10 	BT-3   60   10    120    1    706    753    753     85 192.3299    0.067
P-n60-k10 	BT-3   60   36    120    0    706    753    753     89 576.9642    0.067
P-n60-k10 	BT-3   60   36    120    1    706    753    753     86 576.9650    0.067
P-n60-k10 	BT-3   60   20    240    0    706    949    761    290   2.0115    0.078
P-n60-k10 	BT-3   60   20    240    1    706    962    751    490   3.4311    0.064
P-n60-k10 	BT-3   60   10    120    0    706    751    748    131 1736.6500    0.059
P-n60-k10 	BT-3   60   10    120    1    706    751    751     86 1736.3405    0.064
P-n60-k10 	BT-3   60   36    120    0    706    748    748     82 914.3130    0.059
P-n60-k10 	BT-3   60   36    120    1    706    748    748     86 914.3525    0.059
P-n60-k10 	BT-3   60   20    240    0    706    949    759    409   2.8483    0.075
P-n60-k10 	BT-3   60   20    240    1    706    962    813    293   2.0732    0.152
P-n60-k10 	BT-3   60   10    120    0    706    748    748     83 -1547.0669    0.059
P-n60-k10 	BT-3   60   10    120    1    706    748    748     85 -1547.0328    0.059
P-n60-k10 	BT-3   60   36    120    0    706    748    748     87 -346.1628    0.059
P-n60-k10 	BT-3   60   36    120    1    706    748    748     86 -346.1629    0.059
P-n60-k10 	BT-3   60   20    240    0    706    949    787    213   1.4748    0.115
P-n60-k10 	BT-3   60   20    240    1    706    962    770    407   2.8582    0.091
P-n60-k10 	BT-3   60   10    120    0    706    748    748     90 -1034.1395    0.059
P-n60-k10 	BT-3   60   10    120    1    706    748    748     84 -1034.1653    0.059
P-n60-k10 	BT-3   60   36    120    0    706    748    748     86 1192.5035    0.059
P-n60-k10 	BT-3   60   36    120    1    706    748    748     80 1192.4667    0.059
P-n60-k10 	BT-3   60   20    240    0    706    949    766    453   3.2232    0.085
P-n60-k10 	BT-3   60   20    240    1    706    962    819    250   1.7756    0.160
P-n60-k10 	BT-3   60   10    120    0    706    748    748     81 -712.5331    0.059
P-n60-k10 	BT-3   60   10    120    1    706    748    748     81 -712.5228    0.059
P-n60-k10 	BT-3   60   36    120    0    706    748    748     83 -2137.5784    0.059
P-n60-k10 	BT-3   60   36    120    1    706    748    748     79 -2137.5962    0.059
P-n60-k10 	BT-3   60   20    240    0    706    949    749    418   2.9751    0.061
P-n60-k10 	BT-3   60   20    240    1    706    962    783    463   3.2479    0.109
P-n60-k10 	BT-3   60   10    120    0    706    748    748     85 -2111.5486    0.059
P-n60-k10 	BT-3   60   10    120    1    706    748    748     87 -2111.5159    0.059
P-n60-k10 	BT-3   60   36    120    0    706    748    748     84 -2039.6554    0.059
P-n60-k10 	BT-3   60   36    120    1    706    748    748     80 -2039.6714    0.059
P-n60-k10 	BT-3   60   20    240    0    706    949    760    388   2.7169    0.076
P-n60-k10 	BT-3   60   20    240    1    706    962    762    501   3.5008    0.079
P-n60-k10 	BT-3   60   10    120    0    706    748    748     84 -1817.7970    0.059
P-n60-k10 	BT-3   60   10    120    1    706    748    747    134 -1817.4248    0.058
P-n60-k10 	BT-3   60   36    120    0    706    747    747     84 -1158.0435    0.058
P-n60-k10 	BT-3   60   36    120    1    706    747    747     85 -1158.0205    0.058
P-n60-k10 	BT-3   60   20    240    0    706    949    787    225   1.5415    0.115
P-n60-k10 	BT-3   60   20    240    1    706    962    777    524   3.6593    0.101
P-n60-k10 	BT-3   60   10    120    0    706    747    747     80 826.0329    0.058
P-n60-k10 	BT-3   60   10    120    1    706    747    747     76 826.0002    0.058
P-n60-k10 	BT-3   60   36    120    0    706    747    747     84 -1816.8618    0.058
P-n60-k10 	BT-3   60   36    120    1    706    747    746     90 -1816.8356    0.057
P-n60-k10 	BT-3   60   20    240    0    706    949    750    278   1.9336    0.062
P-n60-k10 	BT-3   60   20    240    1    706    962    755    463   3.3426    0.069
P-n60-k10 	BT-3   60   10    120    0    706    746    745     84 -1150.3260    0.055
P-n60-k10 	BT-3   60   10    120    1    706    746    745     84 -1150.3102    0.055
P-n60-k10 	BT-3   60   36    120    0    706    745    745     83 843.9979    0.055
P-n60-k10 	BT-3   60   36    120    1    706    745    745     84 844.0451    0.055
P-n60-k10 	BT-3   60   20    240    0    706    949    770    351   2.4605    0.091
P-n60-k10 	BT-3   60   20    240    1    706    962    762    354   2.4513    0.079
P-n60-k10 	BT-3   60   10    120    0    706    745    745     86 -1757.9772    0.055
P-n60-k10 	BT-3   60   10    120    1    706    745    745     86 -1757.9855    0.055
P-n60-k10 	BT-3   60   36    120    0    706    745    745     86 -978.9896    0.055
P-n60-k10 	BT-3   60   36    120    1    706    745    745     82 -979.0188    0.055
P-n60-k10 	BT-3   60   20    240    0    706    949    782    326   2.2544    0.108
P-n60-k10 	BT-3   60   20    240    1    706    962    765    401   2.8076    0.084
P-n60-k10 	BT-3   60   10    120    0    706    745    745     82 1363.0049    0.055
P-n60-k10 	BT-3   60   10    120    1    706    745    745     77 1362.9821    0.055
P-n60-k10 	BT-3   60   36    120    0    706    745    745     83 -205.9682    0.055
P-n60-k10 	BT-3   60   36    120    1    706    745    745     84 -205.9634    0.055
P-n60-k10 	BT-3   60   20    240    0    706    949    772    248   1.7118    0.093
P-n60-k10 	BT-3   60   20    240    1    706    962    815    335   2.3941    0.154
P-n60-k10 	BT-3   60   10    120    0    706    745    745     74 -613.8624    0.055
P-n60-k10 	BT-3   60   10    120    1    706    745    745     84 -613.7856    0.055
P-n60-k10 	BT-3   60   36    120    0    706    745    745     80 -1841.4634    0.055
P-n60-k10 	BT-3   60   36    120    1    706    745    745     87 -1841.4072    0.055
P-n60-k10 	BT-3   60   20    240    0    706    949    749    274   1.9044    0.061
P-n60-k10 	BT-3   60   20    240    1    706    962    773    333   2.3252    0.095
P-n60-k10 	BT-3   60   10    120    0    706    745    745     88 -1225.0681    0.055
P-n60-k10 	BT-3   60   10    120    1    706    745    745     83 -1225.1179    0.055
P-n60-k10 	BT-3   60   36    120    0    706    745    745     80 619.6409    0.055
P-n60-k10 	BT-3   60   36    120    1    706    745    745     86 619.7006    0.055
P-n60-k10 	BT-3   60   20    240    0    706    949    787    220   1.5148    0.115
P-n60-k10 	BT-3   60   20    240    1    706    962    755    266   1.8313    0.069
P-n60-k10 	BT-3   60   10    120    0    706    745    745     79 1862.3159    0.055
P-n60-k10 	BT-3   60   10    120    1    706    745    745     81 1862.3486    0.055
P-n60-k10 	BT-3   60   36    120    0    706    745    745     85 1292.0573    0.055
P-n60-k10 	BT-3   60   36    120    1    706    745    745     79 1292.0232    0.055
P-n60-k10 	BT-3   60   20    240    0    706    949    771    493   3.4768    0.092
P-n60-k10 	BT-3   60   20    240    1    706    962    760    303   2.0736    0.076
P-n60-k10 	BT-3   60   10    120    0    706    745    745     88 -413.2476    0.055
P-n60-k10 	BT-3   60   10    120    1    706    745    745     83 -413.2800    0.055
P-n60-k10 	BT-3   60   36    120    0    706    745    745     81 -1239.8214    0.055
P-n60-k10 	BT-3   60   36    120    1    706    745    745     91 -1239.7615    0.055
P-n60-k10 	BT-3   60   20    240    0    706    949    763    234   1.5929    0.081
P-n60-k10 	BT-3   60   20    240    1    706    962    768    305   2.1441    0.088
P-n60-k10 	BT-3   60   10    120    0    706    745    745     87 579.3387    0.055
P-n60-k10 	BT-3   60   10    120    1    706    745    745     82 579.3052    0.055
P-n60-k10 	BT-3   60   36    120    0    706    745    745     87 1737.9751    0.055
P-n60-k10 	BT-3   60   36    120    1    706    745    745     87 1737.9791    0.055
P-n60-k10 	BT-3   60   20    240    0    706    949    787    224   1.5488    0.115
P-n60-k10 	BT-3   60   20    240    1    706    962    812    305   2.1248    0.150
P-n60-k10 	BT-3   60   10    120    0    706    745    745     84 922.6094    0.055
P-n60-k10 	BT-3   60   10    120    1    706    745    745     86 922.6467    0.055
P-n60-k10 	BT-3   60   36    120    0    706    745    745     81 -1527.1194    0.055
P-n60-k10 	BT-3   60   36    120    1    706    745    745     81 -1527.1129    0.055
P-n60-k10 	BT-3   60   20    240    0    706    949    787    216   1.5088    0.115
P-n60-k10 	BT-3   60   20    240    1    706    962    801    469   3.2991    0.135
P-n60-k10 	BT-3   60   10    120    0    706    745    745     85 -281.5422    0.055
P-n60-k10 	BT-3   60   10    120    1    706    745    745     83 -281.5534    0.055
P-n60-k10 	BT-3   60   36    120    0    706    745    745     87 -844.6187    0.055
P-n60-k10 	BT-3   60   36    120    1    706    745    745     82 -844.6551    0.055
P-n60-k10 	BT-3   60   20    240    0    706    949    766    336   2.3469    0.085
P-n60-k10 	BT-3   60   20    240    1    706    962    802    567   4.1068    0.136
P-n60-k10 	BT-3   60   10    120    0    706    745    745     81 1767.4722    0.055
P-n60-k10 	BT-3   60   10    120    1    706    745    745     82 1767.5027    0.055
P-n60-k10 	BT-3   60   36    120    0    706    745    745     88 1007.5430    0.055
P-n60-k10 	BT-3   60   36    120    1    706    745    745     79 1007.4677    0.055
P-n60-k10 	BT-3   60   20    240    0    706    949    751    431   3.0067    0.064
P-n60-k10 	BT-3   60   20    240    1    706    962    750    286   1.9503    0.062
P-n60-k10 	BT-3   60   10    120    0    706    745    745     87 -1267.4708    0.055
P-n60-k10 	BT-3   60   10    120    1    706    745    745     88 -1267.4592    0.055
P-n60-k10 	BT-3   60   36    120    0    706    745    745     77 492.4895    0.055
P-n60-k10 	BT-3   60   36    120    1    706    745    745     89 492.5811    0.055
P-n60-k10 	BT-3   60   20    240    0    706    949    777    363   2.5686    0.101
P-n60-k10 	BT-3   60   20    240    1    706    962    776    489   3.5122    0.099
P-n60-k10 	BT-3   60   10    120    0    706    745    745     82 1483.6976    0.055
P-n60-k10 	BT-3   60   10    120    1    706    745    745     84 1483.7156    0.055
P-n60-k10 	BT-3   60   36    120    0    706    745    745     77 156.0884    0.055
P-n60-k10 	BT-3   60   36    120    1    706    745    745     88 156.1692    0.055
P-n60-k10 	BT-3   60   20    240    0    706    949    787    222   1.5342    0.115
P-n60-k10 	BT-3   60   20    240    1    706    962    763    456   3.1750    0.081
P-n60-k10 	BT-3   60   10    120    0    706    745    745     86 473.1226    0.055
P-n60-k10 	BT-3   60   10    120    1    706    745    745     88 473.1453    0.055
P-n60-k10 	BT-3   60   36    120    0    706    745    745     83 1419.3882    0.055
P-n60-k10 	BT-3   60   36    120    1    706    745    745     81 1419.3636    0.055
P-n60-k10 	BT-3   60   20    240    0    706    949    766    377   2.6645    0.085
P-n60-k10 	BT-3   60   20    240    1    706    962    779    448   3.1524    0.103
P-n60-k10 	BT-3   60   10    120    0    706    745    745     85 -31.0170    0.055
P-n60-k10 	BT-3   60   10    120    1    706    745    745     82 -31.0420    0.055
P-n60-k10 	BT-3   60   36    120    0    706    745    745     84 -93.0659    0.055
P-n60-k10 	BT-3   60   36    120    1    706    745    745     89 -93.0410    0.055
P-n60-k10 	BT-3   60   20    240    0    706    949    757    223   1.5514    0.072
P-n60-k10 	BT-3   60   20    240    1    706    962    775    335   2.3117    0.098
P-n60-k10 	BT-3   60   10    120    0    706    745    745     85 -275.3017    0.055
P-n60-k10 	BT-3   60   10    120    1    706    745    745     81 -275.3472    0.055
P-n60-k10 	BT-3   60   36    120    0    706    745    745     81 -825.9989    0.055
P-n60-k10 	BT-3   60   36    120    1    706    745    745     83 -825.9811    0.055
P-n60-k10 	BT-3   60   20    240    0    706    949    770    311   2.1809    0.091
P-n60-k10 	BT-3   60   20    240    1    706    962    750    438   3.0902    0.062
P-n60-k10 	BT-3   60   10    120    0    706    745    745     80 1822.2737    0.055
P-n60-k10 	BT-3   60   10    120    1    706    745    745     84 1822.2848    0.055
P-n60-k10 	BT-3   60   36    120    0    706    745    745     82 1171.8612    0.055
P-n60-k10 	BT-3   60   36    120    1    706    745    745     83 1171.8859    0.055
P-n60-k10 	BT-3   60   20    240    0    706    949    757    297   2.0660    0.072
P-n60-k10 	BT-3   60   20    240    1    706    962    787    253   1.7450    0.115
P-n60-k10 	BT-3   60   10    120    0    706    745    745     88 -775.4907    0.055
P-n60-k10 	BT-3   60   10    120    1    706    745    745     86 -775.5139    0.055
P-n60-k10 	BT-3   60   36    120    0    706    745    745     84 1968.4329    0.055
P-n60-k10 	BT-3   60   36    120    1    706    745    745     89 1968.4844    0.055
P-n60-k10 	BT-3   60   20    240    0    706    949    750    293   2.0662    0.062
P-n60-k10 	BT-3   60   20    240    1    706    962    774    412   2.8661    0.096
P-n60-k10 	BT-3   60   10    120    0    706    745    745     79 1615.2731    0.055
P-n60-k10 	BT-3   60   10    120    1    706    745    745     81 1615.2944    0.055
P-n60-k10 	BT-3   60   36    120    0    706    745    745     86 550.9358    0.055
P-n60-k10 	BT-3   60   36    120    1    706    745    745     78 550.8655    0.055
P-n60-k10 	BT-3   60   20    240    0    706    949    761    398   2.8477    0.078
P-n60-k10 	BT-3   60   20    240    1    706    962    790    272   1.8810    0.119
P-n60-k10 	BT-3   60   10    120    0    706    745    745     84 1657.4578    0.055
P-n60-k10 	BT-3   60   10    120    1    706    745    745     88 1657.4816    0.055
P-n60-k10 	BT-3   60   36    120    0    706    745    745     80 677.3932    0.055
P-n60-k10 	BT-3   60   36    120    1    706    745    745     85 677.4310    0.055
P-n60-k10 	BT-3   60   20    240    0    706    949    787    221   1.5340    0.115
P-n60-k10 	BT-3   60   20    240    1    706    962    795    292   2.0325    0.126
P-n60-k10 	BT-3   60   10    120    0    706    745    745     87 2035.8317    0.055
P-n60-k10 	BT-3   60   10    120    1    706    745    745     83 2035.7913    0.055
P-n60-k10 	BT-3   60   36    120    0    706    745    745     84 1812.4598    0.055
P-n60-k10 	BT-3   60   36    120    1    706    745    745     85 1812.4734    0.055
P-n60-k10 	BT-3   60   20    240    0    706    949    764    246   1.7196    0.082
P-n60-k10 	BT-3   60   20    240    1    706    962    775    296   2.0286    0.098
P-n60-k10 	BT-3   60   10    120    0    706    745    745     76 1146.1112    0.055
P-n60-k10 	BT-3   60   10    120    1    706    745    745     83 1146.1707    0.055
P-n60-k10 	BT-3   60   36    120    0    706    745    745     78 -856.5543    0.055
P-n60-k10 	BT-3   60   36    120    1    706    745    745     84 -856.5040    0.055
P-n60-k10 	BT-3   60   20    240    0    706    949    752    319   2.2170    0.065
P-n60-k10 	BT-3   60   20    240    1    706    962    769    339   2.3749    0.089
P-n60-k10 	BT-3   60   10    120    0    706    745    745     95 1730.0825    0.055
P-n60-k10 	BT-3   60   10    120    1    706    745    745     77 1729.9402    0.055
P-n60-k10 	BT-3   60   36    120    0    706    745    745     82 895.0432    0.055
P-n60-k10 	BT-3   60   36    120    1    706    745    745     81 895.0242    0.055
P-n60-k10 	BT-3   60   20    240    0    706    949    752    356   2.5268    0.065
P-n60-k10 	BT-3   60   20    240    1    706    962    810    379   2.6512    0.147
P-n60-k10 	BT-3   60   10    120    0    706    745    745     76 -1604.7375    0.055
P-n60-k10 	BT-3   60   10    120    1    706    745    745     88 -1604.6561    0.055
P-n60-k10 	BT-3   60   36    120    0    706    745    745     83 -519.1164    0.055
P-n60-k10 	BT-3   60   36    120    1    706    745    745     83 -519.1080    0.055
P-n60-k10 	BT-3   60   20    240    0    706    949    760    423   3.0079    0.076
P-n60-k10 	BT-3   60   20    240    1    706    962    772    471   3.3201    0.093
P-n60-k10 	BT-3   60   10    120    0    706    745    745     79 -1551.0432    0.055
P-n60-k10 	BT-3   60   10    120    1    706    745    745     81 -1551.0186    0.055
P-n60-k10 	BT-3   60   36    120    0    706    745    745     80 -358.1219    0.055
P-n60-k10 	BT-3   60   36    120    1    706    745    745     84 -358.0849    0.055
P-n60-k10 	BT-3   60   20    240    0    706    949    762    404   2.8031    0.079
P-n60-k10 	BT-3   60   20    240    1    706    962    759    378   2.6175    0.075
P-n60-k10 	BT-3   60   10    120    0    706    745    745     87 -1068.8644    0.055
P-n60-k10 	BT-3   60   10    120    1    706    745    745     81 -1068.9025    0.055
P-n60-k10 	BT-3   60   36    120    0    706    745    745     87 1088.3485    0.055
P-n60-k10 	BT-3   60   36    120    1    706    745    745     85 1088.3318    0.055
P-n60-k10 	BT-3   60   20    240    0    706    949    789    239   1.7835    0.118
P-n60-k10 	BT-3   60   20    240    1    706    962    752    616   4.4170    0.065
P-n60-k10 	BT-3   60   10    120    0    706    745    745     87 -1023.7461    0.055
P-n60-k10 	BT-3   60   10    120    1    706    745    745     79 -1023.7971    0.055
P-n60-k10 	BT-3   60   36    120    0    706    745    745     77 1223.6084    0.055
P-n60-k10 	BT-3   60   36    120    1    706    745    745     81 1223.6414    0.055
P-n60-k10 	BT-3   60   20    240    0    706    949    773    319   2.2341    0.095
P-n60-k10 	BT-3   60   20    240    1    706    962    825    306   2.1200    0.169
P-n60-k10 	BT-3   60   10    120    0    706    745    745     81 -619.7057    0.055
P-n60-k10 	BT-3   60   10    120    1    706    745    745     81 -619.7260    0.055
P-n60-k10 	BT-3   60   36    120    0    706    745    745     80 -1859.1677    0.055
P-n60-k10 	BT-3   60   36    120    1    706    745    745     86 -1859.1182    0.055
P-n60-k10 	BT-3   60   20    240    0    706    949    756    465   3.2121    0.071
P-n60-k10 	BT-3   60   20    240    1    706    962    764    368   2.5354    0.082
P-n60-k10 	BT-3   60   10    120    0    706    745    745     86 -1276.6942    0.055
P-n60-k10 	BT-3   60   10    120    1    706    745    745     86 -1276.6813    0.055
P-n60-k10 	BT-3   60   36    120    0    706    745    745     83 464.8734    0.055
P-n60-k10 	BT-3   60   36    120    1    706    745    745     84 464.8908    0.055
P-n60-k10 	BT-3   60   20    240    0    706    949    770    370   2.5796    0.091
P-n60-k10 	BT-3   60   20    240    1    706    962    777    667   4.7723    0.101
P-n60-k10 	BT-3   60   10    120    0    706    745    745     86 1402.0073    0.055
P-n60-k10 	BT-3   60   10    120    1    706    745    745     80 1401.9869    0.055
P-n60-k10 	BT-3   60   36    120    0    706    745    745     91 -88.9191    0.055
P-n60-k10 	BT-3   60   36    120    1    706    745    745     81 -88.9629    0.055
P-n60-k10 	BT-3   60   20    240    0    706    949    752    511   3.6907    0.065
P-n60-k10 	BT-3   60   20    240    1    706    962    764    786   5.6049    0.082
P-n60-k10 	BT-3   60   10    120    0    706    745    745     76 -257.6208    0.055
P-n60-k10 	BT-3   60   10    120    1    706    745    745     82 -257.5728    0.055
P-n60-k10 	BT-3   60   36    120    0    706    745    745     85 -772.7448    0.055
P-n60-k10 	BT-3   60   36    120    1    706    745    745     85 -772.7446    0.055
P-n60-k10 	BT-3   60   20    240    0    706    949    766    353   2.4906    0.085
P-n60-k10 	BT-3   60   20    240    1    706    962    746    331   2.3241    0.057
P-n60-k10 	BT-3   60   10    120    0    706    745    745     84 1981.5464    0.055
P-n60-k10 	BT-3   60   10    120    1    706    745    745     81 1981.5204    0.055
P-n60-k10 	BT-3   60   36    120    0    706    745    745     76 1649.5850    0.055
P-n60-k10 	BT-3   60   36    120    1    706    745    745     85 1649.6511    0.055
P-n60-k10 	BT-3   60   20    240    0    706    949    770    232   1.6099    0.091
P-n60-k10 	BT-3   60   20    240    1    706    962    786    231   1.5977    0.113
P-n60-k10 	BT-3   60   10    120    0    706    745    745     88 657.1624    0.055
P-n60-k10 	BT-3   60   10    120    1    706    745    745     83 657.1068    0.055
P-n60-k10 	BT-3   60   36    120    0    706    745    745     90 1971.4348    0.055
P-n60-k10 	BT-3   60   36    120    1    706    745    745     85 1971.3938    0.055
P-n60-k10 	BT-3   60   20    240    0    706    949    779    338   2.3611    0.103
P-n60-k10 	BT-3   60   20    240    1    706    962    830    243   1.7364    0.176
P-n60-k10 	BT-3   60   10    120    0    706    745    745     77 1623.3014    0.055
P-n60-k10 	BT-3   60   10    120    1    706    745    745     89 1623.3864    0.055
P-n60-k10 	BT-3   60   36    120    0    706    745    745     83 575.0519    0.055
P-n60-k10 	BT-3   60   36    120    1    706    745    745     83 575.0589    0.055
P-n60-k10 	BT-3   60   20    240    0    706    949    766    353   2.4617    0.085
P-n60-k10 	BT-3   60   20    240    1    706    962    776    284   1.9780    0.099
P-n60-k10 	BT-3   60   10    120    0    706    745    745     81 1729.5902    0.055
P-n60-k10 	BT-3   60   10    120    1    706    745    745     81 1729.6053    0.055
P-n60-k10 	BT-3   60   36    120    0    706    745    745     80 893.8124    0.055
P-n60-k10 	BT-3   60   36    120    1    706    745    745     86 893.8561    0.055
P-n60-k10 	BT-3   60   20    240    0    706    949    753    378   2.7273    0.067
P-n60-k10 	BT-3   60   20    240    1    706    962    819    245   1.7382    0.160
P-n60-k10 	BT-3   60   10    120    0    706    745    745     87 -1608.9587    0.055
P-n60-k10 	BT-3   60   10    120    1    706    745    745     86 -1608.9619    0.055
P-n60-k10 	BT-3   60   36    120    0    706    745    745     81 -531.9637    0.055
P-n60-k10 	BT-3   60   36    120    1    706    745    745     79 -531.9756    0.055
P-n60-k10 	BT-3   60   20    240    0    706    949    762    461   3.2008    0.079
P-n60-k10 	BT-3   60   20    240    1    706    962    781    280   1.9317    0.106
P-n60-k10 	BT-3   60   10    120    0    706    745    745     81 -1590.7429    0.055
P-n60-k10 	BT-3   60   10    120    1    706    745    745     82 -1590.7394    0.055
P-n60-k10 	BT-3   60   36    120    0    706    745    745     78 -477.3046    0.055
P-n60-k10 	BT-3   60   36    120    1    706    745    745     84 -477.2533    0.055
P-n60-k10 	BT-3   60   20    240    0    706    949    767    487   3.4467    0.086
P-n60-k10 	BT-3   60   20    240    1    706    962    812    314   2.2612    0.150
P-n60-k10 	BT-3   60   10    120    0    706    745    745     80 -1426.1516    0.055
P-n60-k10 	BT-3   60   10    120    1    706    745    745     81 -1426.1204    0.055
P-n60-k10 	BT-3   60   36    120    0    706    745    745     85  16.5838    0.055
P-n60-k10 	BT-3   60   36    120    1    706    745    745     78  16.5447    0.055
P-n60-k10 	BT-3   60   20    240    0    706    949    752    352   2.4381    0.065
P-n60-k10 	BT-3   60   20    240    1    706    962    780    344   2.4377    0.105
P-n60-k10 	BT-3   60   10    120    0    706    745    745     83  54.5705    0.055
P-n60-k10 	BT-3   60   10    120    1    706    745    745     76  54.5241    0.055
P-n60-k10 	BT-3   60   36    120    0    706    745    745     81 163.6668    0.055
P-n60-k10 	BT-3   60   36    120    1    706    745    745     81 163.7002    0.055
P-n60-k10 	BT-3   60   20    240    0    706    949    767    383   2.6620    0.086
P-n60-k10 	BT-3   60   20    240    1    706    962    769    298   2.0829    0.089
P-n60-k10 	BT-3   60   10    120    0    706    745    745     81 495.7672    0.055
P-n60-k10 	BT-3   60   10    120    1    706    745    745     85 495.7954    0.055
P-n60-k10 	BT-3   60   36    120    0    706    745    745     80 1487.3326    0.055
P-n60-k10 	BT-3   60   36    120    1    706    745    745     86 1487.3636    0.055
P-n60-k10 	BT-3   60   20    240    0    706    949    750    284   2.0246    0.062
P-n60-k10 	BT-3   60   20    240    1    706    962    812    562   3.9052    0.150
P-n60-k10 	BT-3   60   10    120    0    706    745    745     84 173.0115    0.055
P-n60-k10 	BT-3   60   10    120    1    706    745    745     80 173.0045    0.055
P-n60-k10 	BT-3   60   36    120    0    706    745    745     86 519.0314    0.055
P-n60-k10 	BT-3   60   36    120    1    706    745    745     87 519.0624    0.055
P-n60-k10 	BT-3   60   20    240    0    706    949    779    389   2.7397    0.103
P-n60-k10 	BT-3   60   20    240    1    706    962    758    424   2.9417    0.074
P-n60-k10 	BT-3   60   10    120    0    706    745    745     87 1562.8174    0.055
P-n60-k10 	BT-3   60   10    120    1    706    745    745     79 1562.7679    0.055
P-n60-k10 	BT-3   60   36    120    0    706    745    745     85 393.4436    0.055
P-n60-k10 	BT-3   60   36    120    1    706    745    745     85 393.4245    0.055
P-n60-k10 	BT-3   60   20    240    0    706    949    764    441   3.1398    0.082
P-n60-k10 	BT-3   60   20    240    1    706    962    762    364   2.5804    0.079
P-n60-k10 	BT-3   60   10    120    0    706    745    745     85 1186.0248    0.055
P-n60-k10 	BT-3   60   10    120    1    706    745    745     78 1185.9698    0.055
P-n60-k10 	BT-3   60   36    120    0    706    745    745     81 -736.9609    0.055
P-n60-k10 	BT-3   60   36    120    1    706    745    745     85 -736.9176    0.055
P-n60-k10 	BT-3   60   20    240    0    706    949    772    302   2.1192    0.093
P-n60-k10 	BT-3   60   20    240    1    706    962    765    544   3.8016    0.084
P-n60-k10 	BT-3   60   10    120    0    706    745    745     91 2090.0913    0.055
P-n60-k10 	BT-3   60   10    120    1    706    745    745     89 2090.0803    0.055
P-n60-k10 	BT-3   60   36    120    0    706    745    745     86 1975.2667    0.055
P-n60-k10 	BT-3   60   36    120    1    706    745    745     81 1975.2291    0.055
P-n60-k10 	BT-3   60   20    240    0    706    949    773    387   2.7355    0.095
P-n60-k10 	BT-3   60   20    240    1    706    962    778    302   2.1244    0.102
P-n60-k10 	BT-3   60   10    120    0    706    745    745     81 1635.6150    0.055
P-n60-k10 	BT-3   60   10    120    1    706    745    745     87 1635.6794    0.055
P-n60-k10 	BT-3   60   36    120    0    706    745    745     81 611.9385    0.055
P-n60-k10 	BT-3   60   36    120    1    706    745    745     82 611.9524    0.055
P-n60-k10 	BT-3   60   20    240    0    706    949    775    273   1.9021    0.098
P-n60-k10 	BT-3   60   20    240    1    706    962    782    467   3.2939    0.108
P-n60-k10 	BT-3   60   10    120    0    706    745    745     84 1841.0638    0.055
P-n60-k10 	BT-3   60   10    120    1    706    745    745     88 1841.0817    0.055
P-n60-k10 	BT-3   60   36    120    0    706    745    745     85 1228.2452    0.055
P-n60-k10 	BT-3   60   36    120    1    706    745    745     82 1228.2406    0.055
P-n60-k10 	BT-3   60   20    240    0    706    949    762    334   2.3473    0.079
P-n60-k10 	BT-3   60   20    240    1    706    962    795    312   2.2013    0.126
P-n60-k10 	BT-3   60   10    120    0    706    745    745     82 -605.7210    0.055
P-n60-k10 	BT-3   60   10    120    1    706    745    745     87 -605.6607    0.055
P-n60-k10 	BT-3   60   36    120    0    706    745    745     81 -1817.1021    0.055
P-n60-k10 	BT-3   60   36    120    1    706    745    745     84 -1817.0679    0.055
P-n60-k10 	BT-3   60   20    240    0    706    949    775    400   2.7859    0.098
P-n60-k10 	BT-3   60   20    240    1    706    962    753    413   2.8748    0.067
P-n60-k10 	BT-3   60   10    120    0    706    745    745     86 -1150.6068    0.055
P-n60-k10 	BT-3   60   10    120    1    706    745    745     83 -1150.6272    0.055
P-n60-k10 	BT-3   60   36    120    0    706    745    745     85 843.1222    0.055
P-n60-k10 	BT-3   60   36    120    1    706    745    745     88 843.1397    0.055
P-n60-k10 	BT-3   60   20    240    0    706    949    787    213   1.4928    0.115
P-n60-k10 	BT-3   60   20    240    1    706    962    757    561   3.8584    0.072
P-n60-k10 	BT-3   60   10    120    0    706    745    745     77 -1760.2914    0.055
P-n60-k10 	BT-3   60   10    120    1    706    745    745     81 -1760.2546    0.055
P-n60-k10 	BT-3   60   36    120    0    706    745    745     84 -985.8332    0.055
P-n60-k10 	BT-3   60   36    120    1    706    745    745     87 -985.8010    0.055
P-n60-k10 	BT-3   60   20    240    0    706    949    764    275   1.9416    0.082
P-n60-k10 	BT-3   60   20    240    1    706    962    766    503   3.6574    0.085
P-n60-k10 	BT-3   60   10    120    0    706    745    745     83 1343.0935    0.055
P-n60-k10 	BT-3   60   10    120    1    706    745    745     81 1343.1014    0.055
P-n60-k10 	BT-3   60   36    120    0    706    745    745     87 -265.6214    0.055
P-n60-k10 	BT-3   60   36    120    1    706    745    745     92 -265.6037    0.055
P-n60-k10 	BT-3   60   20    240    0    706    949    784    378   2.6643    0.110
P-n60-k10 	BT-3   60   20    240    1    706    962    752    462   3.2286    0.065
P-n60-k10 	BT-3   60   10    120    0    706    745    745     89 -790.9536    0.055
P-n60-k10 	BT-3   60   10    120    1    706    745    745     85 -790.9835    0.055
P-n60-k10 	BT-3   60   36    120    0    706    745    745     80 1922.0146    0.055
P-n60-k10 	BT-3   60   36    120    1    706    745    745     85 1922.0581    0.055
P-n60-k10 	BT-3   60   20    240    0    706    949    787    218   1.5180    0.115
P-n60-k10 	BT-3   60   20    240    1    706    962    777    263   1.8424    0.101
P-n60-k10 	BT-3   60   10    120    0    706    745    745     79 1474.4594    0.055
P-n60-k10 	BT-3   60   10    120    1    706    745    745     86 1474.5247    0.055
P-n60-k10 	BT-3   60   36    120    0    706    745    745     86 128.5416    0.055
P-n60-k10 	BT-3   60   36    120    1    706    745    745     85 128.5135    0.055
P-n60-k10 	BT-3   60   20    240    0    706    949    763    268   1.8511    0.081
P-n60-k10 	BT-3   60   20    240    1    706    962    831    290   2.0940    0.177
P-n60-k10 	BT-3   60   10    120    0    706    745    745     84 389.5218    0.055
P-n60-k10 	BT-3   60   10    120    1    706    745    745     84 389.5213    0.055
P-n60-k10 	BT-3   60   36    120    0    706    745    745     85 1168.5684    0.055
P-n60-k10 	BT-3   60   36    120    1    706    745    745     88 1168.5909    0.055
P-n60-k10 	BT-3   60   20    240    0    706    949    764    351   2.4196    0.082
P-n60-k10 	BT-3   60   20    240    1    706    962    786    507   3.6048    0.113
P-n60-k10 	BT-3   60   10    120    0    706    745    745     83 -783.2256    0.055
P-n60-k10 	BT-3   60   10    120    1    706    745    745     82 -783.2401    0.055
P-n60-k10 	BT-3   60   36    120    0    706    745    745     83 1945.2695    0.055
P-n60-k10 	BT-3   60   36    120    1    706    745    745     89 1945.3154    0.055
P-n60-k10 	BT-3   60   20    240    0    706    949    787    214   1.5022    0.115
P-n60-k10 	BT-3   60   20    240    1    706    962    752    467   3.3598    0.065
P-n60-k10 	BT-3   60   10    120    0    706    745    745     85 1545.7582    0.055
P-n60-k10 	BT-3   60   10    120    1    706    745    745     85 1545.7648    0.055
P-n60-k10 	BT-3   60   36    120    0    706    745    745     81 342.2863    0.055
P-n60-k10 	BT-3   60   36    120    1    706    745    745     88 342.3490    0.055
P-n60-k10 	BT-3   60   20    240    0    706    949    766    486   3.4276    0.085
P-n60-k10 	BT-3   60   20    240    1    706    962    789    311   2.1681    0.118
P-n60-k10 	BT-3   60   10    120    0    706    745    745     82 1032.5297    0.055
P-n60-k10 	BT-3   60   10    120    1    706    745    745     83 1032.5533    0.055
P-n60-k10 	BT-3   60   36    120    0    706    745    745     85 -1197.3323    0.055
P-n60-k10 	BT-3   60   36    120    1    706    745    745     85 -1197.3267    0.055
P-n60-k10 	BT-3   60   20    240    0    706    949    766    319   2.2632    0.085
P-n60-k10 	BT-3   60   20    240    1    706    962    797    285   1.9713    0.129
P-n60-k10 	BT-3   60   10    120    0    706    745    745     83 707.1901    0.055
P-n60-k10 	BT-3   60   10    120    1    706    745    744     95 707.2894    0.054
P-n60-k10 	BT-3   60   36    120    0    706    744    744     83 2121.6716    0.054
P-n60-k10 	BT-3   60   36    120    1    706    744    744     87 2121.7012    0.054
P-n60-k10 	BT-3   60   20    240    0    706    949    765    603   4.4265    0.084
P-n60-k10 	BT-3   60   20    240    1    706    962    777    330   2.3510    0.101
P-n60-k10 	BT-3   60   10    120    0    706    744    744     84 2076.8596    0.054
P-n60-k10 	BT-3   60   10    120    1    706    744    744     86 2076.8850    0.054
P-n60-k10 	BT-3   60   36    120    0    706    744    744     79 1935.6062    0.054
P-n60-k10 	BT-3   60   36    120    1    706    744    744     77 1935.5947    0.054
P-n60-k10 	BT-3   60   20    240    0    706    949    763    219   1.5126    0.081
P-n60-k10 	BT-3   60   20    240    1    706    962    765    353   2.4353    0.084
P-n60-k10 	BT-3   60   10    120    0    706    744    744     83 1515.8154    0.054
P-n60-k10 	BT-3   60   10    120    1    706    744    744     85 1515.8464    0.054
P-n60-k10 	BT-3   60   36    120    0    706    744    744     84 252.5136    0.054
P-n60-k10 	BT-3   60   36    120    1    706    744    744     80 252.4983    0.054
P-n60-k10 	BT-3   60   20    240    0    706    949    753    280   2.0032    0.067
P-n60-k10 	BT-3   60   20    240    1    706    962    759    268   1.8764    0.075
P-n60-k10 	BT-3   60   10    120    0    706    744    744     83 761.3957    0.054
P-n60-k10 	BT-3   60   10    120    1    706    744    744     85 761.4250    0.054
P-n60-k10 	BT-3   60   36    120    0    706    744    744     84 -2010.7412    0.054
P-n60-k10 	BT-3   60   36    120    1    706    744    744     86 -2010.7230    0.054
P-n60-k10 	BT-3   60   20    240    0    706    949    781    346   2.4052    0.106
P-n60-k10 	BT-3   60   20    240    1    706    962    786    286   1.9935    0.113
P-n60-k10 	BT-3   60   10    120    0    706    744    744     83 -1732.8483    0.054
P-n60-k10 	BT-3   60   10    120    1    706    744    744     81 -1732.8490    0.054
P-n60-k10 	BT-3   60   36    120    0    706    744    744     79 -903.6034    0.054
P-n60-k10 	BT-3   60   36    120    1    706    744    744     83 -903.5649    0.054
P-n60-k10 	BT-3   60   20    240    0    706    949    769    375   2.6829    0.089
P-n60-k10 	BT-3   60   20    240    1    706    962    781    359   2.5623    0.106
P-n60-k10 	BT-3   60   10    120    0    706    744    744     86 1589.5203    0.054
P-n60-k10 	BT-3   60   10    120    1    706    744    744     87 1589.5292    0.054
P-n60-k10 	BT-3   60   36    120    0    706    744    744     87 473.5777    0.054
P-n60-k10 	BT-3   60   36    120    1    706    744    744     85 473.5765    0.054
P-n60-k10 	BT-3   60   20    240    0    706    949    753    244   1.6965    0.067
P-n60-k10 	BT-3   60   20    240    1    706    962    783    274   1.9242    0.109
P-n60-k10 	BT-3   60   10    120    0    706    744    744     86 1424.3568    0.054
P-n60-k10 	BT-3   60   10    120    1    706    744    744     85 1424.3647    0.054
P-n60-k10 	BT-3   60   36    120    0    706    744    744     82 -21.9120    0.054
P-n60-k10 	BT-3   60   36    120    1    706    744    744     85 -21.8992    0.054
P-n60-k10 	BT-3   60   20    240    0    706    949    771    289   2.0474    0.092
P-n60-k10 	BT-3   60   20    240    1    706    962    763    516   3.6007    0.081
P-n60-k10 	BT-3   60   10    120    0    706    744    744     85 -60.0444    0.054
P-n60-k10 	BT-3   60   10    120    1    706    744    744     85 -60.0511    0.054
P-n60-k10 	BT-3   60   36    120    0    706    744    744     88 -180.1390    0.054
P-n60-k10 	BT-3   60   36    120    1    706    744    744     88 -180.1348    0.054
P-n60-k10 	BT-3   60   20    240    0    706    949    755    422   3.0308    0.069
P-n60-k10 	BT-3   60   20    240    1    706    962    794    360   2.5222    0.125
P-n60-k10 	BT-3   60   10    120    0    706    744    744     84 -534.8740    0.054
P-n60-k10 	BT-3   60   10    120    1    706    744    744     88 -534.8418    0.054
P-n60-k10 	BT-3   60   36    120    0    706    744    744     83 -1604.6224    0.054
P-n60-k10 	BT-3   60   36    120    1    706    744    744     81 -1604.6321    0.054
P-n60-k10 	BT-3   60   20    240    0    706    949    766    363   2.6045    0.085
P-n60-k10 	BT-3   60   20    240    1    706    962    774    450   3.1164    0.096
P-n60-k10 	BT-3   60   10    120    0    706    744    744     85 -513.1497    0.054
P-n60-k10 	BT-3   60   10    120    1    706    744    744     76 -513.2117    0.054
P-n60-k10 	BT-3   60   36    120    0    706    744    744     87 -1539.5118    0.054
P-n60-k10 	BT-3   60   36    120    1    706    744    744     80 -1539.5552    0.054
P-n60-k10 	BT-3   60   20    240    0    706    949    766    260   1.7943    0.085
P-n60-k10 	BT-3   60   20    240    1    706    962    752    585   4.2050    0.065
P-n60-k10 	BT-3   60   10    120    0    706    744    744     85 -317.6313    0.054
P-n60-k10 	BT-3   60   10    120    1    706    744    744     80 -317.6494    0.054
P-n60-k10 	BT-3   60   36    120    0    706    744    744     82 -952.9220    0.054
P-n60-k10 	BT-3   60   36    120    1    706    744    744     83 -952.9128    0.054
P-n60-k10 	BT-3   60   20    240    0    706    949    756    260   1.8327    0.071
P-n60-k10 	BT-3   60   20    240    1    706    962    757    362   2.6259    0.072
P-n60-k10 	BT-3   60   10    120    0    706    744    744     80 1440.6454    0.054
P-n60-k10 	BT-3   60   10    120    1    706    744    744     84 1440.6876    0.054
P-n60-k10 	BT-3   60   36    120    0    706    744    744     88  27.0645    0.054
P-n60-k10 	BT-3   60   36    120    1    706    744    744     88  27.0704    0.054
P-n60-k10 	BT-3   60   20    240    0    706    949    753    290   2.1608    0.067
P-n60-k10 	BT-3   60   20    240    1    706    962    776    740   5.3250    0.099
P-n60-k10 	BT-3   60   10    120    0    706    744    744     79  88.6197    0.054
P-n60-k10 	BT-3   60   10    120    1    706    744    744     85  88.6888    0.054
P-n60-k10 	BT-3   60   36    120    0    706    744    744     82 265.9604    0.054
P-n60-k10 	BT-3   60   36    120    1    706    744    744     88 266.0033    0.054
P-n60-k10 	BT-3   60   20    240    0    706    949    787    220   1.5550    0.115
P-n60-k10 	BT-3   60   20    240    1    706    962    763    550   3.9027    0.081
P-n60-k10 	BT-3   60   10    120    0    706    744    744     93 803.4640    0.054
P-n60-k10 	BT-3   60   10    120    1    706    744    744     82 803.3837    0.054
P-n60-k10 	BT-3   60   36    120    0    706    744    744     80 -1884.7554    0.054
P-n60-k10 	BT-3   60   36    120    1    706    744    744     89 -1884.6949    0.054
P-n60-k10 	BT-3   60   20    240    0    706    949    787    218   1.5169    0.115
P-n60-k10 	BT-3   60   20    240    1    706    962    781    240   1.6792    0.106
P-n60-k10 	BT-3   60   10    120    0    706    744    744     87 -1355.9963    0.054
P-n60-k10 	BT-3   60   10    120    1    706    744    744     81 -1356.0248    0.054
P-n60-k10 	BT-3   60   36    120    0    706    744    744     88 226.9592    0.054
P-n60-k10 	BT-3   60   36    120    1    706    744    744     88 226.9573    0.054
P-n60-k10 	BT-3   60   20    240    0    706    949    753    298   2.0661    0.067
P-n60-k10 	BT-3   60   20    240    1    706    962    786    407   2.8300    0.113
P-n60-k10 	BT-3   60   10    120    0    706    744    744     82 685.7269    0.054
P-n60-k10 	BT-3   60   10    120    1    706    744    744     84 685.7473    0.054
P-n60-k10 	BT-3   60   36    120    0    706    744    744     81 2057.2000    0.054
P-n60-k10 	BT-3   60   36    120    1    706    744    744     77 2057.1814    0.054
P-n60-k10 	BT-3   60   20    240    0    706    949    770    353   2.4344    0.091
P-n60-k10 	BT-3   60   20    240    1    706    962    761    677   4.7859    0.078
P-n60-k10 	BT-3   60   10    120    0    706    744    744     82 1883.8453    0.054
P-n60-k10 	BT-3   60   10    120    1    706    744    744     83 1883.8458    0.054
P-n60-k10 	BT-3   60   36    120    0    706    744    744     85 1356.5833    0.054
P-n60-k10 	BT-3   60   36    120    1    706    744    744     79 1356.5385    0.054
P-n60-k10 	BT-3   60   20    240    0    706    949    776    409   2.8282    0.099
P-n60-k10 	BT-3   60   20    240    1    706    962    747    612   4.2594    0.058
P-n60-k10 	BT-3   60   10    120    0    706    744    744     81 -218.2028    0.054
P-n60-k10 	BT-3   60   10    120    1    706    744    744     87 -218.1487    0.054
P-n60-k10 	BT-3   60   36    120    0    706    744    744     87 -654.5143    0.054
P-n60-k10 	BT-3   60   36    120    1    706    744    744     79 -654.5667    0.054
P-n60-k10 	BT-3   60   20    240    0    706    949    787    228   1.5524    0.115
P-n60-k10 	BT-3   60   20    240    1    706    962    774    452   3.1581    0.096
P-n60-k10 	BT-3   60   10    120    0    706    744    744     83 -1958.9092    0.054
P-n60-k10 	BT-3   60   10    120    1    706    744    744     88 -1958.8630    0.054
P-n60-k10 	BT-3   60   36    120    0    706    744    744     88 -1581.6852    0.054
P-n60-k10 	BT-3   60   36    120    1    706    744    744     87 -1581.6787    0.054
P-n60-k10 	BT-3   60   20    240    0    706    949    757    409   2.9491    0.072
P-n60-k10 	BT-3   60   20    240    1    706    962    780    275   1.9027    0.105
P-n60-k10 	BT-3   60   10    120    0    706    744    744     89 -445.2250    0.054
P-n60-k10 	BT-3   60   10    120    1    706    744    744     87 -445.2268    0.054
P-n60-k10 	BT-3   60   36    120    0    706    744    744     84 -1335.7062    0.054
P-n60-k10 	BT-3   60   36    120    1    706    744    744     87 -1335.6857    0.054
P-n60-k10 	BT-3   60   20    240    0    706    949    759    271   1.8746    0.075
P-n60-k10 	BT-3   60   20    240    1    706    962    760    467   3.2651    0.076
P-n60-k10 	BT-3   60   10    120    0    706    744    744     83 292.9985    0.054
P-n60-k10 	BT-3   60   10    120    1    706    744    744     87 293.0361    0.054
P-n60-k10 	BT-3   60   36    120    0    706    744    744     83 879.0471    0.054
P-n60-k10 	BT-3   60   36    120    1    706    744    744     84 879.0592    0.054
P-n60-k10 	BT-3   60   20    240    0    706    949    764    243   1.6882    0.082
P-n60-k10 	BT-3   60   20    240    1    706    962    761    274   1.8608    0.078
P-n60-k10 	BT-3   60   10    120    0    706    744    744     87 -1654.2231    0.054
P-n60-k10 	BT-3   60   10    120    1    706    744    744     88 -1654.2167    0.054
P-n60-k10 	BT-3   60   36    120    0    706    744    744     78 -667.7843    0.054
P-n60-k10 	BT-3   60   36    120    1    706    744    744     87 -667.7054    0.054
P-n60-k10 	BT-3   60   20    240    0    706    949    775    350   2.4256    0.098
P-n60-k10 	BT-3   60   20    240    1    706    962    754    539   3.8227    0.068
P-n60-k10 	BT-3   60   10    120    0    706    744    744     80 -1997.0060    0.054
P-n60-k10 	BT-3   60   10    120    1    706    744    744     84 -1996.9720    0.054
P-n60-k10 	BT-3   60   36    120    0    706    744    744     83 -1695.9965    0.054
P-n60-k10 	BT-3   60   36    120    1    706    744    744     86 -1695.9722    0.054
P-n60-k10 	BT-3   60   20    240    0    706    949    776    238   1.6766    0.099
P-n60-k10 	BT-3   60   20    240    1    706    962    793    283   2.0626    0.123
P-n60-k10 	BT-3   60   10    120    0    706    744    744     77 -789.3021    0.054
P-n60-k10 	BT-3   60   10    120    1    706    744    744     87 -789.2233    0.054
P-n60-k10 	BT-3   60   36    120    0    706    744    744     82 1927.1790    0.054
P-n60-k10 	BT-3   60   36    120    1    706    744    744     79 1927.1514    0.054
P-n60-k10 	BT-3   60   20    240    0    706    949    765    483   3.6156    0.084
P-n60-k10 	BT-3   60   20    240    1    706    962    757    288   2.0636    0.072
P-n60-k10 	BT-3   60   10    120    0    706    744    744     82 1492.2181    0.054
P-n60-k10 	BT-3   60   10    120    1    706    744    744     84 1492.2422    0.054
P-n60-k10 	BT-3   60   36    120    0    706    744    744     80 181.7153    0.054
P-n60-k10 	BT-3   60   36    120    1    706    744    744     79 181.7126    0.054
P-n60-k10 	BT-3   60   20    240    0    706    949    755    272   1.8685    0.069
P-n60-k10 	BT-3   60   20    240    1    706    962    755    488   3.4464    0.069
P-n60-k10 	BT-3   60   10    120    0    706    744    744     85 550.4700    0.054
P-n60-k10 	BT-3   60   10    120    1    706    744    744     86 550.4882    0.054
P-n60-k10 	BT-3   60   36    120    0    706    744    744     80 1651.4261    0.054
P-n60-k10 	BT-3   60   36    120    1    706    744    744     85 1651.4564    0.054
P-n60-k10 	BT-3   60   20    240    0    706    949    769    305   2.1975    0.089
P-n60-k10 	BT-3   60   20    240    1    706    962    797    294   2.0588    0.129
P-n60-k10 	BT-3   60   10    120    0    706    744    744     85 663.5990    0.054
P-n60-k10 	BT-3   60   10    120    1    706    744    744     91 663.6627    0.054
P-n60-k10 	BT-3   60   36    120    0    706    744    744     87 1990.9004    0.054
P-n60-k10 	BT-3   60   36    120    1    706    744    744     84 1990.8789    0.054
P-n60-k10 	BT-3   60   20    240    0    706    949    787    227   1.5793    0.115
P-n60-k10 	BT-3   60   20    240    1    706    962    764    429   3.1104    0.082
P-n60-k10 	BT-3   60   10    120    0    706    744    744     81 1682.3302    0.054
P-n60-k10 	BT-3   60   10    120    1    706    744    744     82 1682.3518    0.054
P-n60-k10 	BT-3   60   36    120    0    706    744    744     89 752.0993    0.054
P-n60-k10 	BT-3   60   36    120    1    706    744    744     79 752.0421    0.054
P-n60-k10 	BT-3   60   20    240    0    706    949    757    401   2.8420    0.072
P-n60-k10 	BT-3   60   20    240    1    706    962    751    600   4.3235    0.064
P-n60-k10 	BT-3   60   10    120    0    706    744    744     90 -2031.5535    0.054
P-n60-k10 	BT-3   60   10    120    1    706    744    744     84 -2031.5695    0.054
P-n60-k10 	BT-3   60   36    120    0    706    744    744     87 -1799.7181    0.054
P-n60-k10 	BT-3   60   36    120    1    706    744    744     95 -1799.6660    0.054
P-n60-k10 	BT-3   60   20    240    0    706    949    787    222   1.5443    0.115
P-n60-k10 	BT-3   60   20    240    1    706    962    784    353   2.4584    0.110
P-n60-k10 	BT-3   60   10    120    0    706    744    744     80 -1100.1896    0.054
P-n60-k10 	BT-3   60   10    120    1    706    744    744     82 -1100.1644    0.054
P-n60-k10 	BT-3   60   36    120    0    706    744    744     80 994.4387    0.054
P-n60-k10 	BT-3   60   36    120    1    706    744    744     90 994.5060    0.054
P-n60-k10 	BT-3   60   20    240    0    706    949    750    482   3.4156    0.062
P-n60-k10 	BT-3   60   20    240    1    706    962    781    404   2.9510    0.106
P-n60-k10 	BT-3   60   10    120    0    706    744    744     82 -1305.2102    0.054
P-n60-k10 	BT-3   60   10    120    1    706    744    744     82 -1305.1987    0.054
P-n60-k10 	BT-3   60   36    120    0    706    744    744     83 379.3647    0.054
P-n60-k10 	BT-3   60   36    120    1    706    744    744     82 379.3603    0.054
P-n60-k10 	BT-3   60   20    240    0    706    949    787    223   1.5379    0.115
P-n60-k10 	BT-3   60   20    240    1    706    962    790    614   4.2121    0.119
P-n60-k10 	BT-3   60   10    120    0    706    744    744     80 1143.8096    0.054
P-n60-k10 	BT-3   60   10    120    1    706    744    744     82 1143.8539    0.054
P-n60-k10 	BT-3   60   36    120    0    706    744    744     86 -863.4586    0.054
P-n60-k10 	BT-3   60   36    120    1    706    744    744     85 -863.4623    0.054
