P-n76-k5 	BT-1   76   25    304    0    631    902    651    702   8.6405    0.032
P-n76-k5 	BT-1   76   25    304    1    631    902    665    329   4.1415    0.054
P-n76-k5 	BT-1   76   12    152    0    631    651    640    241  15.6591    0.014
P-n76-k5 	BT-1   76   12    152    1    631    651    641    272  16.0104    0.016
P-n76-k5 	BT-1   76   57    152    0    631    640    640    152  46.2410    0.014
P-n76-k5 	BT-1   76   57    152    1    631    640    640    152  46.2893    0.014
P-n76-k5 	BT-2   76   25    304    0    631    902    653    902  11.3613    0.035
P-n76-k5 	BT-2   76   25    304    1    631    902    636    564   6.8386    0.008
P-n76-k5 	BT-2   76   12    152    0    631    636    635    230  21.0038    0.006
P-n76-k5 	BT-2   76   12    152    1    631    636    636    152  20.0966    0.008
P-n76-k5 	BT-2   76   57    152    0    631    635    635    152  61.1441    0.006
P-n76-k5 	BT-2   76   57    152    1    631    635    635    152  61.1345    0.006
P-n76-k5 	BT-3   76   25    304    0    631    902    695    263   3.1063    0.101
P-n76-k5 	BT-3   76   25    304    1    631    902    698    265   3.1165    0.106
P-n76-k5 	BT-3   76   12    152    0    631    695    695    108   7.5550    0.101
P-n76-k5 	BT-3   76   12    152    1    631    695    695     95   7.3796    0.101
P-n76-k5 	BT-3   76   57    152    0    631    695    662    122  22.6528    0.049
P-n76-k5 	BT-3   76   57    152    1    631    695    695    114  22.5614    0.101
P-n76-k5 	BT-3   76   25    304    0    631    902    695    258   3.0118    0.101
P-n76-k5 	BT-3   76   25    304    1    631    902    651    426   5.0942    0.032
P-n76-k5 	BT-3   76   12    152    0    631    651    648    135  76.1101    0.027
P-n76-k5 	BT-3   76   12    152    1    631    651    651    105  75.7618    0.032
P-n76-k5 	BT-3   76   57    152    0    631    648    648    108 227.6583    0.027
P-n76-k5 	BT-3   76   57    152    1    631    648    648    110 227.6587    0.027
P-n76-k5 	BT-3   76   25    304    0    631    902    695    271   3.1276    0.101
P-n76-k5 	BT-3   76   25    304    1    631    902    653    418   4.9051    0.035
P-n76-k5 	BT-3   76   12    152    0    631    648    648    111 691.0535    0.027
P-n76-k5 	BT-3   76   12    152    1    631    648    648    108 690.9982    0.027
P-n76-k5 	BT-3   76   57    152    0    631    648    648    100 2072.9321    0.027
P-n76-k5 	BT-3   76   57    152    1    631    648    648    108 2073.0798    0.027
P-n76-k5 	BT-3   76   25    304    0    631    902    695    263   3.0358    0.101
P-n76-k5 	BT-3   76   25    304    1    631    902    649    439   5.2048    0.029
P-n76-k5 	BT-3   76   12    152    0    631    648    648     98 1932.2172    0.027
P-n76-k5 	BT-3   76   12    152    1    631    648    648    109 1932.3894    0.027
P-n76-k5 	BT-3   76   57    152    0    631    648    648    111 1502.0144    0.027
P-n76-k5 	BT-3   76   57    152    1    631    648    648    111 1502.0052    0.027
P-n76-k5 	BT-3   76   25    304    0    631    902    695    255   2.9595    0.101
P-n76-k5 	BT-3   76   25    304    1    631    902    695    514   5.9548    0.101
P-n76-k5 	BT-3   76   12    152    0    631    648    648    105 219.8994    0.027
P-n76-k5 	BT-3   76   12    152    1    631    648    648    102 219.8768    0.027
P-n76-k5 	BT-3   76   57    152    0    631    648    648    110 659.7706    0.027
P-n76-k5 	BT-3   76   57    152    1    631    648    648    109 659.7404    0.027
P-n76-k5 	BT-3   76   25    304    0    631    902    695    272   3.1575    0.101
P-n76-k5 	BT-3   76   25    304    1    631    902    698    270   3.1404    0.106
P-n76-k5 	BT-3   76   12    152    0    631    648    648    106 1985.5135    0.027
P-n76-k5 	BT-3   76   12    152    1    631    648    648    103 1985.4989    0.027
P-n76-k5 	BT-3   76   57    152    0    631    648    648    106 1661.5548    0.027
P-n76-k5 	BT-3   76   57    152    1    631    648    648    105 1661.5485    0.027
P-n76-k5 	BT-3   76   25    304    0    631    902    695    263   3.0829    0.101
P-n76-k5 	BT-3   76   25    304    1    631    902    698    270   3.1345    0.106
P-n76-k5 	BT-3   76   12    152    0    631    648    648    104 695.8564    0.027
P-n76-k5 	BT-3   76   12    152    1    631    648    648    102 695.8452    0.027
P-n76-k5 	BT-3   76   57    152    0    631    648    648    100 2087.5168    0.027
P-n76-k5 	BT-3   76   57    152    1    631    648    648    102 2087.5435    0.027
P-n76-k5 	BT-3   76   25    304    0    631    902    695    261   2.9804    0.101
P-n76-k5 	BT-3   76   25    304    1    631    902    698    270   3.1535    0.106
P-n76-k5 	BT-3   76   12    152    0    631    648    648    102 1973.7982    0.027
P-n76-k5 	BT-3   76   12    152    1    631    648    648    108 1973.8484    0.027
P-n76-k5 	BT-3   76   57    152    0    631    648    648    103 1626.4594    0.027
P-n76-k5 	BT-3   76   57    152    1    631    648    648    102 1626.4705    0.027
P-n76-k5 	BT-3   76   25    304    0    631    902    656    420   5.0086    0.040
P-n76-k5 	BT-3   76   25    304    1    631    902    659    457   5.4951    0.044
P-n76-k5 	BT-3   76   12    152    0    631    648    648    104 594.9623    0.027
P-n76-k5 	BT-3   76   12    152    1    631    648    648    103 594.9572    0.027
P-n76-k5 	BT-3   76   57    152    0    631    648    648    117 1785.0620    0.027
P-n76-k5 	BT-3   76   57    152    1    631    648    648    109 1784.9387    0.027
P-n76-k5 	BT-3   76   25    304    0    631    902    671    466   5.6298    0.063
P-n76-k5 	BT-3   76   25    304    1    631    902    698    285   3.3859    0.106
P-n76-k5 	BT-3   76   12    152    0    631    648    648    100 1068.8756    0.027
P-n76-k5 	BT-3   76   12    152    1    631    648    648    108 1068.9796    0.027
P-n76-k5 	BT-3   76   57    152    0    631    648    648    102 -1088.1504    0.027
P-n76-k5 	BT-3   76   57    152    1    631    648    648    104 -1088.1580    0.027
P-n76-k5 	BT-3   76   25    304    0    631    902    695    253   2.9317    0.101
P-n76-k5 	BT-3   76   25    304    1    631    902    698    280   3.2387    0.106
P-n76-k5 	BT-3   76   12    152    0    631    648    648    105 1036.6429    0.027
P-n76-k5 	BT-3   76   12    152    1    631    648    648    103 1036.6477    0.027
P-n76-k5 	BT-3   76   57    152    0    631    648    648     98 -1185.1106    0.027
P-n76-k5 	BT-3   76   57    152    1    631    648    648    104 -1185.0111    0.027
P-n76-k5 	BT-3   76   25    304    0    631    902    664    363   4.2363    0.052
P-n76-k5 	BT-3   76   25    304    1    631    902    671    307   3.4970    0.063
P-n76-k5 	BT-3   76   12    152    0    631    648    648    104 747.5211    0.027
P-n76-k5 	BT-3   76   12    152    1    631    648    648    108 747.5741    0.027
P-n76-k5 	BT-3   76   57    152    0    631    648    648    105 -2052.3301    0.027
P-n76-k5 	BT-3   76   57    152    1    631    648    648    106 -2052.2634    0.027
P-n76-k5 	BT-3   76   25    304    0    631    902    665    284   3.3976    0.054
P-n76-k5 	BT-3   76   25    304    1    631    902    660    361   4.3026    0.046
P-n76-k5 	BT-3   76   12    152    0    631    648    648    113 -1854.1166    0.027
P-n76-k5 	BT-3   76   12    152    1    631    648    648    108 -1854.2155    0.027
P-n76-k5 	BT-3   76   57    152    0    631    648    648    103 -1267.6373    0.027
P-n76-k5 	BT-3   76   57    152    1    631    648    648     97 -1267.6688    0.027
P-n76-k5 	BT-3   76   25    304    0    631    902    695    268   3.0730    0.101
P-n76-k5 	BT-3   76   25    304    1    631    902    705    270   3.2204    0.117
P-n76-k5 	BT-3   76   12    152    0    631    648    648    107 498.4183    0.027
P-n76-k5 	BT-3   76   12    152    1    631    648    648    103 498.3335    0.027
P-n76-k5 	BT-3   76   57    152    0    631    648    648    106 1495.1262    0.027
P-n76-k5 	BT-3   76   57    152    1    631    648    648    107 1495.1068    0.027
P-n76-k5 	BT-3   76   25    304    0    631    902    695    264   3.0376    0.101
P-n76-k5 	BT-3   76   25    304    1    631    902    644    355   4.1152    0.021
P-n76-k5 	BT-3   76   12    152    0    631    644    641    108 197.5575    0.016
P-n76-k5 	BT-3   76   12    152    1    631    644    633    120 197.7723    0.003
P-n76-k5 	BT-3   76   57    152    0    631    633    633    114 593.0941    0.003
P-n76-k5 	BT-3   76   57    152    1    631    633    633    104 592.8494    0.003
P-n76-k5 	BT-3   76   25    304    0    631    902    695    270   3.3252    0.101
P-n76-k5 	BT-3   76   25    304    1    631    902    715    269   3.2276    0.133
P-n76-k5 	BT-3   76   12    152    0    631    633    633     99 1785.2787    0.003
P-n76-k5 	BT-3   76   12    152    1    631    633    633    100 1785.3605    0.003
P-n76-k5 	BT-3   76   57    152    0    631    633    633    109 1061.2892    0.003
P-n76-k5 	BT-3   76   57    152    1    631    633    633    106 1061.1259    0.003
P-n76-k5 	BT-3   76   25    304    0    631    902    695    258   3.2652    0.101
P-n76-k5 	BT-3   76   25    304    1    631    902    715    257   3.0851    0.133
P-n76-k5 	BT-3   76   12    152    0    631    633    633    108 -1105.1409    0.003
P-n76-k5 	BT-3   76   12    152    1    631    633    633    101 -1105.2247    0.003
P-n76-k5 	BT-3   76   57    152    0    631    633    633    107 979.5135    0.003
P-n76-k5 	BT-3   76   57    152    1    631    633    633    104 979.3978    0.003
P-n76-k5 	BT-3   76   25    304    0    631    902    695    278   3.3023    0.101
P-n76-k5 	BT-3   76   25    304    1    631    902    698    275   3.2210    0.106
P-n76-k5 	BT-3   76   12    152    0    631    633    633    112 -1350.0369    0.003
P-n76-k5 	BT-3   76   12    152    1    631    633    633    108 -1350.0959    0.003
P-n76-k5 	BT-3   76   57    152    0    631    633    633    109 244.7745    0.003
P-n76-k5 	BT-3   76   57    152    1    631    633    633    105 244.7169    0.003
P-n76-k5 	BT-3   76   25    304    0    631    902    666    498   5.7733    0.055
P-n76-k5 	BT-3   76   25    304    1    631    902    675    410   4.8681    0.070
P-n76-k5 	BT-3   76   12    152    0    631    633    633    111 744.8932    0.003
P-n76-k5 	BT-3   76   12    152    1    631    633    633    106 744.8369    0.003
P-n76-k5 	BT-3   76   57    152    0    631    633    633    104 -2060.4172    0.003
P-n76-k5 	BT-3   76   57    152    1    631    633    633    107 -2060.3848    0.003
P-n76-k5 	BT-3   76   25    304    0    631    902    695    266   3.1473    0.101
P-n76-k5 	BT-3   76   25    304    1    631    902    698    273   3.2461    0.106
P-n76-k5 	BT-3   76   12    152    0    631    633    633    109 -1879.7772    0.003
P-n76-k5 	BT-3   76   12    152    1    631    633    633    110 -1879.7543    0.003
P-n76-k5 	BT-3   76   57    152    0    631    633    633    103 -1344.4121    0.003
P-n76-k5 	BT-3   76   57    152    1    631    633    633    103 -1344.4327    0.003
P-n76-k5 	BT-3   76   25    304    0    631    902    695    266   3.0809    0.101
P-n76-k5 	BT-3   76   25    304    1    631    902    650    432   5.1272    0.030
P-n76-k5 	BT-3   76   12    152    0    631    633    633    109 269.9948    0.003
P-n76-k5 	BT-3   76   12    152    1    631    633    633    107 269.9449    0.003
P-n76-k5 	BT-3   76   57    152    0    631    633    633    108 809.9213    0.003
P-n76-k5 	BT-3   76   57    152    1    631    633    633    106 809.8654    0.003
P-n76-k5 	BT-3   76   25    304    0    631    902    695    267   3.0540    0.101
P-n76-k5 	BT-3   76   25    304    1    631    902    656    349   4.0698    0.040
P-n76-k5 	BT-3   76   12    152    0    631    633    633    110 -1858.1367    0.003
P-n76-k5 	BT-3   76   12    152    1    631    633    633    103 -1858.1887    0.003
P-n76-k5 	BT-3   76   57    152    0    631    633    633    113 -1279.4288    0.003
P-n76-k5 	BT-3   76   57    152    1    631    633    633    108 -1279.4900    0.003
P-n76-k5 	BT-3   76   25    304    0    631    902    695    264   3.0898    0.101
P-n76-k5 	BT-3   76   25    304    1    631    902    698    289   3.3557    0.106
P-n76-k5 	BT-3   76   12    152    0    631    633    633    103 462.9371    0.003
P-n76-k5 	BT-3   76   12    152    1    631    633    633    106 462.9879    0.003
P-n76-k5 	BT-3   76   57    152    0    631    633    633    106 1388.8923    0.003
P-n76-k5 	BT-3   76   57    152    1    631    633    633    109 1388.9116    0.003
P-n76-k5 	BT-3   76   25    304    0    631    902    695    267   3.1194    0.101
P-n76-k5 	BT-3   76   25    304    1    631    902    698    283   3.3219    0.106
P-n76-k5 	BT-3   76   12    152    0    631    633    633     99 -121.9188    0.003
P-n76-k5 	BT-3   76   12    152    1    631    633    633    110 -121.7764    0.003
P-n76-k5 	BT-3   76   57    152    0    631    633    633    115 -365.4082    0.003
P-n76-k5 	BT-3   76   57    152    1    631    633    633    104 -365.5690    0.003
P-n76-k5 	BT-3   76   25    304    0    631    902    695    263   2.9950    0.101
P-n76-k5 	BT-3   76   25    304    1    631    902    698    281   3.2320    0.106
P-n76-k5 	BT-3   76   12    152    0    631    633    633    101 -1090.3428    0.003
P-n76-k5 	BT-3   76   12    152    1    631    633    633    110 -1090.2512    0.003
P-n76-k5 	BT-3   76   57    152    0    631    633    633    101 1024.0200    0.003
P-n76-k5 	BT-3   76   57    152    1    631    633    633    108 1024.1075    0.003
P-n76-k5 	BT-3   76   25    304    0    631    902    695    267   3.1117    0.101
P-n76-k5 	BT-3   76   25    304    1    631    902    698    282   3.2348    0.106
P-n76-k5 	BT-3   76   12    152    0    631    633    633    104 -1216.4272    0.003
P-n76-k5 	BT-3   76   12    152    1    631    633    633    103 -1216.4425    0.003
P-n76-k5 	BT-3   76   57    152    0    631    633    633    107 645.6982    0.003
P-n76-k5 	BT-3   76   57    152    1    631    633    633    100 645.6130    0.003
P-n76-k5 	BT-3   76   25    304    0    631    902    695    269   3.0681    0.101
P-n76-k5 	BT-3   76   25    304    1    631    902    672    482   5.6642    0.065
P-n76-k5 	BT-3   76   12    152    0    631    633    633    106 1945.7506    0.003
P-n76-k5 	BT-3   76   12    152    1    631    633    633    112 1945.7903    0.003
P-n76-k5 	BT-3   76   57    152    0    631    633    633    108 1542.3679    0.003
P-n76-k5 	BT-3   76   57    152    1    631    633    633    113 1542.3821    0.003
P-n76-k5 	BT-3   76   25    304    0    631    902    695    264   3.0260    0.101
P-n76-k5 	BT-3   76   25    304    1    631    902    659    379   4.3687    0.044
P-n76-k5 	BT-3   76   12    152    0    631    633    633    111 339.5372    0.003
P-n76-k5 	BT-3   76   12    152    1    631    633    633    110 339.5286    0.003
P-n76-k5 	BT-3   76   57    152    0    631    633    633    101 1018.4968    0.003
P-n76-k5 	BT-3   76   57    152    1    631    633    633    112 1018.6133    0.003
P-n76-k5 	BT-3   76   25    304    0    631    902    695    274   3.1547    0.101
P-n76-k5 	BT-3   76   25    304    1    631    902    665    484   5.6813    0.054
P-n76-k5 	BT-3   76   12    152    0    631    633    633    114 -1230.3822    0.003
P-n76-k5 	BT-3   76   12    152    1    631    633    633     98 -1230.5776    0.003
P-n76-k5 	BT-3   76   57    152    0    631    633    633    108 603.5475    0.003
P-n76-k5 	BT-3   76   57    152    1    631    633    633    109 603.5608    0.003
P-n76-k5 	BT-3   76   25    304    0    631    902    695    268   3.1047    0.101
P-n76-k5 	BT-3   76   25    304    1    631    902    671    351   4.0309    0.063
P-n76-k5 	BT-3   76   12    152    0    631    633    633    112 1817.8423    0.003
P-n76-k5 	BT-3   76   12    152    1    631    633    633    110 1817.8427    0.003
P-n76-k5 	BT-3   76   57    152    0    631    633    633    102 1158.4333    0.003
P-n76-k5 	BT-3   76   57    152    1    631    633    633    110 1158.5370    0.003
P-n76-k5 	BT-3   76   25    304    0    631    902    667    459   5.3092    0.057
P-n76-k5 	BT-3   76   25    304    1    631    902    698    281   3.2203    0.106
P-n76-k5 	BT-3   76   12    152    0    631    633    633    104 -810.9863    0.003
P-n76-k5 	BT-3   76   12    152    1    631    633    633    106 -810.9688    0.003
P-n76-k5 	BT-3   76   57    152    0    631    633    633    105 1862.0474    0.003
P-n76-k5 	BT-3   76   57    152    1    631    633    633    104 1862.0271    0.003
P-n76-k5 	BT-3   76   25    304    0    631    902    695    258   2.9576    0.101
P-n76-k5 	BT-3   76   25    304    1    631    902    646    339   3.8623    0.024
P-n76-k5 	BT-3   76   12    152    0    631    633    633    106 1297.9639    0.003
P-n76-k5 	BT-3   76   12    152    1    631    633    633    100 1297.8845    0.003
P-n76-k5 	BT-3   76   57    152    0    631    633    633    104 -401.1827    0.003
P-n76-k5 	BT-3   76   57    152    1    631    633    633    102 -401.2090    0.003
P-n76-k5 	BT-3   76   25    304    0    631    902    701    272   3.0962    0.111
P-n76-k5 	BT-3   76   25    304    1    631    902    640    484   5.4999    0.014
P-n76-k5 	BT-3   76   12    152    0    631    633    633    104 -1194.9747    0.003
P-n76-k5 	BT-3   76   12    152    1    631    633    633    110 -1194.9043    0.003
P-n76-k5 	BT-3   76   57    152    0    631    633    633    103 710.0997    0.003
P-n76-k5 	BT-3   76   57    152    1    631    633    633    102 710.1011    0.003
P-n76-k5 	BT-3   76   25    304    0    631    902    695    259   2.9612    0.101
P-n76-k5 	BT-3   76   25    304    1    631    902    658    493   5.7174    0.043
P-n76-k5 	BT-3   76   12    152    0    631    633    630    156 2139.6023   -0.002
P-n76-k5 	BT-3   76   12    152    1    631    633    633    105 2139.0125    0.003
P-n76-k5 	BT-3   76   57    152    0    631    630    630    109 2122.7627   -0.002
P-n76-k5 	BT-3   76   57    152    1    631    630    630    104 2122.6501   -0.002
P-n76-k5 	BT-3   76   25    304    0    631    902    695    271   3.1252    0.101
P-n76-k5 	BT-3   76   25    304    1    631    902    667    316   3.6014    0.057
P-n76-k5 	BT-3   76   12    152    0    631    630    630    105 2079.8262   -0.002
P-n76-k5 	BT-3   76   12    152    1    631    630    630    109 2079.8633   -0.002
P-n76-k5 	BT-3   76   57    152    0    631    630    630    105 1944.5403   -0.002
P-n76-k5 	BT-3   76   57    152    1    631    630    630    108 1944.5824   -0.002
P-n76-k5 	BT-3   76   25    304    0    631    902    695    264   3.0294    0.101
P-n76-k5 	BT-3   76   25    304    1    631    902    670    301   3.4421    0.062
P-n76-k5 	BT-3   76   12    152    0    631    630    630    105 1545.2109   -0.002
P-n76-k5 	BT-3   76   12    152    1    631    630    630    106 1545.1927   -0.002
P-n76-k5 	BT-3   76   57    152    0    631    630    630    107 340.6354   -0.002
P-n76-k5 	BT-3   76   57    152    1    631    630    630    107 340.6322   -0.002
P-n76-k5 	BT-3   76   25    304    0    631    902    695    275   3.2625    0.101
P-n76-k5 	BT-3   76   25    304    1    631    902    698    279   3.2553    0.106
P-n76-k5 	BT-3   76   12    152    0    631    630    630    106 1028.5049   -0.002
P-n76-k5 	BT-3   76   12    152    1    631    630    630    113 1028.4807   -0.002
P-n76-k5 	BT-3   76   57    152    0    631    630    630    108 -1209.5660   -0.002
P-n76-k5 	BT-3   76   57    152    1    631    630    630    108 -1209.5596   -0.002
P-n76-k5 	BT-3   76   25    304    0    631    902    670    449   5.1926    0.062
P-n76-k5 	BT-3   76   25    304    1    631    902    698    284   3.2405    0.106
P-n76-k5 	BT-3   76   12    152    0    631    630    630    103 674.6594   -0.002
P-n76-k5 	BT-3   76   12    152    1    631    630    630    105 674.6799   -0.002
P-n76-k5 	BT-3   76   57    152    0    631    630    630    100 2023.9532   -0.002
P-n76-k5 	BT-3   76   57    152    1    631    630    630    107 2024.0480   -0.002
P-n76-k5 	BT-3   76   25    304    0    631    902    695    266   3.0309    0.101
P-n76-k5 	BT-3   76   25    304    1    631    902    638    494   5.6932    0.011
P-n76-k5 	BT-3   76   12    152    0    631    630    630    109 1785.8324   -0.002
P-n76-k5 	BT-3   76   12    152    1    631    630    630    107 1785.8348   -0.002
P-n76-k5 	BT-3   76   57    152    0    631    630    630    104 1062.4935   -0.002
P-n76-k5 	BT-3   76   57    152    1    631    630    630    110 1062.5563   -0.002
P-n76-k5 	BT-3   76   25    304    0    631    902    695    260   3.0231    0.101
P-n76-k5 	BT-3   76   25    304    1    631    902    698    285   3.2844    0.106
P-n76-k5 	BT-3   76   12    152    0    631    630    630    107 -1101.0851   -0.002
P-n76-k5 	BT-3   76   12    152    1    631    630    630    114 -1101.0060   -0.002
P-n76-k5 	BT-3   76   57    152    0    631    630    630    108 991.7902   -0.002
P-n76-k5 	BT-3   76   57    152    1    631    630    630    101 991.7440   -0.002
P-n76-k5 	BT-3   76   25    304    0    631    902    695    262   3.0496    0.101
P-n76-k5 	BT-3   76   25    304    1    631    902    698    281   3.3344    0.106
P-n76-k5 	BT-3   76   12    152    0    631    630    630    100 -1313.3477   -0.002
P-n76-k5 	BT-3   76   12    152    1    631    630    630    105 -1313.2998   -0.002
P-n76-k5 	BT-3   76   57    152    0    631    630    630    106 355.0322   -0.002
P-n76-k5 	BT-3   76   57    152    1    631    630    630    106 355.0699   -0.002
P-n76-k5 	BT-3   76   25    304    0    631    902    695    275   3.1782    0.101
P-n76-k5 	BT-3   76   25    304    1    631    902    698    281   3.1956    0.106
P-n76-k5 	BT-3   76   12    152    0    631    630    630    114 1071.6061   -0.002
P-n76-k5 	BT-3   76   12    152    1    631    630    630    102 1071.5330   -0.002
P-n76-k5 	BT-3   76   57    152    0    631    630    630    108 -1079.9807   -0.002
P-n76-k5 	BT-3   76   57    152    1    631    630    630    111 -1080.2092   -0.002
P-n76-k5 	BT-3   76   25    304    0    631    902    660    498   5.9584    0.046
P-n76-k5 	BT-3   76   25    304    1    631    902    698    274   3.2551    0.106
P-n76-k5 	BT-3   76   12    152    0    631    630    630    105 1063.7338   -0.002
P-n76-k5 	BT-3   76   12    152    1    631    630    630    103 1063.7335   -0.002
P-n76-k5 	BT-3   76   57    152    0    631    630    630     97 -1103.9387   -0.002
P-n76-k5 	BT-3   76   57    152    1    631    630    630    101 -1103.7886   -0.002
P-n76-k5 	BT-3   76   25    304    0    631    902    695    265   3.2065    0.101
P-n76-k5 	BT-3   76   25    304    1    631    902    676    265   3.1578    0.071
P-n76-k5 	BT-3   76   12    152    0    631    630    630    106 989.8010   -0.002
P-n76-k5 	BT-3   76   12    152    1    631    630    630    106 989.8519   -0.002
P-n76-k5 	BT-3   76   57    152    0    631    630    630    106 -1325.4357   -0.002
P-n76-k5 	BT-3   76   57    152    1    631    630    630    107 -1325.5233   -0.002
P-n76-k5 	BT-3   76   25    304    0    631    902    695    262   3.1220    0.101
P-n76-k5 	BT-3   76   25    304    1    631    902    698    270   3.1997    0.106
P-n76-k5 	BT-3   76   12    152    0    631    630    630    110 324.8455   -0.002
P-n76-k5 	BT-3   76   12    152    1    631    630    630    105 324.7785   -0.002
P-n76-k5 	BT-3   76   57    152    0    631    630    630    108 974.4321   -0.002
P-n76-k5 	BT-3   76   57    152    1    631    630    630    108 974.4562   -0.002
P-n76-k5 	BT-3   76   25    304    0    631    902    695    267   3.3881    0.101
P-n76-k5 	BT-3   76   25    304    1    631    902    661    357   4.2017    0.048
P-n76-k5 	BT-3   76   12    152    0    631    630    630    104 -1364.0854   -0.002
P-n76-k5 	BT-3   76   12    152    1    631    630    630    111 -1363.9879   -0.002
P-n76-k5 	BT-3   76   57    152    0    631    630    630    108 202.8834   -0.002
P-n76-k5 	BT-3   76   57    152    1    631    630    630    101 202.7925   -0.002
P-n76-k5 	BT-3   76   25    304    0    631    902    695    266   3.0857    0.101
P-n76-k5 	BT-3   76   25    304    1    631    902    698    271   3.1249    0.106
P-n76-k5 	BT-3   76   12    152    0    631    630    630    112 614.8169   -0.002
P-n76-k5 	BT-3   76   12    152    1    631    630    630    104 614.7122   -0.002
P-n76-k5 	BT-3   76   57    152    0    631    630    630    109 1844.3822   -0.002
P-n76-k5 	BT-3   76   57    152    1    631    630    630    106 1844.2297   -0.002
P-n76-k5 	BT-3   76   25    304    0    631    902    695    268   3.1675    0.101
P-n76-k5 	BT-3   76   25    304    1    631    902    655    461   5.3534    0.038
P-n76-k5 	BT-3   76   12    152    0    631    630    630     96 1246.2954   -0.002
P-n76-k5 	BT-3   76   12    152    1    631    630    630    108 1246.4265   -0.002
P-n76-k5 	BT-3   76   57    152    0    631    630    630    105 -555.8485   -0.002
P-n76-k5 	BT-3   76   57    152    1    631    630    630    108 -555.8132   -0.002
P-n76-k5 	BT-3   76   25    304    0    631    902    695    265   3.0810    0.101
P-n76-k5 	BT-3   76   25    304    1    631    902    671    443   5.1735    0.063
P-n76-k5 	BT-3   76   12    152    0    631    630    630    103 -1659.2855   -0.002
P-n76-k5 	BT-3   76   12    152    1    631    630    630    103 -1659.2706   -0.002
P-n76-k5 	BT-3   76   57    152    0    631    630    630    105 -682.8383   -0.002
P-n76-k5 	BT-3   76   57    152    1    631    630    630    107 -682.8262   -0.002
P-n76-k5 	BT-3   76   25    304    0    631    902    695    274   3.2104    0.101
P-n76-k5 	BT-3   76   25    304    1    631    902    698    272   3.1292    0.106
P-n76-k5 	BT-3   76   12    152    0    631    630    630    100 -2042.2328   -0.002
P-n76-k5 	BT-3   76   12    152    1    631    630    630    105 -2042.1593   -0.002
P-n76-k5 	BT-3   76   57    152    0    631    630    630    104 -1831.5779   -0.002
P-n76-k5 	BT-3   76   57    152    1    631    630    630    105 -1831.5638   -0.002
P-n76-k5 	BT-3   76   25    304    0    631    902    695    267   3.3472    0.101
P-n76-k5 	BT-3   76   25    304    1    631    902    698    275   3.3567    0.106
P-n76-k5 	BT-3   76   12    152    0    631    630    630    110 -1192.9996   -0.002
P-n76-k5 	BT-3   76   12    152    1    631    630    630    105 -1193.0153   -0.002
P-n76-k5 	BT-3   76   57    152    0    631    630    630    110 716.2408   -0.002
P-n76-k5 	BT-3   76   57    152    1    631    630    630    105 715.9105   -0.002
P-n76-k5 	BT-3   76   25    304    0    631    902    695    271   3.2997    0.101
P-n76-k5 	BT-3   76   25    304    1    631    902    698    274   3.1575    0.106
P-n76-k5 	BT-3   76   12    152    0    631    630    630    107 -2140.4341   -0.002
P-n76-k5 	BT-3   76   12    152    1    631    630    630    105 -2140.4773   -0.002
P-n76-k5 	BT-3   76   57    152    0    631    630    630    103 -2126.4275   -0.002
P-n76-k5 	BT-3   76   57    152    1    631    630    630    107 -2126.3843   -0.002
P-n76-k5 	BT-3   76   25    304    0    631    902    695    270   3.0879    0.101
P-n76-k5 	BT-3   76   25    304    1    631    902    698    277   3.1778    0.106
P-n76-k5 	BT-3   76   12    152    0    631    630    630    107 -2077.9690   -0.002
P-n76-k5 	BT-3   76   12    152    1    631    630    630    102 -2078.0237   -0.002
P-n76-k5 	BT-3   76   57    152    0    631    630    630    106 -1939.0137   -0.002
P-n76-k5 	BT-3   76   57    152    1    631    630    630    110 -1938.9799   -0.002
P-n76-k5 	BT-3   76   25    304    0    631    902    695    262   3.3095    0.101
P-n76-k5 	BT-3   76   25    304    1    631    902    646    413   4.7631    0.024
P-n76-k5 	BT-3   76   12    152    0    631    630    630    100 -1513.9967   -0.002
P-n76-k5 	BT-3   76   12    152    1    631    630    630    106 -1513.9188   -0.002
P-n76-k5 	BT-3   76   57    152    0    631    630    630    107 -246.8766   -0.002
P-n76-k5 	BT-3   76   57    152    1    631    630    630     96 -247.0113   -0.002
P-n76-k5 	BT-3   76   25    304    0    631    902    695    268   3.1057    0.101
P-n76-k5 	BT-3   76   25    304    1    631    902    698    273   3.1426    0.106
P-n76-k5 	BT-3   76   12    152    0    631    630    630    104 -734.5566   -0.002
P-n76-k5 	BT-3   76   12    152    1    631    630    630    107 -734.5147   -0.002
P-n76-k5 	BT-3   76   57    152    0    631    630    630    113 2091.4360   -0.002
P-n76-k5 	BT-3   76   57    152    1    631    630    630    107 2091.4089   -0.002
P-n76-k5 	BT-3   76   25    304    0    631    902    695    270   3.1021    0.101
P-n76-k5 	BT-3   76   25    304    1    631    902    698    264   3.0361    0.106
P-n76-k5 	BT-3   76   12    152    0    631    630    630    112 1985.4396   -0.002
P-n76-k5 	BT-3   76   12    152    1    631    630    630    109 1985.4026   -0.002
P-n76-k5 	BT-3   76   57    152    0    631    630    630    112 1661.3107   -0.002
P-n76-k5 	BT-3   76   57    152    1    631    630    630    107 1661.2439   -0.002
P-n76-k5 	BT-3   76   25    304    0    631    902    651    474   5.5086    0.032
P-n76-k5 	BT-3   76   25    304    1    631    902    698    288   3.4368    0.106
P-n76-k5 	BT-3   76   12    152    0    631    630    630    112 697.9976   -0.002
P-n76-k5 	BT-3   76   12    152    1    631    630    630    110 697.8560   -0.002
P-n76-k5 	BT-3   76   57    152    0    631    630    630    111 2093.6892   -0.002
P-n76-k5 	BT-3   76   57    152    1    631    630    630    103 2093.5840   -0.002
P-n76-k5 	BT-3   76   25    304    0    631    902    684    279   3.5640    0.084
P-n76-k5 	BT-3   76   25    304    1    631    902    698    281   3.4416    0.106
P-n76-k5 	BT-3   76   12    152    0    631    630    630    106 1993.0499   -0.002
P-n76-k5 	BT-3   76   12    152    1    631    630    630    107 1992.9468   -0.002
P-n76-k5 	BT-3   76   57    152    0    631    630    630    103 1683.9144   -0.002
P-n76-k5 	BT-3   76   57    152    1    631    630    630    106 1683.9611   -0.002
P-n76-k5 	BT-3   76   25    304    0    631    902    695    266   3.0640    0.101
P-n76-k5 	BT-3   76   25    304    1    631    902    698    282   3.3796    0.106
P-n76-k5 	BT-3   76   12    152    0    631    630    630    108 763.3414   -0.002
P-n76-k5 	BT-3   76   12    152    1    631    630    630    111 763.3867   -0.002
P-n76-k5 	BT-3   76   57    152    0    631    630    630    106 -2004.8978   -0.002
P-n76-k5 	BT-3   76   57    152    1    631    630    630    100 -2004.9766   -0.002
P-n76-k5 	BT-3   76   25    304    0    631    902    640    415   4.8158    0.014
P-n76-k5 	BT-3   76   25    304    1    631    902    691    276   3.3317    0.095
P-n76-k5 	BT-3   76   12    152    0    631    630    630    101 -1711.7289   -0.002
P-n76-k5 	BT-3   76   12    152    1    631    630    630    111 -1711.5962   -0.002
P-n76-k5 	BT-3   76   57    152    0    631    630    630    109 -840.0016   -0.002
P-n76-k5 	BT-3   76   57    152    1    631    630    630    107 -839.9593   -0.002
P-n76-k5 	BT-3   76   25    304    0    631    902    695    262   3.0070    0.101
P-n76-k5 	BT-3   76   25    304    1    631    902    660    364   4.3503    0.046
P-n76-k5 	BT-3   76   12    152    0    631    630    630     98 1782.2246   -0.002
P-n76-k5 	BT-3   76   12    152    1    631    630    630    110 1782.3999   -0.002
P-n76-k5 	BT-3   76   57    152    0    631    630    630    107 1051.9985   -0.002
P-n76-k5 	BT-3   76   57    152    1    631    630    630    110 1052.0822   -0.002
P-n76-k5 	BT-3   76   25    304    0    631    902    695    262   3.0095    0.101
P-n76-k5 	BT-3   76   25    304    1    631    902    698    279   3.1814    0.106
P-n76-k5 	BT-3   76   12    152    0    631    630    630    116 -1132.5979   -0.002
P-n76-k5 	BT-3   76   12    152    1    631    630    630    111 -1132.5983   -0.002
P-n76-k5 	BT-3   76   57    152    0    631    630    630    107 897.0530   -0.002
P-n76-k5 	BT-3   76   57    152    1    631    630    630    104 897.0372   -0.002
P-n76-k5 	BT-3   76   25    304    0    631    902    695    279   3.2733    0.101
P-n76-k5 	BT-3   76   25    304    1    631    902    698    279   3.3411    0.106
P-n76-k5 	BT-3   76   12    152    0    631    630    630    101 -1597.2308   -0.002
P-n76-k5 	BT-3   76   12    152    1    631    630    630    111 -1597.1179   -0.002
P-n76-k5 	BT-3   76   57    152    0    631    630    630    108 -496.4212   -0.002
P-n76-k5 	BT-3   76   57    152    1    631    630    630    100 -496.6375   -0.002
P-n76-k5 	BT-3   76   25    304    0    631    902    695    272   3.1474    0.101
P-n76-k5 	BT-3   76   25    304    1    631    902    698    273   3.1236    0.106
P-n76-k5 	BT-3   76   12    152    0    631    630    630    112 -1483.3007   -0.002
P-n76-k5 	BT-3   76   12    152    1    631    630    630    101 -1483.3735   -0.002
P-n76-k5 	BT-3   76   57    152    0    631    630    630    115 -154.9065   -0.002
P-n76-k5 	BT-3   76   57    152    1    631    630    630    108 -155.0495   -0.002
P-n76-k5 	BT-3   76   25    304    0    631    902    695    265   3.1437    0.101
P-n76-k5 	BT-3   76   25    304    1    631    902    698    283   3.2249    0.106
P-n76-k5 	BT-3   76   12    152    0    631    630    630    104 -458.7090   -0.002
P-n76-k5 	BT-3   76   12    152    1    631    630    630    105 -458.6425   -0.002
P-n76-k5 	BT-3   76   57    152    0    631    630    630    107 -1376.0372   -0.002
P-n76-k5 	BT-3   76   57    152    1    631    630    630    107 -1376.0221   -0.002
P-n76-k5 	BT-3   76   25    304    0    631    902    695    266   3.0175    0.101
P-n76-k5 	BT-3   76   25    304    1    631    902    645    457   5.4310    0.022
P-n76-k5 	BT-3   76   12    152    0    631    630    630    112 175.3847   -0.002
P-n76-k5 	BT-3   76   12    152    1    631    630    630    108 175.3961   -0.002
P-n76-k5 	BT-3   76   57    152    0    631    630    630    103 526.0638   -0.002
P-n76-k5 	BT-3   76   57    152    1    631    630    630    101 526.0518   -0.002
P-n76-k5 	BT-3   76   25    304    0    631    902    695    262   3.0506    0.101
P-n76-k5 	BT-3   76   25    304    1    631    902    698    273   3.2337    0.106
P-n76-k5 	BT-3   76   12    152    0    631    630    630    104 1584.5317   -0.002
P-n76-k5 	BT-3   76   12    152    1    631    630    630    107 1584.5995   -0.002
P-n76-k5 	BT-3   76   57    152    0    631    630    630    108 458.7798   -0.002
P-n76-k5 	BT-3   76   57    152    1    631    630    630    104 458.6492   -0.002
P-n76-k5 	BT-3   76   25    304    0    631    902    695    270   3.1486    0.101
P-n76-k5 	BT-3   76   25    304    1    631    902    639    482   5.9429    0.013
P-n76-k5 	BT-3   76   12    152    0    631    630    630    101 1385.1599   -0.002
P-n76-k5 	BT-3   76   12    152    1    631    630    630    117 1385.3892   -0.002
P-n76-k5 	BT-3   76   57    152    0    631    630    630    104 -139.2579   -0.002
P-n76-k5 	BT-3   76   57    152    1    631    630    630    105 -139.1750   -0.002
P-n76-k5 	BT-3   76   25    304    0    631    902    674    351   4.1613    0.068
P-n76-k5 	BT-3   76   25    304    1    631    902    642    386   4.5474    0.017
P-n76-k5 	BT-3   76   12    152    0    631    630    630    109 -408.8910   -0.002
P-n76-k5 	BT-3   76   12    152    1    631    630    630    104 -408.9540   -0.002
P-n76-k5 	BT-3   76   57    152    0    631    630    630    106 -1226.7106   -0.002
P-n76-k5 	BT-3   76   57    152    1    631    630    630    102 -1226.8081   -0.002
P-n76-k5 	BT-3   76   25    304    0    631    902    650    509   5.9540    0.030
P-n76-k5 	BT-3   76   25    304    1    631    902    701    271   3.1346    0.111
P-n76-k5 	BT-3   76   12    152    0    631    630    630    103 623.7556   -0.002
P-n76-k5 	BT-3   76   12    152    1    631    630    630    100 623.6896   -0.002
P-n76-k5 	BT-3   76   57    152    0    631    630    630    106 1871.1932   -0.002
P-n76-k5 	BT-3   76   57    152    1    631    630    630    105 1871.2319   -0.002
P-n76-k5 	BT-3   76   25    304    0    631    902    695    274   3.2041    0.101
P-n76-k5 	BT-3   76   25    304    1    631    902    698    281   3.3569    0.106
P-n76-k5 	BT-3   76   12    152    0    631    630    630    107 1325.2715   -0.002
P-n76-k5 	BT-3   76   12    152    1    631    630    630    105 1325.2339   -0.002
P-n76-k5 	BT-3   76   57    152    0    631    630    630    105 -319.2732   -0.002
P-n76-k5 	BT-3   76   57    152    1    631    630    630    107 -319.2379   -0.002
P-n76-k5 	BT-3   76   25    304    0    631    902    695    268   3.1405    0.101
P-n76-k5 	BT-3   76   25    304    1    631    902    698    291   3.3705    0.106
P-n76-k5 	BT-3   76   12    152    0    631    630    630    102 -951.2701   -0.002
P-n76-k5 	BT-3   76   12    152    1    631    630    630    109 -951.1945   -0.002
P-n76-k5 	BT-3   76   57    152    0    631    630    630    108 1441.2808   -0.002
P-n76-k5 	BT-3   76   57    152    1    631    630    630    106 1441.2596   -0.002
P-n76-k5 	BT-3   76   25    304    0    631    902    666    422   4.9252    0.055
P-n76-k5 	BT-3   76   25    304    1    631    902    674    318   3.7050    0.068
P-n76-k5 	BT-3   76   12    152    0    631    630    630    105  37.4850   -0.002
P-n76-k5 	BT-3   76   12    152    1    631    630    630    105  37.4791   -0.002
P-n76-k5 	BT-3   76   57    152    0    631    630    630    100 112.3915   -0.002
P-n76-k5 	BT-3   76   57    152    1    631    630    630    102 112.3930   -0.002
P-n76-k5 	BT-3   76   25    304    0    631    902    695    271   3.1432    0.101
P-n76-k5 	BT-3   76   25    304    1    631    902    657    514   6.2575    0.041
P-n76-k5 	BT-3   76   12    152    0    631    630    630    103 346.6429   -0.002
P-n76-k5 	BT-3   76   12    152    1    631    630    630    105 346.7606   -0.002
P-n76-k5 	BT-3   76   57    152    0    631    630    630    104 1040.0530   -0.002
P-n76-k5 	BT-3   76   57    152    1    631    630    630    102 1039.9874   -0.002
P-n76-k5 	BT-3   76   25    304    0    631    902    695    263   3.0455    0.101
P-n76-k5 	BT-3   76   25    304    1    631    902    701    273   3.1479    0.111
P-n76-k5 	BT-3   76   12    152    0    631    630    630    102 -1168.7460   -0.002
P-n76-k5 	BT-3   76   12    152    1    631    630    630    114 -1168.5361   -0.002
P-n76-k5 	BT-3   76   57    152    0    631    630    630    108 789.0261   -0.002
P-n76-k5 	BT-3   76   57    152    1    631    630    630    110 789.0574   -0.002
P-n76-k5 	BT-3   76   25    304    0    631    902    695    261   3.0269    0.101
P-n76-k5 	BT-3   76   25    304    1    631    902    666    355   4.0972    0.055
P-n76-k5 	BT-3   76   12    152    0    631    630    630    108 -1920.7775   -0.002
P-n76-k5 	BT-3   76   12    152    1    631    630    630    111 -1920.7391   -0.002
P-n76-k5 	BT-3   76   57    152    0    631    630    630    105 -1467.3483   -0.002
P-n76-k5 	BT-3   76   57    152    1    631    630    630    101 -1467.3868   -0.002
P-n76-k5 	BT-3   76   25    304    0    631    902    695    269   3.2176    0.101
P-n76-k5 	BT-3   76   25    304    1    631    902    647    366   4.3995    0.025
P-n76-k5 	BT-3   76   12    152    0    631    630    630    109 -99.4693   -0.002
P-n76-k5 	BT-3   76   12    152    1    631    630    630    103 -99.5266   -0.002
P-n76-k5 	BT-3   76   57    152    0    631    630    630    107 -298.4875   -0.002
P-n76-k5 	BT-3   76   57    152    1    631    630    630    104 -298.4832   -0.002
P-n76-k5 	BT-3   76   25    304    0    631    902    695    254   3.1678    0.101
P-n76-k5 	BT-3   76   25    304    1    631    902    701    277   3.4575    0.111
P-n76-k5 	BT-3   76   12    152    0    631    630    630    105 -888.6827   -0.002
P-n76-k5 	BT-3   76   12    152    1    631    630    630    108 -888.6630   -0.002
P-n76-k5 	BT-3   76   57    152    0    631    630    630    105 1628.7609   -0.002
P-n76-k5 	BT-3   76   57    152    1    631    630    630    106 1628.7878   -0.002
P-n76-k5 	BT-3   76   25    304    0    631    902    695    259   2.9739    0.101
P-n76-k5 	BT-3   76   25    304    1    631    902    698    276   3.2215    0.106
P-n76-k5 	BT-3   76   12    152    0    631    630    630    113 597.6956   -0.002
P-n76-k5 	BT-3   76   12    152    1    631    630    630    105 597.5750   -0.002
P-n76-k5 	BT-3   76   57    152    0    631    630    630    104 1792.8320   -0.002
P-n76-k5 	BT-3   76   57    152    1    631    630    630    105 1792.8284   -0.002
P-n76-k5 	BT-3   76   25    304    0    631    902    695    266   3.0577    0.101
P-n76-k5 	BT-3   76   25    304    1    631    902    698    280   3.2243    0.106
P-n76-k5 	BT-3   76   12    152    0    631    630    630    105 1089.8110   -0.002
P-n76-k5 	BT-3   76   12    152    1    631    630    630    109 1089.8506   -0.002
P-n76-k5 	BT-3   76   57    152    0    631    630    630    101 -1025.5502   -0.002
P-n76-k5 	BT-3   76   57    152    1    631    630    630    106 -1025.4908   -0.002
P-n76-k5 	BT-3   76   25    304    0    631    902    695    266   3.0990    0.101
P-n76-k5 	BT-3   76   25    304    1    631    902    698    272   3.1907    0.106
P-n76-k5 	BT-3   76   12    152    0    631    630    630     99 1224.6411   -0.002
P-n76-k5 	BT-3   76   12    152    1    631    630    630    101 1224.6565   -0.002
P-n76-k5 	BT-3   76   57    152    0    631    630    630    104 -620.9661   -0.002
P-n76-k5 	BT-3   76   57    152    1    631    630    630    107 -620.9364   -0.002
P-n76-k5 	BT-3   76   25    304    0    631    902    695    266   3.0933    0.101
P-n76-k5 	BT-3   76   25    304    1    631    902    698    269   3.0992    0.106
P-n76-k5 	BT-3   76   12    152    0    631    630    630    110 -1856.6215   -0.002
P-n76-k5 	BT-3   76   12    152    1    631    630    630    101 -1856.7098   -0.002
P-n76-k5 	BT-3   76   57    152    0    631    630    630    110 -1274.9691   -0.002
P-n76-k5 	BT-3   76   57    152    1    631    630    630    111 -1274.9791   -0.002
P-n76-k5 	BT-3   76   25    304    0    631    902    702    278   3.1707    0.113
P-n76-k5 	BT-3   76   25    304    1    631    902    698    279   3.2068    0.106
P-n76-k5 	BT-3   76   12    152    0    631    630    630     97 476.2890   -0.002
P-n76-k5 	BT-3   76   12    152    1    631    630    630    105 476.3615   -0.002
P-n76-k5 	BT-3   76   57    152    0    631    630    630    113 1429.1058   -0.002
P-n76-k5 	BT-3   76   57    152    1    631    630    630    106 1429.0171   -0.002
P-n76-k5 	BT-3   76   25    304    0    631    902    695    268   3.0762    0.101
P-n76-k5 	BT-3   76   25    304    1    631    902    705    267   3.0806    0.117
P-n76-k5 	BT-3   76   12    152    0    631    630    630    114  -1.5810   -0.002
P-n76-k5 	BT-3   76   12    152    1    631    630    630    103  -1.6834   -0.002
P-n76-k5 	BT-3   76   57    152    0    631    630    630    106  -4.9317   -0.002
P-n76-k5 	BT-3   76   57    152    1    631    630    630    104  -4.9062   -0.002
P-n76-k5 	BT-3   76   25    304    0    631    902    695    273   3.1559    0.101
P-n76-k5 	BT-3   76   25    304    1    631    902    665    269   3.1366    0.054
P-n76-k5 	BT-3   76   12    152    0    631    630    630    107  -8.4356   -0.002
P-n76-k5 	BT-3   76   12    152    1    631    630    630    101  -8.5186   -0.002
P-n76-k5 	BT-3   76   57    152    0    631    630    630    102 -25.4579   -0.002
P-n76-k5 	BT-3   76   57    152    1    631    630    630    103 -25.4519   -0.002
P-n76-k5 	BT-3   76   25    304    0    631    902    665    276   3.1238    0.054
P-n76-k5 	BT-3   76   25    304    1    631    902    698    267   3.0867    0.106
P-n76-k5 	BT-3   76   12    152    0    631    630    630    101 -70.2023   -0.002
P-n76-k5 	BT-3   76   12    152    1    631    630    630    109 -70.0752   -0.002
P-n76-k5 	BT-3   76   57    152    0    631    630    630    110 -210.3163   -0.002
P-n76-k5 	BT-3   76   57    152    1    631    630    630    110 -210.3592   -0.002
P-n76-k5 	BT-3   76   25    304    0    631    902    695    269   3.0715    0.101
P-n76-k5 	BT-3   76   25    304    1    631    902    698    273   3.1254    0.106
P-n76-k5 	BT-3   76   12    152    0    631    630    630    107 -624.8855   -0.002
P-n76-k5 	BT-3   76   12    152    1    631    630    630    107 -624.8931   -0.002
P-n76-k5 	BT-3   76   57    152    0    631    630    630    107 -1874.6672   -0.002
P-n76-k5 	BT-3   76   57    152    1    631    630    630    110 -1874.6270   -0.002
P-n76-k5 	BT-3   76   25    304    0    631    902    695    270   3.0943    0.101
P-n76-k5 	BT-3   76   25    304    1    631    902    698    275   3.1372    0.106
P-n76-k5 	BT-3   76   12    152    0    631    630    630    115 -1322.6558   -0.002
P-n76-k5 	BT-3   76   12    152    1    631    630    630    103 -1322.8147   -0.002
P-n76-k5 	BT-3   76   57    152    0    631    630    630    110 326.7584   -0.002
P-n76-k5 	BT-3   76   57    152    1    631    630    630     98 326.6338   -0.002
P-n76-k5 	BT-3   76   25    304    0    631    902    695    263   3.0299    0.101
P-n76-k5 	BT-3   76   25    304    1    631    902    698    277   3.1953    0.106
P-n76-k5 	BT-3   76   12    152    0    631    630    630    112 986.4611   -0.002
P-n76-k5 	BT-3   76   12    152    1    631    630    630    103 986.3566   -0.002
P-n76-k5 	BT-3   76   57    152    0    631    630    630    109 -1335.7056   -0.002
P-n76-k5 	BT-3   76   57    152    1    631    630    630    104 -1335.7903   -0.002
P-n76-k5 	BT-3   76   25    304    0    631    902    695    275   3.1718    0.101
P-n76-k5 	BT-3   76   25    304    1    631    902    659    427   5.1480    0.044
P-n76-k5 	BT-3   76   12    152    0    631    630    630    111 296.1401   -0.002
P-n76-k5 	BT-3   76   12    152    1    631    630    630    113 296.0811   -0.002
P-n76-k5 	BT-3   76   57    152    0    631    630    630    105 888.1992   -0.002
P-n76-k5 	BT-3   76   57    152    1    631    630    630    105 888.2564   -0.002
P-n76-k5 	BT-3   76   25    304    0    631    902    695    267   3.2019    0.101
P-n76-k5 	BT-3   76   25    304    1    631    902    658    333   4.1211    0.043
P-n76-k5 	BT-3   76   12    152    0    631    630    630    111 -1622.9006   -0.002
P-n76-k5 	BT-3   76   12    152    1    631    630    630    106 -1622.9578   -0.002
P-n76-k5 	BT-3   76   57    152    0    631    630    630    100 -573.7998   -0.002
P-n76-k5 	BT-3   76   57    152    1    631    630    630    107 -573.8550   -0.002
P-n76-k5 	BT-3   76   25    304    0    631    902    653    429   5.0432    0.035
P-n76-k5 	BT-3   76   25    304    1    631    902    698    273   3.1595    0.106
P-n76-k5 	BT-3   76   12    152    0    631    630    630    107 -1713.2981   -0.002
P-n76-k5 	BT-3   76   12    152    1    631    630    630    101 -1713.3596   -0.002
P-n76-k5 	BT-3   76   57    152    0    631    630    630    107 -844.9846   -0.002
P-n76-k5 	BT-3   76   57    152    1    631    630    630    107 -844.9858   -0.002
P-n76-k5 	BT-3   76   25    304    0    631    902    695    268   3.1030    0.101
P-n76-k5 	BT-3   76   25    304    1    631    902    701    268   3.1059    0.111
P-n76-k5 	BT-3   76   12    152    0    631    630    630    105 1766.1833   -0.002
P-n76-k5 	BT-3   76   12    152    1    631    630    630    107 1766.2250   -0.002
P-n76-k5 	BT-3   76   57    152    0    631    630    630    111 1003.7243   -0.002
P-n76-k5 	BT-3   76   57    152    1    631    630    630    107 1003.6432   -0.002
P-n76-k5 	BT-3   76   25    304    0    631    902    695    265   3.0437    0.101
P-n76-k5 	BT-3   76   25    304    1    631    902    698    279   3.2234    0.106
P-n76-k5 	BT-3   76   12    152    0    631    630    630    102 -1277.7301   -0.002
P-n76-k5 	BT-3   76   12    152    1    631    630    630    108 -1277.6624   -0.002
P-n76-k5 	BT-3   76   57    152    0    631    630    630    107 461.8873   -0.002
P-n76-k5 	BT-3   76   57    152    1    631    630    630    101 461.8165   -0.002
P-n76-k5 	BT-3   76   25    304    0    631    902    668    467   5.4172    0.059
P-n76-k5 	BT-3   76   25    304    1    631    902    698    273   3.1265    0.106
P-n76-k5 	BT-3   76   12    152    0    631    630    630    113 1394.2126   -0.002
P-n76-k5 	BT-3   76   12    152    1    631    630    630    101 1394.0682   -0.002
P-n76-k5 	BT-3   76   57    152    0    631    630    630    107 -112.5582   -0.002
P-n76-k5 	BT-3   76   57    152    1    631    630    630    104 -112.5827   -0.002
P-n76-k5 	BT-3   76   25    304    0    631    902    695    257   2.9496    0.101
P-n76-k5 	BT-3   76   25    304    1    631    902    662    385   4.4304    0.049
P-n76-k5 	BT-3   76   12    152    0    631    630    630    106 -330.3172   -0.002
P-n76-k5 	BT-3   76   12    152    1    631    630    630    105 -330.3236   -0.002
P-n76-k5 	BT-3   76   57    152    0    631    630    630    110 -990.8919   -0.002
P-n76-k5 	BT-3   76   57    152    1    631    630    630    101 -990.9482   -0.002
P-n76-k5 	BT-3   76   25    304    0    631    902    695    265   3.1664    0.101
P-n76-k5 	BT-3   76   25    304    1    631    902    648    507   6.2439    0.027
P-n76-k5 	BT-3   76   12    152    0    631    630    630    105 1331.6127   -0.002
P-n76-k5 	BT-3   76   12    152    1    631    630    630    103 1331.6267   -0.002
P-n76-k5 	BT-3   76   57    152    0    631    630    630    105 -300.1392   -0.002
P-n76-k5 	BT-3   76   57    152    1    631    630    630    110 -300.1011   -0.002
P-n76-k5 	BT-3   76   25    304    0    631    902    695    269   3.1688    0.101
P-n76-k5 	BT-3   76   25    304    1    631    902    698    285   3.3954    0.106
P-n76-k5 	BT-3   76   12    152    0    631    630    630    106 -893.7411   -0.002
P-n76-k5 	BT-3   76   12    152    1    631    630    630    101 -893.7970   -0.002
P-n76-k5 	BT-3   76   57    152    0    631    630    630    110 1613.6885   -0.002
P-n76-k5 	BT-3   76   57    152    1    631    630    630    106 1613.6361   -0.002
P-n76-k5 	BT-3   76   25    304    0    631    902    695    265   3.1016    0.101
P-n76-k5 	BT-3   76   25    304    1    631    902    698    283   3.3510    0.106
P-n76-k5 	BT-3   76   12    152    0    631    630    630    106 552.4103   -0.002
P-n76-k5 	BT-3   76   12    152    1    631    630    630    112 552.5742   -0.002
P-n76-k5 	BT-3   76   57    152    0    631    630    630    106 1657.4246   -0.002
P-n76-k5 	BT-3   76   57    152    1    631    630    630    104 1657.3979   -0.002
P-n76-k5 	BT-3   76   25    304    0    631    902    695    268   3.1194    0.101
P-n76-k5 	BT-3   76   25    304    1    631    902    698    274   3.2784    0.106
P-n76-k5 	BT-3   76   12    152    0    631    630    630    104 683.6443   -0.002
P-n76-k5 	BT-3   76   12    152    1    631    630    630    104 683.6497   -0.002
P-n76-k5 	BT-3   76   57    152    0    631    630    630    106 2050.9517   -0.002
P-n76-k5 	BT-3   76   57    152    1    631    630    630    113 2051.0264   -0.002
