A-n61-k9 	BT-1   61   20    244    0   1035   1755   1164    308   1.3721    0.125
A-n61-k9 	BT-1   61   20    244    1   1035   1505   1071    698   3.0143    0.035
A-n61-k9 	BT-1   61   10    122    0   1035   1284   1065    191   0.8734    0.029
A-n61-k9 	BT-1   61   10    122    1   1035   1071   1065    171   0.7939    0.029
A-n61-k9 	BT-1   61    6    122    0   1035   1490   1065    123   0.6029    0.029
A-n61-k9 	BT-1   61    6    122    1   1035   1065   1065    122   0.5977    0.029
A-n61-k9 	BT-2   61   20    244    0   1035   1755   1105    317   1.4222    0.068
A-n61-k9 	BT-2   61   20    244    1   1035   1505   1168    267   1.2316    0.129
A-n61-k9 	BT-2   61   10    122    0   1035   1606   1099    214   1.0700    0.062
A-n61-k9 	BT-2   61   10    122    1   1035   1105   1064    342   1.5204    0.028
A-n61-k9 	BT-2   61    6    122    0   1035   1321   1151    140   0.7170    0.112
A-n61-k9 	BT-2   61    6    122    1   1035   1064   1064    122   0.5884    0.028
A-n61-k9 	BT-3   61   20    244    0   1035   1755   1050    683   2.8885    0.014
A-n61-k9 	BT-3   61   20    244    1   1035   1505   1095    681   2.9250    0.058
A-n61-k9 	BT-3   61   10    122    0   1035   1175   1065    259   1.3119    0.029
A-n61-k9 	BT-3   61   10    122    1   1035   1050   1050    122   0.6803    0.014
A-n61-k9 	BT-3   61    6    122    0   1035   1175   1089    134   0.7376    0.052
A-n61-k9 	BT-3   61    6    122    1   1035   1050   1050    122   0.6788    0.014
A-n61-k9 	BT-3   61   20    244    0   1035   1755   1089    796   3.4923    0.052
A-n61-k9 	BT-3   61   20    244    1   1035   1505   1140    278   1.2678    0.101
A-n61-k9 	BT-3   61   10    122    0   1035   1175   1065    309   1.5321    0.029
A-n61-k9 	BT-3   61   10    122    1   1035   1050   1039    184   0.9247    0.004
A-n61-k9 	BT-3   61    6    122    0   1035   1164   1067    141   0.7507    0.031
A-n61-k9 	BT-3   61    6    122    1   1035   1039   1039    122   0.6703    0.004
A-n61-k9 	BT-3   61   20    244    0   1035   1755   1072    629   2.6539    0.036
A-n61-k9 	BT-3   61   20    244    1   1035   1505   1104    627   2.6669    0.067
A-n61-k9 	BT-3   61   10    122    0   1035   1164   1045    298   1.3710    0.010
A-n61-k9 	BT-3   61   10    122    1   1035   1039   1037    205   1.0472    0.002
A-n61-k9 	BT-3   61    6    122    0   1035   1201   1062    209   0.9901    0.026
A-n61-k9 	BT-3   61    6    122    1   1035   1037   1037    122   0.6680    0.002
A-n61-k9 	BT-3   61   20    244    0   1035   1755   1047    443   1.8436    0.012
A-n61-k9 	BT-3   61   20    244    1   1035   1505   1143    276   1.2423    0.104
A-n61-k9 	BT-3   61   10    122    0   1035   1201   1042    175   0.8736    0.007
A-n61-k9 	BT-3   61   10    122    1   1035   1037   1037    122   0.6720    0.002
A-n61-k9 	BT-3   61    6    122    0   1035   1201   1062    183   0.8884    0.026
A-n61-k9 	BT-3   61    6    122    1   1035   1037   1037    122   0.6729    0.002
A-n61-k9 	BT-3   61   20    244    0   1035   1755   1112    634   2.6586    0.074
A-n61-k9 	BT-3   61   20    244    1   1035   1505   1068    949   4.1777    0.032
A-n61-k9 	BT-3   61   10    122    0   1035   1201   1044    174   0.9075    0.009
A-n61-k9 	BT-3   61   10    122    1   1035   1037   1037    122   0.6752    0.002
A-n61-k9 	BT-3   61    6    122    0   1035   1201   1062    192   0.9119    0.026
A-n61-k9 	BT-3   61    6    122    1   1035   1037   1037    122   0.6691    0.002
A-n61-k9 	BT-3   61   20    244    0   1035   1755   1140    451   1.8794    0.101
A-n61-k9 	BT-3   61   20    244    1   1035   1505   1087    656   2.8740    0.050
A-n61-k9 	BT-3   61   10    122    0   1035   1201   1054    187   0.9153    0.018
A-n61-k9 	BT-3   61   10    122    1   1035   1037   1037    122   0.6983    0.002
A-n61-k9 	BT-3   61    6    122    0   1035   1201   1062    204   0.9690    0.026
A-n61-k9 	BT-3   61    6    122    1   1035   1037   1037    122   0.6702    0.002
A-n61-k9 	BT-3   61   20    244    0   1035   1755   1069    543   2.2715    0.033
A-n61-k9 	BT-3   61   20    244    1   1035   1505   1114    687   2.9472    0.076
A-n61-k9 	BT-3   61   10    122    0   1035   1201   1054    194   0.9548    0.018
A-n61-k9 	BT-3   61   10    122    1   1035   1037   1037    122   0.6787    0.002
A-n61-k9 	BT-3   61    6    122    0   1035   1201   1062    213   1.0203    0.026
A-n61-k9 	BT-3   61    6    122    1   1035   1037   1037    122   0.6751    0.002
A-n61-k9 	BT-3   61   20    244    0   1035   1755   1061    361   1.4814    0.025
A-n61-k9 	BT-3   61   20    244    1   1035   1505   1092   1003   4.3142    0.055
A-n61-k9 	BT-3   61   10    122    0   1035   1201   1037    172   0.8624    0.002
A-n61-k9 	BT-3   61   10    122    1   1035   1037   1037    122   0.6726    0.002
A-n61-k9 	BT-3   61    6    122    0   1035   1201   1062    194   0.9570    0.026
A-n61-k9 	BT-3   61    6    122    1   1035   1037   1037    122   0.6728    0.002
A-n61-k9 	BT-3   61   20    244    0   1035   1755   1042    488   2.0783    0.007
A-n61-k9 	BT-3   61   20    244    1   1035   1505   1101    393   1.7320    0.064
A-n61-k9 	BT-3   61   10    122    0   1035   1201   1037    182   0.8997    0.002
A-n61-k9 	BT-3   61   10    122    1   1035   1037   1037    122   0.6668    0.002
A-n61-k9 	BT-3   61    6    122    0   1035   1201   1062    183   0.8853    0.026
A-n61-k9 	BT-3   61    6    122    1   1035   1037   1037    122   0.6745    0.002
A-n61-k9 	BT-3   61   20    244    0   1035   1755   1059    698   2.9231    0.023
A-n61-k9 	BT-3   61   20    244    1   1035   1505   1143    276   1.2584    0.104
A-n61-k9 	BT-3   61   10    122    0   1035   1201   1046    217   1.0753    0.011
A-n61-k9 	BT-3   61   10    122    1   1035   1037   1037    122   0.6703    0.002
A-n61-k9 	BT-3   61    6    122    0   1035   1201   1062    206   0.9811    0.026
A-n61-k9 	BT-3   61    6    122    1   1035   1037   1037    122   0.6654    0.002
A-n61-k9 	BT-3   61   20    244    0   1035   1755   1127    443   1.9044    0.089
A-n61-k9 	BT-3   61   20    244    1   1035   1505   1092    436   1.9764    0.055
A-n61-k9 	BT-3   61   10    122    0   1035   1201   1040    182   0.8985    0.005
A-n61-k9 	BT-3   61   10    122    1   1035   1037   1037    122   0.6703    0.002
A-n61-k9 	BT-3   61    6    122    0   1035   1201   1062    204   0.9716    0.026
A-n61-k9 	BT-3   61    6    122    1   1035   1037   1037    122   0.6795    0.002
A-n61-k9 	BT-3   61   20    244    0   1035   1755   1115    520   2.1833    0.077
A-n61-k9 	BT-3   61   20    244    1   1035   1505   1088   1056   4.6222    0.051
A-n61-k9 	BT-3   61   10    122    0   1035   1201   1046    195   0.9776    0.011
A-n61-k9 	BT-3   61   10    122    1   1035   1037   1037    122   0.6717    0.002
A-n61-k9 	BT-3   61    6    122    0   1035   1201   1062    209   0.9954    0.026
A-n61-k9 	BT-3   61    6    122    1   1035   1037   1037    122   0.6707    0.002
A-n61-k9 	BT-3   61   20    244    0   1035   1755   1133    405   1.7171    0.095
A-n61-k9 	BT-3   61   20    244    1   1035   1505   1143    276   1.2647    0.104
A-n61-k9 	BT-3   61   10    122    0   1035   1201   1042    214   1.0256    0.007
A-n61-k9 	BT-3   61   10    122    1   1035   1037   1037    122   0.6712    0.002
A-n61-k9 	BT-3   61    6    122    0   1035   1201   1062    191   0.9174    0.026
A-n61-k9 	BT-3   61    6    122    1   1035   1037   1037    122   0.6750    0.002
A-n61-k9 	BT-3   61   20    244    0   1035   1755   1123    644   2.7472    0.085
A-n61-k9 	BT-3   61   20    244    1   1035   1505   1133    482   2.0936    0.095
A-n61-k9 	BT-3   61   10    122    0   1035   1201   1044    183   0.8909    0.009
A-n61-k9 	BT-3   61   10    122    1   1035   1037   1037    122   0.6844    0.002
A-n61-k9 	BT-3   61    6    122    0   1035   1201   1062    211   1.0152    0.026
A-n61-k9 	BT-3   61    6    122    1   1035   1037   1037    122   0.6685    0.002
A-n61-k9 	BT-3   61   20    244    0   1035   1755   1113    308   1.3513    0.075
A-n61-k9 	BT-3   61   20    244    1   1035   1505   1088    627   2.6928    0.051
A-n61-k9 	BT-3   61   10    122    0   1035   1201   1041    268   1.2838    0.006
A-n61-k9 	BT-3   61   10    122    1   1035   1037   1037    122   0.6696    0.002
A-n61-k9 	BT-3   61    6    122    0   1035   1201   1062    188   0.9310    0.026
A-n61-k9 	BT-3   61    6    122    1   1035   1037   1037    122   0.6793    0.002
A-n61-k9 	BT-3   61   20    244    0   1035   1755   1041    663   2.7651    0.006
A-n61-k9 	BT-3   61   20    244    1   1035   1505   1125    468   2.0712    0.087
A-n61-k9 	BT-3   61   10    122    0   1035   1201   1037    211   1.0389    0.002
A-n61-k9 	BT-3   61   10    122    1   1035   1037   1037    122   0.6710    0.002
A-n61-k9 	BT-3   61    6    122    0   1035   1201   1062    203   0.9644    0.026
A-n61-k9 	BT-3   61    6    122    1   1035   1037   1037    122   0.6746    0.002
A-n61-k9 	BT-3   61   20    244    0   1035   1755   1126    421   1.7592    0.088
A-n61-k9 	BT-3   61   20    244    1   1035   1505   1102    550   2.5366    0.065
A-n61-k9 	BT-3   61   10    122    0   1035   1201   1062    189   0.9080    0.026
A-n61-k9 	BT-3   61   10    122    1   1035   1037   1037    122   0.6705    0.002
A-n61-k9 	BT-3   61    6    122    0   1035   1201   1062    224   1.0724    0.026
A-n61-k9 	BT-3   61    6    122    1   1035   1037   1037    122   0.6893    0.002
A-n61-k9 	BT-3   61   20    244    0   1035   1755   1172    296   1.3956    0.132
A-n61-k9 	BT-3   61   20    244    1   1035   1505   1095    611   2.6804    0.058
A-n61-k9 	BT-3   61   10    122    0   1035   1201   1042    187   0.9769    0.007
A-n61-k9 	BT-3   61   10    122    1   1035   1037   1037    122   0.6717    0.002
A-n61-k9 	BT-3   61    6    122    0   1035   1201   1062    200   1.0077    0.026
A-n61-k9 	BT-3   61    6    122    1   1035   1037   1037    122   0.7029    0.002
A-n61-k9 	BT-3   61   20    244    0   1035   1755   1067    626   2.8098    0.031
A-n61-k9 	BT-3   61   20    244    1   1035   1505   1084    491   2.1809    0.047
A-n61-k9 	BT-3   61   10    122    0   1035   1201   1044    175   0.8744    0.009
A-n61-k9 	BT-3   61   10    122    1   1035   1037   1037    122   0.6777    0.002
A-n61-k9 	BT-3   61    6    122    0   1035   1201   1062    198   0.9848    0.026
A-n61-k9 	BT-3   61    6    122    1   1035   1037   1037    122   0.7144    0.002
A-n61-k9 	BT-3   61   20    244    0   1035   1755   1142    347   1.5275    0.103
A-n61-k9 	BT-3   61   20    244    1   1035   1505   1120    818   3.6372    0.082
A-n61-k9 	BT-3   61   10    122    0   1035   1201   1039    169   0.9113    0.004
A-n61-k9 	BT-3   61   10    122    1   1035   1037   1037    122   0.7101    0.002
A-n61-k9 	BT-3   61    6    122    0   1035   1201   1062    204   0.9853    0.026
A-n61-k9 	BT-3   61    6    122    1   1035   1037   1037    122   0.6828    0.002
A-n61-k9 	BT-3   61   20    244    0   1035   1755   1077    464   1.9446    0.041
A-n61-k9 	BT-3   61   20    244    1   1035   1505   1143    276   1.3031    0.104
A-n61-k9 	BT-3   61   10    122    0   1035   1201   1037    174   1.0074    0.002
A-n61-k9 	BT-3   61   10    122    1   1035   1037   1037    122   0.7110    0.002
A-n61-k9 	BT-3   61    6    122    0   1035   1201   1062    207   0.9999    0.026
A-n61-k9 	BT-3   61    6    122    1   1035   1037   1037    122   0.6813    0.002
A-n61-k9 	BT-3   61   20    244    0   1035   1755   1061    585   2.5882    0.025
A-n61-k9 	BT-3   61   20    244    1   1035   1505   1143    276   1.2429    0.104
A-n61-k9 	BT-3   61   10    122    0   1035   1201   1042    178   0.8887    0.007
A-n61-k9 	BT-3   61   10    122    1   1035   1037   1037    122   0.6779    0.002
A-n61-k9 	BT-3   61    6    122    0   1035   1201   1062    186   0.8981    0.026
A-n61-k9 	BT-3   61    6    122    1   1035   1037   1037    122   0.6868    0.002
A-n61-k9 	BT-3   61   20    244    0   1035   1755   1043    621   2.6554    0.008
A-n61-k9 	BT-3   61   20    244    1   1035   1505   1127    530   2.4513    0.089
A-n61-k9 	BT-3   61   10    122    0   1035   1201   1054    181   1.0179    0.018
A-n61-k9 	BT-3   61   10    122    1   1035   1037   1037    122   0.7073    0.002
A-n61-k9 	BT-3   61    6    122    0   1035   1201   1062    197   1.0363    0.026
A-n61-k9 	BT-3   61    6    122    1   1035   1037   1037    122   0.7106    0.002
A-n61-k9 	BT-3   61   20    244    0   1035   1755   1057    449   2.0381    0.021
A-n61-k9 	BT-3   61   20    244    1   1035   1505   1131    382   1.8512    0.093
A-n61-k9 	BT-3   61   10    122    0   1035   1201   1060    159   0.8371    0.024
A-n61-k9 	BT-3   61   10    122    1   1035   1037   1037    122   0.7196    0.002
A-n61-k9 	BT-3   61    6    122    0   1035   1201   1062    201   1.0248    0.026
A-n61-k9 	BT-3   61    6    122    1   1035   1037   1037    122   0.8106    0.002
A-n61-k9 	BT-3   61   20    244    0   1035   1755   1089    376   1.6974    0.052
A-n61-k9 	BT-3   61   20    244    1   1035   1505   1087    692   3.1577    0.050
A-n61-k9 	BT-3   61   10    122    0   1035   1201   1042    191   0.9275    0.007
A-n61-k9 	BT-3   61   10    122    1   1035   1037   1037    122   0.6950    0.002
A-n61-k9 	BT-3   61    6    122    0   1035   1201   1062    200   0.9717    0.026
A-n61-k9 	BT-3   61    6    122    1   1035   1037   1037    122   0.6841    0.002
A-n61-k9 	BT-3   61   20    244    0   1035   1755   1089    490   2.1858    0.052
A-n61-k9 	BT-3   61   20    244    1   1035   1505   1086    785   4.1004    0.049
A-n61-k9 	BT-3   61   10    122    0   1035   1201   1037    298   1.7384    0.002
A-n61-k9 	BT-3   61   10    122    1   1035   1037   1037    122   0.8026    0.002
A-n61-k9 	BT-3   61    6    122    0   1035   1201   1062    177   0.9490    0.026
A-n61-k9 	BT-3   61    6    122    1   1035   1037   1037    122   0.7164    0.002
A-n61-k9 	BT-3   61   20    244    0   1035   1755   1046    707   3.1096    0.011
A-n61-k9 	BT-3   61   20    244    1   1035   1505   1098    500   2.2809    0.061
A-n61-k9 	BT-3   61   10    122    0   1035   1201   1062    205   0.9671    0.026
A-n61-k9 	BT-3   61   10    122    1   1035   1037   1037    122   0.6763    0.002
A-n61-k9 	BT-3   61    6    122    0   1035   1201   1062    179   0.8861    0.026
A-n61-k9 	BT-3   61    6    122    1   1035   1037   1037    122   0.6819    0.002
A-n61-k9 	BT-3   61   20    244    0   1035   1755   1098    341   1.5191    0.061
A-n61-k9 	BT-3   61   20    244    1   1035   1505   1113    456   2.0287    0.075
A-n61-k9 	BT-3   61   10    122    0   1035   1201   1042    410   1.9929    0.007
A-n61-k9 	BT-3   61   10    122    1   1035   1037   1037    122   0.7580    0.002
A-n61-k9 	BT-3   61    6    122    0   1035   1201   1062    197   0.9856    0.026
A-n61-k9 	BT-3   61    6    122    1   1035   1037   1037    122   0.7431    0.002
A-n61-k9 	BT-3   61   20    244    0   1035   1755   1048    388   1.7398    0.013
A-n61-k9 	BT-3   61   20    244    1   1035   1505   1133    471   2.1352    0.095
A-n61-k9 	BT-3   61   10    122    0   1035   1201   1041    240   1.1572    0.006
A-n61-k9 	BT-3   61   10    122    1   1035   1037   1037    122   0.6793    0.002
A-n61-k9 	BT-3   61    6    122    0   1035   1201   1062    180   0.9097    0.026
A-n61-k9 	BT-3   61    6    122    1   1035   1037   1037    122   0.6894    0.002
A-n61-k9 	BT-3   61   20    244    0   1035   1755   1044    629   2.8371    0.009
A-n61-k9 	BT-3   61   20    244    1   1035   1505   1072    844   4.2835    0.036
A-n61-k9 	BT-3   61   10    122    0   1035   1201   1037    176   0.9546    0.002
A-n61-k9 	BT-3   61   10    122    1   1035   1037   1037    122   0.7316    0.002
A-n61-k9 	BT-3   61    6    122    0   1035   1201   1062    193   0.9613    0.026
A-n61-k9 	BT-3   61    6    122    1   1035   1037   1037    122   0.6890    0.002
A-n61-k9 	BT-3   61   20    244    0   1035   1755   1104    427   1.9137    0.067
A-n61-k9 	BT-3   61   20    244    1   1035   1505   1105    399   1.7916    0.068
A-n61-k9 	BT-3   61   10    122    0   1035   1201   1042    203   1.0339    0.007
A-n61-k9 	BT-3   61   10    122    1   1035   1037   1037    122   0.7022    0.002
A-n61-k9 	BT-3   61    6    122    0   1035   1201   1062    187   0.9030    0.026
A-n61-k9 	BT-3   61    6    122    1   1035   1037   1037    122   0.7399    0.002
A-n61-k9 	BT-3   61   20    244    0   1035   1755   1085    663   2.9638    0.048
A-n61-k9 	BT-3   61   20    244    1   1035   1505   1116    477   2.5053    0.078
A-n61-k9 	BT-3   61   10    122    0   1035   1201   1060    184   1.0641    0.024
A-n61-k9 	BT-3   61   10    122    1   1035   1037   1037    122   0.7810    0.002
A-n61-k9 	BT-3   61    6    122    0   1035   1201   1062    211   1.2697    0.026
A-n61-k9 	BT-3   61    6    122    1   1035   1037   1037    122   0.9193    0.002
A-n61-k9 	BT-3   61   20    244    0   1035   1755   1083    555   2.6868    0.046
A-n61-k9 	BT-3   61   20    244    1   1035   1505   1045    599   3.0036    0.010
A-n61-k9 	BT-3   61   10    122    0   1035   1201   1037    299   1.5063    0.002
A-n61-k9 	BT-3   61   10    122    1   1035   1037   1037    122   0.7563    0.002
A-n61-k9 	BT-3   61    6    122    0   1035   1201   1062    177   0.9178    0.026
A-n61-k9 	BT-3   61    6    122    1   1035   1037   1037    122   0.6945    0.002
A-n61-k9 	BT-3   61   20    244    0   1035   1755   1059    602   2.5904    0.023
A-n61-k9 	BT-3   61   20    244    1   1035   1505   1093    575   2.9206    0.056
A-n61-k9 	BT-3   61   10    122    0   1035   1201   1037    177   0.9026    0.002
A-n61-k9 	BT-3   61   10    122    1   1035   1037   1037    122   0.7004    0.002
A-n61-k9 	BT-3   61    6    122    0   1035   1201   1062    193   0.9534    0.026
A-n61-k9 	BT-3   61    6    122    1   1035   1037   1037    122   0.6797    0.002
A-n61-k9 	BT-3   61   20    244    0   1035   1755   1040    542   2.2997    0.005
A-n61-k9 	BT-3   61   20    244    1   1035   1505   1039    892   3.9896    0.004
A-n61-k9 	BT-3   61   10    122    0   1035   1201   1062    196   0.9542    0.026
A-n61-k9 	BT-3   61   10    122    1   1035   1037   1037    122   0.7122    0.002
A-n61-k9 	BT-3   61    6    122    0   1035   1201   1062    230   1.1854    0.026
A-n61-k9 	BT-3   61    6    122    1   1035   1037   1037    122   0.7197    0.002
A-n61-k9 	BT-3   61   20    244    0   1035   1755   1078    513   2.3071    0.042
A-n61-k9 	BT-3   61   20    244    1   1035   1505   1082    779   3.5514    0.045
A-n61-k9 	BT-3   61   10    122    0   1035   1201   1060    164   0.9108    0.024
A-n61-k9 	BT-3   61   10    122    1   1035   1037   1037    122   0.6683    0.002
A-n61-k9 	BT-3   61    6    122    0   1035   1201   1062    190   0.9893    0.026
A-n61-k9 	BT-3   61    6    122    1   1035   1037   1037    122   0.7298    0.002
A-n61-k9 	BT-3   61   20    244    0   1035   1755   1129    797   3.4398    0.091
A-n61-k9 	BT-3   61   20    244    1   1035   1505   1140    278   1.3043    0.101
A-n61-k9 	BT-3   61   10    122    0   1035   1201   1037    201   1.0240    0.002
A-n61-k9 	BT-3   61   10    122    1   1035   1037   1037    122   0.7436    0.002
A-n61-k9 	BT-3   61    6    122    0   1035   1201   1062    199   1.2338    0.026
A-n61-k9 	BT-3   61    6    122    1   1035   1037   1037    122   0.7549    0.002
A-n61-k9 	BT-3   61   20    244    0   1035   1755   1060    433   1.9897    0.024
A-n61-k9 	BT-3   61   20    244    1   1035   1505   1140    278   1.3652    0.101
A-n61-k9 	BT-3   61   10    122    0   1035   1201   1044    161   0.8402    0.009
A-n61-k9 	BT-3   61   10    122    1   1035   1037   1037    122   0.6937    0.002
A-n61-k9 	BT-3   61    6    122    0   1035   1201   1062    186   0.9648    0.026
A-n61-k9 	BT-3   61    6    122    1   1035   1037   1037    122   0.7103    0.002
A-n61-k9 	BT-3   61   20    244    0   1035   1755   1042   1320   5.7983    0.007
A-n61-k9 	BT-3   61   20    244    1   1035   1505   1143    276   1.4565    0.104
A-n61-k9 	BT-3   61   10    122    0   1035   1201   1054    159   0.8102    0.018
A-n61-k9 	BT-3   61   10    122    1   1035   1037   1037    122   0.7049    0.002
A-n61-k9 	BT-3   61    6    122    0   1035   1201   1062    180   0.9083    0.026
A-n61-k9 	BT-3   61    6    122    1   1035   1037   1037    122   0.7061    0.002
A-n61-k9 	BT-3   61   20    244    0   1035   1755   1119    338   1.4523    0.081
A-n61-k9 	BT-3   61   20    244    1   1035   1505   1082    753   3.4385    0.045
A-n61-k9 	BT-3   61   10    122    0   1035   1201   1041    333   1.8343    0.006
A-n61-k9 	BT-3   61   10    122    1   1035   1037   1037    122   0.7098    0.002
A-n61-k9 	BT-3   61    6    122    0   1035   1201   1062    220   1.0517    0.026
A-n61-k9 	BT-3   61    6    122    1   1035   1037   1037    122   0.7250    0.002
A-n61-k9 	BT-3   61   20    244    0   1035   1755   1047    334   1.4745    0.012
A-n61-k9 	BT-3   61   20    244    1   1035   1505   1115    525   2.3339    0.077
A-n61-k9 	BT-3   61   10    122    0   1035   1201   1054    213   1.0835    0.018
A-n61-k9 	BT-3   61   10    122    1   1035   1037   1037    122   0.7056    0.002
A-n61-k9 	BT-3   61    6    122    0   1035   1201   1062    198   0.9948    0.026
A-n61-k9 	BT-3   61    6    122    1   1035   1037   1037    122   0.7359    0.002
A-n61-k9 	BT-3   61   20    244    0   1035   1755   1097    302   1.3722    0.060
A-n61-k9 	BT-3   61   20    244    1   1035   1505   1143    276   1.3253    0.104
A-n61-k9 	BT-3   61   10    122    0   1035   1201   1041    208   1.0547    0.006
A-n61-k9 	BT-3   61   10    122    1   1035   1037   1037    122   0.6936    0.002
A-n61-k9 	BT-3   61    6    122    0   1035   1201   1062    193   1.0024    0.026
A-n61-k9 	BT-3   61    6    122    1   1035   1037   1037    122   0.7057    0.002
A-n61-k9 	BT-3   61   20    244    0   1035   1755   1072    451   1.9473    0.036
A-n61-k9 	BT-3   61   20    244    1   1035   1505   1078    722   3.2373    0.042
A-n61-k9 	BT-3   61   10    122    0   1035   1201   1041    193   0.9692    0.006
A-n61-k9 	BT-3   61   10    122    1   1035   1037   1037    122   0.6854    0.002
A-n61-k9 	BT-3   61    6    122    0   1035   1201   1062    179   0.8979    0.026
A-n61-k9 	BT-3   61    6    122    1   1035   1037   1037    122   0.6778    0.002
A-n61-k9 	BT-3   61   20    244    0   1035   1755   1068    419   1.8242    0.032
A-n61-k9 	BT-3   61   20    244    1   1035   1505   1101    879   3.9445    0.064
A-n61-k9 	BT-3   61   10    122    0   1035   1201   1042    259   1.3144    0.007
A-n61-k9 	BT-3   61   10    122    1   1035   1037   1037    122   0.7095    0.002
A-n61-k9 	BT-3   61    6    122    0   1035   1201   1062    216   1.0964    0.026
A-n61-k9 	BT-3   61    6    122    1   1035   1037   1037    122   0.7560    0.002
A-n61-k9 	BT-3   61   20    244    0   1035   1755   1092    401   1.7906    0.055
A-n61-k9 	BT-3   61   20    244    1   1035   1505   1134    782   3.7092    0.096
A-n61-k9 	BT-3   61   10    122    0   1035   1201   1046    245   1.2296    0.011
A-n61-k9 	BT-3   61   10    122    1   1035   1037   1037    122   0.8360    0.002
A-n61-k9 	BT-3   61    6    122    0   1035   1201   1062    197   1.0638    0.026
A-n61-k9 	BT-3   61    6    122    1   1035   1037   1037    122   0.6787    0.002
A-n61-k9 	BT-3   61   20    244    0   1035   1755   1087    899   4.1177    0.050
A-n61-k9 	BT-3   61   20    244    1   1035   1505   1113    337   1.7245    0.075
A-n61-k9 	BT-3   61   10    122    0   1035   1201   1054    166   0.8807    0.018
A-n61-k9 	BT-3   61   10    122    1   1035   1037   1037    122   0.7331    0.002
A-n61-k9 	BT-3   61    6    122    0   1035   1201   1062    201   1.0224    0.026
A-n61-k9 	BT-3   61    6    122    1   1035   1037   1037    122   0.6908    0.002
A-n61-k9 	BT-3   61   20    244    0   1035   1755   1108    402   1.7256    0.071
A-n61-k9 	BT-3   61   20    244    1   1035   1505   1104    739   3.3912    0.067
A-n61-k9 	BT-3   61   10    122    0   1035   1201   1039    170   0.8699    0.004
A-n61-k9 	BT-3   61   10    122    1   1035   1037   1037    122   0.6746    0.002
A-n61-k9 	BT-3   61    6    122    0   1035   1201   1062    193   0.9293    0.026
A-n61-k9 	BT-3   61    6    122    1   1035   1037   1037    122   0.6907    0.002
A-n61-k9 	BT-3   61   20    244    0   1035   1755   1073    499   2.2062    0.037
A-n61-k9 	BT-3   61   20    244    1   1035   1505   1143    276   1.3207    0.104
A-n61-k9 	BT-3   61   10    122    0   1035   1201   1043    221   1.1060    0.008
A-n61-k9 	BT-3   61   10    122    1   1035   1037   1037    122   0.6639    0.002
A-n61-k9 	BT-3   61    6    122    0   1035   1201   1062    225   1.0591    0.026
A-n61-k9 	BT-3   61    6    122    1   1035   1037   1037    122   0.6718    0.002
A-n61-k9 	BT-3   61   20    244    0   1035   1755   1082    510   2.3113    0.045
A-n61-k9 	BT-3   61   20    244    1   1035   1505   1100    414   1.9365    0.063
A-n61-k9 	BT-3   61   10    122    0   1035   1201   1044    215   1.0821    0.009
A-n61-k9 	BT-3   61   10    122    1   1035   1037   1037    122   0.6787    0.002
A-n61-k9 	BT-3   61    6    122    0   1035   1201   1062    214   1.0197    0.026
A-n61-k9 	BT-3   61    6    122    1   1035   1037   1037    122   0.6863    0.002
A-n61-k9 	BT-3   61   20    244    0   1035   1755   1180    290   1.2278    0.140
A-n61-k9 	BT-3   61   20    244    1   1035   1505   1134    377   1.7845    0.096
A-n61-k9 	BT-3   61   10    122    0   1035   1201   1042    184   1.0600    0.007
A-n61-k9 	BT-3   61   10    122    1   1035   1037   1037    122   0.7367    0.002
A-n61-k9 	BT-3   61    6    122    0   1035   1201   1062    202   1.0727    0.026
A-n61-k9 	BT-3   61    6    122    1   1035   1037   1037    122   0.8767    0.002
A-n61-k9 	BT-3   61   20    244    0   1035   1755   1121    463   2.0469    0.083
A-n61-k9 	BT-3   61   20    244    1   1035   1505   1148    352   1.5997    0.109
A-n61-k9 	BT-3   61   10    122    0   1035   1201   1044    165   0.8205    0.009
A-n61-k9 	BT-3   61   10    122    1   1035   1037   1037    122   0.6689    0.002
A-n61-k9 	BT-3   61    6    122    0   1035   1201   1062    181   0.8962    0.026
A-n61-k9 	BT-3   61    6    122    1   1035   1037   1037    122   0.6897    0.002
A-n61-k9 	BT-3   61   20    244    0   1035   1755   1070    903   3.7565    0.034
A-n61-k9 	BT-3   61   20    244    1   1035   1505   1092    983   4.2442    0.055
A-n61-k9 	BT-3   61   10    122    0   1035   1201   1054    194   0.9660    0.018
A-n61-k9 	BT-3   61   10    122    1   1035   1037   1037    122   0.6789    0.002
A-n61-k9 	BT-3   61    6    122    0   1035   1201   1062    184   0.8968    0.026
A-n61-k9 	BT-3   61    6    122    1   1035   1037   1037    122   0.6688    0.002
A-n61-k9 	BT-3   61   20    244    0   1035   1755   1131    426   1.8388    0.093
A-n61-k9 	BT-3   61   20    244    1   1035   1505   1040    740   3.2908    0.005
A-n61-k9 	BT-3   61   10    122    0   1035   1201   1044    201   1.0693    0.009
A-n61-k9 	BT-3   61   10    122    1   1035   1037   1037    122   0.6739    0.002
A-n61-k9 	BT-3   61    6    122    0   1035   1201   1062    203   0.9801    0.026
A-n61-k9 	BT-3   61    6    122    1   1035   1037   1037    122   0.7334    0.002
A-n61-k9 	BT-3   61   20    244    0   1035   1755   1037   1049   4.6326    0.002
A-n61-k9 	BT-3   61   20    244    1   1035   1505   1075    602   2.6266    0.039
A-n61-k9 	BT-3   61   10    122    0   1035   1201   1054    163   0.8165    0.018
A-n61-k9 	BT-3   61   10    122    1   1035   1037   1037    122   0.7031    0.002
A-n61-k9 	BT-3   61    6    122    0   1035   1201   1062    193   1.0178    0.026
A-n61-k9 	BT-3   61    6    122    1   1035   1037   1037    122   0.6940    0.002
A-n61-k9 	BT-3   61   20    244    0   1035   1755   1043    730   3.1785    0.008
A-n61-k9 	BT-3   61   20    244    1   1035   1505   1073    489   2.2229    0.037
A-n61-k9 	BT-3   61   10    122    0   1035   1201   1054    165   0.8694    0.018
A-n61-k9 	BT-3   61   10    122    1   1035   1037   1037    122   0.6878    0.002
A-n61-k9 	BT-3   61    6    122    0   1035   1201   1062    186   0.9467    0.026
A-n61-k9 	BT-3   61    6    122    1   1035   1037   1037    122   0.7061    0.002
A-n61-k9 	BT-3   61   20    244    0   1035   1755   1044    942   4.3024    0.009
A-n61-k9 	BT-3   61   20    244    1   1035   1505   1095    422   1.8866    0.058
A-n61-k9 	BT-3   61   10    122    0   1035   1201   1044    172   0.8833    0.009
A-n61-k9 	BT-3   61   10    122    1   1035   1037   1037    122   0.6803    0.002
A-n61-k9 	BT-3   61    6    122    0   1035   1201   1062    199   0.9933    0.026
A-n61-k9 	BT-3   61    6    122    1   1035   1037   1037    122   0.6760    0.002
A-n61-k9 	BT-3   61   20    244    0   1035   1755   1046    667   2.9526    0.011
A-n61-k9 	BT-3   61   20    244    1   1035   1505   1143    276   1.2752    0.104
A-n61-k9 	BT-3   61   10    122    0   1035   1201   1060    162   0.8110    0.024
A-n61-k9 	BT-3   61   10    122    1   1035   1037   1037    122   0.7010    0.002
A-n61-k9 	BT-3   61    6    122    0   1035   1201   1062    202   0.9770    0.026
A-n61-k9 	BT-3   61    6    122    1   1035   1037   1037    122   0.6821    0.002
A-n61-k9 	BT-3   61   20    244    0   1035   1755   1150    315   1.3865    0.111
A-n61-k9 	BT-3   61   20    244    1   1035   1505   1081    415   1.8643    0.044
A-n61-k9 	BT-3   61   10    122    0   1035   1201   1037    183   0.9003    0.002
A-n61-k9 	BT-3   61   10    122    1   1035   1037   1037    122   0.6782    0.002
A-n61-k9 	BT-3   61    6    122    0   1035   1201   1062    208   0.9999    0.026
A-n61-k9 	BT-3   61    6    122    1   1035   1037   1037    122   0.6900    0.002
A-n61-k9 	BT-3   61   20    244    0   1035   1755   1037    654   2.8022    0.002
A-n61-k9 	BT-3   61   20    244    1   1035   1505   1122    430   1.9277    0.084
A-n61-k9 	BT-3   61   10    122    0   1035   1201   1037    243   1.2051    0.002
A-n61-k9 	BT-3   61   10    122    1   1035   1037   1037    122   0.7261    0.002
A-n61-k9 	BT-3   61    6    122    0   1035   1201   1062    197   0.9609    0.026
A-n61-k9 	BT-3   61    6    122    1   1035   1037   1037    122   0.7217    0.002
A-n61-k9 	BT-3   61   20    244    0   1035   1755   1080    661   2.8259    0.043
A-n61-k9 	BT-3   61   20    244    1   1035   1505   1086    359   1.6563    0.049
A-n61-k9 	BT-3   61   10    122    0   1035   1201   1037    183   0.9226    0.002
A-n61-k9 	BT-3   61   10    122    1   1035   1037   1037    122   0.6741    0.002
A-n61-k9 	BT-3   61    6    122    0   1035   1201   1062    205   0.9839    0.026
A-n61-k9 	BT-3   61    6    122    1   1035   1037   1037    122   0.6811    0.002
A-n61-k9 	BT-3   61   20    244    0   1035   1755   1051    566   2.3843    0.015
A-n61-k9 	BT-3   61   20    244    1   1035   1505   1123    419   1.8265    0.085
A-n61-k9 	BT-3   61   10    122    0   1035   1201   1066    165   0.8463    0.030
A-n61-k9 	BT-3   61   10    122    1   1035   1037   1037    122   0.6810    0.002
A-n61-k9 	BT-3   61    6    122    0   1035   1201   1062    197   0.9634    0.026
A-n61-k9 	BT-3   61    6    122    1   1035   1037   1037    122   0.6805    0.002
A-n61-k9 	BT-3   61   20    244    0   1035   1755   1037    720   3.1721    0.002
A-n61-k9 	BT-3   61   20    244    1   1035   1505   1095    464   2.0263    0.058
A-n61-k9 	BT-3   61   10    122    0   1035   1201   1037    180   0.9850    0.002
A-n61-k9 	BT-3   61   10    122    1   1035   1037   1037    122   0.7092    0.002
A-n61-k9 	BT-3   61    6    122    0   1035   1201   1062    206   1.1238    0.026
A-n61-k9 	BT-3   61    6    122    1   1035   1037   1037    122   0.7766    0.002
A-n61-k9 	BT-3   61   20    244    0   1035   1755   1087    713   3.2526    0.050
A-n61-k9 	BT-3   61   20    244    1   1035   1505   1122    303   1.5029    0.084
A-n61-k9 	BT-3   61   10    122    0   1035   1201   1042    187   0.9664    0.007
A-n61-k9 	BT-3   61   10    122    1   1035   1037   1037    122   0.7702    0.002
A-n61-k9 	BT-3   61    6    122    0   1035   1201   1062    204   1.0908    0.026
A-n61-k9 	BT-3   61    6    122    1   1035   1037   1037    122   0.6862    0.002
A-n61-k9 	BT-3   61   20    244    0   1035   1755   1096    743   3.2664    0.059
A-n61-k9 	BT-3   61   20    244    1   1035   1505   1143    276   1.2907    0.104
A-n61-k9 	BT-3   61   10    122    0   1035   1201   1037    173   0.9558    0.002
A-n61-k9 	BT-3   61   10    122    1   1035   1037   1037    122   0.7935    0.002
A-n61-k9 	BT-3   61    6    122    0   1035   1201   1062    192   1.0473    0.026
A-n61-k9 	BT-3   61    6    122    1   1035   1037   1037    122   0.7131    0.002
A-n61-k9 	BT-3   61   20    244    0   1035   1755   1146    394   1.8088    0.107
A-n61-k9 	BT-3   61   20    244    1   1035   1505   1055    989   4.8742    0.019
A-n61-k9 	BT-3   61   10    122    0   1035   1201   1042    306   1.5273    0.007
A-n61-k9 	BT-3   61   10    122    1   1035   1037   1037    122   0.6963    0.002
A-n61-k9 	BT-3   61    6    122    0   1035   1201   1062    186   0.9272    0.026
A-n61-k9 	BT-3   61    6    122    1   1035   1037   1037    122   0.6949    0.002
A-n61-k9 	BT-3   61   20    244    0   1035   1755   1053    446   2.0230    0.017
A-n61-k9 	BT-3   61   20    244    1   1035   1505   1097    474   2.2136    0.060
A-n61-k9 	BT-3   61   10    122    0   1035   1201   1054    164   0.8766    0.018
A-n61-k9 	BT-3   61   10    122    1   1035   1037   1037    122   0.7104    0.002
A-n61-k9 	BT-3   61    6    122    0   1035   1201   1062    179   1.0086    0.026
A-n61-k9 	BT-3   61    6    122    1   1035   1037   1037    122   0.8207    0.002
A-n61-k9 	BT-3   61   20    244    0   1035   1755   1052    624   2.7387    0.016
A-n61-k9 	BT-3   61   20    244    1   1035   1505   1075    740   3.2280    0.039
A-n61-k9 	BT-3   61   10    122    0   1035   1201   1049    218   1.0581    0.014
A-n61-k9 	BT-3   61   10    122    1   1035   1037   1037    122   0.6785    0.002
A-n61-k9 	BT-3   61    6    122    0   1035   1201   1062    212   1.0127    0.026
A-n61-k9 	BT-3   61    6    122    1   1035   1037   1037    122   0.6711    0.002
A-n61-k9 	BT-3   61   20    244    0   1035   1755   1172    296   1.3274    0.132
A-n61-k9 	BT-3   61   20    244    1   1035   1505   1143    276   1.4197    0.104
A-n61-k9 	BT-3   61   10    122    0   1035   1201   1042    239   1.2588    0.007
A-n61-k9 	BT-3   61   10    122    1   1035   1037   1037    122   0.7236    0.002
A-n61-k9 	BT-3   61    6    122    0   1035   1201   1062    172   0.9099    0.026
A-n61-k9 	BT-3   61    6    122    1   1035   1037   1037    122   0.7877    0.002
A-n61-k9 	BT-3   61   20    244    0   1035   1755   1046    642   3.0124    0.011
A-n61-k9 	BT-3   61   20    244    1   1035   1505   1096    368   1.6740    0.059
A-n61-k9 	BT-3   61   10    122    0   1035   1201   1044    202   1.0571    0.009
A-n61-k9 	BT-3   61   10    122    1   1035   1037   1037    122   0.7351    0.002
A-n61-k9 	BT-3   61    6    122    0   1035   1201   1062    200   1.0263    0.026
A-n61-k9 	BT-3   61    6    122    1   1035   1037   1037    122   0.7152    0.002
A-n61-k9 	BT-3   61   20    244    0   1035   1755   1172    300   1.3534    0.132
A-n61-k9 	BT-3   61   20    244    1   1035   1505   1099    678   3.0974    0.062
A-n61-k9 	BT-3   61   10    122    0   1035   1201   1041    221   1.0667    0.006
A-n61-k9 	BT-3   61   10    122    1   1035   1037   1037    122   0.7596    0.002
A-n61-k9 	BT-3   61    6    122    0   1035   1201   1062    202   1.1036    0.026
A-n61-k9 	BT-3   61    6    122    1   1035   1037   1037    122   0.7370    0.002
A-n61-k9 	BT-3   61   20    244    0   1035   1755   1089    411   2.0821    0.052
A-n61-k9 	BT-3   61   20    244    1   1035   1505   1097    836   3.8958    0.060
A-n61-k9 	BT-3   61   10    122    0   1035   1201   1042    202   1.0494    0.007
A-n61-k9 	BT-3   61   10    122    1   1035   1037   1037    122   0.6739    0.002
A-n61-k9 	BT-3   61    6    122    0   1035   1201   1062    189   0.9143    0.026
A-n61-k9 	BT-3   61    6    122    1   1035   1037   1037    122   0.7013    0.002
A-n61-k9 	BT-3   61   20    244    0   1035   1755   1172    296   1.3338    0.132
A-n61-k9 	BT-3   61   20    244    1   1035   1505   1106    473   2.1131    0.069
A-n61-k9 	BT-3   61   10    122    0   1035   1201   1062    195   0.9390    0.026
A-n61-k9 	BT-3   61   10    122    1   1035   1037   1037    122   0.6683    0.002
A-n61-k9 	BT-3   61    6    122    0   1035   1201   1062    204   0.9696    0.026
A-n61-k9 	BT-3   61    6    122    1   1035   1037   1037    122   0.6759    0.002
A-n61-k9 	BT-3   61   20    244    0   1035   1755   1172    296   1.4543    0.132
A-n61-k9 	BT-3   61   20    244    1   1035   1505   1083    640   2.9351    0.046
A-n61-k9 	BT-3   61   10    122    0   1035   1201   1060    181   0.9354    0.024
A-n61-k9 	BT-3   61   10    122    1   1035   1037   1037    122   0.6693    0.002
A-n61-k9 	BT-3   61    6    122    0   1035   1201   1062    199   0.9459    0.026
A-n61-k9 	BT-3   61    6    122    1   1035   1037   1037    122   0.7074    0.002
A-n61-k9 	BT-3   61   20    244    0   1035   1755   1043   1026   4.6905    0.008
A-n61-k9 	BT-3   61   20    244    1   1035   1505   1095    599   2.6914    0.058
A-n61-k9 	BT-3   61   10    122    0   1035   1201   1064    151   0.8053    0.028
A-n61-k9 	BT-3   61   10    122    1   1035   1037   1037    122   0.7282    0.002
A-n61-k9 	BT-3   61    6    122    0   1035   1201   1062    197   0.9768    0.026
A-n61-k9 	BT-3   61    6    122    1   1035   1037   1037    122   0.7136    0.002
A-n61-k9 	BT-3   61   20    244    0   1035   1755   1044    569   2.5005    0.009
A-n61-k9 	BT-3   61   20    244    1   1035   1505   1107    626   2.7898    0.070
A-n61-k9 	BT-3   61   10    122    0   1035   1201   1054    181   0.8980    0.018
A-n61-k9 	BT-3   61   10    122    1   1035   1037   1037    122   0.6874    0.002
A-n61-k9 	BT-3   61    6    122    0   1035   1201   1062    185   0.8955    0.026
A-n61-k9 	BT-3   61    6    122    1   1035   1037   1037    122   0.7017    0.002
A-n61-k9 	BT-3   61   20    244    0   1035   1755   1120    421   1.8660    0.082
A-n61-k9 	BT-3   61   20    244    1   1035   1505   1075    414   1.9446    0.039
A-n61-k9 	BT-3   61   10    122    0   1035   1201   1043    269   1.2698    0.008
A-n61-k9 	BT-3   61   10    122    1   1035   1037   1037    122   0.6793    0.002
A-n61-k9 	BT-3   61    6    122    0   1035   1201   1062    223   1.1236    0.026
A-n61-k9 	BT-3   61    6    122    1   1035   1037   1037    122   0.7065    0.002
A-n61-k9 	BT-3   61   20    244    0   1035   1755   1073    454   2.2177    0.037
A-n61-k9 	BT-3   61   20    244    1   1035   1505   1097    582   2.9297    0.060
A-n61-k9 	BT-3   61   10    122    0   1035   1201   1062    187   0.9523    0.026
A-n61-k9 	BT-3   61   10    122    1   1035   1037   1037    122   0.7078    0.002
A-n61-k9 	BT-3   61    6    122    0   1035   1201   1062    190   1.0321    0.026
A-n61-k9 	BT-3   61    6    122    1   1035   1037   1037    122   0.6970    0.002
A-n61-k9 	BT-3   61   20    244    0   1035   1755   1107    413   1.8534    0.070
A-n61-k9 	BT-3   61   20    244    1   1035   1505   1112    388   1.7930    0.074
A-n61-k9 	BT-3   61   10    122    0   1035   1201   1042    170   0.8540    0.007
A-n61-k9 	BT-3   61   10    122    1   1035   1037   1037    122   0.6779    0.002
A-n61-k9 	BT-3   61    6    122    0   1035   1201   1062    197   0.9427    0.026
A-n61-k9 	BT-3   61    6    122    1   1035   1037   1037    122   0.6734    0.002
A-n61-k9 	BT-3   61   20    244    0   1035   1755   1085    524   2.2598    0.048
A-n61-k9 	BT-3   61   20    244    1   1035   1505   1140    286   1.3049    0.101
A-n61-k9 	BT-3   61   10    122    0   1035   1201   1062    193   0.9583    0.026
A-n61-k9 	BT-3   61   10    122    1   1035   1037   1037    122   0.6729    0.002
A-n61-k9 	BT-3   61    6    122    0   1035   1201   1062    211   1.0080    0.026
A-n61-k9 	BT-3   61    6    122    1   1035   1037   1037    122   0.6691    0.002
A-n61-k9 	BT-3   61   20    244    0   1035   1755   1051    362   1.5194    0.015
A-n61-k9 	BT-3   61   20    244    1   1035   1505   1123    389   1.7252    0.085
A-n61-k9 	BT-3   61   10    122    0   1035   1201   1037    297   1.3911    0.002
A-n61-k9 	BT-3   61   10    122    1   1035   1037   1037    122   0.6748    0.002
A-n61-k9 	BT-3   61    6    122    0   1035   1201   1062    178   0.8623    0.026
A-n61-k9 	BT-3   61    6    122    1   1035   1037   1037    122   0.6661    0.002
A-n61-k9 	BT-3   61   20    244    0   1035   1755   1044    643   2.7859    0.009
A-n61-k9 	BT-3   61   20    244    1   1035   1505   1089    572   2.5268    0.052
A-n61-k9 	BT-3   61   10    122    0   1035   1201   1042    196   0.9641    0.007
A-n61-k9 	BT-3   61   10    122    1   1035   1037   1037    122   0.6663    0.002
A-n61-k9 	BT-3   61    6    122    0   1035   1201   1062    199   0.9479    0.026
A-n61-k9 	BT-3   61    6    122    1   1035   1037   1037    122   0.6792    0.002
A-n61-k9 	BT-3   61   20    244    0   1035   1755   1043    723   3.1027    0.008
A-n61-k9 	BT-3   61   20    244    1   1035   1505   1096    614   2.7678    0.059
A-n61-k9 	BT-3   61   10    122    0   1035   1201   1042    283   1.4577    0.007
A-n61-k9 	BT-3   61   10    122    1   1035   1037   1037    122   0.6980    0.002
A-n61-k9 	BT-3   61    6    122    0   1035   1201   1062    192   0.9722    0.026
A-n61-k9 	BT-3   61    6    122    1   1035   1037   1037    122   0.6789    0.002
A-n61-k9 	BT-3   61   20    244    0   1035   1755   1049    680   2.8739    0.014
A-n61-k9 	BT-3   61   20    244    1   1035   1505   1048   1169   4.9735    0.013
A-n61-k9 	BT-3   61   10    122    0   1035   1201   1046    216   1.0630    0.011
A-n61-k9 	BT-3   61   10    122    1   1035   1037   1037    122   0.6667    0.002
A-n61-k9 	BT-3   61    6    122    0   1035   1201   1062    187   0.9013    0.026
A-n61-k9 	BT-3   61    6    122    1   1035   1037   1037    122   0.6650    0.002
A-n61-k9 	BT-3   61   20    244    0   1035   1755   1050    787   3.4124    0.014
A-n61-k9 	BT-3   61   20    244    1   1035   1505   1143    276   1.2994    0.104
A-n61-k9 	BT-3   61   10    122    0   1035   1201   1048    195   0.9620    0.013
A-n61-k9 	BT-3   61   10    122    1   1035   1037   1037    122   0.6735    0.002
A-n61-k9 	BT-3   61    6    122    0   1035   1201   1062    191   0.9192    0.026
A-n61-k9 	BT-3   61    6    122    1   1035   1037   1037    122   0.6807    0.002
A-n61-k9 	BT-3   61   20    244    0   1035   1755   1172    296   1.2993    0.132
A-n61-k9 	BT-3   61   20    244    1   1035   1505   1143    276   1.2403    0.104
A-n61-k9 	BT-3   61   10    122    0   1035   1201   1060    157   0.7875    0.024
A-n61-k9 	BT-3   61   10    122    1   1035   1037   1037    122   0.6854    0.002
A-n61-k9 	BT-3   61    6    122    0   1035   1201   1081    218   1.1104    0.044
A-n61-k9 	BT-3   61    6    122    1   1035   1037   1037    122   0.7020    0.002
A-n61-k9 	BT-3   61   20    244    0   1035   1755   1042    733   3.3497    0.007
A-n61-k9 	BT-3   61   20    244    1   1035   1505   1071    579   2.5600    0.035
A-n61-k9 	BT-3   61   10    122    0   1035   1201   1049    222   1.0642    0.014
A-n61-k9 	BT-3   61   10    122    1   1035   1037   1037    122   0.6749    0.002
A-n61-k9 	BT-3   61    6    122    0   1035   1201   1062    182   0.8802    0.026
A-n61-k9 	BT-3   61    6    122    1   1035   1037   1037    122   0.6702    0.002
A-n61-k9 	BT-3   61   20    244    0   1035   1755   1080    480   2.0926    0.043
A-n61-k9 	BT-3   61   20    244    1   1035   1505   1123    359   1.5716    0.085
A-n61-k9 	BT-3   61   10    122    0   1035   1201   1037    185   0.9051    0.002
A-n61-k9 	BT-3   61   10    122    1   1035   1037   1037    122   0.6929    0.002
A-n61-k9 	BT-3   61    6    122    0   1035   1201   1062    182   0.8914    0.026
A-n61-k9 	BT-3   61    6    122    1   1035   1037   1037    122   0.6694    0.002
A-n61-k9 	BT-3   61   20    244    0   1035   1755   1055    849   3.6049    0.019
A-n61-k9 	BT-3   61   20    244    1   1035   1505   1095    669   2.9176    0.058
A-n61-k9 	BT-3   61   10    122    0   1035   1201   1042    314   1.4420    0.007
A-n61-k9 	BT-3   61   10    122    1   1035   1037   1037    122   0.6892    0.002
A-n61-k9 	BT-3   61    6    122    0   1035   1201   1062    170   0.8328    0.026
A-n61-k9 	BT-3   61    6    122    1   1035   1037   1037    122   0.6783    0.002
A-n61-k9 	BT-3   61   20    244    0   1035   1755   1117    375   1.6214    0.079
A-n61-k9 	BT-3   61   20    244    1   1035   1505   1112    676   3.0288    0.074
A-n61-k9 	BT-3   61   10    122    0   1035   1201   1054    220   1.0872    0.018
A-n61-k9 	BT-3   61   10    122    1   1035   1037   1037    122   0.7200    0.002
A-n61-k9 	BT-3   61    6    122    0   1035   1201   1062    186   0.9014    0.026
A-n61-k9 	BT-3   61    6    122    1   1035   1037   1037    122   0.6797    0.002
A-n61-k9 	BT-3   61   20    244    0   1035   1755   1063    705   3.0151    0.027
A-n61-k9 	BT-3   61   20    244    1   1035   1505   1117    310   1.5161    0.079
A-n61-k9 	BT-3   61   10    122    0   1035   1201   1042    221   1.0646    0.007
A-n61-k9 	BT-3   61   10    122    1   1035   1037   1037    122   0.6751    0.002
A-n61-k9 	BT-3   61    6    122    0   1035   1201   1062    197   0.9465    0.026
A-n61-k9 	BT-3   61    6    122    1   1035   1037   1037    122   0.6704    0.002
A-n61-k9 	BT-3   61   20    244    0   1035   1755   1071    523   2.1832    0.035
A-n61-k9 	BT-3   61   20    244    1   1035   1505   1130    365   1.6550    0.092
A-n61-k9 	BT-3   61   10    122    0   1035   1201   1054    192   0.9357    0.018
A-n61-k9 	BT-3   61   10    122    1   1035   1037   1037    122   0.6828    0.002
A-n61-k9 	BT-3   61    6    122    0   1035   1201   1062    215   1.0916    0.026
A-n61-k9 	BT-3   61    6    122    1   1035   1037   1037    122   0.7064    0.002
A-n61-k9 	BT-3   61   20    244    0   1035   1755   1163    384   1.6647    0.124
A-n61-k9 	BT-3   61   20    244    1   1035   1505   1097    652   2.8020    0.060
A-n61-k9 	BT-3   61   10    122    0   1035   1201   1042    235   1.2352    0.007
A-n61-k9 	BT-3   61   10    122    1   1035   1037   1037    122   0.6746    0.002
A-n61-k9 	BT-3   61    6    122    0   1035   1201   1062    191   0.9446    0.026
A-n61-k9 	BT-3   61    6    122    1   1035   1037   1037    122   0.6697    0.002
A-n61-k9 	BT-3   61   20    244    0   1035   1755   1061    461   1.9199    0.025
A-n61-k9 	BT-3   61   20    244    1   1035   1505   1097    386   1.6914    0.060
A-n61-k9 	BT-3   61   10    122    0   1035   1201   1060    161   0.8149    0.024
A-n61-k9 	BT-3   61   10    122    1   1035   1037   1037    122   0.6677    0.002
A-n61-k9 	BT-3   61    6    122    0   1035   1201   1062    201   0.9722    0.026
A-n61-k9 	BT-3   61    6    122    1   1035   1037   1037    122   0.6798    0.002
A-n61-k9 	BT-3   61   20    244    0   1035   1755   1122    394   1.6510    0.084
A-n61-k9 	BT-3   61   20    244    1   1035   1505   1129    419   1.8179    0.091
A-n61-k9 	BT-3   61   10    122    0   1035   1201   1042    182   0.9455    0.007
A-n61-k9 	BT-3   61   10    122    1   1035   1037   1037    122   0.6749    0.002
A-n61-k9 	BT-3   61    6    122    0   1035   1201   1062    196   0.9402    0.026
A-n61-k9 	BT-3   61    6    122    1   1035   1037   1037    122   0.6666    0.002
A-n61-k9 	BT-3   61   20    244    0   1035   1755   1093    481   2.0362    0.056
A-n61-k9 	BT-3   61   20    244    1   1035   1505   1116    692   3.0412    0.078
A-n61-k9 	BT-3   61   10    122    0   1035   1201   1042    222   1.0692    0.007
A-n61-k9 	BT-3   61   10    122    1   1035   1037   1037    122   0.6651    0.002
A-n61-k9 	BT-3   61    6    122    0   1035   1201   1062    196   0.9381    0.026
A-n61-k9 	BT-3   61    6    122    1   1035   1037   1037    122   0.6773    0.002
A-n61-k9 	BT-3   61   20    244    0   1035   1755   1057    492   2.0628    0.021
A-n61-k9 	BT-3   61   20    244    1   1035   1505   1106    391   1.7572    0.069
A-n61-k9 	BT-3   61   10    122    0   1035   1201   1048    172   0.8523    0.013
A-n61-k9 	BT-3   61   10    122    1   1035   1037   1037    122   0.6712    0.002
A-n61-k9 	BT-3   61    6    122    0   1035   1201   1062    212   1.0214    0.026
A-n61-k9 	BT-3   61    6    122    1   1035   1037   1037    122   0.6931    0.002
A-n61-k9 	BT-3   61   20    244    0   1035   1755   1137    360   1.5988    0.099
A-n61-k9 	BT-3   61   20    244    1   1035   1505   1143    276   1.2451    0.104
A-n61-k9 	BT-3   61   10    122    0   1035   1201   1048    204   1.0098    0.013
A-n61-k9 	BT-3   61   10    122    1   1035   1037   1037    122   0.6701    0.002
A-n61-k9 	BT-3   61    6    122    0   1035   1201   1062    191   0.9152    0.026
A-n61-k9 	BT-3   61    6    122    1   1035   1037   1037    122   0.6768    0.002
A-n61-k9 	BT-3   61   20    244    0   1035   1755   1084    525   2.2873    0.047
A-n61-k9 	BT-3   61   20    244    1   1035   1505   1140    282   1.2748    0.101
A-n61-k9 	BT-3   61   10    122    0   1035   1201   1042    200   0.9774    0.007
A-n61-k9 	BT-3   61   10    122    1   1035   1037   1037    122   0.6811    0.002
A-n61-k9 	BT-3   61    6    122    0   1035   1201   1062    174   0.9010    0.026
A-n61-k9 	BT-3   61    6    122    1   1035   1037   1037    122   0.6910    0.002
A-n61-k9 	BT-3   61   20    244    0   1035   1755   1074    322   1.4205    0.038
A-n61-k9 	BT-3   61   20    244    1   1035   1505   1056    692   3.0606    0.020
A-n61-k9 	BT-3   61   10    122    0   1035   1201   1044    217   1.0765    0.009
A-n61-k9 	BT-3   61   10    122    1   1035   1037   1037    122   0.6852    0.002
A-n61-k9 	BT-3   61    6    122    0   1035   1201   1062    195   0.9664    0.026
A-n61-k9 	BT-3   61    6    122    1   1035   1037   1037    122   0.6772    0.002
A-n61-k9 	BT-3   61   20    244    0   1035   1755   1059    947   4.1032    0.023
A-n61-k9 	BT-3   61   20    244    1   1035   1505   1076    478   2.0930    0.040
A-n61-k9 	BT-3   61   10    122    0   1035   1201   1044    166   0.8209    0.009
A-n61-k9 	BT-3   61   10    122    1   1035   1037   1037    122   0.6739    0.002
A-n61-k9 	BT-3   61    6    122    0   1035   1201   1062    209   0.9911    0.026
A-n61-k9 	BT-3   61    6    122    1   1035   1037   1037    122   0.7062    0.002
