A-n33-k6 	BT-1   33   11    132    0    742   1166    743    275   0.2418    0.001
A-n33-k6 	BT-1   33   11    132    1    742   1026    791    151   0.1501    0.066
A-n33-k6 	BT-1   33    5     66    0    742    823    743     67   0.0626    0.001
A-n33-k6 	BT-1   33    5     66    1    742    743    743     66   0.0642    0.001
A-n33-k6 	BT-1   33    3     66    0    742    823    743     67   0.0603    0.001
A-n33-k6 	BT-1   33    3     66    1    742    743    743     66   0.0741    0.001
A-n33-k6 	BT-2   33   11    132    0    742   1166    744    143   0.1269    0.003
A-n33-k6 	BT-2   33   11    132    1    742   1026    753    145   0.1147    0.015
A-n33-k6 	BT-2   33    5     66    0    742    810    744     73   0.0738    0.003
A-n33-k6 	BT-2   33    5     66    1    742    744    744     66   0.0596    0.003
A-n33-k6 	BT-2   33    3     66    0    742    810    744     73   0.0575    0.003
A-n33-k6 	BT-2   33    3     66    1    742    744    744     66   0.0510    0.003
A-n33-k6 	BT-3   33   11    132    0    742   1166    744    172   0.1172    0.003
A-n33-k6 	BT-3   33   11    132    1    742   1026    752    245   0.1842    0.013
A-n33-k6 	BT-3   33    5     66    0    742    897    744     75   0.0600    0.003
A-n33-k6 	BT-3   33    5     66    1    742    744    744     66   0.0554    0.003
A-n33-k6 	BT-3   33    3     66    0    742    897    744     75   0.0598    0.003
A-n33-k6 	BT-3   33    3     66    1    742    744    744     66   0.0564    0.003
A-n33-k6 	BT-3   33   11    132    0    742   1166    744    166   0.1109    0.003
A-n33-k6 	BT-3   33   11    132    1    742   1026    756    193   0.1438    0.019
A-n33-k6 	BT-3   33    5     66    0    742    897    743    125   0.0936    0.001
A-n33-k6 	BT-3   33    5     66    1    742    744    744     66   0.0559    0.003
A-n33-k6 	BT-3   33    3     66    0    742    801    743     74   0.0595    0.001
A-n33-k6 	BT-3   33    3     66    1    742    743    743     66   0.0569    0.001
A-n33-k6 	BT-3   33   11    132    0    742   1166    744    168   0.1116    0.003
A-n33-k6 	BT-3   33   11    132    1    742   1026    757    170   0.1198    0.020
A-n33-k6 	BT-3   33    5     66    0    742    801    743     74   0.0590    0.001
A-n33-k6 	BT-3   33    5     66    1    742    743    743     66   0.0570    0.001
A-n33-k6 	BT-3   33    3     66    0    742    801    743     74   0.0589    0.001
A-n33-k6 	BT-3   33    3     66    1    742    743    743     66   0.0564    0.001
A-n33-k6 	BT-3   33   11    132    0    742   1166    744    171   0.1138    0.003
A-n33-k6 	BT-3   33   11    132    1    742   1026    743    403   0.2768    0.001
A-n33-k6 	BT-3   33    5     66    0    742    801    743     74   0.0592    0.001
A-n33-k6 	BT-3   33    5     66    1    742    743    743     66   0.0565    0.001
A-n33-k6 	BT-3   33    3     66    0    742    801    743     74   0.0585    0.001
A-n33-k6 	BT-3   33    3     66    1    742    743    743     66   0.0561    0.001
A-n33-k6 	BT-3   33   11    132    0    742   1166    744    185   0.1236    0.003
A-n33-k6 	BT-3   33   11    132    1    742   1026    757    170   0.1204    0.020
A-n33-k6 	BT-3   33    5     66    0    742    801    743     74   0.0601    0.001
A-n33-k6 	BT-3   33    5     66    1    742    743    743     66   0.0562    0.001
A-n33-k6 	BT-3   33    3     66    0    742    801    743     74   0.0589    0.001
A-n33-k6 	BT-3   33    3     66    1    742    743    743     66   0.0564    0.001
A-n33-k6 	BT-3   33   11    132    0    742   1166    744    164   0.1085    0.003
A-n33-k6 	BT-3   33   11    132    1    742   1026    743    203   0.1379    0.001
A-n33-k6 	BT-3   33    5     66    0    742    801    743     74   0.0600    0.001
A-n33-k6 	BT-3   33    5     66    1    742    743    743     66   0.0566    0.001
A-n33-k6 	BT-3   33    3     66    0    742    801    743     74   0.0590    0.001
A-n33-k6 	BT-3   33    3     66    1    742    743    743     66   0.0572    0.001
A-n33-k6 	BT-3   33   11    132    0    742   1166    744    179   0.1227    0.003
A-n33-k6 	BT-3   33   11    132    1    742   1026    750    396   0.2762    0.011
A-n33-k6 	BT-3   33    5     66    0    742    801    743     74   0.0607    0.001
A-n33-k6 	BT-3   33    5     66    1    742    743    743     66   0.0568    0.001
A-n33-k6 	BT-3   33    3     66    0    742    801    743     74   0.0608    0.001
A-n33-k6 	BT-3   33    3     66    1    742    743    743     66   0.0583    0.001
A-n33-k6 	BT-3   33   11    132    0    742   1166    744    175   0.1208    0.003
A-n33-k6 	BT-3   33   11    132    1    742   1026    752    274   0.1979    0.013
A-n33-k6 	BT-3   33    5     66    0    742    801    743     74   0.0603    0.001
A-n33-k6 	BT-3   33    5     66    1    742    743    743     66   0.0570    0.001
A-n33-k6 	BT-3   33    3     66    0    742    801    743     74   0.0599    0.001
A-n33-k6 	BT-3   33    3     66    1    742    743    743     66   0.0681    0.001
A-n33-k6 	BT-3   33   11    132    0    742   1166    744    171   0.1759    0.003
A-n33-k6 	BT-3   33   11    132    1    742   1026    745    195   0.1608    0.004
A-n33-k6 	BT-3   33    5     66    0    742    801    743     74   0.0642    0.001
A-n33-k6 	BT-3   33    5     66    1    742    743    743     66   0.0594    0.001
A-n33-k6 	BT-3   33    3     66    0    742    801    743     74   0.0604    0.001
A-n33-k6 	BT-3   33    3     66    1    742    743    743     66   0.0599    0.001
A-n33-k6 	BT-3   33   11    132    0    742   1166    744    175   0.1228    0.003
A-n33-k6 	BT-3   33   11    132    1    742   1026    744    269   0.2054    0.003
A-n33-k6 	BT-3   33    5     66    0    742    801    743     74   0.0619    0.001
A-n33-k6 	BT-3   33    5     66    1    742    743    743     66   0.0573    0.001
A-n33-k6 	BT-3   33    3     66    0    742    801    743     74   0.0590    0.001
A-n33-k6 	BT-3   33    3     66    1    742    743    743     66   0.0562    0.001
A-n33-k6 	BT-3   33   11    132    0    742   1166    744    165   0.1100    0.003
A-n33-k6 	BT-3   33   11    132    1    742   1026    744    250   0.1853    0.003
A-n33-k6 	BT-3   33    5     66    0    742    801    743     74   0.0600    0.001
A-n33-k6 	BT-3   33    5     66    1    742    743    743     66   0.0570    0.001
A-n33-k6 	BT-3   33    3     66    0    742    801    743     74   0.0594    0.001
A-n33-k6 	BT-3   33    3     66    1    742    743    743     66   0.0565    0.001
A-n33-k6 	BT-3   33   11    132    0    742   1166    744    180   0.1216    0.003
A-n33-k6 	BT-3   33   11    132    1    742   1026    743    237   0.1660    0.001
A-n33-k6 	BT-3   33    5     66    0    742    801    743     74   0.0598    0.001
A-n33-k6 	BT-3   33    5     66    1    742    743    743     66   0.0563    0.001
A-n33-k6 	BT-3   33    3     66    0    742    801    743     74   0.0581    0.001
A-n33-k6 	BT-3   33    3     66    1    742    743    743     66   0.0564    0.001
A-n33-k6 	BT-3   33   11    132    0    742   1166    744    179   0.1197    0.003
A-n33-k6 	BT-3   33   11    132    1    742   1026    754    243   0.1684    0.016
A-n33-k6 	BT-3   33    5     66    0    742    801    743     74   0.0603    0.001
A-n33-k6 	BT-3   33    5     66    1    742    743    743     66   0.0561    0.001
A-n33-k6 	BT-3   33    3     66    0    742    801    743     74   0.0591    0.001
A-n33-k6 	BT-3   33    3     66    1    742    743    743     66   0.0564    0.001
A-n33-k6 	BT-3   33   11    132    0    742   1166    744    161   0.1076    0.003
A-n33-k6 	BT-3   33   11    132    1    742   1026    743    214   0.1480    0.001
A-n33-k6 	BT-3   33    5     66    0    742    801    743     74   0.0604    0.001
A-n33-k6 	BT-3   33    5     66    1    742    743    743     66   0.0569    0.001
A-n33-k6 	BT-3   33    3     66    0    742    801    743     74   0.0594    0.001
A-n33-k6 	BT-3   33    3     66    1    742    743    743     66   0.0564    0.001
A-n33-k6 	BT-3   33   11    132    0    742   1166    744    167   0.1115    0.003
A-n33-k6 	BT-3   33   11    132    1    742   1026    753    297   0.2131    0.015
A-n33-k6 	BT-3   33    5     66    0    742    801    743     74   0.0587    0.001
A-n33-k6 	BT-3   33    5     66    1    742    743    743     66   0.0569    0.001
A-n33-k6 	BT-3   33    3     66    0    742    801    743     74   0.0602    0.001
A-n33-k6 	BT-3   33    3     66    1    742    743    743     66   0.0564    0.001
A-n33-k6 	BT-3   33   11    132    0    742   1166    744    186   0.1239    0.003
A-n33-k6 	BT-3   33   11    132    1    742   1026    755    240   0.1673    0.018
A-n33-k6 	BT-3   33    5     66    0    742    801    743     74   0.0599    0.001
A-n33-k6 	BT-3   33    5     66    1    742    743    743     66   0.0609    0.001
A-n33-k6 	BT-3   33    3     66    0    742    801    743     74   0.0589    0.001
A-n33-k6 	BT-3   33    3     66    1    742    743    743     66   0.0563    0.001
A-n33-k6 	BT-3   33   11    132    0    742   1166    744    167   0.1174    0.003
A-n33-k6 	BT-3   33   11    132    1    742   1026    743    358   0.2536    0.001
A-n33-k6 	BT-3   33    5     66    0    742    801    743     74   0.0640    0.001
A-n33-k6 	BT-3   33    5     66    1    742    743    743     66   0.0585    0.001
A-n33-k6 	BT-3   33    3     66    0    742    801    743     74   0.0604    0.001
A-n33-k6 	BT-3   33    3     66    1    742    743    743     66   0.0581    0.001
A-n33-k6 	BT-3   33   11    132    0    742   1166    744    170   0.1148    0.003
A-n33-k6 	BT-3   33   11    132    1    742   1026    743    333   0.2384    0.001
A-n33-k6 	BT-3   33    5     66    0    742    801    743     74   0.0602    0.001
A-n33-k6 	BT-3   33    5     66    1    742    743    743     66   0.0563    0.001
A-n33-k6 	BT-3   33    3     66    0    742    801    743     74   0.0588    0.001
A-n33-k6 	BT-3   33    3     66    1    742    743    743     66   0.0559    0.001
A-n33-k6 	BT-3   33   11    132    0    742   1166    744    185   0.1234    0.003
A-n33-k6 	BT-3   33   11    132    1    742   1026    743    176   0.1233    0.001
A-n33-k6 	BT-3   33    5     66    0    742    801    743     74   0.0594    0.001
A-n33-k6 	BT-3   33    5     66    1    742    743    743     66   0.0568    0.001
A-n33-k6 	BT-3   33    3     66    0    742    801    743     74   0.0593    0.001
A-n33-k6 	BT-3   33    3     66    1    742    743    743     66   0.0567    0.001
A-n33-k6 	BT-3   33   11    132    0    742   1166    744    164   0.1112    0.003
A-n33-k6 	BT-3   33   11    132    1    742   1026    757    170   0.1226    0.020
A-n33-k6 	BT-3   33    5     66    0    742    801    743     74   0.0590    0.001
A-n33-k6 	BT-3   33    5     66    1    742    743    743     66   0.0573    0.001
A-n33-k6 	BT-3   33    3     66    0    742    801    743     74   0.0599    0.001
A-n33-k6 	BT-3   33    3     66    1    742    743    743     66   0.0578    0.001
A-n33-k6 	BT-3   33   11    132    0    742   1166    744    168   0.1123    0.003
A-n33-k6 	BT-3   33   11    132    1    742   1026    753    188   0.1295    0.015
A-n33-k6 	BT-3   33    5     66    0    742    801    743     74   0.0595    0.001
A-n33-k6 	BT-3   33    5     66    1    742    743    743     66   0.0570    0.001
A-n33-k6 	BT-3   33    3     66    0    742    801    743     74   0.0597    0.001
A-n33-k6 	BT-3   33    3     66    1    742    743    743     66   0.0571    0.001
A-n33-k6 	BT-3   33   11    132    0    742   1166    744    168   0.1122    0.003
A-n33-k6 	BT-3   33   11    132    1    742   1026    743    178   0.1244    0.001
A-n33-k6 	BT-3   33    5     66    0    742    801    743     74   0.0600    0.001
A-n33-k6 	BT-3   33    5     66    1    742    743    743     66   0.0564    0.001
A-n33-k6 	BT-3   33    3     66    0    742    801    743     74   0.0602    0.001
A-n33-k6 	BT-3   33    3     66    1    742    743    743     66   0.0615    0.001
A-n33-k6 	BT-3   33   11    132    0    742   1166    744    172   0.1229    0.003
A-n33-k6 	BT-3   33   11    132    1    742   1026    744    316   0.2161    0.003
A-n33-k6 	BT-3   33    5     66    0    742    801    743     74   0.0607    0.001
A-n33-k6 	BT-3   33    5     66    1    742    743    743     66   0.0561    0.001
A-n33-k6 	BT-3   33    3     66    0    742    801    743     74   0.0591    0.001
A-n33-k6 	BT-3   33    3     66    1    742    743    743     66   0.0572    0.001
A-n33-k6 	BT-3   33   11    132    0    742   1166    744    174   0.1162    0.003
A-n33-k6 	BT-3   33   11    132    1    742   1026    744    277   0.1912    0.003
A-n33-k6 	BT-3   33    5     66    0    742    801    743     74   0.0601    0.001
A-n33-k6 	BT-3   33    5     66    1    742    743    743     66   0.0564    0.001
A-n33-k6 	BT-3   33    3     66    0    742    801    743     74   0.0594    0.001
A-n33-k6 	BT-3   33    3     66    1    742    743    743     66   0.0566    0.001
A-n33-k6 	BT-3   33   11    132    0    742   1166    744    171   0.1153    0.003
A-n33-k6 	BT-3   33   11    132    1    742   1026    743    174   0.1236    0.001
A-n33-k6 	BT-3   33    5     66    0    742    801    743     74   0.0600    0.001
A-n33-k6 	BT-3   33    5     66    1    742    743    743     66   0.0565    0.001
A-n33-k6 	BT-3   33    3     66    0    742    801    743     74   0.0595    0.001
A-n33-k6 	BT-3   33    3     66    1    742    743    743     66   0.0564    0.001
A-n33-k6 	BT-3   33   11    132    0    742   1166    744    177   0.1185    0.003
A-n33-k6 	BT-3   33   11    132    1    742   1026    776    276   0.1906    0.046
A-n33-k6 	BT-3   33    5     66    0    742    801    743     74   0.0590    0.001
A-n33-k6 	BT-3   33    5     66    1    742    743    743     66   0.0563    0.001
A-n33-k6 	BT-3   33    3     66    0    742    801    743     74   0.0589    0.001
A-n33-k6 	BT-3   33    3     66    1    742    743    743     66   0.0563    0.001
A-n33-k6 	BT-3   33   11    132    0    742   1166    744    170   0.1141    0.003
A-n33-k6 	BT-3   33   11    132    1    742   1026    744    191   0.1345    0.003
A-n33-k6 	BT-3   33    5     66    0    742    801    743     74   0.0591    0.001
A-n33-k6 	BT-3   33    5     66    1    742    743    743     66   0.0571    0.001
A-n33-k6 	BT-3   33    3     66    0    742    801    743     74   0.0587    0.001
A-n33-k6 	BT-3   33    3     66    1    742    743    743     66   0.0574    0.001
A-n33-k6 	BT-3   33   11    132    0    742   1166    744    163   0.1553    0.003
A-n33-k6 	BT-3   33   11    132    1    742   1026    744    363   0.3460    0.003
A-n33-k6 	BT-3   33    5     66    0    742    801    743     74   0.0603    0.001
A-n33-k6 	BT-3   33    5     66    1    742    743    743     66   0.0567    0.001
A-n33-k6 	BT-3   33    3     66    0    742    801    743     74   0.0602    0.001
A-n33-k6 	BT-3   33    3     66    1    742    743    743     66   0.0635    0.001
A-n33-k6 	BT-3   33   11    132    0    742   1166    743    223   0.1777    0.001
A-n33-k6 	BT-3   33   11    132    1    742   1026    744    370   0.2666    0.003
A-n33-k6 	BT-3   33    5     66    0    742    801    743     74   0.0600    0.001
A-n33-k6 	BT-3   33    5     66    1    742    743    743     66   0.0580    0.001
A-n33-k6 	BT-3   33    3     66    0    742    801    743     74   0.0625    0.001
A-n33-k6 	BT-3   33    3     66    1    742    743    743     66   0.0569    0.001
A-n33-k6 	BT-3   33   11    132    0    742   1166    744    184   0.1235    0.003
A-n33-k6 	BT-3   33   11    132    1    742   1026    746    191   0.1359    0.005
A-n33-k6 	BT-3   33    5     66    0    742    801    743     74   0.0609    0.001
A-n33-k6 	BT-3   33    5     66    1    742    743    743     66   0.0584    0.001
A-n33-k6 	BT-3   33    3     66    0    742    801    743     74   0.0593    0.001
A-n33-k6 	BT-3   33    3     66    1    742    743    743     66   0.0565    0.001
A-n33-k6 	BT-3   33   11    132    0    742   1166    744    169   0.1126    0.003
A-n33-k6 	BT-3   33   11    132    1    742   1026    749    246   0.1705    0.009
A-n33-k6 	BT-3   33    5     66    0    742    801    743     74   0.0595    0.001
A-n33-k6 	BT-3   33    5     66    1    742    743    743     66   0.0568    0.001
A-n33-k6 	BT-3   33    3     66    0    742    801    743     74   0.0595    0.001
A-n33-k6 	BT-3   33    3     66    1    742    743    743     66   0.0567    0.001
A-n33-k6 	BT-3   33   11    132    0    742   1166    744    243   0.1631    0.003
A-n33-k6 	BT-3   33   11    132    1    742   1026    749    305   0.2171    0.009
A-n33-k6 	BT-3   33    5     66    0    742    801    743     74   0.0598    0.001
A-n33-k6 	BT-3   33    5     66    1    742    743    743     66   0.0567    0.001
A-n33-k6 	BT-3   33    3     66    0    742    801    743     74   0.0595    0.001
A-n33-k6 	BT-3   33    3     66    1    742    743    743     66   0.0561    0.001
A-n33-k6 	BT-3   33   11    132    0    742   1166    744    178   0.1184    0.003
A-n33-k6 	BT-3   33   11    132    1    742   1026    753    262   0.1807    0.015
A-n33-k6 	BT-3   33    5     66    0    742    801    743     74   0.0599    0.001
A-n33-k6 	BT-3   33    5     66    1    742    743    743     66   0.0564    0.001
A-n33-k6 	BT-3   33    3     66    0    742    801    743     74   0.0585    0.001
A-n33-k6 	BT-3   33    3     66    1    742    743    743     66   0.0560    0.001
A-n33-k6 	BT-3   33   11    132    0    742   1166    744    162   0.1075    0.003
A-n33-k6 	BT-3   33   11    132    1    742   1026    743    176   0.1244    0.001
A-n33-k6 	BT-3   33    5     66    0    742    801    743     74   0.0592    0.001
A-n33-k6 	BT-3   33    5     66    1    742    743    743     66   0.0562    0.001
A-n33-k6 	BT-3   33    3     66    0    742    801    743     74   0.0592    0.001
A-n33-k6 	BT-3   33    3     66    1    742    743    743     66   0.0563    0.001
A-n33-k6 	BT-3   33   11    132    0    742   1166    744    166   0.1113    0.003
A-n33-k6 	BT-3   33   11    132    1    742   1026    743    174   0.1233    0.001
A-n33-k6 	BT-3   33    5     66    0    742    801    743     74   0.0611    0.001
A-n33-k6 	BT-3   33    5     66    1    742    743    743     66   0.0570    0.001
A-n33-k6 	BT-3   33    3     66    0    742    801    743     74   0.0606    0.001
A-n33-k6 	BT-3   33    3     66    1    742    743    743     66   0.0562    0.001
A-n33-k6 	BT-3   33   11    132    0    742   1166    744    178   0.1186    0.003
A-n33-k6 	BT-3   33   11    132    1    742   1026    743    172   0.1211    0.001
A-n33-k6 	BT-3   33    5     66    0    742    801    743     74   0.0590    0.001
A-n33-k6 	BT-3   33    5     66    1    742    743    743     66   0.0564    0.001
A-n33-k6 	BT-3   33    3     66    0    742    801    743     74   0.0603    0.001
A-n33-k6 	BT-3   33    3     66    1    742    743    743     66   0.0569    0.001
A-n33-k6 	BT-3   33   11    132    0    742   1166    744    170   0.1136    0.003
A-n33-k6 	BT-3   33   11    132    1    742   1026    745    227   0.1575    0.004
A-n33-k6 	BT-3   33    5     66    0    742    801    743     74   0.0601    0.001
A-n33-k6 	BT-3   33    5     66    1    742    743    743     66   0.0566    0.001
A-n33-k6 	BT-3   33    3     66    0    742    801    743     74   0.0591    0.001
A-n33-k6 	BT-3   33    3     66    1    742    743    743     66   0.0563    0.001
A-n33-k6 	BT-3   33   11    132    0    742   1166    744    168   0.1122    0.003
A-n33-k6 	BT-3   33   11    132    1    742   1026    744    282   0.1953    0.003
A-n33-k6 	BT-3   33    5     66    0    742    801    743     74   0.0599    0.001
A-n33-k6 	BT-3   33    5     66    1    742    743    743     66   0.0564    0.001
A-n33-k6 	BT-3   33    3     66    0    742    801    743     74   0.0629    0.001
A-n33-k6 	BT-3   33    3     66    1    742    743    743     66   0.0575    0.001
A-n33-k6 	BT-3   33   11    132    0    742   1166    744    161   0.1096    0.003
A-n33-k6 	BT-3   33   11    132    1    742   1026    743    260   0.1804    0.001
A-n33-k6 	BT-3   33    5     66    0    742    801    743     74   0.0597    0.001
A-n33-k6 	BT-3   33    5     66    1    742    743    743     66   0.0566    0.001
A-n33-k6 	BT-3   33    3     66    0    742    801    743     74   0.0583    0.001
A-n33-k6 	BT-3   33    3     66    1    742    743    743     66   0.0562    0.001
A-n33-k6 	BT-3   33   11    132    0    742   1166    744    181   0.1200    0.003
A-n33-k6 	BT-3   33   11    132    1    742   1026    743    210   0.1452    0.001
A-n33-k6 	BT-3   33    5     66    0    742    801    743     74   0.0591    0.001
A-n33-k6 	BT-3   33    5     66    1    742    743    743     66   0.0563    0.001
A-n33-k6 	BT-3   33    3     66    0    742    801    743     74   0.0596    0.001
A-n33-k6 	BT-3   33    3     66    1    742    743    743     66   0.0713    0.001
A-n33-k6 	BT-3   33   11    132    0    742   1166    744    177   0.1391    0.003
A-n33-k6 	BT-3   33   11    132    1    742   1026    746    308   0.2143    0.005
A-n33-k6 	BT-3   33    5     66    0    742    801    743     74   0.0589    0.001
A-n33-k6 	BT-3   33    5     66    1    742    743    743     66   0.0562    0.001
A-n33-k6 	BT-3   33    3     66    0    742    801    743     74   0.0594    0.001
A-n33-k6 	BT-3   33    3     66    1    742    743    743     66   0.0564    0.001
A-n33-k6 	BT-3   33   11    132    0    742   1166    744    192   0.1295    0.003
A-n33-k6 	BT-3   33   11    132    1    742   1026    754    360   0.2487    0.016
A-n33-k6 	BT-3   33    5     66    0    742    801    743     74   0.0653    0.001
A-n33-k6 	BT-3   33    5     66    1    742    743    743     66   0.0566    0.001
A-n33-k6 	BT-3   33    3     66    0    742    801    743     74   0.0599    0.001
A-n33-k6 	BT-3   33    3     66    1    742    743    743     66   0.0562    0.001
A-n33-k6 	BT-3   33   11    132    0    742   1166    744    176   0.1182    0.003
A-n33-k6 	BT-3   33   11    132    1    742   1026    746    242   0.1682    0.005
A-n33-k6 	BT-3   33    5     66    0    742    801    743     74   0.0601    0.001
A-n33-k6 	BT-3   33    5     66    1    742    743    743     66   0.0564    0.001
A-n33-k6 	BT-3   33    3     66    0    742    801    743     74   0.0595    0.001
A-n33-k6 	BT-3   33    3     66    1    742    743    743     66   0.0562    0.001
A-n33-k6 	BT-3   33   11    132    0    742   1166    744    175   0.1170    0.003
A-n33-k6 	BT-3   33   11    132    1    742   1026    753    215   0.1510    0.015
A-n33-k6 	BT-3   33    5     66    0    742    801    743     74   0.0588    0.001
A-n33-k6 	BT-3   33    5     66    1    742    743    743     66   0.0563    0.001
A-n33-k6 	BT-3   33    3     66    0    742    801    743     74   0.0584    0.001
A-n33-k6 	BT-3   33    3     66    1    742    743    743     66   0.0571    0.001
A-n33-k6 	BT-3   33   11    132    0    742   1166    744    162   0.1097    0.003
A-n33-k6 	BT-3   33   11    132    1    742   1026    743    350   0.2420    0.001
A-n33-k6 	BT-3   33    5     66    0    742    801    743     74   0.0594    0.001
A-n33-k6 	BT-3   33    5     66    1    742    743    743     66   0.0566    0.001
A-n33-k6 	BT-3   33    3     66    0    742    801    743     74   0.0592    0.001
A-n33-k6 	BT-3   33    3     66    1    742    743    743     66   0.0570    0.001
A-n33-k6 	BT-3   33   11    132    0    742   1166    744    170   0.1138    0.003
A-n33-k6 	BT-3   33   11    132    1    742   1026    744    213   0.1522    0.003
A-n33-k6 	BT-3   33    5     66    0    742    801    743     74   0.0663    0.001
A-n33-k6 	BT-3   33    5     66    1    742    743    743     66   0.0572    0.001
A-n33-k6 	BT-3   33    3     66    0    742    801    743     74   0.0585    0.001
A-n33-k6 	BT-3   33    3     66    1    742    743    743     66   0.0567    0.001
A-n33-k6 	BT-3   33   11    132    0    742   1166    744    167   0.1116    0.003
A-n33-k6 	BT-3   33   11    132    1    742   1026    743    330   0.2240    0.001
A-n33-k6 	BT-3   33    5     66    0    742    801    743     74   0.0587    0.001
A-n33-k6 	BT-3   33    5     66    1    742    743    743     66   0.0562    0.001
A-n33-k6 	BT-3   33    3     66    0    742    801    743     74   0.0593    0.001
A-n33-k6 	BT-3   33    3     66    1    742    743    743     66   0.0563    0.001
A-n33-k6 	BT-3   33   11    132    0    742   1166    744    190   0.1269    0.003
A-n33-k6 	BT-3   33   11    132    1    742   1026    742    189   0.1319    0.000
A-n33-k6 	BT-3   33    5     66    0    742    744    743     75   0.0627    0.001
A-n33-k6 	BT-3   33    5     66    1    742    742    742     66   0.0568    0.000
A-n33-k6 	BT-3   33    3     66    0    742    744    743     74   0.0636    0.001
A-n33-k6 	BT-3   33    3     66    1    742    742    742     66   0.0578    0.000
A-n33-k6 	BT-3   33   11    132    0    742   1166    744    162   0.1078    0.003
A-n33-k6 	BT-3   33   11    132    1    742   1026    744    335   0.2282    0.003
A-n33-k6 	BT-3   33    5     66    0    742    744    743     75   0.0629    0.001
A-n33-k6 	BT-3   33    5     66    1    742    742    742     66   0.0565    0.000
A-n33-k6 	BT-3   33    3     66    0    742    744    743     74   0.0624    0.001
A-n33-k6 	BT-3   33    3     66    1    742    742    742     66   0.0569    0.000
A-n33-k6 	BT-3   33   11    132    0    742   1166    744    167   0.1117    0.003
A-n33-k6 	BT-3   33   11    132    1    742   1026    743    209   0.1463    0.001
A-n33-k6 	BT-3   33    5     66    0    742    744    743     75   0.0631    0.001
A-n33-k6 	BT-3   33    5     66    1    742    742    742     66   0.0609    0.000
A-n33-k6 	BT-3   33    3     66    0    742    744    743     74   0.0628    0.001
A-n33-k6 	BT-3   33    3     66    1    742    742    742     66   0.0574    0.000
A-n33-k6 	BT-3   33   11    132    0    742   1166    744    174   0.1156    0.003
A-n33-k6 	BT-3   33   11    132    1    742   1026    743    287   0.1957    0.001
A-n33-k6 	BT-3   33    5     66    0    742    744    743     75   0.0639    0.001
A-n33-k6 	BT-3   33    5     66    1    742    742    742     66   0.0562    0.000
A-n33-k6 	BT-3   33    3     66    0    742    744    743     74   0.0622    0.001
A-n33-k6 	BT-3   33    3     66    1    742    742    742     66   0.0571    0.000
A-n33-k6 	BT-3   33   11    132    0    742   1166    744    166   0.1103    0.003
A-n33-k6 	BT-3   33   11    132    1    742   1026    746    416   0.2893    0.005
A-n33-k6 	BT-3   33    5     66    0    742    744    743     75   0.0630    0.001
A-n33-k6 	BT-3   33    5     66    1    742    742    742     66   0.0569    0.000
A-n33-k6 	BT-3   33    3     66    0    742    744    743     74   0.0617    0.001
A-n33-k6 	BT-3   33    3     66    1    742    742    742     66   0.0566    0.000
A-n33-k6 	BT-3   33   11    132    0    742   1166    744    170   0.1132    0.003
A-n33-k6 	BT-3   33   11    132    1    742   1026    753    611   0.4185    0.015
A-n33-k6 	BT-3   33    5     66    0    742    744    743     75   0.0628    0.001
A-n33-k6 	BT-3   33    5     66    1    742    742    742     66   0.0564    0.000
A-n33-k6 	BT-3   33    3     66    0    742    744    743     74   0.0631    0.001
A-n33-k6 	BT-3   33    3     66    1    742    742    742     66   0.0569    0.000
A-n33-k6 	BT-3   33   11    132    0    742   1166    744    186   0.1246    0.003
A-n33-k6 	BT-3   33   11    132    1    742   1026    757    170   0.1204    0.020
A-n33-k6 	BT-3   33    5     66    0    742    744    743     75   0.0625    0.001
A-n33-k6 	BT-3   33    5     66    1    742    742    742     66   0.0562    0.000
A-n33-k6 	BT-3   33    3     66    0    742    744    743     74   0.0623    0.001
A-n33-k6 	BT-3   33    3     66    1    742    742    742     66   0.0566    0.000
A-n33-k6 	BT-3   33   11    132    0    742   1166    744    166   0.1105    0.003
A-n33-k6 	BT-3   33   11    132    1    742   1026    747    291   0.2005    0.007
A-n33-k6 	BT-3   33    5     66    0    742    744    743     75   0.0632    0.001
A-n33-k6 	BT-3   33    5     66    1    742    742    742     66   0.0562    0.000
A-n33-k6 	BT-3   33    3     66    0    742    744    743     74   0.0623    0.001
A-n33-k6 	BT-3   33    3     66    1    742    742    742     66   0.0572    0.000
A-n33-k6 	BT-3   33   11    132    0    742   1166    744    174   0.1187    0.003
A-n33-k6 	BT-3   33   11    132    1    742   1026    744    254   0.1734    0.003
A-n33-k6 	BT-3   33    5     66    0    742    744    743     75   0.0632    0.001
A-n33-k6 	BT-3   33    5     66    1    742    742    742     66   0.0565    0.000
A-n33-k6 	BT-3   33    3     66    0    742    744    743     74   0.0623    0.001
A-n33-k6 	BT-3   33    3     66    1    742    742    742     66   0.0567    0.000
A-n33-k6 	BT-3   33   11    132    0    742   1166    744    172   0.1153    0.003
A-n33-k6 	BT-3   33   11    132    1    742   1026    747    213   0.1487    0.007
A-n33-k6 	BT-3   33    5     66    0    742    744    743     75   0.0630    0.001
A-n33-k6 	BT-3   33    5     66    1    742    742    742     66   0.0563    0.000
A-n33-k6 	BT-3   33    3     66    0    742    744    743     74   0.0619    0.001
A-n33-k6 	BT-3   33    3     66    1    742    742    742     66   0.0569    0.000
A-n33-k6 	BT-3   33   11    132    0    742   1166    744    182   0.1227    0.003
A-n33-k6 	BT-3   33   11    132    1    742   1026    743    330   0.2300    0.001
A-n33-k6 	BT-3   33    5     66    0    742    744    743     75   0.0638    0.001
A-n33-k6 	BT-3   33    5     66    1    742    742    742     66   0.0565    0.000
A-n33-k6 	BT-3   33    3     66    0    742    744    743     74   0.0618    0.001
A-n33-k6 	BT-3   33    3     66    1    742    742    742     66   0.0596    0.000
A-n33-k6 	BT-3   33   11    132    0    742   1166    744    171   0.1138    0.003
A-n33-k6 	BT-3   33   11    132    1    742   1026    754    295   0.2041    0.016
A-n33-k6 	BT-3   33    5     66    0    742    744    742    100   0.0799    0.000
A-n33-k6 	BT-3   33    5     66    1    742    742    742     66   0.0562    0.000
A-n33-k6 	BT-3   33    3     66    0    742    744    743     74   0.0621    0.001
A-n33-k6 	BT-3   33    3     66    1    742    742    742     66   0.0568    0.000
A-n33-k6 	BT-3   33   11    132    0    742   1166    744    182   0.1551    0.003
A-n33-k6 	BT-3   33   11    132    1    742   1026    783    169   0.1253    0.055
A-n33-k6 	BT-3   33    5     66    0    742    744    743     75   0.0636    0.001
A-n33-k6 	BT-3   33    5     66    1    742    742    742     66   0.0563    0.000
A-n33-k6 	BT-3   33    3     66    0    742    744    743     74   0.0629    0.001
A-n33-k6 	BT-3   33    3     66    1    742    742    742     66   0.0568    0.000
A-n33-k6 	BT-3   33   11    132    0    742   1166    744    166   0.1096    0.003
A-n33-k6 	BT-3   33   11    132    1    742   1026    743    378   0.2583    0.001
A-n33-k6 	BT-3   33    5     66    0    742    744    743     75   0.0632    0.001
A-n33-k6 	BT-3   33    5     66    1    742    742    742     66   0.0563    0.000
A-n33-k6 	BT-3   33    3     66    0    742    744    743     74   0.0622    0.001
A-n33-k6 	BT-3   33    3     66    1    742    742    742     66   0.0614    0.000
A-n33-k6 	BT-3   33   11    132    0    742   1166    744    184   0.1236    0.003
A-n33-k6 	BT-3   33   11    132    1    742   1026    759    166   0.1166    0.023
A-n33-k6 	BT-3   33    5     66    0    742    744    743     75   0.0625    0.001
A-n33-k6 	BT-3   33    5     66    1    742    742    742     66   0.0568    0.000
A-n33-k6 	BT-3   33    3     66    0    742    744    743     74   0.0631    0.001
A-n33-k6 	BT-3   33    3     66    1    742    742    742     66   0.0564    0.000
A-n33-k6 	BT-3   33   11    132    0    742   1166    744    169   0.1126    0.003
A-n33-k6 	BT-3   33   11    132    1    742   1026    743    174   0.1228    0.001
A-n33-k6 	BT-3   33    5     66    0    742    744    743     75   0.0628    0.001
A-n33-k6 	BT-3   33    5     66    1    742    742    742     66   0.0567    0.000
A-n33-k6 	BT-3   33    3     66    0    742    744    743     74   0.0622    0.001
A-n33-k6 	BT-3   33    3     66    1    742    742    742     66   0.0566    0.000
A-n33-k6 	BT-3   33   11    132    0    742   1166    744    161   0.1073    0.003
A-n33-k6 	BT-3   33   11    132    1    742   1026    788    269   0.1872    0.062
A-n33-k6 	BT-3   33    5     66    0    742    744    743     75   0.0627    0.001
A-n33-k6 	BT-3   33    5     66    1    742    742    742     66   0.0563    0.000
A-n33-k6 	BT-3   33    3     66    0    742    744    743     74   0.0623    0.001
A-n33-k6 	BT-3   33    3     66    1    742    742    742     66   0.0567    0.000
A-n33-k6 	BT-3   33   11    132    0    742   1166    744    172   0.1142    0.003
A-n33-k6 	BT-3   33   11    132    1    742   1026    751    221   0.1535    0.012
A-n33-k6 	BT-3   33    5     66    0    742    744    743     75   0.0636    0.001
A-n33-k6 	BT-3   33    5     66    1    742    742    742     66   0.0564    0.000
A-n33-k6 	BT-3   33    3     66    0    742    744    743     74   0.0623    0.001
A-n33-k6 	BT-3   33    3     66    1    742    742    742     66   0.0567    0.000
A-n33-k6 	BT-3   33   11    132    0    742   1166    744    164   0.1090    0.003
A-n33-k6 	BT-3   33   11    132    1    742   1026    757    170   0.1289    0.020
A-n33-k6 	BT-3   33    5     66    0    742    744    743     75   0.0626    0.001
A-n33-k6 	BT-3   33    5     66    1    742    742    742     66   0.0561    0.000
A-n33-k6 	BT-3   33    3     66    0    742    744    743     74   0.0623    0.001
A-n33-k6 	BT-3   33    3     66    1    742    742    742     66   0.0565    0.000
A-n33-k6 	BT-3   33   11    132    0    742   1166    744    163   0.1089    0.003
A-n33-k6 	BT-3   33   11    132    1    742   1026    756    255   0.1732    0.019
A-n33-k6 	BT-3   33    5     66    0    742    744    743     75   0.0631    0.001
A-n33-k6 	BT-3   33    5     66    1    742    742    742     66   0.0565    0.000
A-n33-k6 	BT-3   33    3     66    0    742    744    743     74   0.0636    0.001
A-n33-k6 	BT-3   33    3     66    1    742    742    742     66   0.0576    0.000
A-n33-k6 	BT-3   33   11    132    0    742   1166    744    177   0.1178    0.003
A-n33-k6 	BT-3   33   11    132    1    742   1026    743    306   0.2119    0.001
A-n33-k6 	BT-3   33    5     66    0    742    744    743     75   0.0629    0.001
A-n33-k6 	BT-3   33    5     66    1    742    742    742     66   0.0565    0.000
A-n33-k6 	BT-3   33    3     66    0    742    744    743     74   0.0623    0.001
A-n33-k6 	BT-3   33    3     66    1    742    742    742     66   0.0562    0.000
A-n33-k6 	BT-3   33   11    132    0    742   1166    744    165   0.1101    0.003
A-n33-k6 	BT-3   33   11    132    1    742   1026    749    189   0.1323    0.009
A-n33-k6 	BT-3   33    5     66    0    742    744    743     75   0.0630    0.001
A-n33-k6 	BT-3   33    5     66    1    742    742    742     66   0.0562    0.000
A-n33-k6 	BT-3   33    3     66    0    742    744    743     74   0.0622    0.001
A-n33-k6 	BT-3   33    3     66    1    742    742    742     66   0.0575    0.000
A-n33-k6 	BT-3   33   11    132    0    742   1166    744    182   0.1217    0.003
A-n33-k6 	BT-3   33   11    132    1    742   1026    742    195   0.1422    0.000
A-n33-k6 	BT-3   33    5     66    0    742    744    743     75   0.0645    0.001
A-n33-k6 	BT-3   33    5     66    1    742    742    742     66   0.0563    0.000
A-n33-k6 	BT-3   33    3     66    0    742    744    743     74   0.0623    0.001
A-n33-k6 	BT-3   33    3     66    1    742    742    742     66   0.0566    0.000
A-n33-k6 	BT-3   33   11    132    0    742   1166    744    163   0.1093    0.003
A-n33-k6 	BT-3   33   11    132    1    742   1026    745    312   0.2176    0.004
A-n33-k6 	BT-3   33    5     66    0    742    744    743     75   0.0633    0.001
A-n33-k6 	BT-3   33    5     66    1    742    742    742     66   0.0568    0.000
A-n33-k6 	BT-3   33    3     66    0    742    744    743     74   0.0620    0.001
A-n33-k6 	BT-3   33    3     66    1    742    742    742     66   0.0563    0.000
A-n33-k6 	BT-3   33   11    132    0    742   1166    744    174   0.1226    0.003
A-n33-k6 	BT-3   33   11    132    1    742   1026    775    271   0.1877    0.044
A-n33-k6 	BT-3   33    5     66    0    742    744    743     75   0.0630    0.001
A-n33-k6 	BT-3   33    5     66    1    742    742    742     66   0.0566    0.000
A-n33-k6 	BT-3   33    3     66    0    742    744    743     74   0.0631    0.001
A-n33-k6 	BT-3   33    3     66    1    742    742    742     66   0.0565    0.000
A-n33-k6 	BT-3   33   11    132    0    742   1166    744    169   0.1125    0.003
A-n33-k6 	BT-3   33   11    132    1    742   1026    768    227   0.1737    0.035
A-n33-k6 	BT-3   33    5     66    0    742    744    743     75   0.0625    0.001
A-n33-k6 	BT-3   33    5     66    1    742    742    742     66   0.0563    0.000
A-n33-k6 	BT-3   33    3     66    0    742    744    743     74   0.0619    0.001
A-n33-k6 	BT-3   33    3     66    1    742    742    742     66   0.0571    0.000
A-n33-k6 	BT-3   33   11    132    0    742   1166    744    164   0.1093    0.003
A-n33-k6 	BT-3   33   11    132    1    742   1026    743    252   0.1780    0.001
A-n33-k6 	BT-3   33    5     66    0    742    744    743     75   0.0628    0.001
A-n33-k6 	BT-3   33    5     66    1    742    742    742     66   0.0570    0.000
A-n33-k6 	BT-3   33    3     66    0    742    744    743     74   0.0620    0.001
A-n33-k6 	BT-3   33    3     66    1    742    742    742     66   0.0568    0.000
A-n33-k6 	BT-3   33   11    132    0    742   1166    744    168   0.1126    0.003
A-n33-k6 	BT-3   33   11    132    1    742   1026    758    299   0.2054    0.022
A-n33-k6 	BT-3   33    5     66    0    742    744    743     75   0.0639    0.001
A-n33-k6 	BT-3   33    5     66    1    742    742    742     66   0.0564    0.000
A-n33-k6 	BT-3   33    3     66    0    742    744    743     74   0.0627    0.001
A-n33-k6 	BT-3   33    3     66    1    742    742    742     66   0.0587    0.000
A-n33-k6 	BT-3   33   11    132    0    742   1166    744    178   0.1190    0.003
A-n33-k6 	BT-3   33   11    132    1    742   1026    742    295   0.2041    0.000
A-n33-k6 	BT-3   33    5     66    0    742    744    743     75   0.0643    0.001
A-n33-k6 	BT-3   33    5     66    1    742    742    742     66   0.0564    0.000
A-n33-k6 	BT-3   33    3     66    0    742    744    743     74   0.0619    0.001
A-n33-k6 	BT-3   33    3     66    1    742    742    742     66   0.0582    0.000
A-n33-k6 	BT-3   33   11    132    0    742   1166    744    169   0.1132    0.003
A-n33-k6 	BT-3   33   11    132    1    742   1026    743    316   0.2142    0.001
A-n33-k6 	BT-3   33    5     66    0    742    744    743     75   0.0622    0.001
A-n33-k6 	BT-3   33    5     66    1    742    742    742     66   0.0569    0.000
A-n33-k6 	BT-3   33    3     66    0    742    744    743     74   0.0646    0.001
A-n33-k6 	BT-3   33    3     66    1    742    742    742     66   0.0569    0.000
A-n33-k6 	BT-3   33   11    132    0    742   1166    744    162   0.1080    0.003
A-n33-k6 	BT-3   33   11    132    1    742   1026    745    279   0.1938    0.004
A-n33-k6 	BT-3   33    5     66    0    742    744    743     75   0.0625    0.001
A-n33-k6 	BT-3   33    5     66    1    742    742    742     66   0.0563    0.000
A-n33-k6 	BT-3   33    3     66    0    742    744    743     74   0.0629    0.001
A-n33-k6 	BT-3   33    3     66    1    742    742    742     66   0.0567    0.000
A-n33-k6 	BT-3   33   11    132    0    742   1166    744    185   0.1237    0.003
A-n33-k6 	BT-3   33   11    132    1    742   1026    757    170   0.1234    0.020
A-n33-k6 	BT-3   33    5     66    0    742    744    743     75   0.0634    0.001
A-n33-k6 	BT-3   33    5     66    1    742    742    742     66   0.0562    0.000
A-n33-k6 	BT-3   33    3     66    0    742    744    743     74   0.0623    0.001
A-n33-k6 	BT-3   33    3     66    1    742    742    742     66   0.0571    0.000
A-n33-k6 	BT-3   33   11    132    0    742   1166    744    169   0.1157    0.003
A-n33-k6 	BT-3   33   11    132    1    742   1026    766    416   0.2933    0.032
A-n33-k6 	BT-3   33    5     66    0    742    744    742     83   0.0685    0.000
A-n33-k6 	BT-3   33    5     66    1    742    742    742     66   0.0565    0.000
A-n33-k6 	BT-3   33    3     66    0    742    744    743     74   0.0619    0.001
A-n33-k6 	BT-3   33    3     66    1    742    742    742     66   0.0569    0.000
A-n33-k6 	BT-3   33   11    132    0    742   1166    744    168   0.1119    0.003
A-n33-k6 	BT-3   33   11    132    1    742   1026    743    207   0.1457    0.001
A-n33-k6 	BT-3   33    5     66    0    742    744    743     75   0.0626    0.001
A-n33-k6 	BT-3   33    5     66    1    742    742    742     66   0.0562    0.000
A-n33-k6 	BT-3   33    3     66    0    742    744    743     74   0.0633    0.001
A-n33-k6 	BT-3   33    3     66    1    742    742    742     66   0.0569    0.000
A-n33-k6 	BT-3   33   11    132    0    742   1166    744    170   0.1154    0.003
A-n33-k6 	BT-3   33   11    132    1    742   1026    743    387   0.2650    0.001
A-n33-k6 	BT-3   33    5     66    0    742    744    743     75   0.0629    0.001
A-n33-k6 	BT-3   33    5     66    1    742    742    742     66   0.0563    0.000
A-n33-k6 	BT-3   33    3     66    0    742    744    743     74   0.0627    0.001
A-n33-k6 	BT-3   33    3     66    1    742    742    742     66   0.0568    0.000
A-n33-k6 	BT-3   33   11    132    0    742   1166    744    177   0.1190    0.003
A-n33-k6 	BT-3   33   11    132    1    742   1026    743    174   0.1211    0.001
A-n33-k6 	BT-3   33    5     66    0    742    744    743     75   0.0629    0.001
A-n33-k6 	BT-3   33    5     66    1    742    742    742     66   0.0569    0.000
A-n33-k6 	BT-3   33    3     66    0    742    744    743     74   0.0621    0.001
A-n33-k6 	BT-3   33    3     66    1    742    742    742     66   0.0567    0.000
A-n33-k6 	BT-3   33   11    132    0    742   1166    744    170   0.1130    0.003
A-n33-k6 	BT-3   33   11    132    1    742   1026    765    241   0.1677    0.031
A-n33-k6 	BT-3   33    5     66    0    742    744    743     75   0.0634    0.001
A-n33-k6 	BT-3   33    5     66    1    742    742    742     66   0.0564    0.000
A-n33-k6 	BT-3   33    3     66    0    742    744    743     74   0.0624    0.001
A-n33-k6 	BT-3   33    3     66    1    742    742    742     66   0.0567    0.000
A-n33-k6 	BT-3   33   11    132    0    742   1166    744    172   0.1149    0.003
A-n33-k6 	BT-3   33   11    132    1    742   1026    742    343   0.2342    0.000
A-n33-k6 	BT-3   33    5     66    0    742    744    743     75   0.0632    0.001
A-n33-k6 	BT-3   33    5     66    1    742    742    742     66   0.0568    0.000
A-n33-k6 	BT-3   33    3     66    0    742    744    743     74   0.0626    0.001
A-n33-k6 	BT-3   33    3     66    1    742    742    742     66   0.0564    0.000
A-n33-k6 	BT-3   33   11    132    0    742   1166    744    163   0.1130    0.003
A-n33-k6 	BT-3   33   11    132    1    742   1026    743    174   0.1229    0.001
A-n33-k6 	BT-3   33    5     66    0    742    744    743     75   0.0626    0.001
A-n33-k6 	BT-3   33    5     66    1    742    742    742     66   0.0565    0.000
A-n33-k6 	BT-3   33    3     66    0    742    744    743     74   0.0633    0.001
A-n33-k6 	BT-3   33    3     66    1    742    742    742     66   0.0569    0.000
A-n33-k6 	BT-3   33   11    132    0    742   1166    744    165   0.1096    0.003
A-n33-k6 	BT-3   33   11    132    1    742   1026    752    365   0.2514    0.013
A-n33-k6 	BT-3   33    5     66    0    742    744    743     75   0.0622    0.001
A-n33-k6 	BT-3   33    5     66    1    742    742    742     66   0.0572    0.000
A-n33-k6 	BT-3   33    3     66    0    742    744    743     74   0.0624    0.001
A-n33-k6 	BT-3   33    3     66    1    742    742    742     66   0.0569    0.000
A-n33-k6 	BT-3   33   11    132    0    742   1166    744    181   0.1216    0.003
A-n33-k6 	BT-3   33   11    132    1    742   1026    744    292   0.2049    0.003
A-n33-k6 	BT-3   33    5     66    0    742    744    743     75   0.0638    0.001
A-n33-k6 	BT-3   33    5     66    1    742    742    742     66   0.0570    0.000
A-n33-k6 	BT-3   33    3     66    0    742    744    743     74   0.0622    0.001
A-n33-k6 	BT-3   33    3     66    1    742    742    742     66   0.0608    0.000
A-n33-k6 	BT-3   33   11    132    0    742   1166    744    169   0.1144    0.003
A-n33-k6 	BT-3   33   11    132    1    742   1026    744    350   0.2407    0.003
A-n33-k6 	BT-3   33    5     66    0    742    744    743     75   0.0631    0.001
A-n33-k6 	BT-3   33    5     66    1    742    742    742     66   0.0563    0.000
A-n33-k6 	BT-3   33    3     66    0    742    744    743     74   0.0630    0.001
A-n33-k6 	BT-3   33    3     66    1    742    742    742     66   0.0570    0.000
A-n33-k6 	BT-3   33   11    132    0    742   1166    744    167   0.1113    0.003
A-n33-k6 	BT-3   33   11    132    1    742   1026    743    240   0.1636    0.001
A-n33-k6 	BT-3   33    5     66    0    742    744    743     75   0.0634    0.001
A-n33-k6 	BT-3   33    5     66    1    742    742    742     66   0.0564    0.000
A-n33-k6 	BT-3   33    3     66    0    742    744    743     74   0.0623    0.001
A-n33-k6 	BT-3   33    3     66    1    742    742    742     66   0.0568    0.000
A-n33-k6 	BT-3   33   11    132    0    742   1166    744    167   0.1123    0.003
A-n33-k6 	BT-3   33   11    132    1    742   1026    743    262   0.1828    0.001
A-n33-k6 	BT-3   33    5     66    0    742    744    743     75   0.0628    0.001
A-n33-k6 	BT-3   33    5     66    1    742    742    742     66   0.0564    0.000
A-n33-k6 	BT-3   33    3     66    0    742    744    743     74   0.0619    0.001
A-n33-k6 	BT-3   33    3     66    1    742    742    742     66   0.0568    0.000
A-n33-k6 	BT-3   33   11    132    0    742   1166    744    178   0.1190    0.003
A-n33-k6 	BT-3   33   11    132    1    742   1026    744    256   0.1754    0.003
A-n33-k6 	BT-3   33    5     66    0    742    744    743     75   0.0629    0.001
A-n33-k6 	BT-3   33    5     66    1    742    742    742     66   0.0563    0.000
A-n33-k6 	BT-3   33    3     66    0    742    744    743     74   0.0619    0.001
A-n33-k6 	BT-3   33    3     66    1    742    742    742     66   0.0569    0.000
A-n33-k6 	BT-3   33   11    132    0    742   1166    744    172   0.1162    0.003
A-n33-k6 	BT-3   33   11    132    1    742   1026    743    197   0.1377    0.001
A-n33-k6 	BT-3   33    5     66    0    742    744    743     75   0.0627    0.001
A-n33-k6 	BT-3   33    5     66    1    742    742    742     66   0.0579    0.000
A-n33-k6 	BT-3   33    3     66    0    742    744    743     74   0.0623    0.001
A-n33-k6 	BT-3   33    3     66    1    742    742    742     66   0.0566    0.000
A-n33-k6 	BT-3   33   11    132    0    742   1166    744    162   0.1126    0.003
A-n33-k6 	BT-3   33   11    132    1    742   1026    744    300   0.2083    0.003
A-n33-k6 	BT-3   33    5     66    0    742    744    743     75   0.0626    0.001
A-n33-k6 	BT-3   33    5     66    1    742    742    742     66   0.0563    0.000
A-n33-k6 	BT-3   33    3     66    0    742    744    743     74   0.0622    0.001
A-n33-k6 	BT-3   33    3     66    1    742    742    742     66   0.0568    0.000
A-n33-k6 	BT-3   33   11    132    0    742   1166    744    178   0.1203    0.003
A-n33-k6 	BT-3   33   11    132    1    742   1026    750    236   0.1630    0.011
A-n33-k6 	BT-3   33    5     66    0    742    744    743     75   0.0630    0.001
A-n33-k6 	BT-3   33    5     66    1    742    742    742     66   0.0564    0.000
A-n33-k6 	BT-3   33    3     66    0    742    744    743     74   0.0626    0.001
A-n33-k6 	BT-3   33    3     66    1    742    742    742     66   0.0569    0.000
A-n33-k6 	BT-3   33   11    132    0    742   1166    744    166   0.1132    0.003
A-n33-k6 	BT-3   33   11    132    1    742   1026    747    324   0.2335    0.007
A-n33-k6 	BT-3   33    5     66    0    742    744    743     75   0.0633    0.001
A-n33-k6 	BT-3   33    5     66    1    742    742    742     66   0.0564    0.000
A-n33-k6 	BT-3   33    3     66    0    742    744    743     74   0.0621    0.001
A-n33-k6 	BT-3   33    3     66    1    742    742    742     66   0.0571    0.000
A-n33-k6 	BT-3   33   11    132    0    742   1166    744    165   0.1098    0.003
A-n33-k6 	BT-3   33   11    132    1    742   1026    757    170   0.1208    0.020
A-n33-k6 	BT-3   33    5     66    0    742    744    743     75   0.0639    0.001
A-n33-k6 	BT-3   33    5     66    1    742    742    742     66   0.0566    0.000
A-n33-k6 	BT-3   33    3     66    0    742    744    743     74   0.0624    0.001
A-n33-k6 	BT-3   33    3     66    1    742    742    742     66   0.0567    0.000
A-n33-k6 	BT-3   33   11    132    0    742   1166    744    165   0.1101    0.003
A-n33-k6 	BT-3   33   11    132    1    742   1026    746    211   0.1473    0.005
A-n33-k6 	BT-3   33    5     66    0    742    744    743     75   0.0629    0.001
A-n33-k6 	BT-3   33    5     66    1    742    742    742     66   0.0562    0.000
A-n33-k6 	BT-3   33    3     66    0    742    744    743     74   0.0624    0.001
A-n33-k6 	BT-3   33    3     66    1    742    742    742     66   0.0568    0.000
A-n33-k6 	BT-3   33   11    132    0    742   1166    744    165   0.1098    0.003
A-n33-k6 	BT-3   33   11    132    1    742   1026    742    344   0.2369    0.000
A-n33-k6 	BT-3   33    5     66    0    742    744    743     75   0.0624    0.001
A-n33-k6 	BT-3   33    5     66    1    742    742    742     66   0.0564    0.000
A-n33-k6 	BT-3   33    3     66    0    742    744    743     74   0.0634    0.001
A-n33-k6 	BT-3   33    3     66    1    742    742    742     66   0.0570    0.000
A-n33-k6 	BT-3   33   11    132    0    742   1166    744    175   0.1168    0.003
A-n33-k6 	BT-3   33   11    132    1    742   1026    753    188   0.1381    0.015
A-n33-k6 	BT-3   33    5     66    0    742    744    743     75   0.0628    0.001
A-n33-k6 	BT-3   33    5     66    1    742    742    742     66   0.0563    0.000
A-n33-k6 	BT-3   33    3     66    0    742    744    743     74   0.0624    0.001
A-n33-k6 	BT-3   33    3     66    1    742    742    742     66   0.0567    0.000
