B-n63-k10 	BT-1   63   21    252    0   1537   1856   1631    266   1.3986    0.061
B-n63-k10 	BT-1   63   21    252    1   1537   1748   1581    585   2.8484    0.029
B-n63-k10 	BT-1   63   12    126    0   1537   1582   1573    183   0.9556    0.023
B-n63-k10 	BT-1   63   12    126    1   1537   1581   1508    184   0.9442   -0.019
B-n63-k10 	BT-1   63    6     63    0   1537   1902   1508     64   0.3880   -0.019
B-n63-k10 	BT-1   63    6     63    1   1537   1508   1508     63   0.3824   -0.019
B-n63-k10 	BT-2   63   21    252    0   1537   1856   1555    516   2.4835    0.012
B-n63-k10 	BT-2   63   21    252    1   1537   1748   1611    265   1.3144    0.048
B-n63-k10 	BT-2   63   12    126    0   1537   1661   1557    159   0.8261    0.013
B-n63-k10 	BT-2   63   12    126    1   1537   1555   1555    126   0.6601    0.012
B-n63-k10 	BT-2   63    6     63    0   1537   1661   1558     73   0.4490    0.014
B-n63-k10 	BT-2   63    6     63    1   1537   1555   1555     63   0.3756    0.012
B-n63-k10 	BT-3   63   21    252    0   1537   1856   1564    374   3.6784    0.018
B-n63-k10 	BT-3   63   21    252    1   1537   1748   1566    335   3.5431    0.019
B-n63-k10 	BT-3   63   12    126    0   1537   1912   1557    297   2.6097    0.013
B-n63-k10 	BT-3   63   12    126    1   1537   1564   1563    129   1.8587    0.017
B-n63-k10 	BT-3   63    6     63    0   1537   1697   1569     71   0.9944    0.021
B-n63-k10 	BT-3   63    6     63    1   1537   1557   1557     63   0.9977    0.013
B-n63-k10 	BT-3   63   21    252    0   1537   1856   1576    276   3.2414    0.025
B-n63-k10 	BT-3   63   21    252    1   1537   1748   1602    342   3.5280    0.042
B-n63-k10 	BT-3   63   12    126    0   1537   1697   1561    170   1.9963    0.016
B-n63-k10 	BT-3   63   12    126    1   1537   1557   1557    126   1.8139    0.013
B-n63-k10 	BT-3   63    6     63    0   1537   1697   1569     71   0.9990    0.021
B-n63-k10 	BT-3   63    6     63    1   1537   1557   1557     63   0.9940    0.013
B-n63-k10 	BT-3   63   21    252    0   1537   1856   1558    289   3.3982    0.014
B-n63-k10 	BT-3   63   21    252    1   1537   1748   1563    856   6.1611    0.017
B-n63-k10 	BT-3   63   12    126    0   1537   1697   1569    134   1.8801    0.021
B-n63-k10 	BT-3   63   12    126    1   1537   1557   1557    126   1.8189    0.013
B-n63-k10 	BT-3   63    6     63    0   1537   1697   1560     82   1.0723    0.015
B-n63-k10 	BT-3   63    6     63    1   1537   1557   1557     63   1.0113    0.013
B-n63-k10 	BT-3   63   21    252    0   1537   1856   1568    284   3.2986    0.020
B-n63-k10 	BT-3   63   21    252    1   1537   1748   1568    336   3.4448    0.020
B-n63-k10 	BT-3   63   12    126    0   1537   1697   1569    134   1.8204    0.021
B-n63-k10 	BT-3   63   12    126    1   1537   1557   1557    126   1.8414    0.013
B-n63-k10 	BT-3   63    6     63    0   1537   1697   1557     76   1.0123    0.013
B-n63-k10 	BT-3   63    6     63    1   1537   1557   1557     63   1.0064    0.013
B-n63-k10 	BT-3   63   21    252    0   1537   1856   1558    289   3.3682    0.014
B-n63-k10 	BT-3   63   21    252    1   1537   1748   1554    634   4.9179    0.011
B-n63-k10 	BT-3   63   12    126    0   1537   1856   1572    168   1.9443    0.023
B-n63-k10 	BT-3   63   12    126    1   1537   1554   1549    134   1.8204    0.008
B-n63-k10 	BT-3   63    6     63    0   1537   1647   1550     69   1.0089    0.008
B-n63-k10 	BT-3   63    6     63    1   1537   1549   1549     63   0.9958    0.008
B-n63-k10 	BT-3   63   21    252    0   1537   1856   1576    276   3.2727    0.025
B-n63-k10 	BT-3   63   21    252    1   1537   1748   1580    509   4.3321    0.028
B-n63-k10 	BT-3   63   12    126    0   1537   1647   1550    132   1.8339    0.008
B-n63-k10 	BT-3   63   12    126    1   1537   1549   1549    126   1.8739    0.008
B-n63-k10 	BT-3   63    6     63    0   1537   1647   1550     69   1.1254    0.008
B-n63-k10 	BT-3   63    6     63    1   1537   1549   1549     63   1.0405    0.008
B-n63-k10 	BT-3   63   21    252    0   1537   1856   1576    276   3.4080    0.025
B-n63-k10 	BT-3   63   21    252    1   1537   1748   1598    450   4.0863    0.040
B-n63-k10 	BT-3   63   12    126    0   1537   1647   1550    132   1.8455    0.008
B-n63-k10 	BT-3   63   12    126    1   1537   1549   1549    126   1.8121    0.008
B-n63-k10 	BT-3   63    6     63    0   1537   1647   1549     75   1.0351    0.008
B-n63-k10 	BT-3   63    6     63    1   1537   1549   1549     63   0.9942    0.008
B-n63-k10 	BT-3   63   21    252    0   1537   1856   1560    353   3.5692    0.015
B-n63-k10 	BT-3   63   21    252    1   1537   1748   1571    413   4.1549    0.022
B-n63-k10 	BT-3   63   12    126    0   1537   1647   1550    132   1.8832    0.008
B-n63-k10 	BT-3   63   12    126    1   1537   1549   1549    126   1.8482    0.008
B-n63-k10 	BT-3   63    6     63    0   1537   1647   1550     69   1.0789    0.008
B-n63-k10 	BT-3   63    6     63    1   1537   1549   1549     63   0.9949    0.008
B-n63-k10 	BT-3   63   21    252    0   1537   1856   1558    289   3.3870    0.014
B-n63-k10 	BT-3   63   21    252    1   1537   1748   1601    342   3.5839    0.042
B-n63-k10 	BT-3   63   12    126    0   1537   1647   1550    132   1.8367    0.008
B-n63-k10 	BT-3   63   12    126    1   1537   1549   1549    126   1.7947    0.008
B-n63-k10 	BT-3   63    6     63    0   1537   1647   1549     75   1.0298    0.008
B-n63-k10 	BT-3   63    6     63    1   1537   1549   1549     63   0.9932    0.008
B-n63-k10 	BT-3   63   21    252    0   1537   1856   1558    289   3.3718    0.014
B-n63-k10 	BT-3   63   21    252    1   1537   1748   1615    360   3.6851    0.051
B-n63-k10 	BT-3   63   12    126    0   1537   1647   1550    132   1.8466    0.008
B-n63-k10 	BT-3   63   12    126    1   1537   1549   1544    139   1.8657    0.005
B-n63-k10 	BT-3   63    6     63    0   1537   1927   1547    137   1.2843    0.007
B-n63-k10 	BT-3   63    6     63    1   1537   1544   1544     63   0.9875    0.005
B-n63-k10 	BT-3   63   21    252    0   1537   1856   1558    289   3.3219    0.014
B-n63-k10 	BT-3   63   21    252    1   1537   1748   1584    536   4.6643    0.031
B-n63-k10 	BT-3   63   12    126    0   1537   1927   1549    162   1.9348    0.008
B-n63-k10 	BT-3   63   12    126    1   1537   1544   1544    126   1.7891    0.005
B-n63-k10 	BT-3   63    6     63    0   1537   1927   1551    102   1.1052    0.009
B-n63-k10 	BT-3   63    6     63    1   1537   1544   1544     63   0.9889    0.005
B-n63-k10 	BT-3   63   21    252    0   1537   1856   1558    289   3.3599    0.014
B-n63-k10 	BT-3   63   21    252    1   1537   1748   1608    376   3.6761    0.046
B-n63-k10 	BT-3   63   12    126    0   1537   1927   1553    179   2.0587    0.010
B-n63-k10 	BT-3   63   12    126    1   1537   1544   1544    126   1.7875    0.005
B-n63-k10 	BT-3   63    6     63    0   1537   1927   1549     99   1.0637    0.008
B-n63-k10 	BT-3   63    6     63    1   1537   1544   1544     63   0.9864    0.005
B-n63-k10 	BT-3   63   21    252    0   1537   1856   1559    552   4.5409    0.014
B-n63-k10 	BT-3   63   21    252    1   1537   1748   1527    432   3.9462   -0.007
B-n63-k10 	BT-3   63   12    126    0   1537   1798   1513    256   2.3949   -0.016
B-n63-k10 	BT-3   63   12    126    1   1537   1527   1526    131   1.8295   -0.007
B-n63-k10 	BT-3   63    6     63    0   1537   1997   1515     65   0.9763   -0.014
B-n63-k10 	BT-3   63    6     63    1   1537   1513   1513     63   0.9858   -0.016
B-n63-k10 	BT-3   63   21    252    0   1537   1856   1560    321   3.3812    0.015
B-n63-k10 	BT-3   63   21    252    1   1537   1748   1595    385   3.7006    0.038
B-n63-k10 	BT-3   63   12    126    0   1537   1997   1511    137   1.8012   -0.017
B-n63-k10 	BT-3   63   12    126    1   1537   1513   1513    126   1.7954   -0.016
B-n63-k10 	BT-3   63    6     63    0   1537   1756   1551     94   1.0617    0.009
B-n63-k10 	BT-3   63    6     63    1   1537   1511   1511     63   0.9682   -0.017
B-n63-k10 	BT-3   63   21    252    0   1537   1856   1558    289   3.2994    0.014
B-n63-k10 	BT-3   63   21    252    1   1537   1748   1563    348   3.5007    0.017
B-n63-k10 	BT-3   63   12    126    0   1537   1756   1509    149   1.8226   -0.018
B-n63-k10 	BT-3   63   12    126    1   1537   1511   1509    134   1.7926   -0.018
B-n63-k10 	BT-3   63    6     63    0   1537   1805   1509     99   1.1198   -0.018
B-n63-k10 	BT-3   63    6     63    1   1537   1509   1509     63   0.9750   -0.018
B-n63-k10 	BT-3   63   21    252    0   1537   1856   1558    289   3.3520    0.014
B-n63-k10 	BT-3   63   21    252    1   1537   1748   1602    517   5.6979    0.042
B-n63-k10 	BT-3   63   12    126    0   1537   1805   1584    279   2.5487    0.031
B-n63-k10 	BT-3   63   12    126    1   1537   1509   1509    126   1.7718   -0.018
B-n63-k10 	BT-3   63    6     63    0   1537   1805   1598     85   1.0304    0.040
B-n63-k10 	BT-3   63    6     63    1   1537   1509   1509     63   0.9718   -0.018
B-n63-k10 	BT-3   63   21    252    0   1537   1856   1558    289   3.3825    0.014
B-n63-k10 	BT-3   63   21    252    1   1537   1748   1549    448   3.9738    0.008
B-n63-k10 	BT-3   63   12    126    0   1537   1805   1550    161   1.8689    0.008
B-n63-k10 	BT-3   63   12    126    1   1537   1509   1509    126   1.7812   -0.018
B-n63-k10 	BT-3   63    6     63    0   1537   1805   1580    107   1.1186    0.028
B-n63-k10 	BT-3   63    6     63    1   1537   1509   1509     63   0.9882   -0.018
B-n63-k10 	BT-3   63   21    252    0   1537   1856   1575    279   3.2076    0.025
B-n63-k10 	BT-3   63   21    252    1   1537   1748   1562    346   3.5714    0.016
B-n63-k10 	BT-3   63   12    126    0   1537   1805   1550    169   1.8866    0.008
B-n63-k10 	BT-3   63   12    126    1   1537   1509   1509    126   1.7723   -0.018
B-n63-k10 	BT-3   63    6     63    0   1537   1805   1550    103   1.0663    0.008
B-n63-k10 	BT-3   63    6     63    1   1537   1509   1509     63   0.9735   -0.018
B-n63-k10 	BT-3   63   21    252    0   1537   1856   1575    285   3.2830    0.025
B-n63-k10 	BT-3   63   21    252    1   1537   1748   1586    558   4.6256    0.032
B-n63-k10 	BT-3   63   12    126    0   1537   1805   1555    153   1.7964    0.012
B-n63-k10 	BT-3   63   12    126    1   1537   1509   1509    126   1.7761   -0.018
B-n63-k10 	BT-3   63    6     63    0   1537   1805   1538    124   1.2189    0.001
B-n63-k10 	BT-3   63    6     63    1   1537   1509   1509     63   0.9747   -0.018
B-n63-k10 	BT-3   63   21    252    0   1537   1856   1558    289   3.3882    0.014
B-n63-k10 	BT-3   63   21    252    1   1537   1748   1592    322   3.4196    0.036
B-n63-k10 	BT-3   63   12    126    0   1537   1805   1567    148   1.8033    0.020
B-n63-k10 	BT-3   63   12    126    1   1537   1509   1509    126   1.7888   -0.018
B-n63-k10 	BT-3   63    6     63    0   1537   1805   1550    103   1.0728    0.008
B-n63-k10 	BT-3   63    6     63    1   1537   1509   1509     63   0.9718   -0.018
B-n63-k10 	BT-3   63   21    252    0   1537   1856   1560    292   3.2781    0.015
B-n63-k10 	BT-3   63   21    252    1   1537   1748   1575    452   4.0361    0.025
B-n63-k10 	BT-3   63   12    126    0   1537   1805   1550    180   1.9943    0.008
B-n63-k10 	BT-3   63   12    126    1   1537   1509   1509    126   1.7931   -0.018
B-n63-k10 	BT-3   63    6     63    0   1537   1805   1555    103   1.0760    0.012
B-n63-k10 	BT-3   63    6     63    1   1537   1509   1509     63   0.9734   -0.018
B-n63-k10 	BT-3   63   21    252    0   1537   1856   1558    289   3.3719    0.014
B-n63-k10 	BT-3   63   21    252    1   1537   1748   1580    596   4.7202    0.028
B-n63-k10 	BT-3   63   12    126    0   1537   1805   1553    393   3.0150    0.010
B-n63-k10 	BT-3   63   12    126    1   1537   1509   1509    126   1.7746   -0.018
B-n63-k10 	BT-3   63    6     63    0   1537   1805   1548     99   1.0769    0.007
B-n63-k10 	BT-3   63    6     63    1   1537   1509   1509     63   0.9716   -0.018
B-n63-k10 	BT-3   63   21    252    0   1537   1856   1564    413   3.8435    0.018
B-n63-k10 	BT-3   63   21    252    1   1537   1748   1594    421   3.8922    0.037
B-n63-k10 	BT-3   63   12    126    0   1537   1805   1555    149   1.7715    0.012
B-n63-k10 	BT-3   63   12    126    1   1537   1509   1509    126   1.8072   -0.018
B-n63-k10 	BT-3   63    6     63    0   1537   1805   1545    134   1.2368    0.005
B-n63-k10 	BT-3   63    6     63    1   1537   1509   1509     63   0.9751   -0.018
B-n63-k10 	BT-3   63   21    252    0   1537   1856   1558    289   3.3319    0.014
B-n63-k10 	BT-3   63   21    252    1   1537   1748   1591    538   4.4383    0.035
B-n63-k10 	BT-3   63   12    126    0   1537   1805   1555    178   1.9350    0.012
B-n63-k10 	BT-3   63   12    126    1   1537   1509   1509    126   1.7800   -0.018
B-n63-k10 	BT-3   63    6     63    0   1537   1805   1555     86   0.9860    0.012
B-n63-k10 	BT-3   63    6     63    1   1537   1509   1509     63   0.9737   -0.018
B-n63-k10 	BT-3   63   21    252    0   1537   1856   1558    289   3.3551    0.014
B-n63-k10 	BT-3   63   21    252    1   1537   1748   1596    373   3.7386    0.038
B-n63-k10 	BT-3   63   12    126    0   1537   1805   1553    155   1.8472    0.010
B-n63-k10 	BT-3   63   12    126    1   1537   1509   1509    126   1.7849   -0.018
B-n63-k10 	BT-3   63    6     63    0   1537   1805   1550    105   1.0755    0.008
B-n63-k10 	BT-3   63    6     63    1   1537   1509   1509     63   0.9786   -0.018
B-n63-k10 	BT-3   63   21    252    0   1537   1856   1576    282   3.2426    0.025
B-n63-k10 	BT-3   63   21    252    1   1537   1748   1580    330   3.4699    0.028
B-n63-k10 	BT-3   63   12    126    0   1537   1805   1553    155   1.8418    0.010
B-n63-k10 	BT-3   63   12    126    1   1537   1509   1509    126   1.7683   -0.018
B-n63-k10 	BT-3   63    6     63    0   1537   1805   1550    163   1.3993    0.008
B-n63-k10 	BT-3   63    6     63    1   1537   1509   1509     63   1.0106   -0.018
B-n63-k10 	BT-3   63   21    252    0   1537   1856   1575    281   3.2215    0.025
B-n63-k10 	BT-3   63   21    252    1   1537   1748   1561    697   5.1808    0.016
B-n63-k10 	BT-3   63   12    126    0   1537   1805   1553    155   1.8809    0.010
B-n63-k10 	BT-3   63   12    126    1   1537   1509   1509    126   1.7921   -0.018
B-n63-k10 	BT-3   63    6     63    0   1537   1805   1581     98   1.0781    0.029
B-n63-k10 	BT-3   63    6     63    1   1537   1509   1509     63   0.9740   -0.018
B-n63-k10 	BT-3   63   21    252    0   1537   1856   1564    357   3.5281    0.018
B-n63-k10 	BT-3   63   21    252    1   1537   1748   1587    530   6.0151    0.033
B-n63-k10 	BT-3   63   12    126    0   1537   1805   1550    162   1.8831    0.008
B-n63-k10 	BT-3   63   12    126    1   1537   1509   1509    126   1.7791   -0.018
B-n63-k10 	BT-3   63    6     63    0   1537   1805   1550    100   1.0619    0.008
B-n63-k10 	BT-3   63    6     63    1   1537   1509   1509     63   0.9780   -0.018
B-n63-k10 	BT-3   63   21    252    0   1537   1856   1558    289   3.3098    0.014
B-n63-k10 	BT-3   63   21    252    1   1537   1748   1599    447   4.0221    0.040
B-n63-k10 	BT-3   63   12    126    0   1537   1805   1550    160   1.8706    0.008
B-n63-k10 	BT-3   63   12    126    1   1537   1509   1509    126   1.7661   -0.018
B-n63-k10 	BT-3   63    6     63    0   1537   1805   1550    100   1.0631    0.008
B-n63-k10 	BT-3   63    6     63    1   1537   1509   1509     63   0.9753   -0.018
B-n63-k10 	BT-3   63   21    252    0   1537   1856   1561    386   3.7114    0.016
B-n63-k10 	BT-3   63   21    252    1   1537   1748   1596    439   3.9695    0.038
B-n63-k10 	BT-3   63   12    126    0   1537   1805   1557    167   1.9189    0.013
B-n63-k10 	BT-3   63   12    126    1   1537   1509   1509    126   1.7864   -0.018
B-n63-k10 	BT-3   63    6     63    0   1537   1805   1569     87   1.0664    0.021
B-n63-k10 	BT-3   63    6     63    1   1537   1509   1509     63   0.9764   -0.018
B-n63-k10 	BT-3   63   21    252    0   1537   1856   1568    284   3.2780    0.020
B-n63-k10 	BT-3   63   21    252    1   1537   1748   1552    455   4.0505    0.010
B-n63-k10 	BT-3   63   12    126    0   1537   1805   1553    185   1.9625    0.010
B-n63-k10 	BT-3   63   12    126    1   1537   1509   1509    126   1.7753   -0.018
B-n63-k10 	BT-3   63    6     63    0   1537   1805   1582     89   1.0433    0.029
B-n63-k10 	BT-3   63    6     63    1   1537   1509   1509     63   0.9721   -0.018
B-n63-k10 	BT-3   63   21    252    0   1537   1856   1557    405   3.7965    0.013
B-n63-k10 	BT-3   63   21    252    1   1537   1748   1595    537   4.5093    0.038
B-n63-k10 	BT-3   63   12    126    0   1537   1805   1598    149   1.8434    0.040
B-n63-k10 	BT-3   63   12    126    1   1537   1509   1509    126   1.7733   -0.018
B-n63-k10 	BT-3   63    6     63    0   1537   1805   1550    102   1.0891    0.008
B-n63-k10 	BT-3   63    6     63    1   1537   1509   1509     63   0.9754   -0.018
B-n63-k10 	BT-3   63   21    252    0   1537   1856   1576    276   3.2086    0.025
B-n63-k10 	BT-3   63   21    252    1   1537   1748   1581    352   3.5499    0.029
B-n63-k10 	BT-3   63   12    126    0   1537   1805   1555    170   1.9562    0.012
B-n63-k10 	BT-3   63   12    126    1   1537   1509   1509    126   1.7651   -0.018
B-n63-k10 	BT-3   63    6     63    0   1537   1805   1550    100   1.0629    0.008
B-n63-k10 	BT-3   63    6     63    1   1537   1509   1509     63   0.9769   -0.018
B-n63-k10 	BT-3   63   21    252    0   1537   1856   1560    293   3.2662    0.015
B-n63-k10 	BT-3   63   21    252    1   1537   1748   1601    425   3.9039    0.042
B-n63-k10 	BT-3   63   12    126    0   1537   1805   1594    279   2.4726    0.037
B-n63-k10 	BT-3   63   12    126    1   1537   1509   1509    126   1.7692   -0.018
B-n63-k10 	BT-3   63    6     63    0   1537   1805   1550    109   1.1168    0.008
B-n63-k10 	BT-3   63    6     63    1   1537   1509   1509     63   0.9715   -0.018
B-n63-k10 	BT-3   63   21    252    0   1537   1856   1558    289   3.3667    0.014
B-n63-k10 	BT-3   63   21    252    1   1537   1748   1572    504   4.2747    0.023
B-n63-k10 	BT-3   63   12    126    0   1537   1805   1555    192   2.0446    0.012
B-n63-k10 	BT-3   63   12    126    1   1537   1509   1509    126   1.7770   -0.018
B-n63-k10 	BT-3   63    6     63    0   1537   1805   1555    113   1.1149    0.012
B-n63-k10 	BT-3   63    6     63    1   1537   1509   1509     63   0.9720   -0.018
B-n63-k10 	BT-3   63   21    252    0   1537   1856   1558    289   3.3810    0.014
B-n63-k10 	BT-3   63   21    252    1   1537   1748   1575    323   3.4611    0.025
B-n63-k10 	BT-3   63   12    126    0   1537   1805   1509    404   3.0095   -0.018
B-n63-k10 	BT-3   63   12    126    1   1537   1509   1509    126   1.7688   -0.018
B-n63-k10 	BT-3   63    6     63    0   1537   1805   1515     98   1.1071   -0.014
B-n63-k10 	BT-3   63    6     63    1   1537   1509   1509     63   0.9703   -0.018
B-n63-k10 	BT-3   63   21    252    0   1537   1856   1576    276   3.2099    0.025
B-n63-k10 	BT-3   63   21    252    1   1537   1748   1542    485   4.2415    0.003
B-n63-k10 	BT-3   63   12    126    0   1537   1805   1550    155   1.8182    0.008
B-n63-k10 	BT-3   63   12    126    1   1537   1509   1509    126   1.7666   -0.018
B-n63-k10 	BT-3   63    6     63    0   1537   1805   1550     99   1.0605    0.008
B-n63-k10 	BT-3   63    6     63    1   1537   1509   1509     63   0.9731   -0.018
B-n63-k10 	BT-3   63   21    252    0   1537   1856   1558    635   4.8841    0.014
B-n63-k10 	BT-3   63   21    252    1   1537   1748   1542    769   5.5420    0.003
B-n63-k10 	BT-3   63   12    126    0   1537   1805   1555    155   1.7940    0.012
B-n63-k10 	BT-3   63   12    126    1   1537   1509   1509    126   1.7657   -0.018
B-n63-k10 	BT-3   63    6     63    0   1537   1805   1550    157   1.3717    0.008
B-n63-k10 	BT-3   63    6     63    1   1537   1509   1509     63   0.9938   -0.018
B-n63-k10 	BT-3   63   21    252    0   1537   1856   1576    276   3.2171    0.025
B-n63-k10 	BT-3   63   21    252    1   1537   1748   1575    349   3.5834    0.025
B-n63-k10 	BT-3   63   12    126    0   1537   1805   1550    162   1.8745    0.008
B-n63-k10 	BT-3   63   12    126    1   1537   1509   1509    126   1.7628   -0.018
B-n63-k10 	BT-3   63    6     63    0   1537   1805   1596    103   1.1084    0.038
B-n63-k10 	BT-3   63    6     63    1   1537   1509   1509     63   0.9737   -0.018
B-n63-k10 	BT-3   63   21    252    0   1537   1856   1558    289   3.3537    0.014
B-n63-k10 	BT-3   63   21    252    1   1537   1748   1629    264   3.2192    0.060
B-n63-k10 	BT-3   63   12    126    0   1537   1805   1553    155   1.8505    0.010
B-n63-k10 	BT-3   63   12    126    1   1537   1509   1509    126   1.7774   -0.018
B-n63-k10 	BT-3   63    6     63    0   1537   1805   1553     93   1.0548    0.010
B-n63-k10 	BT-3   63    6     63    1   1537   1509   1509     63   0.9699   -0.018
B-n63-k10 	BT-3   63   21    252    0   1537   1856   1558    289   3.3525    0.014
B-n63-k10 	BT-3   63   21    252    1   1537   1748   1555    426   3.9475    0.012
B-n63-k10 	BT-3   63   12    126    0   1537   1805   1553    155   1.8518    0.010
B-n63-k10 	BT-3   63   12    126    1   1537   1509   1509    126   1.7664   -0.018
B-n63-k10 	BT-3   63    6     63    0   1537   1805   1581     89   1.0359    0.029
B-n63-k10 	BT-3   63    6     63    1   1537   1509   1509     63   0.9730   -0.018
B-n63-k10 	BT-3   63   21    252    0   1537   1856   1558    289   3.3962    0.014
B-n63-k10 	BT-3   63   21    252    1   1537   1748   1565    344   3.5771    0.018
B-n63-k10 	BT-3   63   12    126    0   1537   1805   1553    155   1.8376    0.010
B-n63-k10 	BT-3   63   12    126    1   1537   1509   1509    126   1.7614   -0.018
B-n63-k10 	BT-3   63    6     63    0   1537   1805   1515    113   1.1521   -0.014
B-n63-k10 	BT-3   63    6     63    1   1537   1509   1509     63   0.9742   -0.018
B-n63-k10 	BT-3   63   21    252    0   1537   1856   1558    289   3.3703    0.014
B-n63-k10 	BT-3   63   21    252    1   1537   1748   1629    264   3.2036    0.060
B-n63-k10 	BT-3   63   12    126    0   1537   1805   1550    168   1.8584    0.008
B-n63-k10 	BT-3   63   12    126    1   1537   1509   1509    126   1.7964   -0.018
B-n63-k10 	BT-3   63    6     63    0   1537   1805   1550    101   1.0809    0.008
B-n63-k10 	BT-3   63    6     63    1   1537   1509   1509     63   0.9733   -0.018
B-n63-k10 	BT-3   63   21    252    0   1537   1856   1558    289   3.3643    0.014
B-n63-k10 	BT-3   63   21    252    1   1537   1748   1601    401   3.7955    0.042
B-n63-k10 	BT-3   63   12    126    0   1537   1805   1550    160   1.8852    0.008
B-n63-k10 	BT-3   63   12    126    1   1537   1509   1509    126   1.7685   -0.018
B-n63-k10 	BT-3   63    6     63    0   1537   1805   1550    148   1.3422    0.008
B-n63-k10 	BT-3   63    6     63    1   1537   1509   1509     63   0.9729   -0.018
B-n63-k10 	BT-3   63   21    252    0   1537   1856   1583    280   3.2010    0.030
B-n63-k10 	BT-3   63   21    252    1   1537   1748   1580    366   3.6681    0.028
B-n63-k10 	BT-3   63   12    126    0   1537   1805   1550    161   1.8696    0.008
B-n63-k10 	BT-3   63   12    126    1   1537   1509   1509    126   1.7746   -0.018
B-n63-k10 	BT-3   63    6     63    0   1537   1805   1555     89   1.0016    0.012
B-n63-k10 	BT-3   63    6     63    1   1537   1509   1509     63   0.9798   -0.018
B-n63-k10 	BT-3   63   21    252    0   1537   1856   1558    289   3.3852    0.014
B-n63-k10 	BT-3   63   21    252    1   1537   1748   1580    497   4.2676    0.028
B-n63-k10 	BT-3   63   12    126    0   1537   1805   1588    185   2.0488    0.033
B-n63-k10 	BT-3   63   12    126    1   1537   1509   1509    126   1.8031   -0.018
B-n63-k10 	BT-3   63    6     63    0   1537   1805   1594     90   1.0698    0.037
B-n63-k10 	BT-3   63    6     63    1   1537   1509   1509     63   0.9742   -0.018
B-n63-k10 	BT-3   63   21    252    0   1537   1856   1558    289   3.3844    0.014
B-n63-k10 	BT-3   63   21    252    1   1537   1748   1576    333   3.4709    0.025
B-n63-k10 	BT-3   63   12    126    0   1537   1805   1555    149   1.8018    0.012
B-n63-k10 	BT-3   63   12    126    1   1537   1509   1509    126   1.7685   -0.018
B-n63-k10 	BT-3   63    6     63    0   1537   1805   1554    119   1.1950    0.011
B-n63-k10 	BT-3   63    6     63    1   1537   1509   1509     63   0.9723   -0.018
B-n63-k10 	BT-3   63   21    252    0   1537   1856   1565    295   3.2670    0.018
B-n63-k10 	BT-3   63   21    252    1   1537   1748   1629    264   3.2013    0.060
B-n63-k10 	BT-3   63   12    126    0   1537   1805   1553    155   1.8598    0.010
B-n63-k10 	BT-3   63   12    126    1   1537   1509   1509    126   1.7893   -0.018
B-n63-k10 	BT-3   63    6     63    0   1537   1805   1555    116   1.1321    0.012
B-n63-k10 	BT-3   63    6     63    1   1537   1509   1509     63   0.9722   -0.018
B-n63-k10 	BT-3   63   21    252    0   1537   1856   1558    289   3.4022    0.014
B-n63-k10 	BT-3   63   21    252    1   1537   1748   1585    433   3.9340    0.031
B-n63-k10 	BT-3   63   12    126    0   1537   1805   1511    287   2.4661   -0.017
B-n63-k10 	BT-3   63   12    126    1   1537   1509   1509    126   1.7677   -0.018
B-n63-k10 	BT-3   63    6     63    0   1537   1805   1607    111   1.1453    0.046
B-n63-k10 	BT-3   63    6     63    1   1537   1509   1509     63   0.9780   -0.018
B-n63-k10 	BT-3   63   21    252    0   1537   1856   1558    289   3.3162    0.014
B-n63-k10 	BT-3   63   21    252    1   1537   1748   1591    755   7.2254    0.035
B-n63-k10 	BT-3   63   12    126    0   1537   1805   1553    155   1.8445    0.010
B-n63-k10 	BT-3   63   12    126    1   1537   1509   1509    126   1.7717   -0.018
B-n63-k10 	BT-3   63    6     63    0   1537   1805   1553     93   1.0631    0.010
B-n63-k10 	BT-3   63    6     63    1   1537   1509   1509     63   0.9871   -0.018
B-n63-k10 	BT-3   63   21    252    0   1537   1856   1558    289   3.3648    0.014
B-n63-k10 	BT-3   63   21    252    1   1537   1748   1581    326   3.4920    0.029
B-n63-k10 	BT-3   63   12    126    0   1537   1805   1550    162   1.8469    0.008
B-n63-k10 	BT-3   63   12    126    1   1537   1509   1509    126   1.7706   -0.018
B-n63-k10 	BT-3   63    6     63    0   1537   1805   1594     94   1.0516    0.037
B-n63-k10 	BT-3   63    6     63    1   1537   1509   1509     63   0.9734   -0.018
B-n63-k10 	BT-3   63   21    252    0   1537   1856   1558    289   3.3815    0.014
B-n63-k10 	BT-3   63   21    252    1   1537   1748   1572    392   3.7775    0.023
B-n63-k10 	BT-3   63   12    126    0   1537   1805   1553    155   1.8437    0.010
B-n63-k10 	BT-3   63   12    126    1   1537   1509   1509    126   1.7755   -0.018
B-n63-k10 	BT-3   63    6     63    0   1537   1805   1553     91   1.1007    0.010
B-n63-k10 	BT-3   63    6     63    1   1537   1509   1509     63   0.9786   -0.018
B-n63-k10 	BT-3   63   21    252    0   1537   1856   1576    276   3.2107    0.025
B-n63-k10 	BT-3   63   21    252    1   1537   1748   1580    316   3.3933    0.028
B-n63-k10 	BT-3   63   12    126    0   1537   1805   1553    166   1.8879    0.010
B-n63-k10 	BT-3   63   12    126    1   1537   1509   1509    126   1.8419   -0.018
B-n63-k10 	BT-3   63    6     63    0   1537   1805   1553     93   1.0493    0.010
B-n63-k10 	BT-3   63    6     63    1   1537   1509   1509     63   0.9761   -0.018
B-n63-k10 	BT-3   63   21    252    0   1537   1856   1576    276   3.2069    0.025
B-n63-k10 	BT-3   63   21    252    1   1537   1748   1558    397   3.7776    0.014
B-n63-k10 	BT-3   63   12    126    0   1537   1805   1555    155   1.8543    0.012
B-n63-k10 	BT-3   63   12    126    1   1537   1509   1509    126   1.7783   -0.018
B-n63-k10 	BT-3   63    6     63    0   1537   1805   1550    155   1.3539    0.008
B-n63-k10 	BT-3   63    6     63    1   1537   1509   1509     63   0.9764   -0.018
B-n63-k10 	BT-3   63   21    252    0   1537   1856   1558    289   3.2998    0.014
B-n63-k10 	BT-3   63   21    252    1   1537   1748   1545    600   4.7234    0.005
B-n63-k10 	BT-3   63   12    126    0   1537   1805   1555    265   2.3482    0.012
B-n63-k10 	BT-3   63   12    126    1   1537   1509   1509    126   1.7781   -0.018
B-n63-k10 	BT-3   63    6     63    0   1537   1805   1550    100   1.0648    0.008
B-n63-k10 	BT-3   63    6     63    1   1537   1509   1509     63   0.9730   -0.018
B-n63-k10 	BT-3   63   21    252    0   1537   1856   1557    342   3.5541    0.013
B-n63-k10 	BT-3   63   21    252    1   1537   1748   1548    681   5.0445    0.007
B-n63-k10 	BT-3   63   12    126    0   1537   1805   1582    151   1.8827    0.029
B-n63-k10 	BT-3   63   12    126    1   1537   1509   1509    126   1.7775   -0.018
B-n63-k10 	BT-3   63    6     63    0   1537   1805   1550     99   1.0924    0.008
B-n63-k10 	BT-3   63    6     63    1   1537   1509   1509     63   0.9722   -0.018
B-n63-k10 	BT-3   63   21    252    0   1537   1856   1576    286   3.2002    0.025
B-n63-k10 	BT-3   63   21    252    1   1537   1748   1564    673   5.1763    0.018
B-n63-k10 	BT-3   63   12    126    0   1537   1805   1553    155   1.8859    0.010
B-n63-k10 	BT-3   63   12    126    1   1537   1509   1509    126   1.7780   -0.018
B-n63-k10 	BT-3   63    6     63    0   1537   1805   1509     96   1.0903   -0.018
B-n63-k10 	BT-3   63    6     63    1   1537   1509   1509     63   0.9767   -0.018
B-n63-k10 	BT-3   63   21    252    0   1537   1856   1558    289   3.3701    0.014
B-n63-k10 	BT-3   63   21    252    1   1537   1748   1566    723   5.4195    0.019
B-n63-k10 	BT-3   63   12    126    0   1537   1805   1547    171   1.9702    0.007
B-n63-k10 	BT-3   63   12    126    1   1537   1509   1509    126   1.7767   -0.018
B-n63-k10 	BT-3   63    6     63    0   1537   1805   1550    131   1.1912    0.008
B-n63-k10 	BT-3   63    6     63    1   1537   1509   1509     63   0.9719   -0.018
B-n63-k10 	BT-3   63   21    252    0   1537   1856   1558    289   3.3796    0.014
B-n63-k10 	BT-3   63   21    252    1   1537   1748   1596    320   3.4553    0.038
B-n63-k10 	BT-3   63   12    126    0   1537   1805   1513    172   1.9640   -0.016
B-n63-k10 	BT-3   63   12    126    1   1537   1509   1509    126   1.7738   -0.018
B-n63-k10 	BT-3   63    6     63    0   1537   1805   1550     95   1.0744    0.008
B-n63-k10 	BT-3   63    6     63    1   1537   1509   1509     63   0.9758   -0.018
B-n63-k10 	BT-3   63   21    252    0   1537   1856   1560    293   3.2504    0.015
B-n63-k10 	BT-3   63   21    252    1   1537   1748   1543    404   3.8635    0.004
B-n63-k10 	BT-3   63   12    126    0   1537   1805   1563    155   1.9046    0.017
B-n63-k10 	BT-3   63   12    126    1   1537   1509   1509    126   1.7754   -0.018
B-n63-k10 	BT-3   63    6     63    0   1537   1805   1550     93   1.0536    0.008
B-n63-k10 	BT-3   63    6     63    1   1537   1509   1509     63   0.9795   -0.018
B-n63-k10 	BT-3   63   21    252    0   1537   1856   1558    289   3.3715    0.014
B-n63-k10 	BT-3   63   21    252    1   1537   1748   1560    432   3.9195    0.015
B-n63-k10 	BT-3   63   12    126    0   1537   1805   1547    177   1.9858    0.007
B-n63-k10 	BT-3   63   12    126    1   1537   1509   1509    126   1.7685   -0.018
B-n63-k10 	BT-3   63    6     63    0   1537   1805   1553     93   1.0462    0.010
B-n63-k10 	BT-3   63    6     63    1   1537   1509   1509     63   0.9731   -0.018
B-n63-k10 	BT-3   63   21    252    0   1537   1856   1558    289   3.3838    0.014
B-n63-k10 	BT-3   63   21    252    1   1537   1748   1570    355   3.5921    0.021
B-n63-k10 	BT-3   63   12    126    0   1537   1805   1550    169   1.9181    0.008
B-n63-k10 	BT-3   63   12    126    1   1537   1509   1509    126   1.7686   -0.018
B-n63-k10 	BT-3   63    6     63    0   1537   1805   1576    146   1.3461    0.025
B-n63-k10 	BT-3   63    6     63    1   1537   1509   1509     63   0.9966   -0.018
B-n63-k10 	BT-3   63   21    252    0   1537   1856   1558    289   3.3562    0.014
B-n63-k10 	BT-3   63   21    252    1   1537   1748   1567    456   4.0470    0.020
B-n63-k10 	BT-3   63   12    126    0   1537   1805   1553    155   1.8589    0.010
B-n63-k10 	BT-3   63   12    126    1   1537   1509   1509    126   1.7777   -0.018
B-n63-k10 	BT-3   63    6     63    0   1537   1805   1588    101   1.1069    0.033
B-n63-k10 	BT-3   63    6     63    1   1537   1509   1509     63   0.9760   -0.018
B-n63-k10 	BT-3   63   21    252    0   1537   1856   1558    289   3.3021    0.014
B-n63-k10 	BT-3   63   21    252    1   1537   1748   1566    342   3.5783    0.019
B-n63-k10 	BT-3   63   12    126    0   1537   1805   1553    155   1.8336    0.010
B-n63-k10 	BT-3   63   12    126    1   1537   1509   1509    126   1.7690   -0.018
B-n63-k10 	BT-3   63    6     63    0   1537   1805   1550    229   1.8318    0.008
B-n63-k10 	BT-3   63    6     63    1   1537   1509   1509     63   0.9773   -0.018
B-n63-k10 	BT-3   63   21    252    0   1537   1856   1574    290   3.2245    0.024
B-n63-k10 	BT-3   63   21    252    1   1537   1748   1570    347   3.5702    0.021
B-n63-k10 	BT-3   63   12    126    0   1537   1805   1553    155   1.8415    0.010
B-n63-k10 	BT-3   63   12    126    1   1537   1509   1509    126   1.7731   -0.018
B-n63-k10 	BT-3   63    6     63    0   1537   1805   1509     87   1.0469   -0.018
B-n63-k10 	BT-3   63    6     63    1   1537   1509   1509     63   0.9712   -0.018
B-n63-k10 	BT-3   63   21    252    0   1537   1856   1558    289   3.3835    0.014
B-n63-k10 	BT-3   63   21    252    1   1537   1748   1629    264   3.1797    0.060
B-n63-k10 	BT-3   63   12    126    0   1537   1805   1513    244   2.2887   -0.016
B-n63-k10 	BT-3   63   12    126    1   1537   1509   1509    126   1.7670   -0.018
B-n63-k10 	BT-3   63    6     63    0   1537   1805   1582    111   1.1838    0.029
B-n63-k10 	BT-3   63    6     63    1   1537   1509   1509     63   0.9753   -0.018
B-n63-k10 	BT-3   63   21    252    0   1537   1856   1558    289   3.3553    0.014
B-n63-k10 	BT-3   63   21    252    1   1537   1748   1629    264   3.2004    0.060
B-n63-k10 	BT-3   63   12    126    0   1537   1805   1514    309   2.5897   -0.015
B-n63-k10 	BT-3   63   12    126    1   1537   1509   1509    126   1.7831   -0.018
B-n63-k10 	BT-3   63    6     63    0   1537   1805   1553     93   1.0716    0.010
B-n63-k10 	BT-3   63    6     63    1   1537   1509   1509     63   0.9738   -0.018
B-n63-k10 	BT-3   63   21    252    0   1537   1856   1564    323   3.3263    0.018
B-n63-k10 	BT-3   63   21    252    1   1537   1748   1566    608   4.9009    0.019
B-n63-k10 	BT-3   63   12    126    0   1537   1805   1550    163   1.8955    0.008
B-n63-k10 	BT-3   63   12    126    1   1537   1509   1509    126   1.7845   -0.018
B-n63-k10 	BT-3   63    6     63    0   1537   1805   1513     97   1.1082   -0.016
B-n63-k10 	BT-3   63    6     63    1   1537   1509   1509     63   0.9802   -0.018
B-n63-k10 	BT-3   63   21    252    0   1537   1856   1558    289   3.3395    0.014
B-n63-k10 	BT-3   63   21    252    1   1537   1748   1561    346   3.5688    0.016
B-n63-k10 	BT-3   63   12    126    0   1537   1805   1550    161   1.8577    0.008
B-n63-k10 	BT-3   63   12    126    1   1537   1509   1509    126   1.7707   -0.018
B-n63-k10 	BT-3   63    6     63    0   1537   1805   1553     93   1.0439    0.010
B-n63-k10 	BT-3   63    6     63    1   1537   1509   1509     63   0.9779   -0.018
B-n63-k10 	BT-3   63   21    252    0   1537   1856   1561    713   5.2985    0.016
B-n63-k10 	BT-3   63   21    252    1   1537   1748   1571    300   3.2912    0.022
B-n63-k10 	BT-3   63   12    126    0   1537   1805   1550    165   1.8996    0.008
B-n63-k10 	BT-3   63   12    126    1   1537   1509   1509    126   1.7671   -0.018
B-n63-k10 	BT-3   63    6     63    0   1537   1805   1548    108   1.1480    0.007
B-n63-k10 	BT-3   63    6     63    1   1537   1509   1509     63   0.9750   -0.018
B-n63-k10 	BT-3   63   21    252    0   1537   1856   1558    289   3.3667    0.014
B-n63-k10 	BT-3   63   21    252    1   1537   1748   1561    426   3.9437    0.016
B-n63-k10 	BT-3   63   12    126    0   1537   1805   1523    166   1.9641   -0.009
B-n63-k10 	BT-3   63   12    126    1   1537   1509   1509    126   1.7871   -0.018
B-n63-k10 	BT-3   63    6     63    0   1537   1805   1547    170   1.4154    0.007
B-n63-k10 	BT-3   63    6     63    1   1537   1509   1509     63   0.9792   -0.018
B-n63-k10 	BT-3   63   21    252    0   1537   1856   1558    289   3.3736    0.014
B-n63-k10 	BT-3   63   21    252    1   1537   1748   1575    361   3.6899    0.025
B-n63-k10 	BT-3   63   12    126    0   1537   1805   1550    166   1.9050    0.008
B-n63-k10 	BT-3   63   12    126    1   1537   1509   1509    126   1.7683   -0.018
B-n63-k10 	BT-3   63    6     63    0   1537   1805   1551     97   1.1029    0.009
B-n63-k10 	BT-3   63    6     63    1   1537   1509   1509     63   0.9825   -0.018
B-n63-k10 	BT-3   63   21    252    0   1537   1856   1562    284   3.1709    0.016
B-n63-k10 	BT-3   63   21    252    1   1537   1748   1566    582   4.6746    0.019
B-n63-k10 	BT-3   63   12    126    0   1537   1805   1553    425   3.1918    0.010
B-n63-k10 	BT-3   63   12    126    1   1537   1509   1509    126   1.7885   -0.018
B-n63-k10 	BT-3   63    6     63    0   1537   1805   1549    206   1.6292    0.008
B-n63-k10 	BT-3   63    6     63    1   1537   1509   1509     63   0.9750   -0.018
B-n63-k10 	BT-3   63   21    252    0   1537   1856   1558    289   3.3852    0.014
B-n63-k10 	BT-3   63   21    252    1   1537   1748   1578    345   3.5424    0.027
B-n63-k10 	BT-3   63   12    126    0   1537   1805   1584    189   2.0899    0.031
B-n63-k10 	BT-3   63   12    126    1   1537   1509   1509    126   1.7724   -0.018
B-n63-k10 	BT-3   63    6     63    0   1537   1805   1583    174   1.5855    0.030
B-n63-k10 	BT-3   63    6     63    1   1537   1509   1509     63   0.9772   -0.018
B-n63-k10 	BT-3   63   21    252    0   1537   1856   1558    289   3.3681    0.014
B-n63-k10 	BT-3   63   21    252    1   1537   1748   1567    455   4.0401    0.020
B-n63-k10 	BT-3   63   12    126    0   1537   1805   1519    155   1.8945   -0.012
B-n63-k10 	BT-3   63   12    126    1   1537   1509   1509    126   1.7884   -0.018
B-n63-k10 	BT-3   63    6     63    0   1537   1805   1550     99   1.0622    0.008
B-n63-k10 	BT-3   63    6     63    1   1537   1509   1509     63   0.9717   -0.018
B-n63-k10 	BT-3   63   21    252    0   1537   1856   1562    519   4.3334    0.016
B-n63-k10 	BT-3   63   21    252    1   1537   1748   1589    378   3.6789    0.034
B-n63-k10 	BT-3   63   12    126    0   1537   1805   1550    155   1.8036    0.008
B-n63-k10 	BT-3   63   12    126    1   1537   1509   1509    126   1.7682   -0.018
B-n63-k10 	BT-3   63    6     63    0   1537   1805   1550    167   1.4103    0.008
B-n63-k10 	BT-3   63    6     63    1   1537   1509   1509     63   1.0362   -0.018
B-n63-k10 	BT-3   63   21    252    0   1537   1856   1575    282   3.2756    0.025
B-n63-k10 	BT-3   63   21    252    1   1537   1748   1566    371   3.7101    0.019
B-n63-k10 	BT-3   63   12    126    0   1537   1805   1553    155   1.8477    0.010
B-n63-k10 	BT-3   63   12    126    1   1537   1509   1509    126   1.7820   -0.018
B-n63-k10 	BT-3   63    6     63    0   1537   1805   1586    111   1.1462    0.032
B-n63-k10 	BT-3   63    6     63    1   1537   1509   1509     63   0.9796   -0.018
B-n63-k10 	BT-3   63   21    252    0   1537   1856   1558    289   3.3566    0.014
B-n63-k10 	BT-3   63   21    252    1   1537   1748   1542    503   4.2983    0.003
B-n63-k10 	BT-3   63   12    126    0   1537   1805   1569    195   2.0072    0.021
B-n63-k10 	BT-3   63   12    126    1   1537   1509   1509    126   1.7849   -0.018
B-n63-k10 	BT-3   63    6     63    0   1537   1805   1553     93   1.0436    0.010
B-n63-k10 	BT-3   63    6     63    1   1537   1509   1509     63   0.9740   -0.018
B-n63-k10 	BT-3   63   21    252    0   1537   1856   1558    289   3.3601    0.014
B-n63-k10 	BT-3   63   21    252    1   1537   1748   1585    323   3.4718    0.031
B-n63-k10 	BT-3   63   12    126    0   1537   1805   1553    155   1.8405    0.010
B-n63-k10 	BT-3   63   12    126    1   1537   1509   1509    126   1.7624   -0.018
B-n63-k10 	BT-3   63    6     63    0   1537   1805   1584    110   1.1393    0.031
B-n63-k10 	BT-3   63    6     63    1   1537   1509   1509     63   0.9769   -0.018
B-n63-k10 	BT-3   63   21    252    0   1537   1856   1558    289   3.3012    0.014
B-n63-k10 	BT-3   63   21    252    1   1537   1748   1584    392   3.7697    0.031
B-n63-k10 	BT-3   63   12    126    0   1537   1805   1585    176   1.9342    0.031
B-n63-k10 	BT-3   63   12    126    1   1537   1509   1509    126   1.7752   -0.018
B-n63-k10 	BT-3   63    6     63    0   1537   1805   1555    101   1.0577    0.012
B-n63-k10 	BT-3   63    6     63    1   1537   1509   1509     63   0.9746   -0.018
B-n63-k10 	BT-3   63   21    252    0   1537   1856   1617    278   3.2051    0.052
B-n63-k10 	BT-3   63   21    252    1   1537   1748   1580    520   4.3279    0.028
B-n63-k10 	BT-3   63   12    126    0   1537   1805   1550    162   1.8635    0.008
B-n63-k10 	BT-3   63   12    126    1   1537   1509   1509    126   1.7735   -0.018
B-n63-k10 	BT-3   63    6     63    0   1537   1805   1514    108   1.1647   -0.015
B-n63-k10 	BT-3   63    6     63    1   1537   1509   1509     63   0.9716   -0.018
B-n63-k10 	BT-3   63   21    252    0   1537   1856   1558    289   3.3403    0.014
B-n63-k10 	BT-3   63   21    252    1   1537   1748   1603    436   4.0261    0.043
B-n63-k10 	BT-3   63   12    126    0   1537   1805   1550    156   1.8833    0.008
B-n63-k10 	BT-3   63   12    126    1   1537   1509   1509    126   1.7804   -0.018
B-n63-k10 	BT-3   63    6     63    0   1537   1805   1550    102   1.0593    0.008
B-n63-k10 	BT-3   63    6     63    1   1537   1509   1509     63   0.9723   -0.018
B-n63-k10 	BT-3   63   21    252    0   1537   1856   1558    289   3.3658    0.014
B-n63-k10 	BT-3   63   21    252    1   1537   1748   1539    504   4.2852    0.001
B-n63-k10 	BT-3   63   12    126    0   1537   1805   1576    434   3.2571    0.025
B-n63-k10 	BT-3   63   12    126    1   1537   1509   1509    126   1.7783   -0.018
B-n63-k10 	BT-3   63    6     63    0   1537   1805   1555    106   1.0843    0.012
B-n63-k10 	BT-3   63    6     63    1   1537   1509   1509     63   0.9733   -0.018
B-n63-k10 	BT-3   63   21    252    0   1537   1856   1558    289   3.3840    0.014
B-n63-k10 	BT-3   63   21    252    1   1537   1748   1606    371   3.6985    0.045
B-n63-k10 	BT-3   63   12    126    0   1537   1805   1584    241   2.2663    0.031
B-n63-k10 	BT-3   63   12    126    1   1537   1509   1509    126   1.7892   -0.018
B-n63-k10 	BT-3   63    6     63    0   1537   1805   1553     93   1.0471    0.010
B-n63-k10 	BT-3   63    6     63    1   1537   1509   1509     63   0.9792   -0.018
B-n63-k10 	BT-3   63   21    252    0   1537   1856   1558    289   3.3113    0.014
B-n63-k10 	BT-3   63   21    252    1   1537   1748   1535    458   4.1772   -0.001
B-n63-k10 	BT-3   63   12    126    0   1537   1805   1540    422   3.1975    0.002
B-n63-k10 	BT-3   63   12    126    1   1537   1509   1509    126   1.7684   -0.018
B-n63-k10 	BT-3   63    6     63    0   1537   1805   1548     96   1.0643    0.007
B-n63-k10 	BT-3   63    6     63    1   1537   1509   1509     63   0.9748   -0.018
B-n63-k10 	BT-3   63   21    252    0   1537   1856   1558    289   3.4099    0.014
B-n63-k10 	BT-3   63   21    252    1   1537   1748   1540    632   4.8994    0.002
B-n63-k10 	BT-3   63   12    126    0   1537   1805   1553    155   1.8582    0.010
B-n63-k10 	BT-3   63   12    126    1   1537   1509   1509    126   1.8730   -0.018
B-n63-k10 	BT-3   63    6     63    0   1537   1805   1509     91   1.0631   -0.018
B-n63-k10 	BT-3   63    6     63    1   1537   1509   1509     63   0.9778   -0.018
B-n63-k10 	BT-3   63   21    252    0   1537   1856   1576    276   3.2112    0.025
B-n63-k10 	BT-3   63   21    252    1   1537   1748   1582    464   4.1238    0.029
B-n63-k10 	BT-3   63   12    126    0   1537   1805   1550    160   1.8716    0.008
B-n63-k10 	BT-3   63   12    126    1   1537   1509   1509    126   1.7905   -0.018
B-n63-k10 	BT-3   63    6     63    0   1537   1805   1509    158   1.3704   -0.018
B-n63-k10 	BT-3   63    6     63    1   1537   1509   1509     63   0.9786   -0.018
B-n63-k10 	BT-3   63   21    252    0   1537   1856   1575    278   3.2117    0.025
B-n63-k10 	BT-3   63   21    252    1   1537   1748   1534    599   4.7798   -0.002
B-n63-k10 	BT-3   63   12    126    0   1537   1805   1553    155   1.8447    0.010
B-n63-k10 	BT-3   63   12    126    1   1537   1509   1509    126   1.7727   -0.018
B-n63-k10 	BT-3   63    6     63    0   1537   1805   1588    110   1.1502    0.033
B-n63-k10 	BT-3   63    6     63    1   1537   1509   1509     63   0.9811   -0.018
B-n63-k10 	BT-3   63   21    252    0   1537   1856   1576    276   3.2061    0.025
B-n63-k10 	BT-3   63   21    252    1   1537   1748   1629    264   3.2317    0.060
B-n63-k10 	BT-3   63   12    126    0   1537   1805   1547    171   1.9587    0.007
B-n63-k10 	BT-3   63   12    126    1   1537   1509   1509    126   1.7688   -0.018
B-n63-k10 	BT-3   63    6     63    0   1537   1805   1513    211   1.7160   -0.016
B-n63-k10 	BT-3   63    6     63    1   1537   1509   1509     63   0.9740   -0.018
B-n63-k10 	BT-3   63   21    252    0   1537   1856   1558    289   3.3640    0.014
B-n63-k10 	BT-3   63   21    252    1   1537   1748   1605    489   4.2582    0.044
B-n63-k10 	BT-3   63   12    126    0   1537   1805   1555    152   1.7902    0.012
B-n63-k10 	BT-3   63   12    126    1   1537   1509   1509    126   1.7756   -0.018
B-n63-k10 	BT-3   63    6     63    0   1537   1805   1556    137   1.2552    0.012
B-n63-k10 	BT-3   63    6     63    1   1537   1509   1509     63   0.9880   -0.018
B-n63-k10 	BT-3   63   21    252    0   1537   1856   1558    289   3.3700    0.014
B-n63-k10 	BT-3   63   21    252    1   1537   1748   1629    264   3.2455    0.060
B-n63-k10 	BT-3   63   12    126    0   1537   1805   1523    154   1.9325   -0.009
B-n63-k10 	BT-3   63   12    126    1   1537   1509   1509    126   1.7672   -0.018
B-n63-k10 	BT-3   63    6     63    0   1537   1805   1550    102   1.0706    0.008
B-n63-k10 	BT-3   63    6     63    1   1537   1509   1509     63   0.9764   -0.018
B-n63-k10 	BT-3   63   21    252    0   1537   1856   1558    289   3.3641    0.014
B-n63-k10 	BT-3   63   21    252    1   1537   1748   1587    445   4.0756    0.033
B-n63-k10 	BT-3   63   12    126    0   1537   1805   1550    155   1.8515    0.008
B-n63-k10 	BT-3   63   12    126    1   1537   1509   1509    126   1.7679   -0.018
B-n63-k10 	BT-3   63    6     63    0   1537   1805   1550    103   1.0846    0.008
B-n63-k10 	BT-3   63    6     63    1   1537   1509   1509     63   0.9731   -0.018
B-n63-k10 	BT-3   63   21    252    0   1537   1856   1558    289   3.2936    0.014
B-n63-k10 	BT-3   63   21    252    1   1537   1748   1591    314   3.4168    0.035
B-n63-k10 	BT-3   63   12    126    0   1537   1805   1584    158   1.8774    0.031
B-n63-k10 	BT-3   63   12    126    1   1537   1509   1509    126   1.7854   -0.018
B-n63-k10 	BT-3   63    6     63    0   1537   1805   1513     92   1.1140   -0.016
B-n63-k10 	BT-3   63    6     63    1   1537   1509   1509     63   0.9763   -0.018
B-n63-k10 	BT-3   63   21    252    0   1537   1856   1558    289   3.4121    0.014
B-n63-k10 	BT-3   63   21    252    1   1537   1748   1580    829   5.9121    0.028
B-n63-k10 	BT-3   63   12    126    0   1537   1805   1550    161   1.8396    0.008
B-n63-k10 	BT-3   63   12    126    1   1537   1509   1509    126   1.7767   -0.018
B-n63-k10 	BT-3   63    6     63    0   1537   1805   1585    104   1.1492    0.031
B-n63-k10 	BT-3   63    6     63    1   1537   1509   1509     63   0.9706   -0.018
B-n63-k10 	BT-3   63   21    252    0   1537   1856   1558    289   3.3647    0.014
B-n63-k10 	BT-3   63   21    252    1   1537   1748   1629    264   3.2256    0.060
B-n63-k10 	BT-3   63   12    126    0   1537   1805   1550    168   1.8790    0.008
B-n63-k10 	BT-3   63   12    126    1   1537   1509   1509    126   1.7647   -0.018
B-n63-k10 	BT-3   63    6     63    0   1537   1805   1550    103   1.0911    0.008
B-n63-k10 	BT-3   63    6     63    1   1537   1509   1509     63   0.9703   -0.018
B-n63-k10 	BT-3   63   21    252    0   1537   1856   1558    289   3.3603    0.014
B-n63-k10 	BT-3   63   21    252    1   1537   1748   1584    426   4.0147    0.031
B-n63-k10 	BT-3   63   12    126    0   1537   1805   1609    146   1.8469    0.047
B-n63-k10 	BT-3   63   12    126    1   1537   1509   1509    126   1.7651   -0.018
B-n63-k10 	BT-3   63    6     63    0   1537   1805   1555     99   1.0302    0.012
B-n63-k10 	BT-3   63    6     63    1   1537   1509   1509     63   0.9791   -0.018
B-n63-k10 	BT-3   63   21    252    0   1537   1856   1558    289   3.3585    0.014
B-n63-k10 	BT-3   63   21    252    1   1537   1748   1557    658   5.0679    0.013
B-n63-k10 	BT-3   63   12    126    0   1537   1805   1553    155   1.8479    0.010
B-n63-k10 	BT-3   63   12    126    1   1537   1509   1509    126   1.7806   -0.018
B-n63-k10 	BT-3   63    6     63    0   1537   1805   1552    100   1.0969    0.010
B-n63-k10 	BT-3   63    6     63    1   1537   1509   1509     63   0.9732   -0.018
B-n63-k10 	BT-3   63   21    252    0   1537   1856   1575    299   3.3215    0.025
B-n63-k10 	BT-3   63   21    252    1   1537   1748   1597    511   4.7963    0.039
B-n63-k10 	BT-3   63   12    126    0   1537   1805   1555    165   1.8873    0.012
B-n63-k10 	BT-3   63   12    126    1   1537   1509   1509    126   1.8140   -0.018
B-n63-k10 	BT-3   63    6     63    0   1537   1805   1550    148   1.3473    0.008
B-n63-k10 	BT-3   63    6     63    1   1537   1509   1509     63   0.9746   -0.018
B-n63-k10 	BT-3   63   21    252    0   1537   1856   1558    289   3.3634    0.014
B-n63-k10 	BT-3   63   21    252    1   1537   1748   1567    324   3.4735    0.020
B-n63-k10 	BT-3   63   12    126    0   1537   1805   1515    186   2.0123   -0.014
B-n63-k10 	BT-3   63   12    126    1   1537   1509   1509    126   1.7984   -0.018
B-n63-k10 	BT-3   63    6     63    0   1537   1805   1550     98   1.0655    0.008
B-n63-k10 	BT-3   63    6     63    1   1537   1509   1509     63   0.9729   -0.018
B-n63-k10 	BT-3   63   21    252    0   1537   1856   1577    275   3.2157    0.026
B-n63-k10 	BT-3   63   21    252    1   1537   1748   1596    547   4.7495    0.038
B-n63-k10 	BT-3   63   12    126    0   1537   1805   1553    166   1.8919    0.010
B-n63-k10 	BT-3   63   12    126    1   1537   1509   1509    126   1.7819   -0.018
B-n63-k10 	BT-3   63    6     63    0   1537   1805   1578    108   1.1541    0.027
B-n63-k10 	BT-3   63    6     63    1   1537   1509   1509     63   0.9724   -0.018
