B-n43-k6 	BT-1   43   14    172    0    742    893    750    361   0.5547    0.011
B-n43-k6 	BT-1   43   14    172    1    742    887    753    273   0.4125    0.015
B-n43-k6 	BT-1   43    8     86    0    742    918    747    115   0.1810    0.007
B-n43-k6 	BT-1   43    8     86    1    742    750    747    114   0.1975    0.007
B-n43-k6 	BT-1   43    4     43    0    742   1041    747     44   0.0781    0.007
B-n43-k6 	BT-1   43    4     43    1    742    747    747     43   0.0767    0.007
B-n43-k6 	BT-2   43   14    172    0    742    893    746    339   0.4918    0.005
B-n43-k6 	BT-2   43   14    172    1    742    887    748    512   0.7632    0.008
B-n43-k6 	BT-2   43    8     86    0    742    993    777    101   0.1590    0.047
B-n43-k6 	BT-2   43    8     86    1    742    746    746     86   0.1411    0.005
B-n43-k6 	BT-2   43    4     43    0    742    993    778     57   0.0973    0.049
B-n43-k6 	BT-2   43    4     43    1    742    746    746     43   0.0770    0.005
B-n43-k6 	BT-3   43   14    172    0    742    893    788    197   0.5394    0.062
B-n43-k6 	BT-3   43   14    172    1    742    887    764    200   0.5610    0.030
B-n43-k6 	BT-3   43    8     86    0    742    855    754    108   0.3049    0.016
B-n43-k6 	BT-3   43    8     86    1    742    764    758    122   0.3473    0.022
B-n43-k6 	BT-3   43    4     43    0    742    865    753    153   0.3279    0.015
B-n43-k6 	BT-3   43    4     43    1    742    754    754     43   0.1637    0.016
B-n43-k6 	BT-3   43   14    172    0    742    893    748    446   0.8942    0.008
B-n43-k6 	BT-3   43   14    172    1    742    887    789    214   0.5679    0.063
B-n43-k6 	BT-3   43    8     86    0    742    977    756    108   0.3059    0.019
B-n43-k6 	BT-3   43    8     86    1    742    748    745    109   0.3231    0.004
B-n43-k6 	BT-3   43    4     43    0    742    956    746     81   0.2159    0.005
B-n43-k6 	BT-3   43    4     43    1    742    745    745     43   0.1633    0.004
B-n43-k6 	BT-3   43   14    172    0    742    893    788    197   0.5468    0.062
B-n43-k6 	BT-3   43   14    172    1    742    887    804    207   0.5545    0.084
B-n43-k6 	BT-3   43    8     86    0    742    956    745     94   0.2904    0.004
B-n43-k6 	BT-3   43    8     86    1    742    745    745     86   0.2883    0.004
B-n43-k6 	BT-3   43    4     43    0    742    956    743     63   0.1875    0.001
B-n43-k6 	BT-3   43    4     43    1    742    745    745     43   0.1621    0.004
B-n43-k6 	BT-3   43   14    172    0    742    893    788    197   0.5380    0.062
B-n43-k6 	BT-3   43   14    172    1    742    887    762    266   0.6669    0.027
B-n43-k6 	BT-3   43    8     86    0    742    799    743     87   0.3016    0.001
B-n43-k6 	BT-3   43    8     86    1    742    743    742     88   0.2937    0.000
B-n43-k6 	BT-3   43    4     43    0    742    798    742     44   0.1868    0.000
B-n43-k6 	BT-3   43    4     43    1    742    742    742     43   0.1661    0.000
B-n43-k6 	BT-3   43   14    172    0    742    893    748    272   0.6183    0.008
B-n43-k6 	BT-3   43   14    172    1    742    887    747    291   0.6514    0.007
B-n43-k6 	BT-3   43    8     86    0    742    798    742     87   0.2942    0.000
B-n43-k6 	BT-3   43    8     86    1    742    742    742     86   0.2934    0.000
B-n43-k6 	BT-3   43    4     43    0    742    798    742     44   0.1687    0.000
B-n43-k6 	BT-3   43    4     43    1    742    742    742     43   0.1654    0.000
B-n43-k6 	BT-3   43   14    172    0    742    893    799    510   1.0091    0.077
B-n43-k6 	BT-3   43   14    172    1    742    887    746    290   0.6545    0.005
B-n43-k6 	BT-3   43    8     86    0    742    798    742     87   0.3093    0.000
B-n43-k6 	BT-3   43    8     86    1    742    742    742     86   0.2976    0.000
B-n43-k6 	BT-3   43    4     43    0    742    798    742     44   0.1688    0.000
B-n43-k6 	BT-3   43    4     43    1    742    742    742     43   0.1661    0.000
B-n43-k6 	BT-3   43   14    172    0    742    893    782    344   0.7530    0.054
B-n43-k6 	BT-3   43   14    172    1    742    887    749    333   0.7128    0.009
B-n43-k6 	BT-3   43    8     86    0    742    798    742     87   0.3021    0.000
B-n43-k6 	BT-3   43    8     86    1    742    742    742     86   0.2909    0.000
B-n43-k6 	BT-3   43    4     43    0    742    798    742     44   0.1704    0.000
B-n43-k6 	BT-3   43    4     43    1    742    742    742     43   0.1669    0.000
B-n43-k6 	BT-3   43   14    172    0    742    893    745    471   0.9589    0.004
B-n43-k6 	BT-3   43   14    172    1    742    887    748    220   0.5622    0.008
B-n43-k6 	BT-3   43    8     86    0    742    798    742     87   0.3221    0.000
B-n43-k6 	BT-3   43    8     86    1    742    742    742     86   0.3101    0.000
B-n43-k6 	BT-3   43    4     43    0    742    798    742     44   0.1689    0.000
B-n43-k6 	BT-3   43    4     43    1    742    742    742     43   0.1668    0.000
B-n43-k6 	BT-3   43   14    172    0    742    893    788    197   0.5410    0.062
B-n43-k6 	BT-3   43   14    172    1    742    887    748    236   0.5707    0.008
B-n43-k6 	BT-3   43    8     86    0    742    798    742     87   0.3022    0.000
B-n43-k6 	BT-3   43    8     86    1    742    742    742     86   0.2912    0.000
B-n43-k6 	BT-3   43    4     43    0    742    798    742     44   0.1688    0.000
B-n43-k6 	BT-3   43    4     43    1    742    742    742     43   0.1660    0.000
B-n43-k6 	BT-3   43   14    172    0    742    893    749    205   0.5335    0.009
B-n43-k6 	BT-3   43   14    172    1    742    887    757    244   0.6116    0.020
B-n43-k6 	BT-3   43    8     86    0    742    798    742     87   0.2923    0.000
B-n43-k6 	BT-3   43    8     86    1    742    742    742     86   0.2999    0.000
B-n43-k6 	BT-3   43    4     43    0    742    798    742     44   0.1680    0.000
B-n43-k6 	BT-3   43    4     43    1    742    742    742     43   0.1655    0.000
B-n43-k6 	BT-3   43   14    172    0    742    893    804    189   0.5216    0.084
B-n43-k6 	BT-3   43   14    172    1    742    887    753    290   0.6694    0.015
B-n43-k6 	BT-3   43    8     86    0    742    798    742     87   0.2910    0.000
B-n43-k6 	BT-3   43    8     86    1    742    742    742     86   0.2947    0.000
B-n43-k6 	BT-3   43    4     43    0    742    798    742     44   0.1713    0.000
B-n43-k6 	BT-3   43    4     43    1    742    742    742     43   0.1653    0.000
B-n43-k6 	BT-3   43   14    172    0    742    893    747    347   0.7391    0.007
B-n43-k6 	BT-3   43   14    172    1    742    887    754    274   0.6471    0.016
B-n43-k6 	BT-3   43    8     86    0    742    798    742     87   0.3023    0.000
B-n43-k6 	BT-3   43    8     86    1    742    742    742     86   0.2943    0.000
B-n43-k6 	BT-3   43    4     43    0    742    798    742     44   0.1692    0.000
B-n43-k6 	BT-3   43    4     43    1    742    742    742     43   0.1655    0.000
B-n43-k6 	BT-3   43   14    172    0    742    893    774    234   0.6040    0.043
B-n43-k6 	BT-3   43   14    172    1    742    887    750    200   0.5435    0.011
B-n43-k6 	BT-3   43    8     86    0    742    798    742     87   0.3129    0.000
B-n43-k6 	BT-3   43    8     86    1    742    742    742     86   0.2964    0.000
B-n43-k6 	BT-3   43    4     43    0    742    798    742     44   0.1693    0.000
B-n43-k6 	BT-3   43    4     43    1    742    742    742     43   0.1683    0.000
B-n43-k6 	BT-3   43   14    172    0    742    893    785    311   0.7312    0.058
B-n43-k6 	BT-3   43   14    172    1    742    887    773    316   0.7142    0.042
B-n43-k6 	BT-3   43    8     86    0    742    798    742     87   0.2998    0.000
B-n43-k6 	BT-3   43    8     86    1    742    742    742     86   0.2947    0.000
B-n43-k6 	BT-3   43    4     43    0    742    798    742     44   0.1681    0.000
B-n43-k6 	BT-3   43    4     43    1    742    742    742     43   0.1683    0.000
B-n43-k6 	BT-3   43   14    172    0    742    893    759    259   0.6325    0.023
B-n43-k6 	BT-3   43   14    172    1    742    887    748    382   0.7731    0.008
B-n43-k6 	BT-3   43    8     86    0    742    798    742     87   0.2958    0.000
B-n43-k6 	BT-3   43    8     86    1    742    742    742     86   0.2900    0.000
B-n43-k6 	BT-3   43    4     43    0    742    798    742     44   0.1708    0.000
B-n43-k6 	BT-3   43    4     43    1    742    742    742     43   0.1693    0.000
B-n43-k6 	BT-3   43   14    172    0    742    893    784    226   0.5849    0.057
B-n43-k6 	BT-3   43   14    172    1    742    887    752    434   0.8756    0.013
B-n43-k6 	BT-3   43    8     86    0    742    798    742     87   0.2913    0.000
B-n43-k6 	BT-3   43    8     86    1    742    742    742     86   0.2922    0.000
B-n43-k6 	BT-3   43    4     43    0    742    798    742     44   0.1689    0.000
B-n43-k6 	BT-3   43    4     43    1    742    742    742     43   0.1649    0.000
B-n43-k6 	BT-3   43   14    172    0    742    893    763    368   1.0225    0.028
B-n43-k6 	BT-3   43   14    172    1    742    887    773    360   0.7699    0.042
B-n43-k6 	BT-3   43    8     86    0    742    798    742     87   0.2992    0.000
B-n43-k6 	BT-3   43    8     86    1    742    742    742     86   0.2988    0.000
B-n43-k6 	BT-3   43    4     43    0    742    798    742     44   0.1732    0.000
B-n43-k6 	BT-3   43    4     43    1    742    742    742     43   0.1652    0.000
B-n43-k6 	BT-3   43   14    172    0    742    893    761    257   0.6201    0.026
B-n43-k6 	BT-3   43   14    172    1    742    887    748    453   0.8977    0.008
B-n43-k6 	BT-3   43    8     86    0    742    798    742     87   0.2998    0.000
B-n43-k6 	BT-3   43    8     86    1    742    742    742     86   0.2970    0.000
B-n43-k6 	BT-3   43    4     43    0    742    798    742     44   0.1694    0.000
B-n43-k6 	BT-3   43    4     43    1    742    742    742     43   0.1648    0.000
B-n43-k6 	BT-3   43   14    172    0    742    893    753    402   0.8091    0.015
B-n43-k6 	BT-3   43   14    172    1    742    887    746    426   0.8536    0.005
B-n43-k6 	BT-3   43    8     86    0    742    798    742     87   0.3003    0.000
B-n43-k6 	BT-3   43    8     86    1    742    742    742     86   0.2914    0.000
B-n43-k6 	BT-3   43    4     43    0    742    798    742     44   0.1706    0.000
B-n43-k6 	BT-3   43    4     43    1    742    742    742     43   0.1652    0.000
B-n43-k6 	BT-3   43   14    172    0    742    893    767    322   0.7164    0.034
B-n43-k6 	BT-3   43   14    172    1    742    887    746    394   0.8189    0.005
B-n43-k6 	BT-3   43    8     86    0    742    798    742     87   0.3010    0.000
B-n43-k6 	BT-3   43    8     86    1    742    742    742     86   0.2926    0.000
B-n43-k6 	BT-3   43    4     43    0    742    798    747     48   0.1722    0.007
B-n43-k6 	BT-3   43    4     43    1    742    742    742     43   0.1656    0.000
B-n43-k6 	BT-3   43   14    172    0    742    893    788    197   0.5379    0.062
B-n43-k6 	BT-3   43   14    172    1    742    887    757    264   0.6651    0.020
B-n43-k6 	BT-3   43    8     86    0    742    798    742     87   0.3031    0.000
B-n43-k6 	BT-3   43    8     86    1    742    742    742     86   0.2989    0.000
B-n43-k6 	BT-3   43    4     43    0    742    798    742     44   0.1697    0.000
B-n43-k6 	BT-3   43    4     43    1    742    742    742     43   0.1654    0.000
B-n43-k6 	BT-3   43   14    172    0    742    893    791    191   0.5324    0.066
B-n43-k6 	BT-3   43   14    172    1    742    887    756    200   0.5457    0.019
B-n43-k6 	BT-3   43    8     86    0    742    798    742     87   0.3018    0.000
B-n43-k6 	BT-3   43    8     86    1    742    742    742     86   0.2907    0.000
B-n43-k6 	BT-3   43    4     43    0    742    798    742     44   0.1700    0.000
B-n43-k6 	BT-3   43    4     43    1    742    742    742     43   0.1667    0.000
B-n43-k6 	BT-3   43   14    172    0    742    893    788    197   0.5365    0.062
B-n43-k6 	BT-3   43   14    172    1    742    887    757    296   0.6835    0.020
B-n43-k6 	BT-3   43    8     86    0    742    798    742     87   0.3009    0.000
B-n43-k6 	BT-3   43    8     86    1    742    742    742     86   0.3007    0.000
B-n43-k6 	BT-3   43    4     43    0    742    798    742     44   0.1702    0.000
B-n43-k6 	BT-3   43    4     43    1    742    742    742     43   0.1659    0.000
B-n43-k6 	BT-3   43   14    172    0    742    893    750    255   0.6194    0.011
B-n43-k6 	BT-3   43   14    172    1    742    887    757    198   0.5457    0.020
B-n43-k6 	BT-3   43    8     86    0    742    798    742     87   0.3019    0.000
B-n43-k6 	BT-3   43    8     86    1    742    742    742     86   0.2967    0.000
B-n43-k6 	BT-3   43    4     43    0    742    798    742     44   0.1694    0.000
B-n43-k6 	BT-3   43    4     43    1    742    742    742     43   0.1679    0.000
B-n43-k6 	BT-3   43   14    172    0    742    893    788    197   0.5393    0.062
B-n43-k6 	BT-3   43   14    172    1    742    887    761    217   0.5896    0.026
B-n43-k6 	BT-3   43    8     86    0    742    798    742     87   0.2937    0.000
B-n43-k6 	BT-3   43    8     86    1    742    742    742     86   0.2960    0.000
B-n43-k6 	BT-3   43    4     43    0    742    798    742     44   0.1775    0.000
B-n43-k6 	BT-3   43    4     43    1    742    742    742     43   0.1656    0.000
B-n43-k6 	BT-3   43   14    172    0    742    893    771    312   0.7053    0.039
B-n43-k6 	BT-3   43   14    172    1    742    887    753    256   0.6171    0.015
B-n43-k6 	BT-3   43    8     86    0    742    798    742     87   0.2992    0.000
B-n43-k6 	BT-3   43    8     86    1    742    742    742     86   0.2919    0.000
B-n43-k6 	BT-3   43    4     43    0    742    798    742     44   0.1688    0.000
B-n43-k6 	BT-3   43    4     43    1    742    742    742     43   0.1649    0.000
B-n43-k6 	BT-3   43   14    172    0    742    893    813    186   0.5312    0.096
B-n43-k6 	BT-3   43   14    172    1    742    887    764    200   0.5666    0.030
B-n43-k6 	BT-3   43    8     86    0    742    798    742     87   0.3064    0.000
B-n43-k6 	BT-3   43    8     86    1    742    742    742     86   0.3010    0.000
B-n43-k6 	BT-3   43    4     43    0    742    798    743     47   0.1684    0.001
B-n43-k6 	BT-3   43    4     43    1    742    742    742     43   0.1651    0.000
B-n43-k6 	BT-3   43   14    172    0    742    893    771    284   0.6716    0.039
B-n43-k6 	BT-3   43   14    172    1    742    887    777    212   0.5732    0.047
B-n43-k6 	BT-3   43    8     86    0    742    798    742     87   0.2998    0.000
B-n43-k6 	BT-3   43    8     86    1    742    742    742     86   0.2971    0.000
B-n43-k6 	BT-3   43    4     43    0    742    798    742     44   0.1700    0.000
B-n43-k6 	BT-3   43    4     43    1    742    742    742     43   0.1678    0.000
B-n43-k6 	BT-3   43   14    172    0    742    893    773    316   0.7315    0.042
B-n43-k6 	BT-3   43   14    172    1    742    887    758    389   1.0434    0.022
B-n43-k6 	BT-3   43    8     86    0    742    798    742     87   0.2988    0.000
B-n43-k6 	BT-3   43    8     86    1    742    742    742     86   0.2903    0.000
B-n43-k6 	BT-3   43    4     43    0    742    798    747     50   0.1701    0.007
B-n43-k6 	BT-3   43    4     43    1    742    742    742     43   0.1695    0.000
B-n43-k6 	BT-3   43   14    172    0    742    893    753    485   0.9423    0.015
B-n43-k6 	BT-3   43   14    172    1    742    887    747    291   0.6666    0.007
B-n43-k6 	BT-3   43    8     86    0    742    798    742     87   0.3015    0.000
B-n43-k6 	BT-3   43    8     86    1    742    742    742     86   0.3120    0.000
B-n43-k6 	BT-3   43    4     43    0    742    798    742     44   0.1693    0.000
B-n43-k6 	BT-3   43    4     43    1    742    742    742     43   0.1654    0.000
B-n43-k6 	BT-3   43   14    172    0    742    893    773    411   0.8561    0.042
B-n43-k6 	BT-3   43   14    172    1    742    887    763    192   0.5314    0.028
B-n43-k6 	BT-3   43    8     86    0    742    798    742     87   0.3039    0.000
B-n43-k6 	BT-3   43    8     86    1    742    742    742     86   0.2897    0.000
B-n43-k6 	BT-3   43    4     43    0    742    798    742     44   0.1685    0.000
B-n43-k6 	BT-3   43    4     43    1    742    742    742     43   0.1657    0.000
B-n43-k6 	BT-3   43   14    172    0    742    893    787    194   0.5351    0.061
B-n43-k6 	BT-3   43   14    172    1    742    887    751    413   0.8349    0.012
B-n43-k6 	BT-3   43    8     86    0    742    798    742     87   0.3029    0.000
B-n43-k6 	BT-3   43    8     86    1    742    742    742     86   0.2889    0.000
B-n43-k6 	BT-3   43    4     43    0    742    798    742     44   0.1687    0.000
B-n43-k6 	BT-3   43    4     43    1    742    742    742     43   0.1658    0.000
B-n43-k6 	BT-3   43   14    172    0    742    893    813    186   0.5202    0.096
B-n43-k6 	BT-3   43   14    172    1    742    887    751    462   0.9126    0.012
B-n43-k6 	BT-3   43    8     86    0    742    798    742     87   0.2993    0.000
B-n43-k6 	BT-3   43    8     86    1    742    742    742     86   0.2913    0.000
B-n43-k6 	BT-3   43    4     43    0    742    798    743     47   0.1682    0.001
B-n43-k6 	BT-3   43    4     43    1    742    742    742     43   0.1671    0.000
B-n43-k6 	BT-3   43   14    172    0    742    893    749    300   0.6756    0.009
B-n43-k6 	BT-3   43   14    172    1    742    887    754    414   0.8216    0.016
B-n43-k6 	BT-3   43    8     86    0    742    798    742     87   0.3024    0.000
B-n43-k6 	BT-3   43    8     86    1    742    742    742     86   0.2975    0.000
B-n43-k6 	BT-3   43    4     43    0    742    798    747     50   0.1749    0.007
B-n43-k6 	BT-3   43    4     43    1    742    742    742     43   0.1662    0.000
B-n43-k6 	BT-3   43   14    172    0    742    893    749    339   0.7203    0.009
B-n43-k6 	BT-3   43   14    172    1    742    887    747    254   0.5964    0.007
B-n43-k6 	BT-3   43    8     86    0    742    798    742     87   0.3032    0.000
B-n43-k6 	BT-3   43    8     86    1    742    742    742     86   0.3010    0.000
B-n43-k6 	BT-3   43    4     43    0    742    798    742     44   0.1687    0.000
B-n43-k6 	BT-3   43    4     43    1    742    742    742     43   0.1664    0.000
B-n43-k6 	BT-3   43   14    172    0    742    893    749    394   0.8120    0.009
B-n43-k6 	BT-3   43   14    172    1    742    887    747    406   0.8155    0.007
B-n43-k6 	BT-3   43    8     86    0    742    798    742     87   0.3017    0.000
B-n43-k6 	BT-3   43    8     86    1    742    742    742     86   0.2913    0.000
B-n43-k6 	BT-3   43    4     43    0    742    798    742     44   0.1672    0.000
B-n43-k6 	BT-3   43    4     43    1    742    742    742     43   0.1696    0.000
B-n43-k6 	BT-3   43   14    172    0    742    893    751    316   0.6934    0.012
B-n43-k6 	BT-3   43   14    172    1    742    887    816    188   0.5412    0.100
B-n43-k6 	BT-3   43    8     86    0    742    798    742     87   0.2994    0.000
B-n43-k6 	BT-3   43    8     86    1    742    742    742     86   0.2936    0.000
B-n43-k6 	BT-3   43    4     43    0    742    798    742     44   0.1703    0.000
B-n43-k6 	BT-3   43    4     43    1    742    742    742     43   0.1666    0.000
B-n43-k6 	BT-3   43   14    172    0    742    893    755    468   0.9115    0.018
B-n43-k6 	BT-3   43   14    172    1    742    887    761    293   0.6655    0.026
B-n43-k6 	BT-3   43    8     86    0    742    798    742     87   0.2973    0.000
B-n43-k6 	BT-3   43    8     86    1    742    742    742     86   0.2955    0.000
B-n43-k6 	BT-3   43    4     43    0    742    798    742     44   0.1682    0.000
B-n43-k6 	BT-3   43    4     43    1    742    742    742     43   0.1656    0.000
B-n43-k6 	BT-3   43   14    172    0    742    893    813    186   0.5460    0.096
B-n43-k6 	BT-3   43   14    172    1    742    887    747    223   0.5524    0.007
B-n43-k6 	BT-3   43    8     86    0    742    798    742     87   0.3038    0.000
B-n43-k6 	BT-3   43    8     86    1    742    742    742     86   0.2995    0.000
B-n43-k6 	BT-3   43    4     43    0    742    798    742     44   0.1693    0.000
B-n43-k6 	BT-3   43    4     43    1    742    742    742     43   0.1662    0.000
B-n43-k6 	BT-3   43   14    172    0    742    893    749    439   0.9170    0.009
B-n43-k6 	BT-3   43   14    172    1    742    887    756    224   0.5790    0.019
B-n43-k6 	BT-3   43    8     86    0    742    798    742     87   0.3091    0.000
B-n43-k6 	BT-3   43    8     86    1    742    742    742     86   0.2973    0.000
B-n43-k6 	BT-3   43    4     43    0    742    798    742     44   0.1708    0.000
B-n43-k6 	BT-3   43    4     43    1    742    742    742     43   0.1649    0.000
B-n43-k6 	BT-3   43   14    172    0    742    893    771    265   0.6325    0.039
B-n43-k6 	BT-3   43   14    172    1    742    887    748    258   0.6231    0.008
B-n43-k6 	BT-3   43    8     86    0    742    798    742     87   0.3058    0.000
B-n43-k6 	BT-3   43    8     86    1    742    742    742     86   0.2916    0.000
B-n43-k6 	BT-3   43    4     43    0    742    798    742     44   0.1693    0.000
B-n43-k6 	BT-3   43    4     43    1    742    742    742     43   0.1655    0.000
B-n43-k6 	BT-3   43   14    172    0    742    893    781    238   0.5920    0.053
B-n43-k6 	BT-3   43   14    172    1    742    887    760    357   0.7592    0.024
B-n43-k6 	BT-3   43    8     86    0    742    798    742     87   0.2974    0.000
B-n43-k6 	BT-3   43    8     86    1    742    742    742     86   0.2967    0.000
B-n43-k6 	BT-3   43    4     43    0    742    798    742     44   0.1699    0.000
B-n43-k6 	BT-3   43    4     43    1    742    742    742     43   0.1666    0.000
B-n43-k6 	BT-3   43   14    172    0    742    893    747    453   0.9024    0.007
B-n43-k6 	BT-3   43   14    172    1    742    887    747    303   0.6988    0.007
B-n43-k6 	BT-3   43    8     86    0    742    798    742     87   0.2917    0.000
B-n43-k6 	BT-3   43    8     86    1    742    742    742     86   0.2915    0.000
B-n43-k6 	BT-3   43    4     43    0    742    798    742     44   0.1681    0.000
B-n43-k6 	BT-3   43    4     43    1    742    742    742     43   0.1659    0.000
B-n43-k6 	BT-3   43   14    172    0    742    893    773    230   0.6104    0.042
B-n43-k6 	BT-3   43   14    172    1    742    887    752    249   0.6189    0.013
B-n43-k6 	BT-3   43    8     86    0    742    798    742     87   0.2986    0.000
B-n43-k6 	BT-3   43    8     86    1    742    742    742     86   0.3063    0.000
B-n43-k6 	BT-3   43    4     43    0    742    798    742     44   0.1680    0.000
B-n43-k6 	BT-3   43    4     43    1    742    742    742     43   0.1660    0.000
B-n43-k6 	BT-3   43   14    172    0    742    893    808    194   0.5357    0.089
B-n43-k6 	BT-3   43   14    172    1    742    887    800    212   0.5630    0.078
B-n43-k6 	BT-3   43    8     86    0    742    798    742     87   0.2999    0.000
B-n43-k6 	BT-3   43    8     86    1    742    742    742     86   0.3000    0.000
B-n43-k6 	BT-3   43    4     43    0    742    798    742     44   0.1685    0.000
B-n43-k6 	BT-3   43    4     43    1    742    742    742     43   0.1650    0.000
B-n43-k6 	BT-3   43   14    172    0    742    893    788    197   0.5297    0.062
B-n43-k6 	BT-3   43   14    172    1    742    887    753    337   0.7319    0.015
B-n43-k6 	BT-3   43    8     86    0    742    798    743     90   0.2997    0.001
B-n43-k6 	BT-3   43    8     86    1    742    742    742     86   0.2899    0.000
B-n43-k6 	BT-3   43    4     43    0    742    798    746     69   0.2037    0.005
B-n43-k6 	BT-3   43    4     43    1    742    742    742     43   0.1647    0.000
B-n43-k6 	BT-3   43   14    172    0    742    893    778    255   0.6130    0.049
B-n43-k6 	BT-3   43   14    172    1    742    887    751    382   0.8051    0.012
B-n43-k6 	BT-3   43    8     86    0    742    798    742     87   0.3047    0.000
B-n43-k6 	BT-3   43    8     86    1    742    742    742     86   0.2954    0.000
B-n43-k6 	BT-3   43    4     43    0    742    798    742     44   0.1697    0.000
B-n43-k6 	BT-3   43    4     43    1    742    742    742     43   0.1665    0.000
B-n43-k6 	BT-3   43   14    172    0    742    893    788    197   0.5368    0.062
B-n43-k6 	BT-3   43   14    172    1    742    887    747    231   0.5743    0.007
B-n43-k6 	BT-3   43    8     86    0    742    798    742     87   0.3000    0.000
B-n43-k6 	BT-3   43    8     86    1    742    742    742     86   0.2994    0.000
B-n43-k6 	BT-3   43    4     43    0    742    798    742     44   0.1710    0.000
B-n43-k6 	BT-3   43    4     43    1    742    742    742     43   0.1675    0.000
B-n43-k6 	BT-3   43   14    172    0    742    893    780    293   0.6702    0.051
B-n43-k6 	BT-3   43   14    172    1    742    887    749    262   0.6105    0.009
B-n43-k6 	BT-3   43    8     86    0    742    798    742     87   0.3029    0.000
B-n43-k6 	BT-3   43    8     86    1    742    742    742     86   0.2927    0.000
B-n43-k6 	BT-3   43    4     43    0    742    798    742     44   0.1694    0.000
B-n43-k6 	BT-3   43    4     43    1    742    742    742     43   0.1649    0.000
B-n43-k6 	BT-3   43   14    172    0    742    893    771    315   0.7133    0.039
B-n43-k6 	BT-3   43   14    172    1    742    887    748    239   0.6069    0.008
B-n43-k6 	BT-3   43    8     86    0    742    798    742     87   0.3027    0.000
B-n43-k6 	BT-3   43    8     86    1    742    742    742     86   0.2898    0.000
B-n43-k6 	BT-3   43    4     43    0    742    798    742     44   0.1689    0.000
B-n43-k6 	BT-3   43    4     43    1    742    742    742     43   0.1697    0.000
B-n43-k6 	BT-3   43   14    172    0    742    893    788    197   0.5442    0.062
B-n43-k6 	BT-3   43   14    172    1    742    887    752    323   0.7270    0.013
B-n43-k6 	BT-3   43    8     86    0    742    798    742     87   0.3010    0.000
B-n43-k6 	BT-3   43    8     86    1    742    742    742     86   0.2974    0.000
B-n43-k6 	BT-3   43    4     43    0    742    798    742     44   0.1685    0.000
B-n43-k6 	BT-3   43    4     43    1    742    742    742     43   0.1709    0.000
B-n43-k6 	BT-3   43   14    172    0    742    893    788    197   0.5380    0.062
B-n43-k6 	BT-3   43   14    172    1    742    887    756    472   0.9330    0.019
B-n43-k6 	BT-3   43    8     86    0    742    798    742     87   0.3002    0.000
B-n43-k6 	BT-3   43    8     86    1    742    742    742     86   0.2967    0.000
B-n43-k6 	BT-3   43    4     43    0    742    798    742     44   0.1688    0.000
B-n43-k6 	BT-3   43    4     43    1    742    742    742     43   0.1668    0.000
B-n43-k6 	BT-3   43   14    172    0    742    893    750    245   0.6040    0.011
B-n43-k6 	BT-3   43   14    172    1    742    887    754    256   0.6280    0.016
B-n43-k6 	BT-3   43    8     86    0    742    798    742     87   0.2942    0.000
B-n43-k6 	BT-3   43    8     86    1    742    742    742     86   0.2916    0.000
B-n43-k6 	BT-3   43    4     43    0    742    798    742     44   0.1689    0.000
B-n43-k6 	BT-3   43    4     43    1    742    742    742     43   0.1674    0.000
B-n43-k6 	BT-3   43   14    172    0    742    893    756    305   0.6777    0.019
B-n43-k6 	BT-3   43   14    172    1    742    887    757    369   0.8074    0.020
B-n43-k6 	BT-3   43    8     86    0    742    798    742     87   0.3005    0.000
B-n43-k6 	BT-3   43    8     86    1    742    742    742     86   0.2908    0.000
B-n43-k6 	BT-3   43    4     43    0    742    798    742     44   0.1704    0.000
B-n43-k6 	BT-3   43    4     43    1    742    742    742     43   0.1655    0.000
B-n43-k6 	BT-3   43   14    172    0    742    893    788    197   0.5396    0.062
B-n43-k6 	BT-3   43   14    172    1    742    887    756    333   0.7083    0.019
B-n43-k6 	BT-3   43    8     86    0    742    798    742     87   0.2955    0.000
B-n43-k6 	BT-3   43    8     86    1    742    742    742     86   0.2986    0.000
B-n43-k6 	BT-3   43    4     43    0    742    798    742     44   0.1692    0.000
B-n43-k6 	BT-3   43    4     43    1    742    742    742     43   0.1671    0.000
B-n43-k6 	BT-3   43   14    172    0    742    893    776    320   0.6985    0.046
B-n43-k6 	BT-3   43   14    172    1    742    887    800    212   0.5654    0.078
B-n43-k6 	BT-3   43    8     86    0    742    798    742     87   0.2994    0.000
B-n43-k6 	BT-3   43    8     86    1    742    742    742     86   0.2896    0.000
B-n43-k6 	BT-3   43    4     43    0    742    798    742     44   0.1701    0.000
B-n43-k6 	BT-3   43    4     43    1    742    742    742     43   0.1659    0.000
B-n43-k6 	BT-3   43   14    172    0    742    893    792    186   0.5284    0.067
B-n43-k6 	BT-3   43   14    172    1    742    887    776    200   0.5511    0.046
B-n43-k6 	BT-3   43    8     86    0    742    798    742     87   0.2979    0.000
B-n43-k6 	BT-3   43    8     86    1    742    742    742     86   0.2903    0.000
B-n43-k6 	BT-3   43    4     43    0    742    798    742     44   0.1694    0.000
B-n43-k6 	BT-3   43    4     43    1    742    742    742     43   0.1665    0.000
B-n43-k6 	BT-3   43   14    172    0    742    893    791    191   0.5346    0.066
B-n43-k6 	BT-3   43   14    172    1    742    887    748    211   0.5448    0.008
B-n43-k6 	BT-3   43    8     86    0    742    798    742     87   0.3242    0.000
B-n43-k6 	BT-3   43    8     86    1    742    742    742     86   0.2988    0.000
B-n43-k6 	BT-3   43    4     43    0    742    798    742     44   0.1689    0.000
B-n43-k6 	BT-3   43    4     43    1    742    742    742     43   0.1683    0.000
B-n43-k6 	BT-3   43   14    172    0    742    893    754    344   0.7610    0.016
B-n43-k6 	BT-3   43   14    172    1    742    887    801    212   0.5712    0.080
B-n43-k6 	BT-3   43    8     86    0    742    798    742     87   0.3032    0.000
B-n43-k6 	BT-3   43    8     86    1    742    742    742     86   0.2971    0.000
B-n43-k6 	BT-3   43    4     43    0    742    798    742     44   0.1687    0.000
B-n43-k6 	BT-3   43    4     43    1    742    742    742     43   0.1662    0.000
B-n43-k6 	BT-3   43   14    172    0    742    893    771    311   0.7169    0.039
B-n43-k6 	BT-3   43   14    172    1    742    887    789    212   0.5662    0.063
B-n43-k6 	BT-3   43    8     86    0    742    798    742     87   0.3022    0.000
B-n43-k6 	BT-3   43    8     86    1    742    742    742     86   0.3000    0.000
B-n43-k6 	BT-3   43    4     43    0    742    798    742     44   0.1712    0.000
B-n43-k6 	BT-3   43    4     43    1    742    742    742     43   0.1656    0.000
B-n43-k6 	BT-3   43   14    172    0    742    893    755    256   0.5954    0.018
B-n43-k6 	BT-3   43   14    172    1    742    887    750    217   0.5693    0.011
B-n43-k6 	BT-3   43    8     86    0    742    798    742     87   0.3012    0.000
B-n43-k6 	BT-3   43    8     86    1    742    742    742     86   0.2920    0.000
B-n43-k6 	BT-3   43    4     43    0    742    798    742     44   0.1681    0.000
B-n43-k6 	BT-3   43    4     43    1    742    742    742     43   0.1663    0.000
B-n43-k6 	BT-3   43   14    172    0    742    893    785    261   0.6313    0.058
B-n43-k6 	BT-3   43   14    172    1    742    887    746    288   0.6492    0.005
B-n43-k6 	BT-3   43    8     86    0    742    798    742     87   0.3051    0.000
B-n43-k6 	BT-3   43    8     86    1    742    742    742     86   0.2940    0.000
B-n43-k6 	BT-3   43    4     43    0    742    798    742     44   0.1729    0.000
B-n43-k6 	BT-3   43    4     43    1    742    742    742     43   0.1970    0.000
B-n43-k6 	BT-3   43   14    172    0    742    893    749    540   1.0195    0.009
B-n43-k6 	BT-3   43   14    172    1    742    887    748    233   0.5658    0.008
B-n43-k6 	BT-3   43    8     86    0    742    798    742     87   0.2921    0.000
B-n43-k6 	BT-3   43    8     86    1    742    742    742     86   0.2945    0.000
B-n43-k6 	BT-3   43    4     43    0    742    798    742     44   0.1690    0.000
B-n43-k6 	BT-3   43    4     43    1    742    742    742     43   0.1658    0.000
B-n43-k6 	BT-3   43   14    172    0    742    893    809    199   0.5582    0.090
B-n43-k6 	BT-3   43   14    172    1    742    887    749    313   0.6888    0.009
B-n43-k6 	BT-3   43    8     86    0    742    798    742     87   0.2999    0.000
B-n43-k6 	BT-3   43    8     86    1    742    742    742     86   0.2970    0.000
B-n43-k6 	BT-3   43    4     43    0    742    798    742     44   0.1683    0.000
B-n43-k6 	BT-3   43    4     43    1    742    742    742     43   0.1658    0.000
B-n43-k6 	BT-3   43   14    172    0    742    893    771    253   0.6289    0.039
B-n43-k6 	BT-3   43   14    172    1    742    887    772    206   0.5533    0.040
B-n43-k6 	BT-3   43    8     86    0    742    798    742     87   0.2990    0.000
B-n43-k6 	BT-3   43    8     86    1    742    742    742     86   0.2931    0.000
B-n43-k6 	BT-3   43    4     43    0    742    798    742     44   0.1686    0.000
B-n43-k6 	BT-3   43    4     43    1    742    742    742     43   0.1650    0.000
B-n43-k6 	BT-3   43   14    172    0    742    893    771    229   0.5977    0.039
B-n43-k6 	BT-3   43   14    172    1    742    887    757    237   0.6005    0.020
B-n43-k6 	BT-3   43    8     86    0    742    798    742     87   0.3017    0.000
B-n43-k6 	BT-3   43    8     86    1    742    742    742     86   0.2941    0.000
B-n43-k6 	BT-3   43    4     43    0    742    798    742     44   0.1716    0.000
B-n43-k6 	BT-3   43    4     43    1    742    742    742     43   0.1648    0.000
B-n43-k6 	BT-3   43   14    172    0    742    893    751    345   0.7306    0.012
B-n43-k6 	BT-3   43   14    172    1    742    887    746    198   0.5139    0.005
B-n43-k6 	BT-3   43    8     86    0    742    798    742     87   0.3014    0.000
B-n43-k6 	BT-3   43    8     86    1    742    742    742     86   0.2895    0.000
B-n43-k6 	BT-3   43    4     43    0    742    798    742     44   0.1690    0.000
B-n43-k6 	BT-3   43    4     43    1    742    742    742     43   0.1674    0.000
B-n43-k6 	BT-3   43   14    172    0    742    893    749    361   0.7456    0.009
B-n43-k6 	BT-3   43   14    172    1    742    887    757    330   0.7473    0.020
B-n43-k6 	BT-3   43    8     86    0    742    798    742     87   0.2950    0.000
B-n43-k6 	BT-3   43    8     86    1    742    742    742     86   0.2952    0.000
B-n43-k6 	BT-3   43    4     43    0    742    798    742     44   0.1687    0.000
B-n43-k6 	BT-3   43    4     43    1    742    742    742     43   0.1669    0.000
B-n43-k6 	BT-3   43   14    172    0    742    893    780    199   0.5379    0.051
B-n43-k6 	BT-3   43   14    172    1    742    887    766    242   0.6043    0.032
B-n43-k6 	BT-3   43    8     86    0    742    798    742     87   0.2980    0.000
B-n43-k6 	BT-3   43    8     86    1    742    742    742     86   0.2912    0.000
B-n43-k6 	BT-3   43    4     43    0    742    798    742     44   0.1697    0.000
B-n43-k6 	BT-3   43    4     43    1    742    742    742     43   0.1706    0.000
B-n43-k6 	BT-3   43   14    172    0    742    893    752    275   0.6463    0.013
B-n43-k6 	BT-3   43   14    172    1    742    887    753    211   0.5486    0.015
B-n43-k6 	BT-3   43    8     86    0    742    798    742     87   0.2956    0.000
B-n43-k6 	BT-3   43    8     86    1    742    742    742     86   0.2970    0.000
B-n43-k6 	BT-3   43    4     43    0    742    798    747     50   0.1700    0.007
B-n43-k6 	BT-3   43    4     43    1    742    742    742     43   0.1693    0.000
B-n43-k6 	BT-3   43   14    172    0    742    893    747    450   1.1037    0.007
B-n43-k6 	BT-3   43   14    172    1    742    887    747    330   0.7157    0.007
B-n43-k6 	BT-3   43    8     86    0    742    798    742     87   0.2927    0.000
B-n43-k6 	BT-3   43    8     86    1    742    742    742     86   0.2949    0.000
B-n43-k6 	BT-3   43    4     43    0    742    798    742     44   0.1722    0.000
B-n43-k6 	BT-3   43    4     43    1    742    742    742     43   0.1665    0.000
B-n43-k6 	BT-3   43   14    172    0    742    893    775    228   0.5898    0.044
B-n43-k6 	BT-3   43   14    172    1    742    887    753    370   0.7730    0.015
B-n43-k6 	BT-3   43    8     86    0    742    798    742     87   0.3019    0.000
B-n43-k6 	BT-3   43    8     86    1    742    742    742     86   0.2909    0.000
B-n43-k6 	BT-3   43    4     43    0    742    798    742     44   0.1686    0.000
B-n43-k6 	BT-3   43    4     43    1    742    742    742     43   0.1665    0.000
B-n43-k6 	BT-3   43   14    172    0    742    893    776    238   0.5860    0.046
B-n43-k6 	BT-3   43   14    172    1    742    887    773    288   0.6669    0.042
B-n43-k6 	BT-3   43    8     86    0    742    798    742     87   0.2952    0.000
B-n43-k6 	BT-3   43    8     86    1    742    742    742     86   0.2964    0.000
B-n43-k6 	BT-3   43    4     43    0    742    798    742     44   0.1702    0.000
B-n43-k6 	BT-3   43    4     43    1    742    742    742     43   0.1653    0.000
B-n43-k6 	BT-3   43   14    172    0    742    893    759    203   0.5421    0.023
B-n43-k6 	BT-3   43   14    172    1    742    887    748    325   0.7204    0.008
B-n43-k6 	BT-3   43    8     86    0    742    798    742     87   0.3031    0.000
B-n43-k6 	BT-3   43    8     86    1    742    742    742     86   0.2980    0.000
B-n43-k6 	BT-3   43    4     43    0    742    798    742     44   0.1686    0.000
B-n43-k6 	BT-3   43    4     43    1    742    742    742     43   0.1665    0.000
B-n43-k6 	BT-3   43   14    172    0    742    893    788    197   0.5353    0.062
B-n43-k6 	BT-3   43   14    172    1    742    887    746    198   0.5160    0.005
B-n43-k6 	BT-3   43    8     86    0    742    798    742     87   0.3004    0.000
B-n43-k6 	BT-3   43    8     86    1    742    742    742     86   0.2918    0.000
B-n43-k6 	BT-3   43    4     43    0    742    798    742     44   0.1693    0.000
B-n43-k6 	BT-3   43    4     43    1    742    742    742     43   0.1669    0.000
B-n43-k6 	BT-3   43   14    172    0    742    893    754    307   0.6897    0.016
B-n43-k6 	BT-3   43   14    172    1    742    887    753    224   0.5757    0.015
B-n43-k6 	BT-3   43    8     86    0    742    798    742     87   0.3001    0.000
B-n43-k6 	BT-3   43    8     86    1    742    742    742     86   0.2960    0.000
B-n43-k6 	BT-3   43    4     43    0    742    798    742     44   0.1693    0.000
B-n43-k6 	BT-3   43    4     43    1    742    742    742     43   0.1663    0.000
B-n43-k6 	BT-3   43   14    172    0    742    893    791    191   0.5393    0.066
B-n43-k6 	BT-3   43   14    172    1    742    887    757    250   0.6487    0.020
B-n43-k6 	BT-3   43    8     86    0    742    798    747     91   0.2982    0.007
B-n43-k6 	BT-3   43    8     86    1    742    742    742     86   0.2968    0.000
B-n43-k6 	BT-3   43    4     43    0    742    798    742     44   0.1691    0.000
B-n43-k6 	BT-3   43    4     43    1    742    742    742     43   0.1668    0.000
B-n43-k6 	BT-3   43   14    172    0    742    893    745    473   0.9219    0.004
B-n43-k6 	BT-3   43   14    172    1    742    887    754    588   1.0947    0.016
B-n43-k6 	BT-3   43    8     86    0    742    798    742     87   0.3075    0.000
B-n43-k6 	BT-3   43    8     86    1    742    742    742     86   0.2970    0.000
B-n43-k6 	BT-3   43    4     43    0    742    798    742     44   0.1710    0.000
B-n43-k6 	BT-3   43    4     43    1    742    742    742     43   0.1648    0.000
B-n43-k6 	BT-3   43   14    172    0    742    893    785    218   0.5814    0.058
B-n43-k6 	BT-3   43   14    172    1    742    887    747    465   0.9459    0.007
B-n43-k6 	BT-3   43    8     86    0    742    798    742     87   0.2992    0.000
B-n43-k6 	BT-3   43    8     86    1    742    742    742     86   0.2966    0.000
B-n43-k6 	BT-3   43    4     43    0    742    798    742     44   0.1836    0.000
B-n43-k6 	BT-3   43    4     43    1    742    742    742     43   0.1664    0.000
B-n43-k6 	BT-3   43   14    172    0    742    893    809    199   0.5699    0.090
B-n43-k6 	BT-3   43   14    172    1    742    887    750    297   0.6813    0.011
B-n43-k6 	BT-3   43    8     86    0    742    798    742     87   0.3078    0.000
B-n43-k6 	BT-3   43    8     86    1    742    742    742     86   0.2927    0.000
B-n43-k6 	BT-3   43    4     43    0    742    798    742     44   0.1706    0.000
B-n43-k6 	BT-3   43    4     43    1    742    742    742     43   0.1655    0.000
B-n43-k6 	BT-3   43   14    172    0    742    893    788    197   0.5408    0.062
B-n43-k6 	BT-3   43   14    172    1    742    887    789    211   0.5550    0.063
B-n43-k6 	BT-3   43    8     86    0    742    798    742     87   0.2907    0.000
B-n43-k6 	BT-3   43    8     86    1    742    742    742     86   0.2911    0.000
B-n43-k6 	BT-3   43    4     43    0    742    798    742     44   0.1733    0.000
B-n43-k6 	BT-3   43    4     43    1    742    742    742     43   0.1660    0.000
B-n43-k6 	BT-3   43   14    172    0    742    893    784    232   0.5879    0.057
B-n43-k6 	BT-3   43   14    172    1    742    887    746    382   0.8048    0.005
B-n43-k6 	BT-3   43    8     86    0    742    798    742     87   0.2996    0.000
B-n43-k6 	BT-3   43    8     86    1    742    742    742     86   0.2948    0.000
B-n43-k6 	BT-3   43    4     43    0    742    798    742     44   0.1693    0.000
B-n43-k6 	BT-3   43    4     43    1    742    742    742     43   0.1654    0.000
B-n43-k6 	BT-3   43   14    172    0    742    893    788    197   0.5345    0.062
B-n43-k6 	BT-3   43   14    172    1    742    887    750    430   0.9696    0.011
B-n43-k6 	BT-3   43    8     86    0    742    798    742     87   0.3039    0.000
B-n43-k6 	BT-3   43    8     86    1    742    742    742     86   0.2909    0.000
B-n43-k6 	BT-3   43    4     43    0    742    798    742     44   0.1688    0.000
B-n43-k6 	BT-3   43    4     43    1    742    742    742     43   0.1657    0.000
B-n43-k6 	BT-3   43   14    172    0    742    893    788    197   0.5374    0.062
B-n43-k6 	BT-3   43   14    172    1    742    887    753    398   0.9008    0.015
B-n43-k6 	BT-3   43    8     86    0    742    798    742     87   0.3029    0.000
B-n43-k6 	BT-3   43    8     86    1    742    742    742     86   0.2978    0.000
B-n43-k6 	BT-3   43    4     43    0    742    798    742     44   0.1719    0.000
B-n43-k6 	BT-3   43    4     43    1    742    742    742     43   0.1656    0.000
B-n43-k6 	BT-3   43   14    172    0    742    893    751    260   0.6209    0.012
B-n43-k6 	BT-3   43   14    172    1    742    887    762    199   0.5432    0.027
B-n43-k6 	BT-3   43    8     86    0    742    798    742     87   0.2907    0.000
B-n43-k6 	BT-3   43    8     86    1    742    742    742     86   0.2881    0.000
B-n43-k6 	BT-3   43    4     43    0    742    798    742     44   0.1708    0.000
B-n43-k6 	BT-3   43    4     43    1    742    742    742     43   0.1834    0.000
B-n43-k6 	BT-3   43   14    172    0    742    893    776    326   0.8051    0.046
B-n43-k6 	BT-3   43   14    172    1    742    887    755    319   0.7097    0.018
B-n43-k6 	BT-3   43    8     86    0    742    798    742     87   0.3053    0.000
B-n43-k6 	BT-3   43    8     86    1    742    742    742     86   0.2930    0.000
B-n43-k6 	BT-3   43    4     43    0    742    798    742     44   0.1704    0.000
B-n43-k6 	BT-3   43    4     43    1    742    742    742     43   0.1654    0.000
B-n43-k6 	BT-3   43   14    172    0    742    893    773    245   0.5995    0.042
B-n43-k6 	BT-3   43   14    172    1    742    887    752    343   0.7315    0.013
B-n43-k6 	BT-3   43    8     86    0    742    798    742     87   0.3016    0.000
B-n43-k6 	BT-3   43    8     86    1    742    742    742     86   0.2926    0.000
B-n43-k6 	BT-3   43    4     43    0    742    798    742     44   0.1868    0.000
B-n43-k6 	BT-3   43    4     43    1    742    742    742     43   0.1667    0.000
B-n43-k6 	BT-3   43   14    172    0    742    893    788    197   0.5420    0.062
B-n43-k6 	BT-3   43   14    172    1    742    887    800    212   0.5661    0.078
B-n43-k6 	BT-3   43    8     86    0    742    798    742     87   0.3021    0.000
B-n43-k6 	BT-3   43    8     86    1    742    742    742     86   0.3032    0.000
B-n43-k6 	BT-3   43    4     43    0    742    798    742     44   0.1690    0.000
B-n43-k6 	BT-3   43    4     43    1    742    742    742     43   0.1662    0.000
B-n43-k6 	BT-3   43   14    172    0    742    893    788    197   0.5482    0.062
B-n43-k6 	BT-3   43   14    172    1    742    887    784    216   0.5628    0.057
B-n43-k6 	BT-3   43    8     86    0    742    798    742     87   0.3004    0.000
B-n43-k6 	BT-3   43    8     86    1    742    742    742     86   0.3033    0.000
B-n43-k6 	BT-3   43    4     43    0    742    798    742     44   0.1724    0.000
B-n43-k6 	BT-3   43    4     43    1    742    742    742     43   0.1670    0.000
B-n43-k6 	BT-3   43   14    172    0    742    893    748    325   0.7128    0.008
B-n43-k6 	BT-3   43   14    172    1    742    887    800    208   0.5584    0.078
B-n43-k6 	BT-3   43    8     86    0    742    798    742     87   0.2944    0.000
B-n43-k6 	BT-3   43    8     86    1    742    742    742     86   0.3002    0.000
B-n43-k6 	BT-3   43    4     43    0    742    798    742     44   0.1685    0.000
B-n43-k6 	BT-3   43    4     43    1    742    742    742     43   0.1657    0.000
B-n43-k6 	BT-3   43   14    172    0    742    893    773    333   0.7493    0.042
B-n43-k6 	BT-3   43   14    172    1    742    887    776    401   0.8553    0.046
B-n43-k6 	BT-3   43    8     86    0    742    798    742     87   0.2987    0.000
B-n43-k6 	BT-3   43    8     86    1    742    742    742     86   0.2938    0.000
B-n43-k6 	BT-3   43    4     43    0    742    798    742     44   0.1702    0.000
B-n43-k6 	BT-3   43    4     43    1    742    742    742     43   0.1664    0.000
B-n43-k6 	BT-3   43   14    172    0    742    893    788    197   0.5400    0.062
B-n43-k6 	BT-3   43   14    172    1    742    887    748    226   0.5819    0.008
B-n43-k6 	BT-3   43    8     86    0    742    798    742     87   0.2969    0.000
B-n43-k6 	BT-3   43    8     86    1    742    742    742     86   0.2962    0.000
B-n43-k6 	BT-3   43    4     43    0    742    798    743     47   0.1695    0.001
B-n43-k6 	BT-3   43    4     43    1    742    742    742     43   0.1666    0.000
B-n43-k6 	BT-3   43   14    172    0    742    893    767    386   0.7915    0.034
B-n43-k6 	BT-3   43   14    172    1    742    887    756    217   0.5543    0.019
B-n43-k6 	BT-3   43    8     86    0    742    798    742     87   0.3061    0.000
B-n43-k6 	BT-3   43    8     86    1    742    742    742     86   0.2954    0.000
B-n43-k6 	BT-3   43    4     43    0    742    798    742     44   0.1692    0.000
B-n43-k6 	BT-3   43    4     43    1    742    742    742     43   0.1672    0.000
B-n43-k6 	BT-3   43   14    172    0    742    893    788    197   0.5449    0.062
B-n43-k6 	BT-3   43   14    172    1    742    887    753    232   0.5713    0.015
B-n43-k6 	BT-3   43    8     86    0    742    798    742     87   0.2980    0.000
B-n43-k6 	BT-3   43    8     86    1    742    742    742     86   0.2966    0.000
B-n43-k6 	BT-3   43    4     43    0    742    798    742     44   0.1691    0.000
B-n43-k6 	BT-3   43    4     43    1    742    742    742     43   0.1662    0.000
B-n43-k6 	BT-3   43   14    172    0    742    893    750    462   0.9080    0.011
B-n43-k6 	BT-3   43   14    172    1    742    887    780    331   0.7335    0.051
B-n43-k6 	BT-3   43    8     86    0    742    798    742     87   0.2942    0.000
B-n43-k6 	BT-3   43    8     86    1    742    742    742     86   0.2954    0.000
B-n43-k6 	BT-3   43    4     43    0    742    798    742     44   0.1688    0.000
B-n43-k6 	BT-3   43    4     43    1    742    742    742     43   0.1660    0.000
B-n43-k6 	BT-3   43   14    172    0    742    893    752    441   0.8676    0.013
B-n43-k6 	BT-3   43   14    172    1    742    887    756    203   0.5485    0.019
B-n43-k6 	BT-3   43    8     86    0    742    798    742     87   0.3251    0.000
B-n43-k6 	BT-3   43    8     86    1    742    742    742     86   0.2981    0.000
B-n43-k6 	BT-3   43    4     43    0    742    798    742     44   0.1681    0.000
B-n43-k6 	BT-3   43    4     43    1    742    742    742     43   0.1667    0.000
B-n43-k6 	BT-3   43   14    172    0    742    893    788    197   0.5385    0.062
B-n43-k6 	BT-3   43   14    172    1    742    887    753    242   0.5803    0.015
B-n43-k6 	BT-3   43    8     86    0    742    798    742     87   0.3019    0.000
B-n43-k6 	BT-3   43    8     86    1    742    742    742     86   0.2974    0.000
B-n43-k6 	BT-3   43    4     43    0    742    798    742     44   0.1684    0.000
B-n43-k6 	BT-3   43    4     43    1    742    742    742     43   0.1664    0.000
B-n43-k6 	BT-3   43   14    172    0    742    893    759    274   0.6444    0.023
B-n43-k6 	BT-3   43   14    172    1    742    887    749    301   0.6861    0.009
B-n43-k6 	BT-3   43    8     86    0    742    798    742     87   0.3024    0.000
B-n43-k6 	BT-3   43    8     86    1    742    742    742     86   0.2916    0.000
B-n43-k6 	BT-3   43    4     43    0    742    798    742     44   0.1689    0.000
B-n43-k6 	BT-3   43    4     43    1    742    742    742     43   0.1662    0.000
B-n43-k6 	BT-3   43   14    172    0    742    893    813    186   0.5212    0.096
B-n43-k6 	BT-3   43   14    172    1    742    887    751    532   1.0511    0.012
B-n43-k6 	BT-3   43    8     86    0    742    798    743     90   0.2957    0.001
B-n43-k6 	BT-3   43    8     86    1    742    742    742     86   0.2905    0.000
B-n43-k6 	BT-3   43    4     43    0    742    798    742     44   0.1692    0.000
B-n43-k6 	BT-3   43    4     43    1    742    742    742     43   0.1682    0.000
B-n43-k6 	BT-3   43   14    172    0    742    893    748    630   1.1678    0.008
B-n43-k6 	BT-3   43   14    172    1    742    887    748    413   0.8316    0.008
B-n43-k6 	BT-3   43    8     86    0    742    798    742     87   0.3022    0.000
B-n43-k6 	BT-3   43    8     86    1    742    742    742     86   0.2908    0.000
B-n43-k6 	BT-3   43    4     43    0    742    798    742     44   0.1719    0.000
B-n43-k6 	BT-3   43    4     43    1    742    742    742     43   0.1663    0.000
