A-n54-k7 	BT-1   54   18    216    0   1167   1610   1270    351   1.1976    0.088
A-n54-k7 	BT-1   54   18    216    1   1167   1610   1203    409   1.2238    0.031
A-n54-k7 	BT-1   54    9    108    0   1167   1203   1197    129   0.4501    0.026
A-n54-k7 	BT-1   54    9    108    1   1167   1203   1198    164   0.5414    0.027
A-n54-k7 	BT-1   54    5    108    0   1167   1197   1197    108   0.3708    0.026
A-n54-k7 	BT-1   54    5    108    1   1167   1197   1197    108   0.3887    0.026
A-n54-k7 	BT-2   54   18    216    0   1167   1610   1283    231   0.7288    0.099
A-n54-k7 	BT-2   54   18    216    1   1167   1610   1226    327   1.0049    0.051
A-n54-k7 	BT-2   54    9    108    0   1167   1226   1223    136   0.4567    0.048
A-n54-k7 	BT-2   54    9    108    1   1167   1226   1226    108   0.3751    0.051
A-n54-k7 	BT-2   54    5    108    0   1167   1223   1216    124   0.4318    0.042
A-n54-k7 	BT-2   54    5    108    1   1167   1223   1216    132   0.4466    0.042
A-n54-k7 	BT-3   54   18    216    0   1167   1610   1232    357   1.0663    0.056
A-n54-k7 	BT-3   54   18    216    1   1167   1610   1193    855   2.7355    0.022
A-n54-k7 	BT-3   54    9    108    0   1167   1193   1185    120   0.5143    0.015
A-n54-k7 	BT-3   54    9    108    1   1167   1193   1192    127   0.4796    0.021
A-n54-k7 	BT-3   54    5    108    0   1167   1185   1185    108   0.4176    0.015
A-n54-k7 	BT-3   54    5    108    1   1167   1185   1185    108   0.4439    0.015
A-n54-k7 	BT-3   54   18    216    0   1167   1610   1211    526   1.5389    0.038
A-n54-k7 	BT-3   54   18    216    1   1167   1610   1200    455   1.3785    0.028
A-n54-k7 	BT-3   54    9    108    0   1167   1185   1185    108   0.4163    0.015
A-n54-k7 	BT-3   54    9    108    1   1167   1185   1185    108   0.4228    0.015
A-n54-k7 	BT-3   54    5    108    0   1167   1185   1185    108   0.4184    0.015
A-n54-k7 	BT-3   54    5    108    1   1167   1185   1185    108   0.4278    0.015
A-n54-k7 	BT-3   54   18    216    0   1167   1610   1268    270   0.8264    0.087
A-n54-k7 	BT-3   54   18    216    1   1167   1610   1227    259   0.8086    0.051
A-n54-k7 	BT-3   54    9    108    0   1167   1185   1185    108   0.4226    0.015
A-n54-k7 	BT-3   54    9    108    1   1167   1185   1185    108   0.4170    0.015
A-n54-k7 	BT-3   54    5    108    0   1167   1185   1185    108   0.4281    0.015
A-n54-k7 	BT-3   54    5    108    1   1167   1185   1185    108   0.4414    0.015
A-n54-k7 	BT-3   54   18    216    0   1167   1610   1229    266   0.8697    0.053
A-n54-k7 	BT-3   54   18    216    1   1167   1610   1227    259   0.8202    0.051
A-n54-k7 	BT-3   54    9    108    0   1167   1185   1185    108   0.4171    0.015
A-n54-k7 	BT-3   54    9    108    1   1167   1185   1185    108   0.4227    0.015
A-n54-k7 	BT-3   54    5    108    0   1167   1185   1185    108   0.4176    0.015
A-n54-k7 	BT-3   54    5    108    1   1167   1185   1185    108   0.4399    0.015
A-n54-k7 	BT-3   54   18    216    0   1167   1610   1186    472   1.4076    0.016
A-n54-k7 	BT-3   54   18    216    1   1167   1610   1173    536   1.5525    0.005
A-n54-k7 	BT-3   54    9    108    0   1167   1173   1172    128   0.4672    0.004
A-n54-k7 	BT-3   54    9    108    1   1167   1173   1172    144   0.5206    0.004
A-n54-k7 	BT-3   54    5    108    0   1167   1172   1172    108   0.4204    0.004
A-n54-k7 	BT-3   54    5    108    1   1167   1172   1172    108   0.4248    0.004
A-n54-k7 	BT-3   54   18    216    0   1167   1610   1204   1021   2.9699    0.032
A-n54-k7 	BT-3   54   18    216    1   1167   1610   1178    605   1.7834    0.009
A-n54-k7 	BT-3   54    9    108    0   1167   1172   1172    108   0.4220    0.004
A-n54-k7 	BT-3   54    9    108    1   1167   1172   1172    108   0.4205    0.004
A-n54-k7 	BT-3   54    5    108    0   1167   1172   1172    108   0.4188    0.004
A-n54-k7 	BT-3   54    5    108    1   1167   1172   1172    108   0.4159    0.004
A-n54-k7 	BT-3   54   18    216    0   1167   1610   1266    326   1.0016    0.085
A-n54-k7 	BT-3   54   18    216    1   1167   1610   1200    385   1.1658    0.028
A-n54-k7 	BT-3   54    9    108    0   1167   1172   1172    108   0.4383    0.004
A-n54-k7 	BT-3   54    9    108    1   1167   1172   1172    108   0.4215    0.004
A-n54-k7 	BT-3   54    5    108    0   1167   1172   1172    108   0.4333    0.004
A-n54-k7 	BT-3   54    5    108    1   1167   1172   1172    108   0.4288    0.004
A-n54-k7 	BT-3   54   18    216    0   1167   1610   1289    507   1.6089    0.105
A-n54-k7 	BT-3   54   18    216    1   1167   1610   1199    413   1.2441    0.027
A-n54-k7 	BT-3   54    9    108    0   1167   1172   1172    108   0.4291    0.004
A-n54-k7 	BT-3   54    9    108    1   1167   1172   1172    108   0.4182    0.004
A-n54-k7 	BT-3   54    5    108    0   1167   1172   1172    108   0.4260    0.004
A-n54-k7 	BT-3   54    5    108    1   1167   1172   1172    108   0.4199    0.004
A-n54-k7 	BT-3   54   18    216    0   1167   1610   1238    840   2.4665    0.061
A-n54-k7 	BT-3   54   18    216    1   1167   1610   1203    673   2.0125    0.031
A-n54-k7 	BT-3   54    9    108    0   1167   1172   1172    108   0.4801    0.004
A-n54-k7 	BT-3   54    9    108    1   1167   1172   1172    108   0.4388    0.004
A-n54-k7 	BT-3   54    5    108    0   1167   1172   1172    108   0.4175    0.004
A-n54-k7 	BT-3   54    5    108    1   1167   1172   1172    108   0.4243    0.004
A-n54-k7 	BT-3   54   18    216    0   1167   1610   1237    306   0.9333    0.060
A-n54-k7 	BT-3   54   18    216    1   1167   1610   1206    434   1.2952    0.033
A-n54-k7 	BT-3   54    9    108    0   1167   1172   1172    108   0.4354    0.004
A-n54-k7 	BT-3   54    9    108    1   1167   1172   1172    108   0.4082    0.004
A-n54-k7 	BT-3   54    5    108    0   1167   1172   1172    108   0.4247    0.004
A-n54-k7 	BT-3   54    5    108    1   1167   1172   1172    108   0.4134    0.004
A-n54-k7 	BT-3   54   18    216    0   1167   1610   1188    606   1.7485    0.018
A-n54-k7 	BT-3   54   18    216    1   1167   1610   1178    508   1.5604    0.009
A-n54-k7 	BT-3   54    9    108    0   1167   1172   1172    108   0.4261    0.004
A-n54-k7 	BT-3   54    9    108    1   1167   1172   1172    108   0.4180    0.004
A-n54-k7 	BT-3   54    5    108    0   1167   1172   1172    108   0.4209    0.004
A-n54-k7 	BT-3   54    5    108    1   1167   1172   1172    108   0.4208    0.004
A-n54-k7 	BT-3   54   18    216    0   1167   1610   1175    467   1.3897    0.007
A-n54-k7 	BT-3   54   18    216    1   1167   1610   1211    662   1.9541    0.038
A-n54-k7 	BT-3   54    9    108    0   1167   1172   1172    108   0.4149    0.004
A-n54-k7 	BT-3   54    9    108    1   1167   1172   1172    108   0.4182    0.004
A-n54-k7 	BT-3   54    5    108    0   1167   1172   1172    108   0.4205    0.004
A-n54-k7 	BT-3   54    5    108    1   1167   1172   1172    108   0.4139    0.004
A-n54-k7 	BT-3   54   18    216    0   1167   1610   1225    500   1.4704    0.050
A-n54-k7 	BT-3   54   18    216    1   1167   1610   1227    258   0.7910    0.051
A-n54-k7 	BT-3   54    9    108    0   1167   1172   1172    108   0.4229    0.004
A-n54-k7 	BT-3   54    9    108    1   1167   1172   1172    108   0.4135    0.004
A-n54-k7 	BT-3   54    5    108    0   1167   1172   1172    108   0.4285    0.004
A-n54-k7 	BT-3   54    5    108    1   1167   1172   1172    108   0.4281    0.004
A-n54-k7 	BT-3   54   18    216    0   1167   1610   1178    350   1.0510    0.009
A-n54-k7 	BT-3   54   18    216    1   1167   1610   1190    417   1.2822    0.020
A-n54-k7 	BT-3   54    9    108    0   1167   1172   1172    108   0.4170    0.004
A-n54-k7 	BT-3   54    9    108    1   1167   1172   1172    108   0.4503    0.004
A-n54-k7 	BT-3   54    5    108    0   1167   1172   1172    108   0.4174    0.004
A-n54-k7 	BT-3   54    5    108    1   1167   1172   1172    108   0.4118    0.004
A-n54-k7 	BT-3   54   18    216    0   1167   1610   1251    357   1.0740    0.072
A-n54-k7 	BT-3   54   18    216    1   1167   1610   1196    691   1.9992    0.025
A-n54-k7 	BT-3   54    9    108    0   1167   1172   1172    108   0.4280    0.004
A-n54-k7 	BT-3   54    9    108    1   1167   1172   1172    108   0.4110    0.004
A-n54-k7 	BT-3   54    5    108    0   1167   1172   1172    108   0.4172    0.004
A-n54-k7 	BT-3   54    5    108    1   1167   1172   1172    108   0.4245    0.004
A-n54-k7 	BT-3   54   18    216    0   1167   1610   1293    247   0.7805    0.108
A-n54-k7 	BT-3   54   18    216    1   1167   1610   1181    458   1.3337    0.012
A-n54-k7 	BT-3   54    9    108    0   1167   1172   1172    108   0.4181    0.004
A-n54-k7 	BT-3   54    9    108    1   1167   1172   1172    108   0.4131    0.004
A-n54-k7 	BT-3   54    5    108    0   1167   1172   1172    108   0.4239    0.004
A-n54-k7 	BT-3   54    5    108    1   1167   1172   1172    108   0.4490    0.004
A-n54-k7 	BT-3   54   18    216    0   1167   1610   1217    362   1.1222    0.043
A-n54-k7 	BT-3   54   18    216    1   1167   1610   1227    258   0.7929    0.051
A-n54-k7 	BT-3   54    9    108    0   1167   1172   1172    108   0.4167    0.004
A-n54-k7 	BT-3   54    9    108    1   1167   1172   1172    108   0.4220    0.004
A-n54-k7 	BT-3   54    5    108    0   1167   1172   1172    108   0.4200    0.004
A-n54-k7 	BT-3   54    5    108    1   1167   1172   1172    108   0.4133    0.004
A-n54-k7 	BT-3   54   18    216    0   1167   1610   1227    480   1.3927    0.051
A-n54-k7 	BT-3   54   18    216    1   1167   1610   1200    593   1.7474    0.028
A-n54-k7 	BT-3   54    9    108    0   1167   1172   1172    108   0.4254    0.004
A-n54-k7 	BT-3   54    9    108    1   1167   1172   1172    108   0.4085    0.004
A-n54-k7 	BT-3   54    5    108    0   1167   1172   1172    108   0.4139    0.004
A-n54-k7 	BT-3   54    5    108    1   1167   1172   1172    108   0.4221    0.004
A-n54-k7 	BT-3   54   18    216    0   1167   1610   1280    469   1.4386    0.097
A-n54-k7 	BT-3   54   18    216    1   1167   1610   1198    447   1.3157    0.027
A-n54-k7 	BT-3   54    9    108    0   1167   1172   1172    108   0.4249    0.004
A-n54-k7 	BT-3   54    9    108    1   1167   1172   1172    108   0.4089    0.004
A-n54-k7 	BT-3   54    5    108    0   1167   1172   1172    108   0.4165    0.004
A-n54-k7 	BT-3   54    5    108    1   1167   1172   1172    108   0.4196    0.004
A-n54-k7 	BT-3   54   18    216    0   1167   1610   1262    369   1.1197    0.081
A-n54-k7 	BT-3   54   18    216    1   1167   1610   1175    813   2.4165    0.007
A-n54-k7 	BT-3   54    9    108    0   1167   1172   1172    108   0.4231    0.004
A-n54-k7 	BT-3   54    9    108    1   1167   1172   1172    108   0.4157    0.004
A-n54-k7 	BT-3   54    5    108    0   1167   1172   1172    108   0.4181    0.004
A-n54-k7 	BT-3   54    5    108    1   1167   1172   1172    108   0.4178    0.004
A-n54-k7 	BT-3   54   18    216    0   1167   1610   1185    488   1.4208    0.015
A-n54-k7 	BT-3   54   18    216    1   1167   1610   1179    711   2.0636    0.010
A-n54-k7 	BT-3   54    9    108    0   1167   1172   1172    108   0.4225    0.004
A-n54-k7 	BT-3   54    9    108    1   1167   1172   1172    108   0.4182    0.004
A-n54-k7 	BT-3   54    5    108    0   1167   1172   1172    108   0.4262    0.004
A-n54-k7 	BT-3   54    5    108    1   1167   1172   1172    108   0.4137    0.004
A-n54-k7 	BT-3   54   18    216    0   1167   1610   1280    264   0.8445    0.097
A-n54-k7 	BT-3   54   18    216    1   1167   1610   1197    555   1.6286    0.026
A-n54-k7 	BT-3   54    9    108    0   1167   1172   1172    108   0.4228    0.004
A-n54-k7 	BT-3   54    9    108    1   1167   1172   1172    108   0.4137    0.004
A-n54-k7 	BT-3   54    5    108    0   1167   1172   1172    108   0.4202    0.004
A-n54-k7 	BT-3   54    5    108    1   1167   1172   1172    108   0.4140    0.004
A-n54-k7 	BT-3   54   18    216    0   1167   1610   1231    496   1.4465    0.055
A-n54-k7 	BT-3   54   18    216    1   1167   1610   1203    368   1.1046    0.031
A-n54-k7 	BT-3   54    9    108    0   1167   1172   1172    108   0.4366    0.004
A-n54-k7 	BT-3   54    9    108    1   1167   1172   1172    108   0.4105    0.004
A-n54-k7 	BT-3   54    5    108    0   1167   1172   1172    108   0.4156    0.004
A-n54-k7 	BT-3   54    5    108    1   1167   1172   1172    108   0.4174    0.004
A-n54-k7 	BT-3   54   18    216    0   1167   1610   1251    329   0.9970    0.072
A-n54-k7 	BT-3   54   18    216    1   1167   1610   1204    639   1.8755    0.032
A-n54-k7 	BT-3   54    9    108    0   1167   1172   1172    108   0.4194    0.004
A-n54-k7 	BT-3   54    9    108    1   1167   1172   1172    108   0.4120    0.004
A-n54-k7 	BT-3   54    5    108    0   1167   1172   1172    108   0.4226    0.004
A-n54-k7 	BT-3   54    5    108    1   1167   1172   1172    108   0.4124    0.004
A-n54-k7 	BT-3   54   18    216    0   1167   1610   1215    427   1.2559    0.041
A-n54-k7 	BT-3   54   18    216    1   1167   1610   1187    672   1.9799    0.017
A-n54-k7 	BT-3   54    9    108    0   1167   1172   1172    108   0.4201    0.004
A-n54-k7 	BT-3   54    9    108    1   1167   1172   1172    108   0.4137    0.004
A-n54-k7 	BT-3   54    5    108    0   1167   1172   1172    108   0.4170    0.004
A-n54-k7 	BT-3   54    5    108    1   1167   1172   1172    108   0.4148    0.004
A-n54-k7 	BT-3   54   18    216    0   1167   1610   1196    660   1.9369    0.025
A-n54-k7 	BT-3   54   18    216    1   1167   1610   1227    258   0.8019    0.051
A-n54-k7 	BT-3   54    9    108    0   1167   1172   1172    108   0.4201    0.004
A-n54-k7 	BT-3   54    9    108    1   1167   1172   1172    108   0.4206    0.004
A-n54-k7 	BT-3   54    5    108    0   1167   1172   1172    108   0.4145    0.004
A-n54-k7 	BT-3   54    5    108    1   1167   1172   1172    108   0.4164    0.004
A-n54-k7 	BT-3   54   18    216    0   1167   1610   1207    337   1.0066    0.034
A-n54-k7 	BT-3   54   18    216    1   1167   1610   1198    374   1.2338    0.027
A-n54-k7 	BT-3   54    9    108    0   1167   1172   1172    108   0.4815    0.004
A-n54-k7 	BT-3   54    9    108    1   1167   1172   1172    108   0.4519    0.004
A-n54-k7 	BT-3   54    5    108    0   1167   1172   1172    108   0.4329    0.004
A-n54-k7 	BT-3   54    5    108    1   1167   1172   1172    108   0.4125    0.004
A-n54-k7 	BT-3   54   18    216    0   1167   1610   1253    284   0.9906    0.074
A-n54-k7 	BT-3   54   18    216    1   1167   1610   1188    561   1.6706    0.018
A-n54-k7 	BT-3   54    9    108    0   1167   1172   1172    108   0.4221    0.004
A-n54-k7 	BT-3   54    9    108    1   1167   1172   1172    108   0.4226    0.004
A-n54-k7 	BT-3   54    5    108    0   1167   1172   1172    108   0.4202    0.004
A-n54-k7 	BT-3   54    5    108    1   1167   1172   1172    108   0.4247    0.004
A-n54-k7 	BT-3   54   18    216    0   1167   1610   1226    605   1.8399    0.051
A-n54-k7 	BT-3   54   18    216    1   1167   1610   1227    258   0.8221    0.051
A-n54-k7 	BT-3   54    9    108    0   1167   1172   1172    108   0.4621    0.004
A-n54-k7 	BT-3   54    9    108    1   1167   1172   1172    108   0.4331    0.004
A-n54-k7 	BT-3   54    5    108    0   1167   1172   1172    108   0.4991    0.004
A-n54-k7 	BT-3   54    5    108    1   1167   1172   1172    108   0.4743    0.004
A-n54-k7 	BT-3   54   18    216    0   1167   1610   1264    371   1.1740    0.083
A-n54-k7 	BT-3   54   18    216    1   1167   1610   1191    755   2.2684    0.021
A-n54-k7 	BT-3   54    9    108    0   1167   1172   1172    108   0.4487    0.004
A-n54-k7 	BT-3   54    9    108    1   1167   1172   1172    108   0.4251    0.004
A-n54-k7 	BT-3   54    5    108    0   1167   1172   1172    108   0.4297    0.004
A-n54-k7 	BT-3   54    5    108    1   1167   1172   1172    108   0.4190    0.004
A-n54-k7 	BT-3   54   18    216    0   1167   1610   1230    403   1.2852    0.054
A-n54-k7 	BT-3   54   18    216    1   1167   1610   1208    377   1.1639    0.035
A-n54-k7 	BT-3   54    9    108    0   1167   1172   1172    108   0.4276    0.004
A-n54-k7 	BT-3   54    9    108    1   1167   1172   1172    108   0.4144    0.004
A-n54-k7 	BT-3   54    5    108    0   1167   1172   1172    108   0.4203    0.004
A-n54-k7 	BT-3   54    5    108    1   1167   1172   1172    108   0.4451    0.004
A-n54-k7 	BT-3   54   18    216    0   1167   1610   1217    553   1.6412    0.043
A-n54-k7 	BT-3   54   18    216    1   1167   1610   1227    258   0.7940    0.051
A-n54-k7 	BT-3   54    9    108    0   1167   1172   1172    108   0.4206    0.004
A-n54-k7 	BT-3   54    9    108    1   1167   1172   1172    108   0.4219    0.004
A-n54-k7 	BT-3   54    5    108    0   1167   1172   1172    108   0.4220    0.004
A-n54-k7 	BT-3   54    5    108    1   1167   1172   1172    108   0.4132    0.004
A-n54-k7 	BT-3   54   18    216    0   1167   1610   1223    352   1.0392    0.048
A-n54-k7 	BT-3   54   18    216    1   1167   1610   1227    258   0.8026    0.051
A-n54-k7 	BT-3   54    9    108    0   1167   1172   1172    108   0.4232    0.004
A-n54-k7 	BT-3   54    9    108    1   1167   1172   1172    108   0.4165    0.004
A-n54-k7 	BT-3   54    5    108    0   1167   1172   1172    108   0.4167    0.004
A-n54-k7 	BT-3   54    5    108    1   1167   1172   1172    108   0.4128    0.004
A-n54-k7 	BT-3   54   18    216    0   1167   1610   1218    372   1.1242    0.044
A-n54-k7 	BT-3   54   18    216    1   1167   1610   1192    655   1.9247    0.021
A-n54-k7 	BT-3   54    9    108    0   1167   1172   1172    108   0.4208    0.004
A-n54-k7 	BT-3   54    9    108    1   1167   1172   1172    108   0.4187    0.004
A-n54-k7 	BT-3   54    5    108    0   1167   1172   1172    108   0.4215    0.004
A-n54-k7 	BT-3   54    5    108    1   1167   1172   1172    108   0.4121    0.004
A-n54-k7 	BT-3   54   18    216    0   1167   1610   1268    383   1.1469    0.087
A-n54-k7 	BT-3   54   18    216    1   1167   1610   1201    353   1.0494    0.029
A-n54-k7 	BT-3   54    9    108    0   1167   1172   1172    108   0.4211    0.004
A-n54-k7 	BT-3   54    9    108    1   1167   1172   1172    108   0.4196    0.004
A-n54-k7 	BT-3   54    5    108    0   1167   1172   1172    108   0.4159    0.004
A-n54-k7 	BT-3   54    5    108    1   1167   1172   1172    108   0.4097    0.004
A-n54-k7 	BT-3   54   18    216    0   1167   1610   1250    448   1.3399    0.071
A-n54-k7 	BT-3   54   18    216    1   1167   1610   1193    345   1.0621    0.022
A-n54-k7 	BT-3   54    9    108    0   1167   1172   1172    108   0.4411    0.004
A-n54-k7 	BT-3   54    9    108    1   1167   1172   1172    108   0.4179    0.004
A-n54-k7 	BT-3   54    5    108    0   1167   1172   1172    108   0.4166    0.004
A-n54-k7 	BT-3   54    5    108    1   1167   1172   1172    108   0.4113    0.004
A-n54-k7 	BT-3   54   18    216    0   1167   1610   1195    728   2.1341    0.024
A-n54-k7 	BT-3   54   18    216    1   1167   1610   1199    367   1.0940    0.027
A-n54-k7 	BT-3   54    9    108    0   1167   1172   1172    108   0.4181    0.004
A-n54-k7 	BT-3   54    9    108    1   1167   1172   1172    108   0.4174    0.004
A-n54-k7 	BT-3   54    5    108    0   1167   1172   1172    108   0.4179    0.004
A-n54-k7 	BT-3   54    5    108    1   1167   1172   1172    108   0.4106    0.004
A-n54-k7 	BT-3   54   18    216    0   1167   1610   1231    629   1.8333    0.055
A-n54-k7 	BT-3   54   18    216    1   1167   1610   1227    258   0.8012    0.051
A-n54-k7 	BT-3   54    9    108    0   1167   1172   1172    108   0.4166    0.004
A-n54-k7 	BT-3   54    9    108    1   1167   1172   1172    108   0.4252    0.004
A-n54-k7 	BT-3   54    5    108    0   1167   1172   1172    108   0.4374    0.004
A-n54-k7 	BT-3   54    5    108    1   1167   1172   1172    108   0.4136    0.004
A-n54-k7 	BT-3   54   18    216    0   1167   1610   1201    473   1.4067    0.029
A-n54-k7 	BT-3   54   18    216    1   1167   1610   1195    494   1.5415    0.024
A-n54-k7 	BT-3   54    9    108    0   1167   1172   1172    108   0.4239    0.004
A-n54-k7 	BT-3   54    9    108    1   1167   1172   1172    108   0.4189    0.004
A-n54-k7 	BT-3   54    5    108    0   1167   1172   1172    108   0.4432    0.004
A-n54-k7 	BT-3   54    5    108    1   1167   1172   1172    108   0.4585    0.004
A-n54-k7 	BT-3   54   18    216    0   1167   1610   1197    354   1.0909    0.026
A-n54-k7 	BT-3   54   18    216    1   1167   1610   1197    733   2.2246    0.026
A-n54-k7 	BT-3   54    9    108    0   1167   1172   1172    108   0.4192    0.004
A-n54-k7 	BT-3   54    9    108    1   1167   1172   1172    108   0.4256    0.004
A-n54-k7 	BT-3   54    5    108    0   1167   1172   1172    108   0.4168    0.004
A-n54-k7 	BT-3   54    5    108    1   1167   1172   1172    108   0.4135    0.004
A-n54-k7 	BT-3   54   18    216    0   1167   1610   1271    335   1.0193    0.089
A-n54-k7 	BT-3   54   18    216    1   1167   1610   1227    258   0.7951    0.051
A-n54-k7 	BT-3   54    9    108    0   1167   1172   1172    108   0.4234    0.004
A-n54-k7 	BT-3   54    9    108    1   1167   1172   1172    108   0.4191    0.004
A-n54-k7 	BT-3   54    5    108    0   1167   1172   1172    108   0.4174    0.004
A-n54-k7 	BT-3   54    5    108    1   1167   1172   1172    108   0.4153    0.004
A-n54-k7 	BT-3   54   18    216    0   1167   1610   1249    300   0.9017    0.070
A-n54-k7 	BT-3   54   18    216    1   1167   1610   1186    381   1.1262    0.016
A-n54-k7 	BT-3   54    9    108    0   1167   1172   1172    108   0.4218    0.004
A-n54-k7 	BT-3   54    9    108    1   1167   1172   1172    108   0.4182    0.004
A-n54-k7 	BT-3   54    5    108    0   1167   1172   1172    108   0.4312    0.004
A-n54-k7 	BT-3   54    5    108    1   1167   1172   1172    108   0.4188    0.004
A-n54-k7 	BT-3   54   18    216    0   1167   1610   1246    709   2.0998    0.068
A-n54-k7 	BT-3   54   18    216    1   1167   1610   1189    595   1.7473    0.019
A-n54-k7 	BT-3   54    9    108    0   1167   1172   1172    108   0.4200    0.004
A-n54-k7 	BT-3   54    9    108    1   1167   1172   1172    108   0.4246    0.004
A-n54-k7 	BT-3   54    5    108    0   1167   1172   1172    108   0.4204    0.004
A-n54-k7 	BT-3   54    5    108    1   1167   1172   1172    108   0.4216    0.004
A-n54-k7 	BT-3   54   18    216    0   1167   1610   1208    606   1.7580    0.035
A-n54-k7 	BT-3   54   18    216    1   1167   1610   1227    258   0.7891    0.051
A-n54-k7 	BT-3   54    9    108    0   1167   1172   1172    108   0.4170    0.004
A-n54-k7 	BT-3   54    9    108    1   1167   1172   1172    108   0.4250    0.004
A-n54-k7 	BT-3   54    5    108    0   1167   1172   1172    108   0.4260    0.004
A-n54-k7 	BT-3   54    5    108    1   1167   1172   1172    108   0.4132    0.004
A-n54-k7 	BT-3   54   18    216    0   1167   1610   1238    581   1.6951    0.061
A-n54-k7 	BT-3   54   18    216    1   1167   1610   1198    474   1.3860    0.027
A-n54-k7 	BT-3   54    9    108    0   1167   1172   1172    108   0.4216    0.004
A-n54-k7 	BT-3   54    9    108    1   1167   1172   1172    108   0.4138    0.004
A-n54-k7 	BT-3   54    5    108    0   1167   1172   1172    108   0.4164    0.004
A-n54-k7 	BT-3   54    5    108    1   1167   1172   1172    108   0.4150    0.004
A-n54-k7 	BT-3   54   18    216    0   1167   1610   1238    371   1.1057    0.061
A-n54-k7 	BT-3   54   18    216    1   1167   1610   1195    431   1.2905    0.024
A-n54-k7 	BT-3   54    9    108    0   1167   1172   1172    108   0.4203    0.004
A-n54-k7 	BT-3   54    9    108    1   1167   1172   1172    108   0.4157    0.004
A-n54-k7 	BT-3   54    5    108    0   1167   1172   1172    108   0.4162    0.004
A-n54-k7 	BT-3   54    5    108    1   1167   1172   1172    108   0.4108    0.004
A-n54-k7 	BT-3   54   18    216    0   1167   1610   1182    612   1.7842    0.013
A-n54-k7 	BT-3   54   18    216    1   1167   1610   1177    532   1.5776    0.009
A-n54-k7 	BT-3   54    9    108    0   1167   1172   1172    108   0.4182    0.004
A-n54-k7 	BT-3   54    9    108    1   1167   1172   1172    108   0.4262    0.004
A-n54-k7 	BT-3   54    5    108    0   1167   1172   1172    108   0.4570    0.004
A-n54-k7 	BT-3   54    5    108    1   1167   1172   1172    108   0.4197    0.004
A-n54-k7 	BT-3   54   18    216    0   1167   1610   1216    483   1.4116    0.042
A-n54-k7 	BT-3   54   18    216    1   1167   1610   1204    353   1.0679    0.032
A-n54-k7 	BT-3   54    9    108    0   1167   1172   1172    108   0.4374    0.004
A-n54-k7 	BT-3   54    9    108    1   1167   1172   1172    108   0.4148    0.004
A-n54-k7 	BT-3   54    5    108    0   1167   1172   1172    108   0.4320    0.004
A-n54-k7 	BT-3   54    5    108    1   1167   1172   1172    108   0.4136    0.004
A-n54-k7 	BT-3   54   18    216    0   1167   1610   1260    479   1.4165    0.080
A-n54-k7 	BT-3   54   18    216    1   1167   1610   1175    347   1.0361    0.007
A-n54-k7 	BT-3   54    9    108    0   1167   1172   1172    108   0.4202    0.004
A-n54-k7 	BT-3   54    9    108    1   1167   1172   1172    108   0.4156    0.004
A-n54-k7 	BT-3   54    5    108    0   1167   1172   1172    108   0.4171    0.004
A-n54-k7 	BT-3   54    5    108    1   1167   1172   1172    108   0.4243    0.004
A-n54-k7 	BT-3   54   18    216    0   1167   1610   1202    409   1.2242    0.030
A-n54-k7 	BT-3   54   18    216    1   1167   1610   1189    479   1.4087    0.019
A-n54-k7 	BT-3   54    9    108    0   1167   1172   1172    108   0.4205    0.004
A-n54-k7 	BT-3   54    9    108    1   1167   1172   1172    108   0.4194    0.004
A-n54-k7 	BT-3   54    5    108    0   1167   1172   1172    108   0.4177    0.004
A-n54-k7 	BT-3   54    5    108    1   1167   1172   1172    108   0.4121    0.004
A-n54-k7 	BT-3   54   18    216    0   1167   1610   1245    626   1.8732    0.067
A-n54-k7 	BT-3   54   18    216    1   1167   1610   1185    653   1.9211    0.015
A-n54-k7 	BT-3   54    9    108    0   1167   1172   1172    108   0.4179    0.004
A-n54-k7 	BT-3   54    9    108    1   1167   1172   1172    108   0.4190    0.004
A-n54-k7 	BT-3   54    5    108    0   1167   1172   1172    108   0.4199    0.004
A-n54-k7 	BT-3   54    5    108    1   1167   1172   1172    108   0.4331    0.004
A-n54-k7 	BT-3   54   18    216    0   1167   1610   1226    544   1.6128    0.051
A-n54-k7 	BT-3   54   18    216    1   1167   1610   1227    258   0.7930    0.051
A-n54-k7 	BT-3   54    9    108    0   1167   1172   1172    108   0.4202    0.004
A-n54-k7 	BT-3   54    9    108    1   1167   1172   1172    108   0.4169    0.004
A-n54-k7 	BT-3   54    5    108    0   1167   1172   1172    108   0.4197    0.004
A-n54-k7 	BT-3   54    5    108    1   1167   1172   1172    108   0.4146    0.004
A-n54-k7 	BT-3   54   18    216    0   1167   1610   1183    737   2.1370    0.014
A-n54-k7 	BT-3   54   18    216    1   1167   1610   1180    972   2.8298    0.011
A-n54-k7 	BT-3   54    9    108    0   1167   1172   1172    108   0.4164    0.004
A-n54-k7 	BT-3   54    9    108    1   1167   1172   1172    108   0.4182    0.004
A-n54-k7 	BT-3   54    5    108    0   1167   1172   1172    108   0.4576    0.004
A-n54-k7 	BT-3   54    5    108    1   1167   1172   1172    108   0.4113    0.004
A-n54-k7 	BT-3   54   18    216    0   1167   1610   1269    345   1.0324    0.087
A-n54-k7 	BT-3   54   18    216    1   1167   1610   1227    258   0.8008    0.051
A-n54-k7 	BT-3   54    9    108    0   1167   1172   1172    108   0.4181    0.004
A-n54-k7 	BT-3   54    9    108    1   1167   1172   1172    108   0.4186    0.004
A-n54-k7 	BT-3   54    5    108    0   1167   1172   1172    108   0.4172    0.004
A-n54-k7 	BT-3   54    5    108    1   1167   1172   1172    108   0.4176    0.004
A-n54-k7 	BT-3   54   18    216    0   1167   1610   1229    661   1.9224    0.053
A-n54-k7 	BT-3   54   18    216    1   1167   1610   1227    259   0.8091    0.051
A-n54-k7 	BT-3   54    9    108    0   1167   1172   1172    108   0.4208    0.004
A-n54-k7 	BT-3   54    9    108    1   1167   1172   1172    108   0.4202    0.004
A-n54-k7 	BT-3   54    5    108    0   1167   1172   1172    108   0.4215    0.004
A-n54-k7 	BT-3   54    5    108    1   1167   1172   1172    108   0.4214    0.004
A-n54-k7 	BT-3   54   18    216    0   1167   1610   1181    739   2.1302    0.012
A-n54-k7 	BT-3   54   18    216    1   1167   1610   1185    708   2.2085    0.015
A-n54-k7 	BT-3   54    9    108    0   1167   1172   1172    108   0.4841    0.004
A-n54-k7 	BT-3   54    9    108    1   1167   1172   1172    108   0.4564    0.004
A-n54-k7 	BT-3   54    5    108    0   1167   1172   1172    108   0.4164    0.004
A-n54-k7 	BT-3   54    5    108    1   1167   1172   1172    108   0.4144    0.004
A-n54-k7 	BT-3   54   18    216    0   1167   1610   1261    372   1.1071    0.081
A-n54-k7 	BT-3   54   18    216    1   1167   1610   1202    437   1.2841    0.030
A-n54-k7 	BT-3   54    9    108    0   1167   1172   1172    108   0.4332    0.004
A-n54-k7 	BT-3   54    9    108    1   1167   1172   1172    108   0.4181    0.004
A-n54-k7 	BT-3   54    5    108    0   1167   1172   1172    108   0.4172    0.004
A-n54-k7 	BT-3   54    5    108    1   1167   1172   1172    108   0.4160    0.004
A-n54-k7 	BT-3   54   18    216    0   1167   1610   1201    531   1.5371    0.029
A-n54-k7 	BT-3   54   18    216    1   1167   1610   1199    411   1.2301    0.027
A-n54-k7 	BT-3   54    9    108    0   1167   1172   1172    108   0.4219    0.004
A-n54-k7 	BT-3   54    9    108    1   1167   1172   1172    108   0.4150    0.004
A-n54-k7 	BT-3   54    5    108    0   1167   1172   1172    108   0.4199    0.004
A-n54-k7 	BT-3   54    5    108    1   1167   1172   1172    108   0.4139    0.004
A-n54-k7 	BT-3   54   18    216    0   1167   1610   1209    340   0.9975    0.036
A-n54-k7 	BT-3   54   18    216    1   1167   1610   1216    478   1.4810    0.042
A-n54-k7 	BT-3   54    9    108    0   1167   1172   1172    108   0.4212    0.004
A-n54-k7 	BT-3   54    9    108    1   1167   1172   1172    108   0.4157    0.004
A-n54-k7 	BT-3   54    5    108    0   1167   1172   1172    108   0.4161    0.004
A-n54-k7 	BT-3   54    5    108    1   1167   1172   1172    108   0.4193    0.004
A-n54-k7 	BT-3   54   18    216    0   1167   1610   1257    284   0.8482    0.077
A-n54-k7 	BT-3   54   18    216    1   1167   1610   1211    440   1.3013    0.038
A-n54-k7 	BT-3   54    9    108    0   1167   1172   1172    108   0.4211    0.004
A-n54-k7 	BT-3   54    9    108    1   1167   1172   1172    108   0.4152    0.004
A-n54-k7 	BT-3   54    5    108    0   1167   1172   1172    108   0.4222    0.004
A-n54-k7 	BT-3   54    5    108    1   1167   1172   1172    108   0.4170    0.004
A-n54-k7 	BT-3   54   18    216    0   1167   1610   1232    512   1.5091    0.056
A-n54-k7 	BT-3   54   18    216    1   1167   1610   1189    456   1.4353    0.019
A-n54-k7 	BT-3   54    9    108    0   1167   1172   1172    108   0.4445    0.004
A-n54-k7 	BT-3   54    9    108    1   1167   1172   1172    108   0.4401    0.004
A-n54-k7 	BT-3   54    5    108    0   1167   1172   1172    108   0.4408    0.004
A-n54-k7 	BT-3   54    5    108    1   1167   1172   1172    108   0.4672    0.004
A-n54-k7 	BT-3   54   18    216    0   1167   1610   1203    280   0.9225    0.031
A-n54-k7 	BT-3   54   18    216    1   1167   1610   1177    570   1.7292    0.009
A-n54-k7 	BT-3   54    9    108    0   1167   1172   1172    108   0.4214    0.004
A-n54-k7 	BT-3   54    9    108    1   1167   1172   1172    108   0.4172    0.004
A-n54-k7 	BT-3   54    5    108    0   1167   1172   1172    108   0.4168    0.004
A-n54-k7 	BT-3   54    5    108    1   1167   1172   1172    108   0.4144    0.004
A-n54-k7 	BT-3   54   18    216    0   1167   1610   1168    506   1.4800    0.001
A-n54-k7 	BT-3   54   18    216    1   1167   1610   1192    815   2.3897    0.021
A-n54-k7 	BT-3   54    9    108    0   1167   1168   1168    108   0.4179    0.001
A-n54-k7 	BT-3   54    9    108    1   1167   1168   1168    108   0.4312    0.001
A-n54-k7 	BT-3   54    5    108    0   1167   1168   1168    108   0.4248    0.001
A-n54-k7 	BT-3   54    5    108    1   1167   1168   1168    108   0.4170    0.001
A-n54-k7 	BT-3   54   18    216    0   1167   1610   1211    812   2.3994    0.038
A-n54-k7 	BT-3   54   18    216    1   1167   1610   1224    316   0.9536    0.049
A-n54-k7 	BT-3   54    9    108    0   1167   1168   1168    108   0.4226    0.001
A-n54-k7 	BT-3   54    9    108    1   1167   1168   1168    108   0.4241    0.001
A-n54-k7 	BT-3   54    5    108    0   1167   1168   1168    108   0.4333    0.001
A-n54-k7 	BT-3   54    5    108    1   1167   1168   1167    157   0.5706    0.000
A-n54-k7 	BT-3   54   18    216    0   1167   1610   1242    397   1.1787    0.064
A-n54-k7 	BT-3   54   18    216    1   1167   1610   1191    575   1.6803    0.021
A-n54-k7 	BT-3   54    9    108    0   1167   1167   1167    108   0.4203    0.000
A-n54-k7 	BT-3   54    9    108    1   1167   1167   1167    108   0.4272    0.000
A-n54-k7 	BT-3   54    5    108    0   1167   1167   1167    108   0.4179    0.000
A-n54-k7 	BT-3   54    5    108    1   1167   1167   1167    108   0.4215    0.000
A-n54-k7 	BT-3   54   18    216    0   1167   1610   1248    594   1.7429    0.069
A-n54-k7 	BT-3   54   18    216    1   1167   1610   1205    485   1.4558    0.033
A-n54-k7 	BT-3   54    9    108    0   1167   1167   1167    108   0.4209    0.000
A-n54-k7 	BT-3   54    9    108    1   1167   1167   1167    108   0.4215    0.000
A-n54-k7 	BT-3   54    5    108    0   1167   1167   1167    108   0.4190    0.000
A-n54-k7 	BT-3   54    5    108    1   1167   1167   1167    108   0.4199    0.000
A-n54-k7 	BT-3   54   18    216    0   1167   1610   1241    499   1.4447    0.063
A-n54-k7 	BT-3   54   18    216    1   1167   1610   1192    543   1.6531    0.021
A-n54-k7 	BT-3   54    9    108    0   1167   1167   1167    108   0.4251    0.000
A-n54-k7 	BT-3   54    9    108    1   1167   1167   1167    108   0.4808    0.000
A-n54-k7 	BT-3   54    5    108    0   1167   1167   1167    108   0.4305    0.000
A-n54-k7 	BT-3   54    5    108    1   1167   1167   1167    108   0.4274    0.000
A-n54-k7 	BT-3   54   18    216    0   1167   1610   1175    634   1.8808    0.007
A-n54-k7 	BT-3   54   18    216    1   1167   1610   1190    685   2.0145    0.020
A-n54-k7 	BT-3   54    9    108    0   1167   1167   1167    108   0.4163    0.000
A-n54-k7 	BT-3   54    9    108    1   1167   1167   1167    108   0.4288    0.000
A-n54-k7 	BT-3   54    5    108    0   1167   1167   1167    108   0.4514    0.000
A-n54-k7 	BT-3   54    5    108    1   1167   1167   1167    108   0.4387    0.000
A-n54-k7 	BT-3   54   18    216    0   1167   1610   1173    944   2.7197    0.005
A-n54-k7 	BT-3   54   18    216    1   1167   1610   1197    552   1.6744    0.026
A-n54-k7 	BT-3   54    9    108    0   1167   1167   1167    108   0.4204    0.000
A-n54-k7 	BT-3   54    9    108    1   1167   1167   1167    108   0.4269    0.000
A-n54-k7 	BT-3   54    5    108    0   1167   1167   1167    108   0.4318    0.000
A-n54-k7 	BT-3   54    5    108    1   1167   1167   1167    108   0.4173    0.000
A-n54-k7 	BT-3   54   18    216    0   1167   1610   1203    362   1.0688    0.031
A-n54-k7 	BT-3   54   18    216    1   1167   1610   1201    425   1.2685    0.029
A-n54-k7 	BT-3   54    9    108    0   1167   1167   1167    108   0.4258    0.000
A-n54-k7 	BT-3   54    9    108    1   1167   1167   1167    108   0.4221    0.000
A-n54-k7 	BT-3   54    5    108    0   1167   1167   1167    108   0.4191    0.000
A-n54-k7 	BT-3   54    5    108    1   1167   1167   1167    108   0.4299    0.000
A-n54-k7 	BT-3   54   18    216    0   1167   1610   1194    332   1.0127    0.023
A-n54-k7 	BT-3   54   18    216    1   1167   1610   1227    258   0.8135    0.051
A-n54-k7 	BT-3   54    9    108    0   1167   1167   1167    108   0.4293    0.000
A-n54-k7 	BT-3   54    9    108    1   1167   1167   1167    108   0.4317    0.000
A-n54-k7 	BT-3   54    5    108    0   1167   1167   1167    108   0.4205    0.000
A-n54-k7 	BT-3   54    5    108    1   1167   1167   1167    108   0.4246    0.000
A-n54-k7 	BT-3   54   18    216    0   1167   1610   1239    756   2.2504    0.062
A-n54-k7 	BT-3   54   18    216    1   1167   1610   1194    456   1.3460    0.023
A-n54-k7 	BT-3   54    9    108    0   1167   1167   1167    108   0.4227    0.000
A-n54-k7 	BT-3   54    9    108    1   1167   1167   1167    108   0.4278    0.000
A-n54-k7 	BT-3   54    5    108    0   1167   1167   1167    108   0.4369    0.000
A-n54-k7 	BT-3   54    5    108    1   1167   1167   1167    108   0.4191    0.000
A-n54-k7 	BT-3   54   18    216    0   1167   1610   1212    804   2.3260    0.039
A-n54-k7 	BT-3   54   18    216    1   1167   1610   1227    258   0.8298    0.051
A-n54-k7 	BT-3   54    9    108    0   1167   1167   1167    108   0.4223    0.000
A-n54-k7 	BT-3   54    9    108    1   1167   1167   1167    108   0.4224    0.000
A-n54-k7 	BT-3   54    5    108    0   1167   1167   1167    108   0.4218    0.000
A-n54-k7 	BT-3   54    5    108    1   1167   1167   1167    108   0.4170    0.000
A-n54-k7 	BT-3   54   18    216    0   1167   1610   1192    498   1.4541    0.021
A-n54-k7 	BT-3   54   18    216    1   1167   1610   1190    543   1.5992    0.020
A-n54-k7 	BT-3   54    9    108    0   1167   1167   1167    108   0.4186    0.000
A-n54-k7 	BT-3   54    9    108    1   1167   1167   1167    108   0.4291    0.000
A-n54-k7 	BT-3   54    5    108    0   1167   1167   1167    108   0.4249    0.000
A-n54-k7 	BT-3   54    5    108    1   1167   1167   1167    108   0.4534    0.000
A-n54-k7 	BT-3   54   18    216    0   1167   1610   1171    868   2.5779    0.003
A-n54-k7 	BT-3   54   18    216    1   1167   1610   1198    554   1.6263    0.027
A-n54-k7 	BT-3   54    9    108    0   1167   1167   1167    108   0.4221    0.000
A-n54-k7 	BT-3   54    9    108    1   1167   1167   1167    108   0.4622    0.000
A-n54-k7 	BT-3   54    5    108    0   1167   1167   1167    108   0.4218    0.000
A-n54-k7 	BT-3   54    5    108    1   1167   1167   1167    108   0.4198    0.000
A-n54-k7 	BT-3   54   18    216    0   1167   1610   1299    243   0.7575    0.113
A-n54-k7 	BT-3   54   18    216    1   1167   1610   1227    258   0.8061    0.051
A-n54-k7 	BT-3   54    9    108    0   1167   1167   1167    108   0.4183    0.000
A-n54-k7 	BT-3   54    9    108    1   1167   1167   1167    108   0.4282    0.000
A-n54-k7 	BT-3   54    5    108    0   1167   1167   1167    108   0.4198    0.000
A-n54-k7 	BT-3   54    5    108    1   1167   1167   1167    108   0.4166    0.000
A-n54-k7 	BT-3   54   18    216    0   1167   1610   1223    535   1.5693    0.048
A-n54-k7 	BT-3   54   18    216    1   1167   1610   1175    665   1.9764    0.007
A-n54-k7 	BT-3   54    9    108    0   1167   1167   1167    108   0.4187    0.000
A-n54-k7 	BT-3   54    9    108    1   1167   1167   1167    108   0.4370    0.000
A-n54-k7 	BT-3   54    5    108    0   1167   1167   1167    108   0.4217    0.000
A-n54-k7 	BT-3   54    5    108    1   1167   1167   1167    108   0.4643    0.000
A-n54-k7 	BT-3   54   18    216    0   1167   1610   1192    326   1.0221    0.021
A-n54-k7 	BT-3   54   18    216    1   1167   1610   1185    581   1.6775    0.015
A-n54-k7 	BT-3   54    9    108    0   1167   1167   1167    108   0.4195    0.000
A-n54-k7 	BT-3   54    9    108    1   1167   1167   1167    108   0.4321    0.000
A-n54-k7 	BT-3   54    5    108    0   1167   1167   1167    108   0.4309    0.000
A-n54-k7 	BT-3   54    5    108    1   1167   1167   1167    108   0.4177    0.000
A-n54-k7 	BT-3   54   18    216    0   1167   1610   1172    676   1.9961    0.004
A-n54-k7 	BT-3   54   18    216    1   1167   1610   1185    466   1.4213    0.015
A-n54-k7 	BT-3   54    9    108    0   1167   1167   1167    108   0.4204    0.000
A-n54-k7 	BT-3   54    9    108    1   1167   1167   1167    108   0.4206    0.000
A-n54-k7 	BT-3   54    5    108    0   1167   1167   1167    108   0.4293    0.000
A-n54-k7 	BT-3   54    5    108    1   1167   1167   1167    108   0.4239    0.000
A-n54-k7 	BT-3   54   18    216    0   1167   1610   1190    644   1.9285    0.020
A-n54-k7 	BT-3   54   18    216    1   1167   1610   1217    693   2.1553    0.043
A-n54-k7 	BT-3   54    9    108    0   1167   1167   1167    108   0.4250    0.000
A-n54-k7 	BT-3   54    9    108    1   1167   1167   1167    108   0.4214    0.000
A-n54-k7 	BT-3   54    5    108    0   1167   1167   1167    108   0.4162    0.000
A-n54-k7 	BT-3   54    5    108    1   1167   1167   1167    108   0.4183    0.000
A-n54-k7 	BT-3   54   18    216    0   1167   1610   1218    281   0.8356    0.044
A-n54-k7 	BT-3   54   18    216    1   1167   1610   1227    258   0.7894    0.051
A-n54-k7 	BT-3   54    9    108    0   1167   1167   1167    108   0.4209    0.000
A-n54-k7 	BT-3   54    9    108    1   1167   1167   1167    108   0.4230    0.000
A-n54-k7 	BT-3   54    5    108    0   1167   1167   1167    108   0.4207    0.000
A-n54-k7 	BT-3   54    5    108    1   1167   1167   1167    108   0.4164    0.000
A-n54-k7 	BT-3   54   18    216    0   1167   1610   1208    937   2.7253    0.035
A-n54-k7 	BT-3   54   18    216    1   1167   1610   1192    353   1.0737    0.021
A-n54-k7 	BT-3   54    9    108    0   1167   1167   1167    108   0.4445    0.000
A-n54-k7 	BT-3   54    9    108    1   1167   1167   1167    108   0.4491    0.000
A-n54-k7 	BT-3   54    5    108    0   1167   1167   1167    108   0.4166    0.000
A-n54-k7 	BT-3   54    5    108    1   1167   1167   1167    108   0.4198    0.000
A-n54-k7 	BT-3   54   18    216    0   1167   1610   1178    383   1.1200    0.009
A-n54-k7 	BT-3   54   18    216    1   1167   1610   1227    258   0.7995    0.051
A-n54-k7 	BT-3   54    9    108    0   1167   1167   1167    108   0.4162    0.000
A-n54-k7 	BT-3   54    9    108    1   1167   1167   1167    108   0.4351    0.000
A-n54-k7 	BT-3   54    5    108    0   1167   1167   1167    108   0.4178    0.000
A-n54-k7 	BT-3   54    5    108    1   1167   1167   1167    108   0.4134    0.000
A-n54-k7 	BT-3   54   18    216    0   1167   1610   1220    341   1.0036    0.045
A-n54-k7 	BT-3   54   18    216    1   1167   1610   1220    454   1.3317    0.045
A-n54-k7 	BT-3   54    9    108    0   1167   1167   1167    108   0.4190    0.000
A-n54-k7 	BT-3   54    9    108    1   1167   1167   1167    108   0.4212    0.000
A-n54-k7 	BT-3   54    5    108    0   1167   1167   1167    108   0.4206    0.000
A-n54-k7 	BT-3   54    5    108    1   1167   1167   1167    108   0.4113    0.000
A-n54-k7 	BT-3   54   18    216    0   1167   1610   1223    741   2.1486    0.048
A-n54-k7 	BT-3   54   18    216    1   1167   1610   1203    459   1.3484    0.031
A-n54-k7 	BT-3   54    9    108    0   1167   1167   1167    108   0.4309    0.000
A-n54-k7 	BT-3   54    9    108    1   1167   1167   1167    108   0.4214    0.000
A-n54-k7 	BT-3   54    5    108    0   1167   1167   1167    108   0.4129    0.000
A-n54-k7 	BT-3   54    5    108    1   1167   1167   1167    108   0.4158    0.000
A-n54-k7 	BT-3   54   18    216    0   1167   1610   1229    266   0.8021    0.053
A-n54-k7 	BT-3   54   18    216    1   1167   1610   1183    538   1.5880    0.014
A-n54-k7 	BT-3   54    9    108    0   1167   1167   1167    108   0.4179    0.000
A-n54-k7 	BT-3   54    9    108    1   1167   1167   1167    108   0.4200    0.000
A-n54-k7 	BT-3   54    5    108    0   1167   1167   1167    108   0.4144    0.000
A-n54-k7 	BT-3   54    5    108    1   1167   1167   1167    108   0.4130    0.000
A-n54-k7 	BT-3   54   18    216    0   1167   1610   1246    561   1.6346    0.068
A-n54-k7 	BT-3   54   18    216    1   1167   1610   1195    412   1.2151    0.024
A-n54-k7 	BT-3   54    9    108    0   1167   1167   1167    108   0.4195    0.000
A-n54-k7 	BT-3   54    9    108    1   1167   1167   1167    108   0.4215    0.000
A-n54-k7 	BT-3   54    5    108    0   1167   1167   1167    108   0.4177    0.000
A-n54-k7 	BT-3   54    5    108    1   1167   1167   1167    108   0.4131    0.000
A-n54-k7 	BT-3   54   18    216    0   1167   1610   1281    302   0.9031    0.098
A-n54-k7 	BT-3   54   18    216    1   1167   1610   1193    628   1.8264    0.022
A-n54-k7 	BT-3   54    9    108    0   1167   1167   1167    108   0.4174    0.000
A-n54-k7 	BT-3   54    9    108    1   1167   1167   1167    108   0.4359    0.000
A-n54-k7 	BT-3   54    5    108    0   1167   1167   1167    108   0.4144    0.000
A-n54-k7 	BT-3   54    5    108    1   1167   1167   1167    108   0.4145    0.000
A-n54-k7 	BT-3   54   18    216    0   1167   1610   1241    424   1.2434    0.063
A-n54-k7 	BT-3   54   18    216    1   1167   1610   1193    384   1.1231    0.022
A-n54-k7 	BT-3   54    9    108    0   1167   1167   1167    108   0.4152    0.000
A-n54-k7 	BT-3   54    9    108    1   1167   1167   1167    108   0.4215    0.000
A-n54-k7 	BT-3   54    5    108    0   1167   1167   1167    108   0.4192    0.000
A-n54-k7 	BT-3   54    5    108    1   1167   1167   1167    108   0.4175    0.000
A-n54-k7 	BT-3   54   18    216    0   1167   1610   1276    299   0.9002    0.093
A-n54-k7 	BT-3   54   18    216    1   1167   1610   1202    421   1.2202    0.030
A-n54-k7 	BT-3   54    9    108    0   1167   1167   1167    108   0.4138    0.000
A-n54-k7 	BT-3   54    9    108    1   1167   1167   1167    108   0.4168    0.000
A-n54-k7 	BT-3   54    5    108    0   1167   1167   1167    108   0.4171    0.000
A-n54-k7 	BT-3   54    5    108    1   1167   1167   1167    108   0.4185    0.000
A-n54-k7 	BT-3   54   18    216    0   1167   1610   1231    490   1.4304    0.055
A-n54-k7 	BT-3   54   18    216    1   1167   1610   1183    960   2.7485    0.014
A-n54-k7 	BT-3   54    9    108    0   1167   1167   1167    108   0.4147    0.000
A-n54-k7 	BT-3   54    9    108    1   1167   1167   1167    108   0.4202    0.000
A-n54-k7 	BT-3   54    5    108    0   1167   1167   1167    108   0.4173    0.000
A-n54-k7 	BT-3   54    5    108    1   1167   1167   1167    108   0.4131    0.000
A-n54-k7 	BT-3   54   18    216    0   1167   1610   1233    598   1.7228    0.057
A-n54-k7 	BT-3   54   18    216    1   1167   1610   1227    258   0.7867    0.051
A-n54-k7 	BT-3   54    9    108    0   1167   1167   1167    108   0.4201    0.000
A-n54-k7 	BT-3   54    9    108    1   1167   1167   1167    108   0.4199    0.000
A-n54-k7 	BT-3   54    5    108    0   1167   1167   1167    108   0.4168    0.000
A-n54-k7 	BT-3   54    5    108    1   1167   1167   1167    108   0.4139    0.000
A-n54-k7 	BT-3   54   18    216    0   1167   1610   1255    541   1.5788    0.075
A-n54-k7 	BT-3   54   18    216    1   1167   1610   1173    523   1.5236    0.005
A-n54-k7 	BT-3   54    9    108    0   1167   1167   1167    108   0.4179    0.000
A-n54-k7 	BT-3   54    9    108    1   1167   1167   1167    108   0.4220    0.000
A-n54-k7 	BT-3   54    5    108    0   1167   1167   1167    108   0.4177    0.000
A-n54-k7 	BT-3   54    5    108    1   1167   1167   1167    108   0.4151    0.000
A-n54-k7 	BT-3   54   18    216    0   1167   1610   1216    376   1.0891    0.042
A-n54-k7 	BT-3   54   18    216    1   1167   1610   1185    444   1.2960    0.015
A-n54-k7 	BT-3   54    9    108    0   1167   1167   1167    108   0.4234    0.000
A-n54-k7 	BT-3   54    9    108    1   1167   1167   1167    108   0.4219    0.000
A-n54-k7 	BT-3   54    5    108    0   1167   1167   1167    108   0.4178    0.000
A-n54-k7 	BT-3   54    5    108    1   1167   1167   1167    108   0.4126    0.000
A-n54-k7 	BT-3   54   18    216    0   1167   1610   1293    342   1.0303    0.108
A-n54-k7 	BT-3   54   18    216    1   1167   1610   1217    693   2.0356    0.043
A-n54-k7 	BT-3   54    9    108    0   1167   1167   1167    108   0.4134    0.000
A-n54-k7 	BT-3   54    9    108    1   1167   1167   1167    108   0.4201    0.000
A-n54-k7 	BT-3   54    5    108    0   1167   1167   1167    108   0.4176    0.000
A-n54-k7 	BT-3   54    5    108    1   1167   1167   1167    108   0.4114    0.000
A-n54-k7 	BT-3   54   18    216    0   1167   1610   1200    733   2.0949    0.028
A-n54-k7 	BT-3   54   18    216    1   1167   1610   1198    483   1.4198    0.027
A-n54-k7 	BT-3   54    9    108    0   1167   1167   1167    108   0.4198    0.000
A-n54-k7 	BT-3   54    9    108    1   1167   1167   1167    108   0.4182    0.000
A-n54-k7 	BT-3   54    5    108    0   1167   1167   1167    108   0.4171    0.000
A-n54-k7 	BT-3   54    5    108    1   1167   1167   1167    108   0.4133    0.000
A-n54-k7 	BT-3   54   18    216    0   1167   1610   1180    384   1.1288    0.011
A-n54-k7 	BT-3   54   18    216    1   1167   1610   1227    259   0.7849    0.051
A-n54-k7 	BT-3   54    9    108    0   1167   1167   1167    108   0.4482    0.000
A-n54-k7 	BT-3   54    9    108    1   1167   1167   1167    108   0.4221    0.000
A-n54-k7 	BT-3   54    5    108    0   1167   1167   1167    108   0.4170    0.000
A-n54-k7 	BT-3   54    5    108    1   1167   1167   1167    108   0.4121    0.000
A-n54-k7 	BT-3   54   18    216    0   1167   1610   1212    411   1.2219    0.039
A-n54-k7 	BT-3   54   18    216    1   1167   1610   1227    258   0.7928    0.051
A-n54-k7 	BT-3   54    9    108    0   1167   1167   1167    108   0.4133    0.000
A-n54-k7 	BT-3   54    9    108    1   1167   1167   1167    108   0.4215    0.000
A-n54-k7 	BT-3   54    5    108    0   1167   1167   1167    108   0.4170    0.000
A-n54-k7 	BT-3   54    5    108    1   1167   1167   1167    108   0.4134    0.000
A-n54-k7 	BT-3   54   18    216    0   1167   1610   1246    434   1.2671    0.068
A-n54-k7 	BT-3   54   18    216    1   1167   1610   1191    399   1.1686    0.021
A-n54-k7 	BT-3   54    9    108    0   1167   1167   1167    108   0.4157    0.000
A-n54-k7 	BT-3   54    9    108    1   1167   1167   1167    108   0.4180    0.000
A-n54-k7 	BT-3   54    5    108    0   1167   1167   1167    108   0.4162    0.000
A-n54-k7 	BT-3   54    5    108    1   1167   1167   1167    108   0.4214    0.000
A-n54-k7 	BT-3   54   18    216    0   1167   1610   1217    654   1.8758    0.043
A-n54-k7 	BT-3   54   18    216    1   1167   1610   1201    459   1.3837    0.029
A-n54-k7 	BT-3   54    9    108    0   1167   1167   1167    108   0.4293    0.000
A-n54-k7 	BT-3   54    9    108    1   1167   1167   1167    108   0.4317    0.000
A-n54-k7 	BT-3   54    5    108    0   1167   1167   1167    108   0.5128    0.000
A-n54-k7 	BT-3   54    5    108    1   1167   1167   1167    108   0.4362    0.000
