A-n45-k7 	BT-1   45   15    180    0   1146   1562   1240    194   0.5766    0.082
A-n45-k7 	BT-1   45   15    180    1   1146   1540   1232    201   0.5771    0.075
A-n45-k7 	BT-1   45    7     90    0   1146   1249   1212    148   0.4162    0.058
A-n45-k7 	BT-1   45    7     90    1   1146   1232   1229    114   0.3332    0.072
A-n45-k7 	BT-1   45    4     90    0   1146   1286   1214     91   0.2245    0.059
A-n45-k7 	BT-1   45    4     90    1   1146   1212   1212     90   0.2048    0.058
A-n45-k7 	BT-2   45   15    180    0   1146   1562   1273    195   0.4176    0.111
A-n45-k7 	BT-2   45   15    180    1   1146   1540   1173    472   0.9841    0.024
A-n45-k7 	BT-2   45    7     90    0   1146   1221   1168    123   0.2531    0.019
A-n45-k7 	BT-2   45    7     90    1   1146   1173   1173     90   0.1914    0.024
A-n45-k7 	BT-2   45    4     90    0   1146   1381   1179    110   0.2478    0.029
A-n45-k7 	BT-2   45    4     90    1   1146   1168   1163    108   0.2677    0.015
A-n45-k7 	BT-3   45   15    180    0   1146   1562   1172    756   1.4044    0.023
A-n45-k7 	BT-3   45   15    180    1   1146   1540   1177    399   0.7363    0.027
A-n45-k7 	BT-3   45    7     90    0   1146   1179   1172     99   0.2514    0.023
A-n45-k7 	BT-3   45    7     90    1   1146   1172   1172     90   0.2474    0.023
A-n45-k7 	BT-3   45    4     90    0   1146   1179   1172     99   0.2461    0.023
A-n45-k7 	BT-3   45    4     90    1   1146   1172   1172     90   0.2411    0.023
A-n45-k7 	BT-3   45   15    180    0   1146   1562   1174    320   0.6369    0.024
A-n45-k7 	BT-3   45   15    180    1   1146   1540   1191    222   0.4474    0.039
A-n45-k7 	BT-3   45    7     90    0   1146   1179   1172     99   0.2556    0.023
A-n45-k7 	BT-3   45    7     90    1   1146   1172   1168    112   0.3327    0.019
A-n45-k7 	BT-3   45    4     90    0   1146   1171   1171     90   0.2222    0.022
A-n45-k7 	BT-3   45    4     90    1   1146   1168   1168     90   0.2839    0.019
A-n45-k7 	BT-3   45   15    180    0   1146   1562   1185    382   0.8099    0.034
A-n45-k7 	BT-3   45   15    180    1   1146   1540   1187    263   0.5234    0.036
A-n45-k7 	BT-3   45    7     90    0   1146   1171   1171     90   0.2173    0.022
A-n45-k7 	BT-3   45    7     90    1   1146   1168   1168     90   0.2500    0.019
A-n45-k7 	BT-3   45    4     90    0   1146   1171   1171     90   0.2742    0.022
A-n45-k7 	BT-3   45    4     90    1   1146   1168   1168     90   0.2320    0.019
A-n45-k7 	BT-3   45   15    180    0   1146   1562   1202    330   0.6735    0.049
A-n45-k7 	BT-3   45   15    180    1   1146   1540   1156    337   0.6978    0.009
A-n45-k7 	BT-3   45    7     90    0   1146   1295   1165    152   0.3800    0.017
A-n45-k7 	BT-3   45    7     90    1   1146   1156   1156     90   0.2083    0.009
A-n45-k7 	BT-3   45    4     90    0   1146   1295   1179    111   0.2530    0.029
A-n45-k7 	BT-3   45    4     90    1   1146   1156   1156     90   0.2237    0.009
A-n45-k7 	BT-3   45   15    180    0   1146   1562   1176    328   0.6879    0.026
A-n45-k7 	BT-3   45   15    180    1   1146   1540   1199    233   0.4771    0.046
A-n45-k7 	BT-3   45    7     90    0   1146   1295   1179    111   0.2698    0.029
A-n45-k7 	BT-3   45    7     90    1   1146   1156   1156     90   0.2894    0.009
A-n45-k7 	BT-3   45    4     90    0   1146   1295   1179    111   0.2551    0.029
A-n45-k7 	BT-3   45    4     90    1   1146   1156   1156     90   0.2092    0.009
A-n45-k7 	BT-3   45   15    180    0   1146   1562   1179    524   0.9511    0.029
A-n45-k7 	BT-3   45   15    180    1   1146   1540   1207    430   0.8271    0.053
A-n45-k7 	BT-3   45    7     90    0   1146   1295   1170    123   0.2970    0.021
A-n45-k7 	BT-3   45    7     90    1   1146   1156   1156     90   0.2189    0.009
A-n45-k7 	BT-3   45    4     90    0   1146   1295   1179    111   0.2585    0.029
A-n45-k7 	BT-3   45    4     90    1   1146   1156   1156     90   0.2246    0.009
A-n45-k7 	BT-3   45   15    180    0   1146   1562   1202    337   0.5884    0.049
A-n45-k7 	BT-3   45   15    180    1   1146   1540   1170    284   0.5139    0.021
A-n45-k7 	BT-3   45    7     90    0   1146   1295   1160    211   0.3936    0.012
A-n45-k7 	BT-3   45    7     90    1   1146   1156   1156     90   0.2045    0.009
A-n45-k7 	BT-3   45    4     90    0   1146   1295   1179    111   0.2306    0.029
A-n45-k7 	BT-3   45    4     90    1   1146   1156   1156     90   0.2091    0.009
A-n45-k7 	BT-3   45   15    180    0   1146   1562   1173    550   0.9806    0.024
A-n45-k7 	BT-3   45   15    180    1   1146   1540   1221    214   0.3799    0.065
A-n45-k7 	BT-3   45    7     90    0   1146   1295   1161    193   0.4094    0.013
A-n45-k7 	BT-3   45    7     90    1   1146   1156   1156     90   0.2236    0.009
A-n45-k7 	BT-3   45    4     90    0   1146   1295   1179    111   0.2496    0.029
A-n45-k7 	BT-3   45    4     90    1   1146   1156   1156     90   0.2293    0.009
A-n45-k7 	BT-3   45   15    180    0   1146   1562   1182    755   1.4257    0.031
A-n45-k7 	BT-3   45   15    180    1   1146   1540   1164    305   0.5410    0.016
A-n45-k7 	BT-3   45    7     90    0   1146   1295   1171    127   0.2705    0.022
A-n45-k7 	BT-3   45    7     90    1   1146   1156   1156     90   0.2185    0.009
A-n45-k7 	BT-3   45    4     90    0   1146   1295   1179    111   0.2360    0.029
A-n45-k7 	BT-3   45    4     90    1   1146   1156   1156     90   0.2085    0.009
A-n45-k7 	BT-3   45   15    180    0   1146   1562   1172    454   0.7867    0.023
A-n45-k7 	BT-3   45   15    180    1   1146   1540   1181    556   0.9868    0.031
A-n45-k7 	BT-3   45    7     90    0   1146   1295   1179    111   0.2888    0.029
A-n45-k7 	BT-3   45    7     90    1   1146   1156   1156     90   0.2144    0.009
A-n45-k7 	BT-3   45    4     90    0   1146   1295   1179    111   0.2342    0.029
A-n45-k7 	BT-3   45    4     90    1   1146   1156   1156     90   0.2101    0.009
A-n45-k7 	BT-3   45   15    180    0   1146   1562   1184    393   0.6877    0.033
A-n45-k7 	BT-3   45   15    180    1   1146   1540   1171    478   0.8264    0.022
A-n45-k7 	BT-3   45    7     90    0   1146   1295   1171    130   0.2730    0.022
A-n45-k7 	BT-3   45    7     90    1   1146   1156   1156     90   0.2111    0.009
A-n45-k7 	BT-3   45    4     90    0   1146   1295   1179    111   0.2302    0.029
A-n45-k7 	BT-3   45    4     90    1   1146   1156   1156     90   0.2120    0.009
A-n45-k7 	BT-3   45   15    180    0   1146   1562   1170    506   0.8805    0.021
A-n45-k7 	BT-3   45   15    180    1   1146   1540   1158    275   0.4801    0.010
A-n45-k7 	BT-3   45    7     90    0   1146   1295   1165    122   0.2529    0.017
A-n45-k7 	BT-3   45    7     90    1   1146   1156   1156     90   0.2128    0.009
A-n45-k7 	BT-3   45    4     90    0   1146   1295   1171    164   0.3285    0.022
A-n45-k7 	BT-3   45    4     90    1   1146   1156   1156     90   0.2096    0.009
A-n45-k7 	BT-3   45   15    180    0   1146   1562   1170    342   0.6490    0.021
A-n45-k7 	BT-3   45   15    180    1   1146   1540   1169    319   0.6008    0.020
A-n45-k7 	BT-3   45    7     90    0   1146   1295   1165    126   0.2494    0.017
A-n45-k7 	BT-3   45    7     90    1   1146   1156   1156     90   0.2088    0.009
A-n45-k7 	BT-3   45    4     90    0   1146   1295   1179    111   0.2440    0.029
A-n45-k7 	BT-3   45    4     90    1   1146   1156   1156     90   0.2209    0.009
A-n45-k7 	BT-3   45   15    180    0   1146   1562   1172    362   0.6763    0.023
A-n45-k7 	BT-3   45   15    180    1   1146   1540   1184    245   0.5073    0.033
A-n45-k7 	BT-3   45    7     90    0   1146   1295   1168    157   0.3800    0.019
A-n45-k7 	BT-3   45    7     90    1   1146   1156   1156     90   0.2169    0.009
A-n45-k7 	BT-3   45    4     90    0   1146   1295   1179    111   0.2608    0.029
A-n45-k7 	BT-3   45    4     90    1   1146   1156   1156     90   0.2255    0.009
A-n45-k7 	BT-3   45   15    180    0   1146   1562   1182    576   1.1013    0.031
A-n45-k7 	BT-3   45   15    180    1   1146   1540   1189    299   0.5503    0.038
A-n45-k7 	BT-3   45    7     90    0   1146   1295   1171    142   0.2876    0.022
A-n45-k7 	BT-3   45    7     90    1   1146   1156   1156     90   0.2213    0.009
A-n45-k7 	BT-3   45    4     90    0   1146   1295   1171    129   0.2851    0.022
A-n45-k7 	BT-3   45    4     90    1   1146   1156   1156     90   0.2136    0.009
A-n45-k7 	BT-3   45   15    180    0   1146   1562   1190    547   1.0078    0.038
A-n45-k7 	BT-3   45   15    180    1   1146   1540   1186    427   0.7715    0.035
A-n45-k7 	BT-3   45    7     90    0   1146   1295   1165    150   0.3369    0.017
A-n45-k7 	BT-3   45    7     90    1   1146   1156   1156     90   0.2131    0.009
A-n45-k7 	BT-3   45    4     90    0   1146   1295   1179    111   0.2405    0.029
A-n45-k7 	BT-3   45    4     90    1   1146   1156   1156     90   0.2247    0.009
A-n45-k7 	BT-3   45   15    180    0   1146   1562   1168    465   1.0044    0.019
A-n45-k7 	BT-3   45   15    180    1   1146   1540   1201    303   0.7002    0.048
A-n45-k7 	BT-3   45    7     90    0   1146   1295   1174    123   0.2821    0.024
A-n45-k7 	BT-3   45    7     90    1   1146   1156   1156     90   0.2493    0.009
A-n45-k7 	BT-3   45    4     90    0   1146   1295   1179    111   0.3580    0.029
A-n45-k7 	BT-3   45    4     90    1   1146   1156   1156     90   0.2265    0.009
A-n45-k7 	BT-3   45   15    180    0   1146   1562   1191    348   0.6580    0.039
A-n45-k7 	BT-3   45   15    180    1   1146   1540   1160    375   0.6648    0.012
A-n45-k7 	BT-3   45    7     90    0   1146   1295   1171    122   0.2616    0.022
A-n45-k7 	BT-3   45    7     90    1   1146   1156   1156     90   0.2187    0.009
A-n45-k7 	BT-3   45    4     90    0   1146   1295   1179    111   0.2359    0.029
A-n45-k7 	BT-3   45    4     90    1   1146   1156   1156     90   0.2099    0.009
A-n45-k7 	BT-3   45   15    180    0   1146   1562   1188    353   0.6435    0.037
A-n45-k7 	BT-3   45   15    180    1   1146   1540   1165    510   0.9630    0.017
A-n45-k7 	BT-3   45    7     90    0   1146   1295   1167    164   0.3395    0.018
A-n45-k7 	BT-3   45    7     90    1   1146   1156   1156     90   0.2158    0.009
A-n45-k7 	BT-3   45    4     90    0   1146   1295   1160    149   0.3195    0.012
A-n45-k7 	BT-3   45    4     90    1   1146   1156   1156     90   0.2164    0.009
A-n45-k7 	BT-3   45   15    180    0   1146   1562   1161    570   1.0155    0.013
A-n45-k7 	BT-3   45   15    180    1   1146   1540   1168    528   0.9354    0.019
A-n45-k7 	BT-3   45    7     90    0   1146   1295   1150    181   0.3465    0.003
A-n45-k7 	BT-3   45    7     90    1   1146   1156   1156     90   0.2083    0.009
A-n45-k7 	BT-3   45    4     90    0   1146   1287   1236    110   0.2450    0.079
A-n45-k7 	BT-3   45    4     90    1   1146   1150   1150     90   0.2073    0.003
A-n45-k7 	BT-3   45   15    180    0   1146   1562   1191    482   0.8702    0.039
A-n45-k7 	BT-3   45   15    180    1   1146   1540   1178    439   0.7617    0.028
A-n45-k7 	BT-3   45    7     90    0   1146   1287   1169    255   0.4770    0.020
A-n45-k7 	BT-3   45    7     90    1   1146   1150   1150     90   0.2050    0.003
A-n45-k7 	BT-3   45    4     90    0   1146   1287   1230    113   0.2497    0.073
A-n45-k7 	BT-3   45    4     90    1   1146   1150   1150     90   0.2051    0.003
A-n45-k7 	BT-3   45   15    180    0   1146   1562   1182    582   1.0368    0.031
A-n45-k7 	BT-3   45   15    180    1   1146   1540   1161    267   0.4950    0.013
A-n45-k7 	BT-3   45    7     90    0   1146   1287   1220    130   0.2657    0.065
A-n45-k7 	BT-3   45    7     90    1   1146   1150   1150     90   0.2101    0.003
A-n45-k7 	BT-3   45    4     90    0   1146   1287   1230    224   0.4442    0.073
A-n45-k7 	BT-3   45    4     90    1   1146   1150   1150     90   0.2054    0.003
A-n45-k7 	BT-3   45   15    180    0   1146   1562   1175    547   0.9670    0.025
A-n45-k7 	BT-3   45   15    180    1   1146   1540   1177    323   0.5517    0.027
A-n45-k7 	BT-3   45    7     90    0   1146   1287   1235    119   0.2583    0.078
A-n45-k7 	BT-3   45    7     90    1   1146   1150   1150     90   0.2055    0.003
A-n45-k7 	BT-3   45    4     90    0   1146   1287   1190    174   0.3558    0.038
A-n45-k7 	BT-3   45    4     90    1   1146   1150   1150     90   0.2092    0.003
A-n45-k7 	BT-3   45   15    180    0   1146   1562   1178    759   1.3781    0.028
A-n45-k7 	BT-3   45   15    180    1   1146   1540   1174    404   0.7359    0.024
A-n45-k7 	BT-3   45    7     90    0   1146   1287   1221    180   0.3562    0.065
A-n45-k7 	BT-3   45    7     90    1   1146   1150   1150     90   0.2047    0.003
A-n45-k7 	BT-3   45    4     90    0   1146   1287   1221    128   0.2755    0.065
A-n45-k7 	BT-3   45    4     90    1   1146   1150   1150     90   0.2062    0.003
A-n45-k7 	BT-3   45   15    180    0   1146   1562   1175    323   0.5912    0.025
A-n45-k7 	BT-3   45   15    180    1   1146   1540   1190    411   0.7304    0.038
A-n45-k7 	BT-3   45    7     90    0   1146   1287   1221    141   0.2936    0.065
A-n45-k7 	BT-3   45    7     90    1   1146   1150   1150     90   0.2160    0.003
A-n45-k7 	BT-3   45    4     90    0   1146   1287   1230    131   0.2747    0.073
A-n45-k7 	BT-3   45    4     90    1   1146   1150   1150     90   0.2077    0.003
A-n45-k7 	BT-3   45   15    180    0   1146   1562   1173    504   0.8969    0.024
A-n45-k7 	BT-3   45   15    180    1   1146   1540   1212    378   0.6554    0.058
A-n45-k7 	BT-3   45    7     90    0   1146   1287   1222    141   0.2969    0.066
A-n45-k7 	BT-3   45    7     90    1   1146   1150   1150     90   0.2203    0.003
A-n45-k7 	BT-3   45    4     90    0   1146   1287   1221    157   0.3206    0.065
A-n45-k7 	BT-3   45    4     90    1   1146   1150   1150     90   0.2073    0.003
A-n45-k7 	BT-3   45   15    180    0   1146   1562   1184    569   1.0288    0.033
A-n45-k7 	BT-3   45   15    180    1   1146   1540   1221    214   0.3820    0.065
A-n45-k7 	BT-3   45    7     90    0   1146   1287   1236    153   0.3171    0.079
A-n45-k7 	BT-3   45    7     90    1   1146   1150   1150     90   0.2055    0.003
A-n45-k7 	BT-3   45    4     90    0   1146   1287   1230    135   0.2780    0.073
A-n45-k7 	BT-3   45    4     90    1   1146   1150   1150     90   0.2052    0.003
A-n45-k7 	BT-3   45   15    180    0   1146   1562   1204    394   0.6981    0.051
A-n45-k7 	BT-3   45   15    180    1   1146   1540   1166    850   1.4654    0.017
A-n45-k7 	BT-3   45    7     90    0   1146   1287   1237    126   0.2589    0.079
A-n45-k7 	BT-3   45    7     90    1   1146   1150   1150     90   0.2064    0.003
A-n45-k7 	BT-3   45    4     90    0   1146   1287   1221    175   0.3460    0.065
A-n45-k7 	BT-3   45    4     90    1   1146   1150   1150     90   0.2317    0.003
A-n45-k7 	BT-3   45   15    180    0   1146   1562   1199    395   0.7127    0.046
A-n45-k7 	BT-3   45   15    180    1   1146   1540   1168    362   0.6211    0.019
A-n45-k7 	BT-3   45    7     90    0   1146   1287   1177    161   0.3228    0.027
A-n45-k7 	BT-3   45    7     90    1   1146   1150   1150     90   0.2101    0.003
A-n45-k7 	BT-3   45    4     90    0   1146   1287   1230    121   0.2582    0.073
A-n45-k7 	BT-3   45    4     90    1   1146   1150   1150     90   0.2055    0.003
A-n45-k7 	BT-3   45   15    180    0   1146   1562   1190    494   0.8679    0.038
A-n45-k7 	BT-3   45   15    180    1   1146   1540   1166    341   0.5909    0.017
A-n45-k7 	BT-3   45    7     90    0   1146   1287   1221    156   0.3209    0.065
A-n45-k7 	BT-3   45    7     90    1   1146   1150   1150     90   0.2224    0.003
A-n45-k7 	BT-3   45    4     90    0   1146   1287   1206    124   0.2608    0.052
A-n45-k7 	BT-3   45    4     90    1   1146   1150   1150     90   0.2106    0.003
A-n45-k7 	BT-3   45   15    180    0   1146   1562   1159    682   1.2253    0.011
A-n45-k7 	BT-3   45   15    180    1   1146   1540   1196    370   0.6419    0.044
A-n45-k7 	BT-3   45    7     90    0   1146   1287   1206    125   0.2774    0.052
A-n45-k7 	BT-3   45    7     90    1   1146   1150   1150     90   0.2241    0.003
A-n45-k7 	BT-3   45    4     90    0   1146   1287   1187    132   0.2735    0.036
A-n45-k7 	BT-3   45    4     90    1   1146   1150   1150     90   0.2046    0.003
A-n45-k7 	BT-3   45   15    180    0   1146   1562   1173    415   0.8418    0.024
A-n45-k7 	BT-3   45   15    180    1   1146   1540   1173    430   0.7624    0.024
A-n45-k7 	BT-3   45    7     90    0   1146   1287   1189    188   0.3674    0.038
A-n45-k7 	BT-3   45    7     90    1   1146   1150   1150     90   0.2140    0.003
A-n45-k7 	BT-3   45    4     90    0   1146   1287   1229    140   0.3332    0.072
A-n45-k7 	BT-3   45    4     90    1   1146   1150   1150     90   0.2154    0.003
A-n45-k7 	BT-3   45   15    180    0   1146   1562   1170    377   0.6814    0.021
A-n45-k7 	BT-3   45   15    180    1   1146   1540   1174    470   0.8503    0.024
A-n45-k7 	BT-3   45    7     90    0   1146   1287   1221    245   0.5242    0.065
A-n45-k7 	BT-3   45    7     90    1   1146   1150   1150     90   0.2436    0.003
A-n45-k7 	BT-3   45    4     90    0   1146   1287   1225    126   0.3015    0.069
A-n45-k7 	BT-3   45    4     90    1   1146   1150   1150     90   0.2408    0.003
A-n45-k7 	BT-3   45   15    180    0   1146   1562   1186    336   0.6351    0.035
A-n45-k7 	BT-3   45   15    180    1   1146   1540   1165    415   0.7855    0.017
A-n45-k7 	BT-3   45    7     90    0   1146   1287   1206    125   0.2916    0.052
A-n45-k7 	BT-3   45    7     90    1   1146   1150   1150     90   0.2211    0.003
A-n45-k7 	BT-3   45    4     90    0   1146   1287   1230    115   0.2498    0.073
A-n45-k7 	BT-3   45    4     90    1   1146   1150   1150     90   0.2233    0.003
A-n45-k7 	BT-3   45   15    180    0   1146   1562   1172    530   1.1786    0.023
A-n45-k7 	BT-3   45   15    180    1   1146   1540   1161    364   0.7656    0.013
A-n45-k7 	BT-3   45    7     90    0   1146   1287   1221    164   0.4615    0.065
A-n45-k7 	BT-3   45    7     90    1   1146   1150   1150     90   0.2743    0.003
A-n45-k7 	BT-3   45    4     90    0   1146   1287   1206    124   0.3476    0.052
A-n45-k7 	BT-3   45    4     90    1   1146   1150   1150     90   0.2739    0.003
A-n45-k7 	BT-3   45   15    180    0   1146   1562   1190    508   1.2391    0.038
A-n45-k7 	BT-3   45   15    180    1   1146   1540   1199    329   0.8335    0.046
A-n45-k7 	BT-3   45    7     90    0   1146   1287   1165    214   0.5367    0.017
A-n45-k7 	BT-3   45    7     90    1   1146   1150   1150     90   0.2832    0.003
A-n45-k7 	BT-3   45    4     90    0   1146   1287   1225    159   0.4113    0.069
A-n45-k7 	BT-3   45    4     90    1   1146   1150   1150     90   0.2745    0.003
A-n45-k7 	BT-3   45   15    180    0   1146   1562   1168    421   1.0362    0.019
A-n45-k7 	BT-3   45   15    180    1   1146   1540   1196    508   1.0477    0.044
A-n45-k7 	BT-3   45    7     90    0   1146   1287   1164    373   0.8012    0.016
A-n45-k7 	BT-3   45    7     90    1   1146   1150   1150     90   0.2208    0.003
A-n45-k7 	BT-3   45    4     90    0   1146   1287   1225    136   0.3047    0.069
A-n45-k7 	BT-3   45    4     90    1   1146   1150   1150     90   0.2134    0.003
A-n45-k7 	BT-3   45   15    180    0   1146   1562   1191    493   1.0324    0.039
A-n45-k7 	BT-3   45   15    180    1   1146   1540   1186    309   0.6237    0.035
A-n45-k7 	BT-3   45    7     90    0   1146   1287   1242    110   0.2629    0.084
A-n45-k7 	BT-3   45    7     90    1   1146   1150   1150     90   0.2184    0.003
A-n45-k7 	BT-3   45    4     90    0   1146   1287   1230    135   0.2897    0.073
A-n45-k7 	BT-3   45    4     90    1   1146   1150   1150     90   0.2569    0.003
A-n45-k7 	BT-3   45   15    180    0   1146   1562   1157    799   1.5977    0.010
A-n45-k7 	BT-3   45   15    180    1   1146   1540   1211    274   0.5284    0.057
A-n45-k7 	BT-3   45    7     90    0   1146   1287   1201    170   0.3869    0.048
A-n45-k7 	BT-3   45    7     90    1   1146   1150   1150     90   0.2440    0.003
A-n45-k7 	BT-3   45    4     90    0   1146   1287   1187    131   0.2755    0.036
A-n45-k7 	BT-3   45    4     90    1   1146   1150   1150     90   0.2260    0.003
A-n45-k7 	BT-3   45   15    180    0   1146   1562   1178    492   0.9647    0.028
A-n45-k7 	BT-3   45   15    180    1   1146   1540   1166    437   0.8156    0.017
A-n45-k7 	BT-3   45    7     90    0   1146   1287   1221    132   0.2893    0.065
A-n45-k7 	BT-3   45    7     90    1   1146   1150   1150     90   0.2175    0.003
A-n45-k7 	BT-3   45    4     90    0   1146   1287   1187    131   0.3193    0.036
A-n45-k7 	BT-3   45    4     90    1   1146   1150   1150     90   0.2172    0.003
A-n45-k7 	BT-3   45   15    180    0   1146   1562   1193    302   0.6489    0.041
A-n45-k7 	BT-3   45   15    180    1   1146   1540   1221    214   0.4609    0.065
A-n45-k7 	BT-3   45    7     90    0   1146   1287   1217    190   0.4413    0.062
A-n45-k7 	BT-3   45    7     90    1   1146   1150   1150     90   0.2260    0.003
A-n45-k7 	BT-3   45    4     90    0   1146   1287   1230    122   0.3070    0.073
A-n45-k7 	BT-3   45    4     90    1   1146   1150   1150     90   0.2194    0.003
A-n45-k7 	BT-3   45   15    180    0   1146   1562   1170    402   0.8052    0.021
A-n45-k7 	BT-3   45   15    180    1   1146   1540   1217    218   0.4043    0.062
A-n45-k7 	BT-3   45    7     90    0   1146   1287   1192    132   0.2759    0.040
A-n45-k7 	BT-3   45    7     90    1   1146   1150   1150     90   0.2062    0.003
A-n45-k7 	BT-3   45    4     90    0   1146   1287   1223    162   0.3684    0.067
A-n45-k7 	BT-3   45    4     90    1   1146   1150   1150     90   0.2773    0.003
A-n45-k7 	BT-3   45   15    180    0   1146   1562   1212    303   0.6395    0.058
A-n45-k7 	BT-3   45   15    180    1   1146   1540   1221    214   0.4757    0.065
A-n45-k7 	BT-3   45    7     90    0   1146   1287   1198    218   0.4600    0.045
A-n45-k7 	BT-3   45    7     90    1   1146   1150   1150     90   0.2222    0.003
A-n45-k7 	BT-3   45    4     90    0   1146   1287   1230    126   0.2768    0.073
A-n45-k7 	BT-3   45    4     90    1   1146   1150   1150     90   0.2172    0.003
A-n45-k7 	BT-3   45   15    180    0   1146   1562   1167    263   0.4900    0.018
A-n45-k7 	BT-3   45   15    180    1   1146   1540   1171    571   1.0337    0.022
A-n45-k7 	BT-3   45    7     90    0   1146   1287   1161    273   0.5837    0.013
A-n45-k7 	BT-3   45    7     90    1   1146   1150   1150     90   0.2217    0.003
A-n45-k7 	BT-3   45    4     90    0   1146   1287   1230    126   0.2748    0.073
A-n45-k7 	BT-3   45    4     90    1   1146   1150   1150     90   0.2077    0.003
A-n45-k7 	BT-3   45   15    180    0   1146   1562   1168    289   0.5294    0.019
A-n45-k7 	BT-3   45   15    180    1   1146   1540   1153    654   1.2428    0.006
A-n45-k7 	BT-3   45    7     90    0   1146   1287   1206    125   0.3155    0.052
A-n45-k7 	BT-3   45    7     90    1   1146   1150   1150     90   0.2532    0.003
A-n45-k7 	BT-3   45    4     90    0   1146   1287   1228    167   0.4324    0.072
A-n45-k7 	BT-3   45    4     90    1   1146   1150   1150     90   0.2144    0.003
A-n45-k7 	BT-3   45   15    180    0   1146   1562   1161    750   1.4563    0.013
A-n45-k7 	BT-3   45   15    180    1   1146   1540   1187    276   0.5251    0.036
A-n45-k7 	BT-3   45    7     90    0   1146   1287   1234    118   0.2693    0.077
A-n45-k7 	BT-3   45    7     90    1   1146   1150   1150     90   0.2305    0.003
A-n45-k7 	BT-3   45    4     90    0   1146   1287   1229    119   0.3131    0.072
A-n45-k7 	BT-3   45    4     90    1   1146   1150   1150     90   0.2586    0.003
A-n45-k7 	BT-3   45   15    180    0   1146   1562   1183    478   1.0425    0.032
A-n45-k7 	BT-3   45   15    180    1   1146   1540   1174    232   0.4671    0.024
A-n45-k7 	BT-3   45    7     90    0   1146   1287   1216    166   0.4206    0.061
A-n45-k7 	BT-3   45    7     90    1   1146   1150   1150     90   0.2554    0.003
A-n45-k7 	BT-3   45    4     90    0   1146   1287   1234    117   0.3022    0.077
A-n45-k7 	BT-3   45    4     90    1   1146   1150   1150     90   0.2662    0.003
A-n45-k7 	BT-3   45   15    180    0   1146   1562   1193    344   0.7777    0.041
A-n45-k7 	BT-3   45   15    180    1   1146   1540   1221    214   0.4622    0.065
A-n45-k7 	BT-3   45    7     90    0   1146   1287   1229    179   0.3810    0.072
A-n45-k7 	BT-3   45    7     90    1   1146   1150   1150     90   0.2096    0.003
A-n45-k7 	BT-3   45    4     90    0   1146   1287   1209    197   0.4007    0.055
A-n45-k7 	BT-3   45    4     90    1   1146   1150   1150     90   0.2266    0.003
A-n45-k7 	BT-3   45   15    180    0   1146   1562   1189    574   1.1466    0.038
A-n45-k7 	BT-3   45   15    180    1   1146   1540   1221    214   0.3861    0.065
A-n45-k7 	BT-3   45    7     90    0   1146   1287   1221    138   0.2973    0.065
A-n45-k7 	BT-3   45    7     90    1   1146   1150   1150     90   0.2294    0.003
A-n45-k7 	BT-3   45    4     90    0   1146   1287   1236    108   0.2601    0.079
A-n45-k7 	BT-3   45    4     90    1   1146   1150   1150     90   0.2041    0.003
A-n45-k7 	BT-3   45   15    180    0   1146   1562   1195    300   0.5769    0.043
A-n45-k7 	BT-3   45   15    180    1   1146   1540   1191    262   0.5086    0.039
A-n45-k7 	BT-3   45    7     90    0   1146   1287   1220    141   0.3536    0.065
A-n45-k7 	BT-3   45    7     90    1   1146   1150   1150     90   0.2195    0.003
A-n45-k7 	BT-3   45    4     90    0   1146   1287   1206    125   0.2972    0.052
A-n45-k7 	BT-3   45    4     90    1   1146   1150   1150     90   0.2379    0.003
A-n45-k7 	BT-3   45   15    180    0   1146   1562   1181    294   0.5187    0.031
A-n45-k7 	BT-3   45   15    180    1   1146   1540   1156    341   0.5929    0.009
A-n45-k7 	BT-3   45    7     90    0   1146   1287   1218    268   0.5206    0.063
A-n45-k7 	BT-3   45    7     90    1   1146   1150   1150     90   0.2072    0.003
A-n45-k7 	BT-3   45    4     90    0   1146   1287   1217    190   0.3759    0.062
A-n45-k7 	BT-3   45    4     90    1   1146   1150   1150     90   0.2099    0.003
A-n45-k7 	BT-3   45   15    180    0   1146   1562   1197    315   0.5824    0.045
A-n45-k7 	BT-3   45   15    180    1   1146   1540   1163    324   0.5958    0.015
A-n45-k7 	BT-3   45    7     90    0   1146   1287   1227    188   0.4080    0.071
A-n45-k7 	BT-3   45    7     90    1   1146   1150   1150     90   0.2331    0.003
A-n45-k7 	BT-3   45    4     90    0   1146   1287   1217    164   0.4395    0.062
A-n45-k7 	BT-3   45    4     90    1   1146   1150   1150     90   0.2338    0.003
A-n45-k7 	BT-3   45   15    180    0   1146   1562   1159    369   0.6725    0.011
A-n45-k7 	BT-3   45   15    180    1   1146   1540   1149    584   1.1739    0.003
A-n45-k7 	BT-3   45    7     90    0   1146   1225   1165    101   0.2335    0.017
A-n45-k7 	BT-3   45    7     90    1   1146   1149   1149     90   0.2244    0.003
A-n45-k7 	BT-3   45    4     90    0   1146   1225   1165    101   0.2543    0.017
A-n45-k7 	BT-3   45    4     90    1   1146   1149   1149     90   0.2209    0.003
A-n45-k7 	BT-3   45   15    180    0   1146   1562   1179    401   0.7205    0.029
A-n45-k7 	BT-3   45   15    180    1   1146   1540   1185    246   0.4483    0.034
A-n45-k7 	BT-3   45    7     90    0   1146   1225   1165    101   0.2591    0.017
A-n45-k7 	BT-3   45    7     90    1   1146   1149   1149     90   0.2247    0.003
A-n45-k7 	BT-3   45    4     90    0   1146   1225   1162    125   0.2601    0.014
A-n45-k7 	BT-3   45    4     90    1   1146   1149   1149     90   0.2378    0.003
A-n45-k7 	BT-3   45   15    180    0   1146   1562   1171    507   0.9284    0.022
A-n45-k7 	BT-3   45   15    180    1   1146   1540   1177    286   0.5086    0.027
A-n45-k7 	BT-3   45    7     90    0   1146   1225   1165    101   0.2226    0.017
A-n45-k7 	BT-3   45    7     90    1   1146   1149   1149     90   0.2412    0.003
A-n45-k7 	BT-3   45    4     90    0   1146   1225   1165    101   0.2284    0.017
A-n45-k7 	BT-3   45    4     90    1   1146   1149   1149     90   0.2660    0.003
A-n45-k7 	BT-3   45   15    180    0   1146   1562   1165    479   1.2004    0.017
A-n45-k7 	BT-3   45   15    180    1   1146   1540   1221    214   0.4062    0.065
A-n45-k7 	BT-3   45    7     90    0   1146   1225   1165    101   0.2468    0.017
A-n45-k7 	BT-3   45    7     90    1   1146   1149   1149     90   0.2190    0.003
A-n45-k7 	BT-3   45    4     90    0   1146   1225   1165    101   0.2238    0.017
A-n45-k7 	BT-3   45    4     90    1   1146   1149   1149     90   0.2238    0.003
A-n45-k7 	BT-3   45   15    180    0   1146   1562   1197    315   0.5898    0.045
A-n45-k7 	BT-3   45   15    180    1   1146   1540   1164    303   0.5435    0.016
A-n45-k7 	BT-3   45    7     90    0   1146   1225   1165    101   0.2180    0.017
A-n45-k7 	BT-3   45    7     90    1   1146   1149   1149     90   0.2166    0.003
A-n45-k7 	BT-3   45    4     90    0   1146   1225   1165    101   0.2214    0.017
A-n45-k7 	BT-3   45    4     90    1   1146   1149   1149     90   0.2219    0.003
A-n45-k7 	BT-3   45   15    180    0   1146   1562   1180    478   0.8518    0.030
A-n45-k7 	BT-3   45   15    180    1   1146   1540   1221    214   0.3802    0.065
A-n45-k7 	BT-3   45    7     90    0   1146   1225   1165    101   0.2220    0.017
A-n45-k7 	BT-3   45    7     90    1   1146   1149   1149     90   0.2175    0.003
A-n45-k7 	BT-3   45    4     90    0   1146   1225   1165    101   0.2207    0.017
A-n45-k7 	BT-3   45    4     90    1   1146   1149   1149     90   0.2183    0.003
A-n45-k7 	BT-3   45   15    180    0   1146   1562   1172    572   1.0285    0.023
A-n45-k7 	BT-3   45   15    180    1   1146   1540   1168    293   0.5065    0.019
A-n45-k7 	BT-3   45    7     90    0   1146   1225   1146    151   0.3212    0.000
A-n45-k7 	BT-3   45    7     90    1   1146   1149   1149     90   0.2655    0.003
A-n45-k7 	BT-3   45    4     90    0   1146   1242   1155    140   0.3759    0.008
A-n45-k7 	BT-3   45    4     90    1   1146   1146   1146     90   0.2632    0.000
A-n45-k7 	BT-3   45   15    180    0   1146   1562   1177    385   0.8268    0.027
A-n45-k7 	BT-3   45   15    180    1   1146   1540   1179    419   0.8440    0.029
A-n45-k7 	BT-3   45    7     90    0   1146   1242   1146    188   0.4091    0.000
A-n45-k7 	BT-3   45    7     90    1   1146   1146   1146     90   0.2171    0.000
A-n45-k7 	BT-3   45    4     90    0   1146   1242   1155    136   0.2972    0.008
A-n45-k7 	BT-3   45    4     90    1   1146   1146   1146     90   0.2179    0.000
A-n45-k7 	BT-3   45   15    180    0   1146   1562   1178    546   1.0026    0.028
A-n45-k7 	BT-3   45   15    180    1   1146   1540   1202    304   0.5425    0.049
A-n45-k7 	BT-3   45    7     90    0   1146   1242   1146    290   0.5945    0.000
A-n45-k7 	BT-3   45    7     90    1   1146   1146   1146     90   0.2104    0.000
A-n45-k7 	BT-3   45    4     90    0   1146   1242   1146    290   0.6106    0.000
A-n45-k7 	BT-3   45    4     90    1   1146   1146   1146     90   0.2111    0.000
A-n45-k7 	BT-3   45   15    180    0   1146   1562   1179    515   0.9531    0.029
A-n45-k7 	BT-3   45   15    180    1   1146   1540   1176    592   1.1788    0.026
A-n45-k7 	BT-3   45    7     90    0   1146   1242   1155    171   0.3612    0.008
A-n45-k7 	BT-3   45    7     90    1   1146   1146   1146     90   0.2198    0.000
A-n45-k7 	BT-3   45    4     90    0   1146   1242   1155    135   0.2901    0.008
A-n45-k7 	BT-3   45    4     90    1   1146   1146   1146     90   0.2113    0.000
A-n45-k7 	BT-3   45   15    180    0   1146   1562   1196    222   0.3968    0.044
A-n45-k7 	BT-3   45   15    180    1   1146   1540   1188    389   0.6961    0.037
A-n45-k7 	BT-3   45    7     90    0   1146   1242   1150    220   0.4590    0.003
A-n45-k7 	BT-3   45    7     90    1   1146   1146   1146     90   0.2132    0.000
A-n45-k7 	BT-3   45    4     90    0   1146   1242   1155    126   0.2827    0.008
A-n45-k7 	BT-3   45    4     90    1   1146   1146   1146     90   0.2073    0.000
A-n45-k7 	BT-3   45   15    180    0   1146   1562   1193    434   0.8911    0.041
A-n45-k7 	BT-3   45   15    180    1   1146   1540   1185    308   0.5571    0.034
A-n45-k7 	BT-3   45    7     90    0   1146   1242   1146    179   0.3882    0.000
A-n45-k7 	BT-3   45    7     90    1   1146   1146   1146     90   0.2232    0.000
A-n45-k7 	BT-3   45    4     90    0   1146   1242   1146    290   0.7422    0.000
A-n45-k7 	BT-3   45    4     90    1   1146   1146   1146     90   0.2617    0.000
A-n45-k7 	BT-3   45   15    180    0   1146   1562   1148    637   1.1827    0.002
A-n45-k7 	BT-3   45   15    180    1   1146   1540   1221    214   0.3886    0.065
A-n45-k7 	BT-3   45    7     90    0   1146   1242   1155    151   0.3196    0.008
A-n45-k7 	BT-3   45    7     90    1   1146   1146   1146     90   0.2134    0.000
A-n45-k7 	BT-3   45    4     90    0   1146   1242   1146    290   0.6311    0.000
A-n45-k7 	BT-3   45    4     90    1   1146   1146   1146     90   0.2172    0.000
A-n45-k7 	BT-3   45   15    180    0   1146   1562   1190    265   0.4902    0.038
A-n45-k7 	BT-3   45   15    180    1   1146   1540   1187    286   0.5421    0.036
A-n45-k7 	BT-3   45    7     90    0   1146   1242   1146    127   0.2837    0.000
A-n45-k7 	BT-3   45    7     90    1   1146   1146   1146     90   0.2184    0.000
A-n45-k7 	BT-3   45    4     90    0   1146   1242   1155    165   0.3666    0.008
A-n45-k7 	BT-3   45    4     90    1   1146   1146   1146     90   0.2279    0.000
A-n45-k7 	BT-3   45   15    180    0   1146   1562   1170    620   1.1410    0.021
A-n45-k7 	BT-3   45   15    180    1   1146   1540   1221    214   0.3888    0.065
A-n45-k7 	BT-3   45    7     90    0   1146   1242   1146    171   0.3600    0.000
A-n45-k7 	BT-3   45    7     90    1   1146   1146   1146     90   0.2127    0.000
A-n45-k7 	BT-3   45    4     90    0   1146   1242   1150    278   0.5823    0.003
A-n45-k7 	BT-3   45    4     90    1   1146   1146   1146     90   0.2076    0.000
A-n45-k7 	BT-3   45   15    180    0   1146   1562   1198    467   0.8443    0.045
A-n45-k7 	BT-3   45   15    180    1   1146   1540   1175    318   0.5994    0.025
A-n45-k7 	BT-3   45    7     90    0   1146   1242   1147    194   0.4125    0.001
A-n45-k7 	BT-3   45    7     90    1   1146   1146   1146     90   0.2171    0.000
A-n45-k7 	BT-3   45    4     90    0   1146   1242   1150    214   0.4476    0.003
A-n45-k7 	BT-3   45    4     90    1   1146   1146   1146     90   0.2084    0.000
A-n45-k7 	BT-3   45   15    180    0   1146   1562   1207    318   0.5727    0.053
A-n45-k7 	BT-3   45   15    180    1   1146   1540   1221    214   0.3797    0.065
A-n45-k7 	BT-3   45    7     90    0   1146   1242   1156    117   0.2604    0.009
A-n45-k7 	BT-3   45    7     90    1   1146   1146   1146     90   0.2136    0.000
A-n45-k7 	BT-3   45    4     90    0   1146   1242   1146    290   0.6015    0.000
A-n45-k7 	BT-3   45    4     90    1   1146   1146   1146     90   0.2088    0.000
A-n45-k7 	BT-3   45   15    180    0   1146   1562   1170    483   0.8905    0.021
A-n45-k7 	BT-3   45   15    180    1   1146   1540   1168    366   0.6590    0.019
A-n45-k7 	BT-3   45    7     90    0   1146   1242   1150    212   0.4792    0.003
A-n45-k7 	BT-3   45    7     90    1   1146   1146   1146     90   0.2121    0.000
A-n45-k7 	BT-3   45    4     90    0   1146   1242   1146    290   0.6356    0.000
A-n45-k7 	BT-3   45    4     90    1   1146   1146   1146     90   0.2094    0.000
A-n45-k7 	BT-3   45   15    180    0   1146   1562   1184    437   0.8692    0.033
A-n45-k7 	BT-3   45   15    180    1   1146   1540   1182    423   0.8289    0.031
A-n45-k7 	BT-3   45    7     90    0   1146   1242   1146    155   0.3617    0.000
A-n45-k7 	BT-3   45    7     90    1   1146   1146   1146     90   0.2274    0.000
A-n45-k7 	BT-3   45    4     90    0   1146   1242   1155    145   0.3496    0.008
A-n45-k7 	BT-3   45    4     90    1   1146   1146   1146     90   0.2358    0.000
A-n45-k7 	BT-3   45   15    180    0   1146   1562   1151    583   1.2029    0.004
A-n45-k7 	BT-3   45   15    180    1   1146   1540   1221    214   0.4155    0.065
A-n45-k7 	BT-3   45    7     90    0   1146   1242   1146    290   0.6291    0.000
A-n45-k7 	BT-3   45    7     90    1   1146   1146   1146     90   0.2196    0.000
A-n45-k7 	BT-3   45    4     90    0   1146   1242   1155    143   0.3380    0.008
A-n45-k7 	BT-3   45    4     90    1   1146   1146   1146     90   0.2060    0.000
A-n45-k7 	BT-3   45   15    180    0   1146   1562   1180    511   0.9341    0.030
A-n45-k7 	BT-3   45   15    180    1   1146   1540   1189    225   0.4138    0.038
A-n45-k7 	BT-3   45    7     90    0   1146   1242   1146    127   0.2977    0.000
A-n45-k7 	BT-3   45    7     90    1   1146   1146   1146     90   0.2161    0.000
A-n45-k7 	BT-3   45    4     90    0   1146   1242   1146    303   0.6175    0.000
A-n45-k7 	BT-3   45    4     90    1   1146   1146   1146     90   0.2235    0.000
A-n45-k7 	BT-3   45   15    180    0   1146   1562   1170    501   0.9284    0.021
A-n45-k7 	BT-3   45   15    180    1   1146   1540   1168    473   0.9336    0.019
A-n45-k7 	BT-3   45    7     90    0   1146   1242   1155    161   0.3758    0.008
A-n45-k7 	BT-3   45    7     90    1   1146   1146   1146     90   0.2298    0.000
A-n45-k7 	BT-3   45    4     90    0   1146   1242   1146    290   0.6797    0.000
A-n45-k7 	BT-3   45    4     90    1   1146   1146   1146     90   0.2098    0.000
A-n45-k7 	BT-3   45   15    180    0   1146   1562   1161    350   0.6702    0.013
A-n45-k7 	BT-3   45   15    180    1   1146   1540   1195    346   0.6667    0.043
A-n45-k7 	BT-3   45    7     90    0   1146   1242   1146    182   0.3897    0.000
A-n45-k7 	BT-3   45    7     90    1   1146   1146   1146     90   0.2126    0.000
A-n45-k7 	BT-3   45    4     90    0   1146   1242   1146    290   0.6100    0.000
A-n45-k7 	BT-3   45    4     90    1   1146   1146   1146     90   0.2119    0.000
A-n45-k7 	BT-3   45   15    180    0   1146   1562   1181    463   0.8174    0.031
A-n45-k7 	BT-3   45   15    180    1   1146   1540   1221    214   0.3738    0.065
A-n45-k7 	BT-3   45    7     90    0   1146   1242   1146    125   0.2723    0.000
A-n45-k7 	BT-3   45    7     90    1   1146   1146   1146     90   0.2167    0.000
A-n45-k7 	BT-3   45    4     90    0   1146   1242   1155    159   0.3290    0.008
A-n45-k7 	BT-3   45    4     90    1   1146   1146   1146     90   0.2106    0.000
A-n45-k7 	BT-3   45   15    180    0   1146   1562   1171    437   0.7707    0.022
A-n45-k7 	BT-3   45   15    180    1   1146   1540   1172    331   0.5762    0.023
A-n45-k7 	BT-3   45    7     90    0   1146   1242   1146    278   0.5661    0.000
A-n45-k7 	BT-3   45    7     90    1   1146   1146   1146     90   0.2082    0.000
A-n45-k7 	BT-3   45    4     90    0   1146   1242   1155    144   0.3275    0.008
A-n45-k7 	BT-3   45    4     90    1   1146   1146   1146     90   0.2149    0.000
A-n45-k7 	BT-3   45   15    180    0   1146   1562   1166    829   1.4446    0.017
A-n45-k7 	BT-3   45   15    180    1   1146   1540   1221    214   0.3831    0.065
A-n45-k7 	BT-3   45    7     90    0   1146   1242   1146    166   0.3431    0.000
A-n45-k7 	BT-3   45    7     90    1   1146   1146   1146     90   0.2091    0.000
A-n45-k7 	BT-3   45    4     90    0   1146   1242   1155    154   0.3227    0.008
A-n45-k7 	BT-3   45    4     90    1   1146   1146   1146     90   0.2088    0.000
A-n45-k7 	BT-3   45   15    180    0   1146   1562   1169    523   0.9376    0.020
A-n45-k7 	BT-3   45   15    180    1   1146   1540   1182    338   0.5832    0.031
A-n45-k7 	BT-3   45    7     90    0   1146   1242   1146    290   0.6149    0.000
A-n45-k7 	BT-3   45    7     90    1   1146   1146   1146     90   0.2195    0.000
A-n45-k7 	BT-3   45    4     90    0   1146   1242   1146    290   0.6098    0.000
A-n45-k7 	BT-3   45    4     90    1   1146   1146   1146     90   0.2092    0.000
A-n45-k7 	BT-3   45   15    180    0   1146   1562   1159    385   0.6846    0.011
A-n45-k7 	BT-3   45   15    180    1   1146   1540   1184    290   0.5120    0.033
A-n45-k7 	BT-3   45    7     90    0   1146   1242   1146    290   0.6194    0.000
A-n45-k7 	BT-3   45    7     90    1   1146   1146   1146     90   0.2074    0.000
A-n45-k7 	BT-3   45    4     90    0   1146   1242   1155    168   0.3542    0.008
A-n45-k7 	BT-3   45    4     90    1   1146   1146   1146     90   0.2113    0.000
A-n45-k7 	BT-3   45   15    180    0   1146   1562   1199    574   1.0366    0.046
A-n45-k7 	BT-3   45   15    180    1   1146   1540   1191    289   0.5155    0.039
A-n45-k7 	BT-3   45    7     90    0   1146   1242   1146    153   0.3519    0.000
A-n45-k7 	BT-3   45    7     90    1   1146   1146   1146     90   0.2148    0.000
A-n45-k7 	BT-3   45    4     90    0   1146   1242   1155    135   0.2952    0.008
A-n45-k7 	BT-3   45    4     90    1   1146   1146   1146     90   0.2148    0.000
A-n45-k7 	BT-3   45   15    180    0   1146   1562   1167    537   0.9577    0.018
A-n45-k7 	BT-3   45   15    180    1   1146   1540   1157    542   0.9300    0.010
A-n45-k7 	BT-3   45    7     90    0   1146   1242   1150    204   0.4213    0.003
A-n45-k7 	BT-3   45    7     90    1   1146   1146   1146     90   0.2124    0.000
A-n45-k7 	BT-3   45    4     90    0   1146   1242   1155    162   0.3571    0.008
A-n45-k7 	BT-3   45    4     90    1   1146   1146   1146     90   0.2148    0.000
A-n45-k7 	BT-3   45   15    180    0   1146   1562   1169    427   0.7530    0.020
A-n45-k7 	BT-3   45   15    180    1   1146   1540   1221    214   0.3834    0.065
A-n45-k7 	BT-3   45    7     90    0   1146   1242   1146    290   0.6021    0.000
A-n45-k7 	BT-3   45    7     90    1   1146   1146   1146     90   0.2142    0.000
A-n45-k7 	BT-3   45    4     90    0   1146   1242   1146    290   0.6208    0.000
A-n45-k7 	BT-3   45    4     90    1   1146   1146   1146     90   0.2097    0.000
A-n45-k7 	BT-3   45   15    180    0   1146   1562   1191    359   0.7029    0.039
A-n45-k7 	BT-3   45   15    180    1   1146   1540   1185    317   0.5786    0.034
A-n45-k7 	BT-3   45    7     90    0   1146   1242   1150    248   0.5334    0.003
A-n45-k7 	BT-3   45    7     90    1   1146   1146   1146     90   0.2066    0.000
A-n45-k7 	BT-3   45    4     90    0   1146   1242   1155    167   0.3494    0.008
A-n45-k7 	BT-3   45    4     90    1   1146   1146   1146     90   0.2068    0.000
A-n45-k7 	BT-3   45   15    180    0   1146   1562   1179    582   1.0314    0.029
A-n45-k7 	BT-3   45   15    180    1   1146   1540   1181    301   0.5346    0.031
A-n45-k7 	BT-3   45    7     90    0   1146   1242   1146    134   0.2852    0.000
A-n45-k7 	BT-3   45    7     90    1   1146   1146   1146     90   0.2116    0.000
A-n45-k7 	BT-3   45    4     90    0   1146   1242   1155    140   0.3125    0.008
A-n45-k7 	BT-3   45    4     90    1   1146   1146   1146     90   0.2574    0.000
A-n45-k7 	BT-3   45   15    180    0   1146   1562   1154    501   1.0023    0.007
A-n45-k7 	BT-3   45   15    180    1   1146   1540   1165    918   1.6509    0.017
A-n45-k7 	BT-3   45    7     90    0   1146   1242   1146    159   0.3477    0.000
A-n45-k7 	BT-3   45    7     90    1   1146   1146   1146     90   0.2139    0.000
A-n45-k7 	BT-3   45    4     90    0   1146   1242   1155    135   0.2889    0.008
A-n45-k7 	BT-3   45    4     90    1   1146   1146   1146     90   0.2138    0.000
A-n45-k7 	BT-3   45   15    180    0   1146   1562   1162    383   0.6838    0.014
A-n45-k7 	BT-3   45   15    180    1   1146   1540   1179    353   0.7117    0.029
A-n45-k7 	BT-3   45    7     90    0   1146   1242   1146    200   0.4140    0.000
A-n45-k7 	BT-3   45    7     90    1   1146   1146   1146     90   0.2144    0.000
A-n45-k7 	BT-3   45    4     90    0   1146   1242   1155    126   0.2718    0.008
A-n45-k7 	BT-3   45    4     90    1   1146   1146   1146     90   0.2150    0.000
A-n45-k7 	BT-3   45   15    180    0   1146   1562   1178    703   1.3132    0.028
A-n45-k7 	BT-3   45   15    180    1   1146   1540   1154    368   0.6601    0.007
A-n45-k7 	BT-3   45    7     90    0   1146   1242   1146    187   0.4419    0.000
A-n45-k7 	BT-3   45    7     90    1   1146   1146   1146     90   0.2374    0.000
A-n45-k7 	BT-3   45    4     90    0   1146   1242   1146    290   0.6317    0.000
A-n45-k7 	BT-3   45    4     90    1   1146   1146   1146     90   0.2162    0.000
A-n45-k7 	BT-3   45   15    180    0   1146   1562   1187    349   0.6434    0.036
A-n45-k7 	BT-3   45   15    180    1   1146   1540   1185    372   0.6766    0.034
A-n45-k7 	BT-3   45    7     90    0   1146   1242   1146    193   0.4159    0.000
A-n45-k7 	BT-3   45    7     90    1   1146   1146   1146     90   0.2221    0.000
A-n45-k7 	BT-3   45    4     90    0   1146   1242   1156    118   0.2683    0.009
A-n45-k7 	BT-3   45    4     90    1   1146   1146   1146     90   0.2157    0.000
A-n45-k7 	BT-3   45   15    180    0   1146   1562   1169    460   0.8431    0.020
A-n45-k7 	BT-3   45   15    180    1   1146   1540   1158    678   1.2433    0.010
A-n45-k7 	BT-3   45    7     90    0   1146   1242   1146    290   0.6318    0.000
A-n45-k7 	BT-3   45    7     90    1   1146   1146   1146     90   0.2178    0.000
A-n45-k7 	BT-3   45    4     90    0   1146   1242   1150    215   0.4442    0.003
A-n45-k7 	BT-3   45    4     90    1   1146   1146   1146     90   0.2082    0.000
A-n45-k7 	BT-3   45   15    180    0   1146   1562   1172    490   0.9034    0.023
A-n45-k7 	BT-3   45   15    180    1   1146   1540   1221    214   0.3830    0.065
A-n45-k7 	BT-3   45    7     90    0   1146   1242   1146    290   0.6125    0.000
A-n45-k7 	BT-3   45    7     90    1   1146   1146   1146     90   0.2125    0.000
A-n45-k7 	BT-3   45    4     90    0   1146   1242   1146    290   0.6241    0.000
A-n45-k7 	BT-3   45    4     90    1   1146   1146   1146     90   0.2135    0.000
A-n45-k7 	BT-3   45   15    180    0   1146   1562   1199    400   0.7614    0.046
A-n45-k7 	BT-3   45   15    180    1   1146   1540   1168    354   0.6358    0.019
A-n45-k7 	BT-3   45    7     90    0   1146   1242   1150    267   0.5451    0.003
A-n45-k7 	BT-3   45    7     90    1   1146   1146   1146     90   0.2133    0.000
A-n45-k7 	BT-3   45    4     90    0   1146   1242   1155    169   0.3523    0.008
A-n45-k7 	BT-3   45    4     90    1   1146   1146   1146     90   0.2095    0.000
A-n45-k7 	BT-3   45   15    180    0   1146   1562   1202    287   0.5329    0.049
A-n45-k7 	BT-3   45   15    180    1   1146   1540   1221    214   0.3894    0.065
A-n45-k7 	BT-3   45    7     90    0   1146   1242   1146    290   0.6043    0.000
A-n45-k7 	BT-3   45    7     90    1   1146   1146   1146     90   0.2087    0.000
A-n45-k7 	BT-3   45    4     90    0   1146   1242   1155    156   0.3283    0.008
A-n45-k7 	BT-3   45    4     90    1   1146   1146   1146     90   0.2132    0.000
A-n45-k7 	BT-3   45   15    180    0   1146   1562   1188    302   0.5613    0.037
A-n45-k7 	BT-3   45   15    180    1   1146   1540   1159    403   0.7340    0.011
A-n45-k7 	BT-3   45    7     90    0   1146   1242   1146    243   0.4934    0.000
A-n45-k7 	BT-3   45    7     90    1   1146   1146   1146     90   0.2133    0.000
A-n45-k7 	BT-3   45    4     90    0   1146   1242   1146    290   0.6009    0.000
A-n45-k7 	BT-3   45    4     90    1   1146   1146   1146     90   0.2087    0.000
A-n45-k7 	BT-3   45   15    180    0   1146   1562   1173    476   0.8528    0.024
A-n45-k7 	BT-3   45   15    180    1   1146   1540   1221    214   0.3813    0.065
A-n45-k7 	BT-3   45    7     90    0   1146   1242   1148    157   0.3704    0.002
A-n45-k7 	BT-3   45    7     90    1   1146   1146   1146     90   0.2079    0.000
A-n45-k7 	BT-3   45    4     90    0   1146   1242   1155    141   0.2971    0.008
A-n45-k7 	BT-3   45    4     90    1   1146   1146   1146     90   0.2083    0.000
A-n45-k7 	BT-3   45   15    180    0   1146   1562   1182    851   1.4950    0.031
A-n45-k7 	BT-3   45   15    180    1   1146   1540   1171    303   0.5263    0.022
A-n45-k7 	BT-3   45    7     90    0   1146   1242   1146    268   0.5497    0.000
A-n45-k7 	BT-3   45    7     90    1   1146   1146   1146     90   0.2145    0.000
A-n45-k7 	BT-3   45    4     90    0   1146   1242   1155    146   0.3063    0.008
A-n45-k7 	BT-3   45    4     90    1   1146   1146   1146     90   0.2106    0.000
A-n45-k7 	BT-3   45   15    180    0   1146   1562   1185    360   0.6386    0.034
A-n45-k7 	BT-3   45   15    180    1   1146   1540   1165    390   0.6750    0.017
A-n45-k7 	BT-3   45    7     90    0   1146   1242   1155    171   0.3550    0.008
A-n45-k7 	BT-3   45    7     90    1   1146   1146   1146     90   0.2197    0.000
A-n45-k7 	BT-3   45    4     90    0   1146   1242   1156    122   0.2688    0.009
A-n45-k7 	BT-3   45    4     90    1   1146   1146   1146     90   0.2131    0.000
A-n45-k7 	BT-3   45   15    180    0   1146   1562   1162    442   0.7681    0.014
A-n45-k7 	BT-3   45   15    180    1   1146   1540   1190    346   0.6030    0.038
A-n45-k7 	BT-3   45    7     90    0   1146   1242   1150    338   0.7053    0.003
A-n45-k7 	BT-3   45    7     90    1   1146   1146   1146     90   0.2205    0.000
A-n45-k7 	BT-3   45    4     90    0   1146   1242   1155    160   0.3331    0.008
A-n45-k7 	BT-3   45    4     90    1   1146   1146   1146     90   0.2113    0.000
A-n45-k7 	BT-3   45   15    180    0   1146   1562   1176    506   0.8934    0.026
A-n45-k7 	BT-3   45   15    180    1   1146   1540   1183    424   0.7466    0.032
A-n45-k7 	BT-3   45    7     90    0   1146   1242   1146    224   0.4349    0.000
A-n45-k7 	BT-3   45    7     90    1   1146   1146   1146     90   0.2135    0.000
A-n45-k7 	BT-3   45    4     90    0   1146   1242   1146    290   0.6134    0.000
A-n45-k7 	BT-3   45    4     90    1   1146   1146   1146     90   0.2072    0.000
A-n45-k7 	BT-3   45   15    180    0   1146   1562   1166    599   1.1250    0.017
A-n45-k7 	BT-3   45   15    180    1   1146   1540   1221    214   0.4009    0.065
A-n45-k7 	BT-3   45    7     90    0   1146   1242   1146    173   0.3577    0.000
A-n45-k7 	BT-3   45    7     90    1   1146   1146   1146     90   0.2072    0.000
A-n45-k7 	BT-3   45    4     90    0   1146   1242   1150    232   0.4859    0.003
A-n45-k7 	BT-3   45    4     90    1   1146   1146   1146     90   0.2103    0.000
