B-n44-k7 	BT-1   44   14    176    0    909   1049    930    353   0.6245    0.023
B-n44-k7 	BT-1   44   14    176    1    909   1049    934    235   0.3874    0.028
B-n44-k7 	BT-1   44    8     88    0    909   1016    930     89   0.1635    0.023
B-n44-k7 	BT-1   44    8     88    1    909    930    930     88   0.1610    0.023
B-n44-k7 	BT-1   44    4     44    0    909   1016    930     45   0.0927    0.023
B-n44-k7 	BT-1   44    4     44    1    909    930    930     44   0.0894    0.023
B-n44-k7 	BT-2   44   14    176    0    909   1049    935    212   0.3551    0.029
B-n44-k7 	BT-2   44   14    176    1    909   1049    935    187   0.3285    0.029
B-n44-k7 	BT-2   44    8     88    0    909   1158    927     99   0.1799    0.020
B-n44-k7 	BT-2   44    8     88    1    909    935    935     88   0.1566    0.029
B-n44-k7 	BT-2   44    4     44    0    909    927    927     44   0.0905    0.020
B-n44-k7 	BT-2   44    4     44    1    909    927    927     44   0.0943    0.020
B-n44-k7 	BT-3   44   14    176    0    909   1049    935    280   0.7435    0.029
B-n44-k7 	BT-3   44   14    176    1    909   1049    935    194   0.6052    0.029
B-n44-k7 	BT-3   44    8     88    0    909   1213    934     97   0.3438    0.028
B-n44-k7 	BT-3   44    8     88    1    909    935    934     93   0.3389    0.028
B-n44-k7 	BT-3   44    4     44    0    909    934    934     44   0.1835    0.028
B-n44-k7 	BT-3   44    4     44    1    909    934    934     44   0.1820    0.028
B-n44-k7 	BT-3   44   14    176    0    909   1049    942    191   0.6046    0.036
B-n44-k7 	BT-3   44   14    176    1    909   1049    935    194   0.6324    0.029
B-n44-k7 	BT-3   44    8     88    0    909    934    934     88   0.3408    0.028
B-n44-k7 	BT-3   44    8     88    1    909    934    934     88   0.3277    0.028
B-n44-k7 	BT-3   44    4     44    0    909    934    934     44   0.1848    0.028
B-n44-k7 	BT-3   44    4     44    1    909    934    934     44   0.1837    0.028
B-n44-k7 	BT-3   44   14    176    0    909   1049    936    195   0.6026    0.030
B-n44-k7 	BT-3   44   14    176    1    909   1049    935    194   0.5996    0.029
B-n44-k7 	BT-3   44    8     88    0    909    934    934     88   0.3313    0.028
B-n44-k7 	BT-3   44    8     88    1    909    934    934     88   0.3266    0.028
B-n44-k7 	BT-3   44    4     44    0    909    934    934     44   0.1871    0.028
B-n44-k7 	BT-3   44    4     44    1    909    934    934     44   0.1866    0.028
B-n44-k7 	BT-3   44   14    176    0    909   1049    936    195   0.5913    0.030
B-n44-k7 	BT-3   44   14    176    1    909   1049    935    194   0.6155    0.029
B-n44-k7 	BT-3   44    8     88    0    909    934    934     88   0.3324    0.028
B-n44-k7 	BT-3   44    8     88    1    909    934    934     88   0.3240    0.028
B-n44-k7 	BT-3   44    4     44    0    909    934    934     44   0.1856    0.028
B-n44-k7 	BT-3   44    4     44    1    909    934    934     44   0.1864    0.028
B-n44-k7 	BT-3   44   14    176    0    909   1049    935    200   0.6059    0.029
B-n44-k7 	BT-3   44   14    176    1    909   1049    935    194   0.6071    0.029
B-n44-k7 	BT-3   44    8     88    0    909    934    934     88   0.3358    0.028
B-n44-k7 	BT-3   44    8     88    1    909    934    934     88   0.3306    0.028
B-n44-k7 	BT-3   44    4     44    0    909    934    934     44   0.1847    0.028
B-n44-k7 	BT-3   44    4     44    1    909    934    934     44   0.1845    0.028
B-n44-k7 	BT-3   44   14    176    0    909   1049    939    356   0.9329    0.033
B-n44-k7 	BT-3   44   14    176    1    909   1049    935    194   0.5992    0.029
B-n44-k7 	BT-3   44    8     88    0    909    934    934     88   0.3609    0.028
B-n44-k7 	BT-3   44    8     88    1    909    934    934     88   0.3289    0.028
B-n44-k7 	BT-3   44    4     44    0    909    934    934     44   0.1837    0.028
B-n44-k7 	BT-3   44    4     44    1    909    934    934     44   0.1833    0.028
B-n44-k7 	BT-3   44   14    176    0    909   1049    934    240   0.6799    0.028
B-n44-k7 	BT-3   44   14    176    1    909   1049    932    217   0.6261    0.025
B-n44-k7 	BT-3   44    8     88    0    909   1008    932     89   0.3285    0.025
B-n44-k7 	BT-3   44    8     88    1    909    932    931    111   0.3600    0.024
B-n44-k7 	BT-3   44    4     44    0    909    931    931     44   0.1842    0.024
B-n44-k7 	BT-3   44    4     44    1    909    931    931     44   0.1881    0.024
B-n44-k7 	BT-3   44   14    176    0    909   1049    936    233   0.6568    0.030
B-n44-k7 	BT-3   44   14    176    1    909   1049    931    394   0.9215    0.024
B-n44-k7 	BT-3   44    8     88    0    909    931    931     88   0.3198    0.024
B-n44-k7 	BT-3   44    8     88    1    909    931    931     88   0.3298    0.024
B-n44-k7 	BT-3   44    4     44    0    909    931    931     44   0.1825    0.024
B-n44-k7 	BT-3   44    4     44    1    909    931    931     44   0.1922    0.024
B-n44-k7 	BT-3   44   14    176    0    909   1049    935    216   0.6548    0.029
B-n44-k7 	BT-3   44   14    176    1    909   1049    930    271   0.7224    0.023
B-n44-k7 	BT-3   44    8     88    0    909    930    930     88   0.3276    0.023
B-n44-k7 	BT-3   44    8     88    1    909    930    930     88   0.3294    0.023
B-n44-k7 	BT-3   44    4     44    0    909    930    930     44   0.1827    0.023
B-n44-k7 	BT-3   44    4     44    1    909    930    930     44   0.1864    0.023
B-n44-k7 	BT-3   44   14    176    0    909   1049    935    236   0.6758    0.029
B-n44-k7 	BT-3   44   14    176    1    909   1049    931    210   0.6323    0.024
B-n44-k7 	BT-3   44    8     88    0    909    930    930     88   0.3250    0.023
B-n44-k7 	BT-3   44    8     88    1    909    930    930     88   0.3313    0.023
B-n44-k7 	BT-3   44    4     44    0    909    930    930     44   0.1837    0.023
B-n44-k7 	BT-3   44    4     44    1    909    930    930     44   0.1866    0.023
B-n44-k7 	BT-3   44   14    176    0    909   1049    936    272   0.7226    0.030
B-n44-k7 	BT-3   44   14    176    1    909   1049    934    198   0.6042    0.028
B-n44-k7 	BT-3   44    8     88    0    909    930    930     88   0.3244    0.023
B-n44-k7 	BT-3   44    8     88    1    909    930    930     88   0.3292    0.023
B-n44-k7 	BT-3   44    4     44    0    909    930    930     44   0.2070    0.023
B-n44-k7 	BT-3   44    4     44    1    909    930    930     44   0.1899    0.023
B-n44-k7 	BT-3   44   14    176    0    909   1049    935    222   0.6526    0.029
B-n44-k7 	BT-3   44   14    176    1    909   1049    932    336   0.8192    0.025
B-n44-k7 	BT-3   44    8     88    0    909    930    930     88   0.3315    0.023
B-n44-k7 	BT-3   44    8     88    1    909    930    930     88   0.3304    0.023
B-n44-k7 	BT-3   44    4     44    0    909    930    930     44   0.1847    0.023
B-n44-k7 	BT-3   44    4     44    1    909    930    930     44   0.1856    0.023
B-n44-k7 	BT-3   44   14    176    0    909   1049    942    188   0.5870    0.036
B-n44-k7 	BT-3   44   14    176    1    909   1049    935    194   0.5973    0.029
B-n44-k7 	BT-3   44    8     88    0    909    930    930     88   0.3403    0.023
B-n44-k7 	BT-3   44    8     88    1    909    930    930     88   0.3322    0.023
B-n44-k7 	BT-3   44    4     44    0    909    930    930     44   0.1835    0.023
B-n44-k7 	BT-3   44    4     44    1    909    930    930     44   0.1857    0.023
B-n44-k7 	BT-3   44   14    176    0    909   1049    931    232   0.6660    0.024
B-n44-k7 	BT-3   44   14    176    1    909   1049    930    242   0.6922    0.023
B-n44-k7 	BT-3   44    8     88    0    909    930    930     88   0.3281    0.023
B-n44-k7 	BT-3   44    8     88    1    909    930    930     88   0.3293    0.023
B-n44-k7 	BT-3   44    4     44    0    909    930    930     44   0.1835    0.023
B-n44-k7 	BT-3   44    4     44    1    909    930    930     44   0.1857    0.023
B-n44-k7 	BT-3   44   14    176    0    909   1049    932    222   0.6442    0.025
B-n44-k7 	BT-3   44   14    176    1    909   1049    937    269   0.7196    0.031
B-n44-k7 	BT-3   44    8     88    0    909    930    930     88   0.3287    0.023
B-n44-k7 	BT-3   44    8     88    1    909    930    930     88   0.3295    0.023
B-n44-k7 	BT-3   44    4     44    0    909    930    930     44   0.1872    0.023
B-n44-k7 	BT-3   44    4     44    1    909    930    930     44   0.1899    0.023
B-n44-k7 	BT-3   44   14    176    0    909   1049    936    323   0.7959    0.030
B-n44-k7 	BT-3   44   14    176    1    909   1049    935    194   0.6046    0.029
B-n44-k7 	BT-3   44    8     88    0    909    930    930     88   0.3321    0.023
B-n44-k7 	BT-3   44    8     88    1    909    930    930     88   0.3379    0.023
B-n44-k7 	BT-3   44    4     44    0    909    930    930     44   0.1911    0.023
B-n44-k7 	BT-3   44    4     44    1    909    930    930     44   0.1858    0.023
B-n44-k7 	BT-3   44   14    176    0    909   1049    934    218   0.6257    0.028
B-n44-k7 	BT-3   44   14    176    1    909   1049    933    258   0.6953    0.026
B-n44-k7 	BT-3   44    8     88    0    909    930    930     88   0.3313    0.023
B-n44-k7 	BT-3   44    8     88    1    909    930    930     88   0.3317    0.023
B-n44-k7 	BT-3   44    4     44    0    909    930    930     44   0.1826    0.023
B-n44-k7 	BT-3   44    4     44    1    909    930    930     44   0.1857    0.023
B-n44-k7 	BT-3   44   14    176    0    909   1049    935    200   0.6177    0.029
B-n44-k7 	BT-3   44   14    176    1    909   1049    932    217   0.6596    0.025
B-n44-k7 	BT-3   44    8     88    0    909    930    930     88   0.3322    0.023
B-n44-k7 	BT-3   44    8     88    1    909    930    930     88   0.3322    0.023
B-n44-k7 	BT-3   44    4     44    0    909    930    930     44   0.1844    0.023
B-n44-k7 	BT-3   44    4     44    1    909    930    930     44   0.1881    0.023
B-n44-k7 	BT-3   44   14    176    0    909   1049    935    235   0.6666    0.029
B-n44-k7 	BT-3   44   14    176    1    909   1049    936    197   0.6511    0.030
B-n44-k7 	BT-3   44    8     88    0    909    930    930     88   0.3273    0.023
B-n44-k7 	BT-3   44    8     88    1    909    930    930     88   0.3334    0.023
B-n44-k7 	BT-3   44    4     44    0    909    930    930     44   0.1855    0.023
B-n44-k7 	BT-3   44    4     44    1    909    930    930     44   0.1918    0.023
B-n44-k7 	BT-3   44   14    176    0    909   1049    938    268   0.7065    0.032
B-n44-k7 	BT-3   44   14    176    1    909   1049    934    269   0.7150    0.028
B-n44-k7 	BT-3   44    8     88    0    909    930    930     88   0.3276    0.023
B-n44-k7 	BT-3   44    8     88    1    909    930    930     88   0.3317    0.023
B-n44-k7 	BT-3   44    4     44    0    909    930    930     44   0.1841    0.023
B-n44-k7 	BT-3   44    4     44    1    909    930    930     44   0.1857    0.023
B-n44-k7 	BT-3   44   14    176    0    909   1049    942    188   0.5857    0.036
B-n44-k7 	BT-3   44   14    176    1    909   1049    930    325   0.7988    0.023
B-n44-k7 	BT-3   44    8     88    0    909    930    930     88   0.3280    0.023
B-n44-k7 	BT-3   44    8     88    1    909    930    930     88   0.3287    0.023
B-n44-k7 	BT-3   44    4     44    0    909    930    930     44   0.1841    0.023
B-n44-k7 	BT-3   44    4     44    1    909    930    930     44   0.1859    0.023
B-n44-k7 	BT-3   44   14    176    0    909   1049    935    210   0.6218    0.029
B-n44-k7 	BT-3   44   14    176    1    909   1049    935    194   0.6148    0.029
B-n44-k7 	BT-3   44    8     88    0    909    930    930     88   0.3296    0.023
B-n44-k7 	BT-3   44    8     88    1    909    930    909    178   0.5483    0.000
B-n44-k7 	BT-3   44    4     44    0    909    909    909     44   0.1900    0.000
B-n44-k7 	BT-3   44    4     44    1    909    909    909     44   0.1894    0.000
B-n44-k7 	BT-3   44   14    176    0    909   1049    935    216   0.6323    0.029
B-n44-k7 	BT-3   44   14    176    1    909   1049    935    309   0.7752    0.029
B-n44-k7 	BT-3   44    8     88    0    909    909    909     88   0.3386    0.000
B-n44-k7 	BT-3   44    8     88    1    909    909    909     88   0.3415    0.000
B-n44-k7 	BT-3   44    4     44    0    909    909    909     44   0.1920    0.000
B-n44-k7 	BT-3   44    4     44    1    909    909    909     44   0.1906    0.000
B-n44-k7 	BT-3   44   14    176    0    909   1049    935    200   0.6039    0.029
B-n44-k7 	BT-3   44   14    176    1    909   1049    935    194   0.6028    0.029
B-n44-k7 	BT-3   44    8     88    0    909    909    909     88   0.3415    0.000
B-n44-k7 	BT-3   44    8     88    1    909    909    909     88   0.3308    0.000
B-n44-k7 	BT-3   44    4     44    0    909    909    909     44   0.1906    0.000
B-n44-k7 	BT-3   44    4     44    1    909    909    909     44   0.1894    0.000
B-n44-k7 	BT-3   44   14    176    0    909   1049    935    305   0.7874    0.029
B-n44-k7 	BT-3   44   14    176    1    909   1049    935    194   0.6091    0.029
B-n44-k7 	BT-3   44    8     88    0    909    909    909     88   0.3431    0.000
B-n44-k7 	BT-3   44    8     88    1    909    909    909     88   0.3376    0.000
B-n44-k7 	BT-3   44    4     44    0    909    909    909     44   0.1900    0.000
B-n44-k7 	BT-3   44    4     44    1    909    909    909     44   0.1913    0.000
B-n44-k7 	BT-3   44   14    176    0    909   1049    934    229   0.6600    0.028
B-n44-k7 	BT-3   44   14    176    1    909   1049    931    308   0.7788    0.024
B-n44-k7 	BT-3   44    8     88    0    909    909    909     88   0.3437    0.000
B-n44-k7 	BT-3   44    8     88    1    909    909    909     88   0.3386    0.000
B-n44-k7 	BT-3   44    4     44    0    909    909    909     44   0.1921    0.000
B-n44-k7 	BT-3   44    4     44    1    909    909    909     44   0.1898    0.000
B-n44-k7 	BT-3   44   14    176    0    909   1049    926    268   0.6973    0.019
B-n44-k7 	BT-3   44   14    176    1    909   1049    931    300   0.7651    0.024
B-n44-k7 	BT-3   44    8     88    0    909    909    909     88   0.3384    0.000
B-n44-k7 	BT-3   44    8     88    1    909    909    909     88   0.3318    0.000
B-n44-k7 	BT-3   44    4     44    0    909    909    909     44   0.1893    0.000
B-n44-k7 	BT-3   44    4     44    1    909    909    909     44   0.1881    0.000
B-n44-k7 	BT-3   44   14    176    0    909   1049    936    217   0.6439    0.030
B-n44-k7 	BT-3   44   14    176    1    909   1049    935    194   0.6120    0.029
B-n44-k7 	BT-3   44    8     88    0    909    909    909     88   0.3404    0.000
B-n44-k7 	BT-3   44    8     88    1    909    909    909     88   0.3341    0.000
B-n44-k7 	BT-3   44    4     44    0    909    909    909     44   0.1930    0.000
B-n44-k7 	BT-3   44    4     44    1    909    909    909     44   0.1931    0.000
B-n44-k7 	BT-3   44   14    176    0    909   1049    935    241   0.6809    0.029
B-n44-k7 	BT-3   44   14    176    1    909   1049    935    194   0.6279    0.029
B-n44-k7 	BT-3   44    8     88    0    909    909    909     88   0.3408    0.000
B-n44-k7 	BT-3   44    8     88    1    909    909    909     88   0.3334    0.000
B-n44-k7 	BT-3   44    4     44    0    909    909    909     44   0.1917    0.000
B-n44-k7 	BT-3   44    4     44    1    909    909    909     44   0.1924    0.000
B-n44-k7 	BT-3   44   14    176    0    909   1049    931    216   0.6305    0.024
B-n44-k7 	BT-3   44   14    176    1    909   1049    935    244   0.6913    0.029
B-n44-k7 	BT-3   44    8     88    0    909    909    909     88   0.3397    0.000
B-n44-k7 	BT-3   44    8     88    1    909    909    909     88   0.3420    0.000
B-n44-k7 	BT-3   44    4     44    0    909    909    909     44   0.2011    0.000
B-n44-k7 	BT-3   44    4     44    1    909    909    909     44   0.1903    0.000
B-n44-k7 	BT-3   44   14    176    0    909   1049    936    237   0.6644    0.030
B-n44-k7 	BT-3   44   14    176    1    909   1049    935    194   0.5946    0.029
B-n44-k7 	BT-3   44    8     88    0    909    909    909     88   0.3432    0.000
B-n44-k7 	BT-3   44    8     88    1    909    909    909     88   0.3342    0.000
B-n44-k7 	BT-3   44    4     44    0    909    909    909     44   0.1871    0.000
B-n44-k7 	BT-3   44    4     44    1    909    909    909     44   0.1888    0.000
B-n44-k7 	BT-3   44   14    176    0    909   1049    935    362   0.9809    0.029
B-n44-k7 	BT-3   44   14    176    1    909   1049    935    194   0.6113    0.029
B-n44-k7 	BT-3   44    8     88    0    909    909    909     88   0.3379    0.000
B-n44-k7 	BT-3   44    8     88    1    909    909    909     88   0.3330    0.000
B-n44-k7 	BT-3   44    4     44    0    909    909    909     44   0.2048    0.000
B-n44-k7 	BT-3   44    4     44    1    909    909    909     44   0.1893    0.000
B-n44-k7 	BT-3   44   14    176    0    909   1049    938    253   0.7008    0.032
B-n44-k7 	BT-3   44   14    176    1    909   1049    942    215   0.6301    0.036
B-n44-k7 	BT-3   44    8     88    0    909    909    909     88   0.3360    0.000
B-n44-k7 	BT-3   44    8     88    1    909    909    909     88   0.3335    0.000
B-n44-k7 	BT-3   44    4     44    0    909    909    909     44   0.1930    0.000
B-n44-k7 	BT-3   44    4     44    1    909    909    909     44   0.1909    0.000
B-n44-k7 	BT-3   44   14    176    0    909   1049    909    532   1.3905    0.000
B-n44-k7 	BT-3   44   14    176    1    909   1049    935    194   0.6046    0.029
B-n44-k7 	BT-3   44    8     88    0    909    909    909     88   0.3397    0.000
B-n44-k7 	BT-3   44    8     88    1    909    909    909     88   0.3388    0.000
B-n44-k7 	BT-3   44    4     44    0    909    909    909     44   0.1920    0.000
B-n44-k7 	BT-3   44    4     44    1    909    909    909     44   0.1898    0.000
B-n44-k7 	BT-3   44   14    176    0    909   1049    937    326   0.8029    0.031
B-n44-k7 	BT-3   44   14    176    1    909   1049    932    431   0.9939    0.025
B-n44-k7 	BT-3   44    8     88    0    909    909    909     88   0.3377    0.000
B-n44-k7 	BT-3   44    8     88    1    909    909    909     88   0.3337    0.000
B-n44-k7 	BT-3   44    4     44    0    909    909    909     44   0.1886    0.000
B-n44-k7 	BT-3   44    4     44    1    909    909    909     44   0.1878    0.000
B-n44-k7 	BT-3   44   14    176    0    909   1049    942    188   0.5904    0.036
B-n44-k7 	BT-3   44   14    176    1    909   1049    935    194   0.6297    0.029
B-n44-k7 	BT-3   44    8     88    0    909    909    909     88   0.3360    0.000
B-n44-k7 	BT-3   44    8     88    1    909    909    909     88   0.3338    0.000
B-n44-k7 	BT-3   44    4     44    0    909    909    909     44   0.1892    0.000
B-n44-k7 	BT-3   44    4     44    1    909    909    909     44   0.1900    0.000
B-n44-k7 	BT-3   44   14    176    0    909   1049    934    246   0.6791    0.028
B-n44-k7 	BT-3   44   14    176    1    909   1049    930    307   0.7810    0.023
B-n44-k7 	BT-3   44    8     88    0    909    909    909     88   0.3376    0.000
B-n44-k7 	BT-3   44    8     88    1    909    909    909     88   0.3355    0.000
B-n44-k7 	BT-3   44    4     44    0    909    909    909     44   0.1917    0.000
B-n44-k7 	BT-3   44    4     44    1    909    909    909     44   0.1915    0.000
B-n44-k7 	BT-3   44   14    176    0    909   1049    937    196   0.5929    0.031
B-n44-k7 	BT-3   44   14    176    1    909   1049    933    368   0.8966    0.026
B-n44-k7 	BT-3   44    8     88    0    909    909    909     88   0.3396    0.000
B-n44-k7 	BT-3   44    8     88    1    909    909    909     88   0.3317    0.000
B-n44-k7 	BT-3   44    4     44    0    909    909    909     44   0.1904    0.000
B-n44-k7 	BT-3   44    4     44    1    909    909    909     44   0.1883    0.000
B-n44-k7 	BT-3   44   14    176    0    909   1049    934    202   0.6100    0.028
B-n44-k7 	BT-3   44   14    176    1    909   1049    943    188   0.5893    0.037
B-n44-k7 	BT-3   44    8     88    0    909    909    909     88   0.3407    0.000
B-n44-k7 	BT-3   44    8     88    1    909    909    909     88   0.3366    0.000
B-n44-k7 	BT-3   44    4     44    0    909    909    909     44   0.1882    0.000
B-n44-k7 	BT-3   44    4     44    1    909    909    909     44   0.1903    0.000
B-n44-k7 	BT-3   44   14    176    0    909   1049    937    221   0.6356    0.031
B-n44-k7 	BT-3   44   14    176    1    909   1049    935    209   0.6177    0.029
B-n44-k7 	BT-3   44    8     88    0    909    909    909     88   0.3425    0.000
B-n44-k7 	BT-3   44    8     88    1    909    909    909     88   0.3427    0.000
B-n44-k7 	BT-3   44    4     44    0    909    909    909     44   0.1896    0.000
B-n44-k7 	BT-3   44    4     44    1    909    909    909     44   0.1895    0.000
B-n44-k7 	BT-3   44   14    176    0    909   1049    942    188   0.5817    0.036
B-n44-k7 	BT-3   44   14    176    1    909   1049    935    194   0.6021    0.029
B-n44-k7 	BT-3   44    8     88    0    909    909    909     88   0.3426    0.000
B-n44-k7 	BT-3   44    8     88    1    909    909    909     88   0.3383    0.000
B-n44-k7 	BT-3   44    4     44    0    909    909    909     44   0.1899    0.000
B-n44-k7 	BT-3   44    4     44    1    909    909    909     44   0.1904    0.000
B-n44-k7 	BT-3   44   14    176    0    909   1049    935    222   0.6381    0.029
B-n44-k7 	BT-3   44   14    176    1    909   1049    917    305   0.7695    0.009
B-n44-k7 	BT-3   44    8     88    0    909    909    909     88   0.3425    0.000
B-n44-k7 	BT-3   44    8     88    1    909    909    909     88   0.3360    0.000
B-n44-k7 	BT-3   44    4     44    0    909    909    909     44   0.1897    0.000
B-n44-k7 	BT-3   44    4     44    1    909    909    909     44   0.1895    0.000
B-n44-k7 	BT-3   44   14    176    0    909   1049    926    380   0.8798    0.019
B-n44-k7 	BT-3   44   14    176    1    909   1049    911    348   0.8494    0.002
B-n44-k7 	BT-3   44    8     88    0    909    909    909     88   0.3402    0.000
B-n44-k7 	BT-3   44    8     88    1    909    909    909     88   0.3445    0.000
B-n44-k7 	BT-3   44    4     44    0    909    909    909     44   0.1892    0.000
B-n44-k7 	BT-3   44    4     44    1    909    909    909     44   0.1911    0.000
B-n44-k7 	BT-3   44   14    176    0    909   1049    936    195   0.6200    0.030
B-n44-k7 	BT-3   44   14    176    1    909   1049    934    223   0.6524    0.028
B-n44-k7 	BT-3   44    8     88    0    909    909    909     88   0.3504    0.000
B-n44-k7 	BT-3   44    8     88    1    909    909    909     88   0.3388    0.000
B-n44-k7 	BT-3   44    4     44    0    909    909    909     44   0.1888    0.000
B-n44-k7 	BT-3   44    4     44    1    909    909    909     44   0.1907    0.000
B-n44-k7 	BT-3   44   14    176    0    909   1049    942    188   0.5975    0.036
B-n44-k7 	BT-3   44   14    176    1    909   1049    934    240   0.6693    0.028
B-n44-k7 	BT-3   44    8     88    0    909    909    909     88   0.3435    0.000
B-n44-k7 	BT-3   44    8     88    1    909    909    909     88   0.3357    0.000
B-n44-k7 	BT-3   44    4     44    0    909    909    909     44   0.1899    0.000
B-n44-k7 	BT-3   44    4     44    1    909    909    909     44   0.1880    0.000
B-n44-k7 	BT-3   44   14    176    0    909   1049    942    188   0.5832    0.036
B-n44-k7 	BT-3   44   14    176    1    909   1049    938    220   0.6356    0.032
B-n44-k7 	BT-3   44    8     88    0    909    909    909     88   0.3448    0.000
B-n44-k7 	BT-3   44    8     88    1    909    909    909     88   0.3350    0.000
B-n44-k7 	BT-3   44    4     44    0    909    909    909     44   0.1875    0.000
B-n44-k7 	BT-3   44    4     44    1    909    909    909     44   0.1922    0.000
B-n44-k7 	BT-3   44   14    176    0    909   1049    934    210   0.6166    0.028
B-n44-k7 	BT-3   44   14    176    1    909   1049    935    194   0.6013    0.029
B-n44-k7 	BT-3   44    8     88    0    909    909    909     88   0.3379    0.000
B-n44-k7 	BT-3   44    8     88    1    909    909    909     88   0.3331    0.000
B-n44-k7 	BT-3   44    4     44    0    909    909    909     44   0.1930    0.000
B-n44-k7 	BT-3   44    4     44    1    909    909    909     44   0.1939    0.000
B-n44-k7 	BT-3   44   14    176    0    909   1049    942    188   0.5951    0.036
B-n44-k7 	BT-3   44   14    176    1    909   1049    935    194   0.6084    0.029
B-n44-k7 	BT-3   44    8     88    0    909    909    909     88   0.3387    0.000
B-n44-k7 	BT-3   44    8     88    1    909    909    909     88   0.3365    0.000
B-n44-k7 	BT-3   44    4     44    0    909    909    909     44   0.1887    0.000
B-n44-k7 	BT-3   44    4     44    1    909    909    909     44   0.1886    0.000
B-n44-k7 	BT-3   44   14    176    0    909   1049    932    341   0.8620    0.025
B-n44-k7 	BT-3   44   14    176    1    909   1049    934    208   0.6028    0.028
B-n44-k7 	BT-3   44    8     88    0    909    909    909     88   0.3410    0.000
B-n44-k7 	BT-3   44    8     88    1    909    909    909     88   0.3324    0.000
B-n44-k7 	BT-3   44    4     44    0    909    909    909     44   0.1915    0.000
B-n44-k7 	BT-3   44    4     44    1    909    909    909     44   0.1912    0.000
B-n44-k7 	BT-3   44   14    176    0    909   1049    934    244   0.6737    0.028
B-n44-k7 	BT-3   44   14    176    1    909   1049    932    233   0.6680    0.025
B-n44-k7 	BT-3   44    8     88    0    909    909    909     88   0.3371    0.000
B-n44-k7 	BT-3   44    8     88    1    909    909    909     88   0.3325    0.000
B-n44-k7 	BT-3   44    4     44    0    909    909    909     44   0.1910    0.000
B-n44-k7 	BT-3   44    4     44    1    909    909    909     44   0.1892    0.000
B-n44-k7 	BT-3   44   14    176    0    909   1049    935    218   0.6255    0.029
B-n44-k7 	BT-3   44   14    176    1    909   1049    934    203   0.6061    0.028
B-n44-k7 	BT-3   44    8     88    0    909    909    909     88   0.3371    0.000
B-n44-k7 	BT-3   44    8     88    1    909    909    909     88   0.3305    0.000
B-n44-k7 	BT-3   44    4     44    0    909    909    909     44   0.1907    0.000
B-n44-k7 	BT-3   44    4     44    1    909    909    909     44   0.1888    0.000
B-n44-k7 	BT-3   44   14    176    0    909   1049    934    203   0.6200    0.028
B-n44-k7 	BT-3   44   14    176    1    909   1049    935    194   0.6154    0.029
B-n44-k7 	BT-3   44    8     88    0    909    909    909     88   0.3339    0.000
B-n44-k7 	BT-3   44    8     88    1    909    909    909     88   0.3649    0.000
B-n44-k7 	BT-3   44    4     44    0    909    909    909     44   0.1953    0.000
B-n44-k7 	BT-3   44    4     44    1    909    909    909     44   0.1880    0.000
B-n44-k7 	BT-3   44   14    176    0    909   1049    930    284   0.7496    0.023
B-n44-k7 	BT-3   44   14    176    1    909   1049    935    194   0.6048    0.029
B-n44-k7 	BT-3   44    8     88    0    909    909    909     88   0.3361    0.000
B-n44-k7 	BT-3   44    8     88    1    909    909    909     88   0.3317    0.000
B-n44-k7 	BT-3   44    4     44    0    909    909    909     44   0.1910    0.000
B-n44-k7 	BT-3   44    4     44    1    909    909    909     44   0.1914    0.000
B-n44-k7 	BT-3   44   14    176    0    909   1049    933    236   0.6635    0.026
B-n44-k7 	BT-3   44   14    176    1    909   1049    935    194   0.6034    0.029
B-n44-k7 	BT-3   44    8     88    0    909    909    909     88   0.3400    0.000
B-n44-k7 	BT-3   44    8     88    1    909    909    909     88   0.3322    0.000
B-n44-k7 	BT-3   44    4     44    0    909    909    909     44   0.1908    0.000
B-n44-k7 	BT-3   44    4     44    1    909    909    909     44   0.1905    0.000
B-n44-k7 	BT-3   44   14    176    0    909   1049    930    217   0.6243    0.023
B-n44-k7 	BT-3   44   14    176    1    909   1049    935    194   0.5981    0.029
B-n44-k7 	BT-3   44    8     88    0    909    909    909     88   0.3455    0.000
B-n44-k7 	BT-3   44    8     88    1    909    909    909     88   0.3360    0.000
B-n44-k7 	BT-3   44    4     44    0    909    909    909     44   0.1898    0.000
B-n44-k7 	BT-3   44    4     44    1    909    909    909     44   0.1887    0.000
B-n44-k7 	BT-3   44   14    176    0    909   1049    930    289   0.7524    0.023
B-n44-k7 	BT-3   44   14    176    1    909   1049    935    194   0.6007    0.029
B-n44-k7 	BT-3   44    8     88    0    909    909    909     88   0.3361    0.000
B-n44-k7 	BT-3   44    8     88    1    909    909    909     88   0.3321    0.000
B-n44-k7 	BT-3   44    4     44    0    909    909    909     44   0.1940    0.000
B-n44-k7 	BT-3   44    4     44    1    909    909    909     44   0.1914    0.000
B-n44-k7 	BT-3   44   14    176    0    909   1049    942    188   0.5916    0.036
B-n44-k7 	BT-3   44   14    176    1    909   1049    935    194   0.6115    0.029
B-n44-k7 	BT-3   44    8     88    0    909    909    909     88   0.3373    0.000
B-n44-k7 	BT-3   44    8     88    1    909    909    909     88   0.3685    0.000
B-n44-k7 	BT-3   44    4     44    0    909    909    909     44   0.1919    0.000
B-n44-k7 	BT-3   44    4     44    1    909    909    909     44   0.1891    0.000
B-n44-k7 	BT-3   44   14    176    0    909   1049    942    188   0.5842    0.036
B-n44-k7 	BT-3   44   14    176    1    909   1049    935    194   0.6078    0.029
B-n44-k7 	BT-3   44    8     88    0    909    909    909     88   0.3383    0.000
B-n44-k7 	BT-3   44    8     88    1    909    909    909     88   0.3346    0.000
B-n44-k7 	BT-3   44    4     44    0    909    909    909     44   0.1932    0.000
B-n44-k7 	BT-3   44    4     44    1    909    909    909     44   0.1918    0.000
B-n44-k7 	BT-3   44   14    176    0    909   1049    930    379   0.8912    0.023
B-n44-k7 	BT-3   44   14    176    1    909   1049    935    194   0.6074    0.029
B-n44-k7 	BT-3   44    8     88    0    909    909    909     88   0.3387    0.000
B-n44-k7 	BT-3   44    8     88    1    909    909    909     88   0.3316    0.000
B-n44-k7 	BT-3   44    4     44    0    909    909    909     44   0.1897    0.000
B-n44-k7 	BT-3   44    4     44    1    909    909    909     44   0.1902    0.000
B-n44-k7 	BT-3   44   14    176    0    909   1049    909    360   0.8646    0.000
B-n44-k7 	BT-3   44   14    176    1    909   1049    935    194   0.5994    0.029
B-n44-k7 	BT-3   44    8     88    0    909    909    909     88   0.3434    0.000
B-n44-k7 	BT-3   44    8     88    1    909    909    909     88   0.3400    0.000
B-n44-k7 	BT-3   44    4     44    0    909    909    909     44   0.1904    0.000
B-n44-k7 	BT-3   44    4     44    1    909    909    909     44   0.1885    0.000
B-n44-k7 	BT-3   44   14    176    0    909   1049    942    188   0.5831    0.036
B-n44-k7 	BT-3   44   14    176    1    909   1049    934    215   0.6320    0.028
B-n44-k7 	BT-3   44    8     88    0    909    909    909     88   0.3389    0.000
B-n44-k7 	BT-3   44    8     88    1    909    909    909     88   0.3373    0.000
B-n44-k7 	BT-3   44    4     44    0    909    909    909     44   0.1891    0.000
B-n44-k7 	BT-3   44    4     44    1    909    909    909     44   0.1901    0.000
B-n44-k7 	BT-3   44   14    176    0    909   1049    942    188   0.5834    0.036
B-n44-k7 	BT-3   44   14    176    1    909   1049    935    194   0.6005    0.029
B-n44-k7 	BT-3   44    8     88    0    909    909    909     88   0.3423    0.000
B-n44-k7 	BT-3   44    8     88    1    909    909    909     88   0.3373    0.000
B-n44-k7 	BT-3   44    4     44    0    909    909    909     44   0.1893    0.000
B-n44-k7 	BT-3   44    4     44    1    909    909    909     44   0.1893    0.000
B-n44-k7 	BT-3   44   14    176    0    909   1049    930    212   0.6191    0.023
B-n44-k7 	BT-3   44   14    176    1    909   1049    935    194   0.5961    0.029
B-n44-k7 	BT-3   44    8     88    0    909    909    909     88   0.3636    0.000
B-n44-k7 	BT-3   44    8     88    1    909    909    909     88   0.3338    0.000
B-n44-k7 	BT-3   44    4     44    0    909    909    909     44   0.1876    0.000
B-n44-k7 	BT-3   44    4     44    1    909    909    909     44   0.1885    0.000
B-n44-k7 	BT-3   44   14    176    0    909   1049    935    210   0.6428    0.029
B-n44-k7 	BT-3   44   14    176    1    909   1049    934    256   0.7124    0.028
B-n44-k7 	BT-3   44    8     88    0    909    909    909     88   0.3376    0.000
B-n44-k7 	BT-3   44    8     88    1    909    909    909     88   0.3337    0.000
B-n44-k7 	BT-3   44    4     44    0    909    909    909     44   0.1894    0.000
B-n44-k7 	BT-3   44    4     44    1    909    909    909     44   0.1938    0.000
B-n44-k7 	BT-3   44   14    176    0    909   1049    934    196   0.6000    0.028
B-n44-k7 	BT-3   44   14    176    1    909   1049    910    376   0.8836    0.001
B-n44-k7 	BT-3   44    8     88    0    909    909    909     88   0.3382    0.000
B-n44-k7 	BT-3   44    8     88    1    909    909    909     88   0.3365    0.000
B-n44-k7 	BT-3   44    4     44    0    909    909    909     44   0.1909    0.000
B-n44-k7 	BT-3   44    4     44    1    909    909    909     44   0.1912    0.000
B-n44-k7 	BT-3   44   14    176    0    909   1049    933    398   0.9373    0.026
B-n44-k7 	BT-3   44   14    176    1    909   1049    935    194   0.6254    0.029
B-n44-k7 	BT-3   44    8     88    0    909    909    909     88   0.3388    0.000
B-n44-k7 	BT-3   44    8     88    1    909    909    909     88   0.3351    0.000
B-n44-k7 	BT-3   44    4     44    0    909    909    909     44   0.1899    0.000
B-n44-k7 	BT-3   44    4     44    1    909    909    909     44   0.1882    0.000
B-n44-k7 	BT-3   44   14    176    0    909   1049    933    320   0.7946    0.026
B-n44-k7 	BT-3   44   14    176    1    909   1049    921    466   1.0268    0.013
B-n44-k7 	BT-3   44    8     88    0    909    909    909     88   0.3410    0.000
B-n44-k7 	BT-3   44    8     88    1    909    909    909     88   0.3335    0.000
B-n44-k7 	BT-3   44    4     44    0    909    909    909     44   0.1896    0.000
B-n44-k7 	BT-3   44    4     44    1    909    909    909     44   0.1881    0.000
B-n44-k7 	BT-3   44   14    176    0    909   1049    932    243   0.6708    0.025
B-n44-k7 	BT-3   44   14    176    1    909   1049    935    194   0.6143    0.029
B-n44-k7 	BT-3   44    8     88    0    909    909    909     88   0.3383    0.000
B-n44-k7 	BT-3   44    8     88    1    909    909    909     88   0.3335    0.000
B-n44-k7 	BT-3   44    4     44    0    909    909    909     44   0.1901    0.000
B-n44-k7 	BT-3   44    4     44    1    909    909    909     44   0.1927    0.000
B-n44-k7 	BT-3   44   14    176    0    909   1049    932    221   0.6439    0.025
B-n44-k7 	BT-3   44   14    176    1    909   1049    934    365   0.9033    0.028
B-n44-k7 	BT-3   44    8     88    0    909    909    909     88   0.3376    0.000
B-n44-k7 	BT-3   44    8     88    1    909    909    909     88   0.3335    0.000
B-n44-k7 	BT-3   44    4     44    0    909    909    909     44   0.1933    0.000
B-n44-k7 	BT-3   44    4     44    1    909    909    909     44   0.1914    0.000
B-n44-k7 	BT-3   44   14    176    0    909   1049    935    200   0.6065    0.029
B-n44-k7 	BT-3   44   14    176    1    909   1049    936    194   0.6080    0.030
B-n44-k7 	BT-3   44    8     88    0    909    909    909     88   0.3386    0.000
B-n44-k7 	BT-3   44    8     88    1    909    909    909     88   0.3592    0.000
B-n44-k7 	BT-3   44    4     44    0    909    909    909     44   0.1902    0.000
B-n44-k7 	BT-3   44    4     44    1    909    909    909     44   0.1872    0.000
B-n44-k7 	BT-3   44   14    176    0    909   1049    934    229   0.6571    0.028
B-n44-k7 	BT-3   44   14    176    1    909   1049    935    194   0.6057    0.029
B-n44-k7 	BT-3   44    8     88    0    909    909    909     88   0.3461    0.000
B-n44-k7 	BT-3   44    8     88    1    909    909    909     88   0.3380    0.000
B-n44-k7 	BT-3   44    4     44    0    909    909    909     44   0.1882    0.000
B-n44-k7 	BT-3   44    4     44    1    909    909    909     44   0.1891    0.000
B-n44-k7 	BT-3   44   14    176    0    909   1049    942    188   0.5817    0.036
B-n44-k7 	BT-3   44   14    176    1    909   1049    930    347   0.8458    0.023
B-n44-k7 	BT-3   44    8     88    0    909    909    909     88   0.3459    0.000
B-n44-k7 	BT-3   44    8     88    1    909    909    909     88   0.3396    0.000
B-n44-k7 	BT-3   44    4     44    0    909    909    909     44   0.1900    0.000
B-n44-k7 	BT-3   44    4     44    1    909    909    909     44   0.1914    0.000
B-n44-k7 	BT-3   44   14    176    0    909   1049    935    214   0.6418    0.029
B-n44-k7 	BT-3   44   14    176    1    909   1049    935    194   0.6069    0.029
B-n44-k7 	BT-3   44    8     88    0    909    909    909     88   0.3378    0.000
B-n44-k7 	BT-3   44    8     88    1    909    909    909     88   0.3317    0.000
B-n44-k7 	BT-3   44    4     44    0    909    909    909     44   0.1892    0.000
B-n44-k7 	BT-3   44    4     44    1    909    909    909     44   0.1888    0.000
B-n44-k7 	BT-3   44   14    176    0    909   1049    942    188   0.5910    0.036
B-n44-k7 	BT-3   44   14    176    1    909   1049    935    194   0.6063    0.029
B-n44-k7 	BT-3   44    8     88    0    909    909    909     88   0.3396    0.000
B-n44-k7 	BT-3   44    8     88    1    909    909    909     88   0.3335    0.000
B-n44-k7 	BT-3   44    4     44    0    909    909    909     44   0.1912    0.000
B-n44-k7 	BT-3   44    4     44    1    909    909    909     44   0.1895    0.000
B-n44-k7 	BT-3   44   14    176    0    909   1049    944    184   0.5821    0.039
B-n44-k7 	BT-3   44   14    176    1    909   1049    935    194   0.5992    0.029
B-n44-k7 	BT-3   44    8     88    0    909    909    909     88   0.3395    0.000
B-n44-k7 	BT-3   44    8     88    1    909    909    909     88   0.3453    0.000
B-n44-k7 	BT-3   44    4     44    0    909    909    909     44   0.1916    0.000
B-n44-k7 	BT-3   44    4     44    1    909    909    909     44   0.1908    0.000
B-n44-k7 	BT-3   44   14    176    0    909   1049    944    184   0.5907    0.039
B-n44-k7 	BT-3   44   14    176    1    909   1049    910    542   1.2537    0.001
B-n44-k7 	BT-3   44    8     88    0    909    909    909     88   0.3365    0.000
B-n44-k7 	BT-3   44    8     88    1    909    909    909     88   0.3357    0.000
B-n44-k7 	BT-3   44    4     44    0    909    909    909     44   0.1912    0.000
B-n44-k7 	BT-3   44    4     44    1    909    909    909     44   0.1888    0.000
B-n44-k7 	BT-3   44   14    176    0    909   1049    934    220   0.6377    0.028
B-n44-k7 	BT-3   44   14    176    1    909   1049    931    292   0.7421    0.024
B-n44-k7 	BT-3   44    8     88    0    909    909    909     88   0.3394    0.000
B-n44-k7 	BT-3   44    8     88    1    909    909    909     88   0.3329    0.000
B-n44-k7 	BT-3   44    4     44    0    909    909    909     44   0.1899    0.000
B-n44-k7 	BT-3   44    4     44    1    909    909    909     44   0.1877    0.000
B-n44-k7 	BT-3   44   14    176    0    909   1049    934    220   0.6349    0.028
B-n44-k7 	BT-3   44   14    176    1    909   1049    937    203   0.6075    0.031
B-n44-k7 	BT-3   44    8     88    0    909    909    909     88   0.3446    0.000
B-n44-k7 	BT-3   44    8     88    1    909    909    909     88   0.3342    0.000
B-n44-k7 	BT-3   44    4     44    0    909    909    909     44   0.1898    0.000
B-n44-k7 	BT-3   44    4     44    1    909    909    909     44   0.1888    0.000
B-n44-k7 	BT-3   44   14    176    0    909   1049    942    188   0.5875    0.036
B-n44-k7 	BT-3   44   14    176    1    909   1049    909    407   0.9397    0.000
B-n44-k7 	BT-3   44    8     88    0    909    909    909     88   0.3399    0.000
B-n44-k7 	BT-3   44    8     88    1    909    909    909     88   0.3475    0.000
B-n44-k7 	BT-3   44    4     44    0    909    909    909     44   0.2005    0.000
B-n44-k7 	BT-3   44    4     44    1    909    909    909     44   0.1912    0.000
B-n44-k7 	BT-3   44   14    176    0    909   1049    935    228   0.6399    0.029
B-n44-k7 	BT-3   44   14    176    1    909   1049    934    213   0.6332    0.028
B-n44-k7 	BT-3   44    8     88    0    909    909    909     88   0.3396    0.000
B-n44-k7 	BT-3   44    8     88    1    909    909    909     88   0.3348    0.000
B-n44-k7 	BT-3   44    4     44    0    909    909    909     44   0.1893    0.000
B-n44-k7 	BT-3   44    4     44    1    909    909    909     44   0.1889    0.000
B-n44-k7 	BT-3   44   14    176    0    909   1049    942    188   0.5887    0.036
B-n44-k7 	BT-3   44   14    176    1    909   1049    935    208   0.6173    0.029
B-n44-k7 	BT-3   44    8     88    0    909    909    909     88   0.3398    0.000
B-n44-k7 	BT-3   44    8     88    1    909    909    909     88   0.3343    0.000
B-n44-k7 	BT-3   44    4     44    0    909    909    909     44   0.1928    0.000
B-n44-k7 	BT-3   44    4     44    1    909    909    909     44   0.1878    0.000
B-n44-k7 	BT-3   44   14    176    0    909   1049    942    191   0.6115    0.036
B-n44-k7 	BT-3   44   14    176    1    909   1049    935    194   0.6092    0.029
B-n44-k7 	BT-3   44    8     88    0    909    909    909     88   0.3392    0.000
B-n44-k7 	BT-3   44    8     88    1    909    909    909     88   0.3367    0.000
B-n44-k7 	BT-3   44    4     44    0    909    909    909     44   0.1894    0.000
B-n44-k7 	BT-3   44    4     44    1    909    909    909     44   0.1904    0.000
B-n44-k7 	BT-3   44   14    176    0    909   1049    932    320   0.8001    0.025
B-n44-k7 	BT-3   44   14    176    1    909   1049    930    210   0.6266    0.023
B-n44-k7 	BT-3   44    8     88    0    909    909    909     88   0.3345    0.000
B-n44-k7 	BT-3   44    8     88    1    909    909    909     88   0.3331    0.000
B-n44-k7 	BT-3   44    4     44    0    909    909    909     44   0.1923    0.000
B-n44-k7 	BT-3   44    4     44    1    909    909    909     44   0.1929    0.000
B-n44-k7 	BT-3   44   14    176    0    909   1049    935    318   0.7853    0.029
B-n44-k7 	BT-3   44   14    176    1    909   1049    935    194   0.6099    0.029
B-n44-k7 	BT-3   44    8     88    0    909    909    909     88   0.3381    0.000
B-n44-k7 	BT-3   44    8     88    1    909    909    909     88   0.3351    0.000
B-n44-k7 	BT-3   44    4     44    0    909    909    909     44   0.1908    0.000
B-n44-k7 	BT-3   44    4     44    1    909    909    909     44   0.1878    0.000
B-n44-k7 	BT-3   44   14    176    0    909   1049    934    225   0.6645    0.028
B-n44-k7 	BT-3   44   14    176    1    909   1049    934    207   0.6095    0.028
B-n44-k7 	BT-3   44    8     88    0    909    909    909     88   0.3444    0.000
B-n44-k7 	BT-3   44    8     88    1    909    909    909     88   0.3389    0.000
B-n44-k7 	BT-3   44    4     44    0    909    909    909     44   0.1909    0.000
B-n44-k7 	BT-3   44    4     44    1    909    909    909     44   0.1893    0.000
B-n44-k7 	BT-3   44   14    176    0    909   1049    931    390   0.9215    0.024
B-n44-k7 	BT-3   44   14    176    1    909   1049    935    194   0.6048    0.029
B-n44-k7 	BT-3   44    8     88    0    909    909    909     88   0.3399    0.000
B-n44-k7 	BT-3   44    8     88    1    909    909    909     88   0.3350    0.000
B-n44-k7 	BT-3   44    4     44    0    909    909    909     44   0.1903    0.000
B-n44-k7 	BT-3   44    4     44    1    909    909    909     44   0.1902    0.000
B-n44-k7 	BT-3   44   14    176    0    909   1049    935    351   0.8684    0.029
B-n44-k7 	BT-3   44   14    176    1    909   1049    935    194   0.6164    0.029
B-n44-k7 	BT-3   44    8     88    0    909    909    909     88   0.3387    0.000
B-n44-k7 	BT-3   44    8     88    1    909    909    909     88   0.3364    0.000
B-n44-k7 	BT-3   44    4     44    0    909    909    909     44   0.1913    0.000
B-n44-k7 	BT-3   44    4     44    1    909    909    909     44   0.1886    0.000
B-n44-k7 	BT-3   44   14    176    0    909   1049    931    320   0.8030    0.024
B-n44-k7 	BT-3   44   14    176    1    909   1049    935    194   0.5994    0.029
B-n44-k7 	BT-3   44    8     88    0    909    909    909     88   0.3383    0.000
B-n44-k7 	BT-3   44    8     88    1    909    909    909     88   0.3307    0.000
B-n44-k7 	BT-3   44    4     44    0    909    909    909     44   0.1926    0.000
B-n44-k7 	BT-3   44    4     44    1    909    909    909     44   0.1911    0.000
B-n44-k7 	BT-3   44   14    176    0    909   1049    942    188   0.6151    0.036
B-n44-k7 	BT-3   44   14    176    1    909   1049    935    207   0.6165    0.029
B-n44-k7 	BT-3   44    8     88    0    909    909    909     88   0.3401    0.000
B-n44-k7 	BT-3   44    8     88    1    909    909    909     88   0.3328    0.000
B-n44-k7 	BT-3   44    4     44    0    909    909    909     44   0.1885    0.000
B-n44-k7 	BT-3   44    4     44    1    909    909    909     44   0.1958    0.000
B-n44-k7 	BT-3   44   14    176    0    909   1049    935    318   0.7998    0.029
B-n44-k7 	BT-3   44   14    176    1    909   1049    934    195   0.6092    0.028
B-n44-k7 	BT-3   44    8     88    0    909    909    909     88   0.3375    0.000
B-n44-k7 	BT-3   44    8     88    1    909    909    909     88   0.3307    0.000
B-n44-k7 	BT-3   44    4     44    0    909    909    909     44   0.1913    0.000
B-n44-k7 	BT-3   44    4     44    1    909    909    909     44   0.1879    0.000
B-n44-k7 	BT-3   44   14    176    0    909   1049    944    184   0.5889    0.039
B-n44-k7 	BT-3   44   14    176    1    909   1049    935    194   0.6104    0.029
B-n44-k7 	BT-3   44    8     88    0    909    909    909     88   0.3365    0.000
B-n44-k7 	BT-3   44    8     88    1    909    909    909     88   0.3351    0.000
B-n44-k7 	BT-3   44    4     44    0    909    909    909     44   0.1883    0.000
B-n44-k7 	BT-3   44    4     44    1    909    909    909     44   0.1889    0.000
B-n44-k7 	BT-3   44   14    176    0    909   1049    935    268   0.6991    0.029
B-n44-k7 	BT-3   44   14    176    1    909   1049    935    194   0.6012    0.029
B-n44-k7 	BT-3   44    8     88    0    909    909    909     88   0.3363    0.000
B-n44-k7 	BT-3   44    8     88    1    909    909    909     88   0.3337    0.000
B-n44-k7 	BT-3   44    4     44    0    909    909    909     44   0.1919    0.000
B-n44-k7 	BT-3   44    4     44    1    909    909    909     44   0.1923    0.000
B-n44-k7 	BT-3   44   14    176    0    909   1049    909    445   1.0480    0.000
B-n44-k7 	BT-3   44   14    176    1    909   1049    935    194   0.6050    0.029
B-n44-k7 	BT-3   44    8     88    0    909    909    909     88   0.3361    0.000
B-n44-k7 	BT-3   44    8     88    1    909    909    909     88   0.3346    0.000
B-n44-k7 	BT-3   44    4     44    0    909    909    909     44   0.1920    0.000
B-n44-k7 	BT-3   44    4     44    1    909    909    909     44   0.1903    0.000
B-n44-k7 	BT-3   44   14    176    0    909   1049    929    717   1.4705    0.022
B-n44-k7 	BT-3   44   14    176    1    909   1049    935    194   0.6053    0.029
B-n44-k7 	BT-3   44    8     88    0    909    909    909     88   0.3412    0.000
B-n44-k7 	BT-3   44    8     88    1    909    909    909     88   0.3387    0.000
B-n44-k7 	BT-3   44    4     44    0    909    909    909     44   0.1883    0.000
B-n44-k7 	BT-3   44    4     44    1    909    909    909     44   0.1899    0.000
B-n44-k7 	BT-3   44   14    176    0    909   1049    934    196   0.6004    0.028
B-n44-k7 	BT-3   44   14    176    1    909   1049    935    194   0.6050    0.029
B-n44-k7 	BT-3   44    8     88    0    909    909    909     88   0.3402    0.000
B-n44-k7 	BT-3   44    8     88    1    909    909    909     88   0.3348    0.000
B-n44-k7 	BT-3   44    4     44    0    909    909    909     44   0.1904    0.000
B-n44-k7 	BT-3   44    4     44    1    909    909    909     44   0.1899    0.000
B-n44-k7 	BT-3   44   14    176    0    909   1049    931    304   0.7547    0.024
B-n44-k7 	BT-3   44   14    176    1    909   1049    973    193   0.5835    0.070
B-n44-k7 	BT-3   44    8     88    0    909    909    909     88   0.3418    0.000
B-n44-k7 	BT-3   44    8     88    1    909    909    909     88   0.3343    0.000
B-n44-k7 	BT-3   44    4     44    0    909    909    909     44   0.1880    0.000
B-n44-k7 	BT-3   44    4     44    1    909    909    909     44   0.1876    0.000
B-n44-k7 	BT-3   44   14    176    0    909   1049    942    188   0.5868    0.036
B-n44-k7 	BT-3   44   14    176    1    909   1049    931    226   0.6503    0.024
B-n44-k7 	BT-3   44    8     88    0    909    909    909     88   0.3397    0.000
B-n44-k7 	BT-3   44    8     88    1    909    909    909     88   0.3354    0.000
B-n44-k7 	BT-3   44    4     44    0    909    909    909     44   0.1921    0.000
B-n44-k7 	BT-3   44    4     44    1    909    909    909     44   0.1921    0.000
B-n44-k7 	BT-3   44   14    176    0    909   1049    942    188   0.5915    0.036
B-n44-k7 	BT-3   44   14    176    1    909   1049    935    194   0.6210    0.029
B-n44-k7 	BT-3   44    8     88    0    909    909    909     88   0.3395    0.000
B-n44-k7 	BT-3   44    8     88    1    909    909    909     88   0.3309    0.000
B-n44-k7 	BT-3   44    4     44    0    909    909    909     44   0.1899    0.000
B-n44-k7 	BT-3   44    4     44    1    909    909    909     44   0.1876    0.000
B-n44-k7 	BT-3   44   14    176    0    909   1049    931    254   0.6830    0.024
B-n44-k7 	BT-3   44   14    176    1    909   1049    930    374   0.8770    0.023
B-n44-k7 	BT-3   44    8     88    0    909    909    909     88   0.3374    0.000
B-n44-k7 	BT-3   44    8     88    1    909    909    909     88   0.3347    0.000
B-n44-k7 	BT-3   44    4     44    0    909    909    909     44   0.1888    0.000
B-n44-k7 	BT-3   44    4     44    1    909    909    909     44   0.1876    0.000
B-n44-k7 	BT-3   44   14    176    0    909   1049    936    198   0.6051    0.030
B-n44-k7 	BT-3   44   14    176    1    909   1049    935    194   0.6142    0.029
B-n44-k7 	BT-3   44    8     88    0    909    909    909     88   0.3413    0.000
B-n44-k7 	BT-3   44    8     88    1    909    909    909     88   0.3348    0.000
B-n44-k7 	BT-3   44    4     44    0    909    909    909     44   0.1906    0.000
B-n44-k7 	BT-3   44    4     44    1    909    909    909     44   0.1888    0.000
