A-n62-k8 	BT-1   62   20    248    0   1290   2328   1334    518   2.5446    0.034
A-n62-k8 	BT-1   62   20    248    1   1290   2023   1318    732   3.4355    0.022
A-n62-k8 	BT-1   62   10    124    0   1290   1318   1315    211   1.0214    0.019
A-n62-k8 	BT-1   62   10    124    1   1290   1318   1318    124   0.6288    0.022
A-n62-k8 	BT-1   62    6    124    0   1290   1315   1315    124   0.6138    0.019
A-n62-k8 	BT-1   62    6    124    1   1290   1315   1315    124   0.6281    0.019
A-n62-k8 	BT-2   62   20    248    0   1290   2328   1345    676   3.1079    0.043
A-n62-k8 	BT-2   62   20    248    1   1290   2023   1363    269   1.2588    0.057
A-n62-k8 	BT-2   62   10    124    0   1290   1345   1341    173   0.8406    0.040
A-n62-k8 	BT-2   62   10    124    1   1290   1345   1342    178   0.8620    0.040
A-n62-k8 	BT-2   62    6    124    0   1290   1389   1348    139   0.7058    0.045
A-n62-k8 	BT-2   62    6    124    1   1290   1341   1341    124   0.6490    0.040
A-n62-k8 	BT-3   62   20    248    0   1290   2328   1374    499   2.1781    0.065
A-n62-k8 	BT-3   62   20    248    1   1290   2023   1348    938   4.1948    0.045
A-n62-k8 	BT-3   62   10    124    0   1290   1812   1360    410   1.8679    0.054
A-n62-k8 	BT-3   62   10    124    1   1290   1348   1328    179   0.9789    0.029
A-n62-k8 	BT-3   62    6    124    0   1290   1349   1321    162   0.9251    0.024
A-n62-k8 	BT-3   62    6    124    1   1290   1328   1328    124   0.7277    0.029
A-n62-k8 	BT-3   62   20    248    0   1290   2328   1356    333   1.5148    0.051
A-n62-k8 	BT-3   62   20    248    1   1290   2023   1333    802   3.6866    0.033
A-n62-k8 	BT-3   62   10    124    0   1290   1321   1321    124   0.7153    0.024
A-n62-k8 	BT-3   62   10    124    1   1290   1321   1321    124   0.7187    0.024
A-n62-k8 	BT-3   62    6    124    0   1290   1321   1321    124   0.7258    0.024
A-n62-k8 	BT-3   62    6    124    1   1290   1321   1321    124   0.7677    0.024
A-n62-k8 	BT-3   62   20    248    0   1290   2328   1368    340   1.4937    0.060
A-n62-k8 	BT-3   62   20    248    1   1290   2023   1315    606   2.7719    0.019
A-n62-k8 	BT-3   62   10    124    0   1290   1315   1315    124   0.7754    0.019
A-n62-k8 	BT-3   62   10    124    1   1290   1315   1315    124   0.7498    0.019
A-n62-k8 	BT-3   62    6    124    0   1290   1315   1315    124   0.7209    0.019
A-n62-k8 	BT-3   62    6    124    1   1290   1315   1315    124   0.7193    0.019
A-n62-k8 	BT-3   62   20    248    0   1290   2328   1356    684   3.0839    0.051
A-n62-k8 	BT-3   62   20    248    1   1290   2023   1366    766   3.5332    0.059
A-n62-k8 	BT-3   62   10    124    0   1290   1315   1315    124   0.7090    0.019
A-n62-k8 	BT-3   62   10    124    1   1290   1315   1315    124   0.7531    0.019
A-n62-k8 	BT-3   62    6    124    0   1290   1315   1315    124   0.7643    0.019
A-n62-k8 	BT-3   62    6    124    1   1290   1315   1315    124   0.8058    0.019
A-n62-k8 	BT-3   62   20    248    0   1290   2328   1369    924   4.4072    0.061
A-n62-k8 	BT-3   62   20    248    1   1290   2023   1415    467   2.1276    0.097
A-n62-k8 	BT-3   62   10    124    0   1290   1315   1315    124   0.7213    0.019
A-n62-k8 	BT-3   62   10    124    1   1290   1315   1315    124   0.8133    0.019
A-n62-k8 	BT-3   62    6    124    0   1290   1315   1315    124   0.7108    0.019
A-n62-k8 	BT-3   62    6    124    1   1290   1315   1315    124   0.7311    0.019
A-n62-k8 	BT-3   62   20    248    0   1290   2328   1346    566   2.4641    0.043
A-n62-k8 	BT-3   62   20    248    1   1290   2023   1403    371   1.7054    0.088
A-n62-k8 	BT-3   62   10    124    0   1290   1315   1315    124   0.8203    0.019
A-n62-k8 	BT-3   62   10    124    1   1290   1315   1315    124   0.7307    0.019
A-n62-k8 	BT-3   62    6    124    0   1290   1315   1315    124   0.7448    0.019
A-n62-k8 	BT-3   62    6    124    1   1290   1315   1315    124   0.7729    0.019
A-n62-k8 	BT-3   62   20    248    0   1290   2328   1355    515   2.3218    0.050
A-n62-k8 	BT-3   62   20    248    1   1290   2023   1332    891   4.3994    0.033
A-n62-k8 	BT-3   62   10    124    0   1290   1315   1315    124   0.7088    0.019
A-n62-k8 	BT-3   62   10    124    1   1290   1315   1315    124   0.7411    0.019
A-n62-k8 	BT-3   62    6    124    0   1290   1315   1315    124   0.7976    0.019
A-n62-k8 	BT-3   62    6    124    1   1290   1315   1315    124   0.7202    0.019
A-n62-k8 	BT-3   62   20    248    0   1290   2328   1366    345   1.4852    0.059
A-n62-k8 	BT-3   62   20    248    1   1290   2023   1322    844   3.8480    0.025
A-n62-k8 	BT-3   62   10    124    0   1290   1315   1315    124   0.7464    0.019
A-n62-k8 	BT-3   62   10    124    1   1290   1315   1315    124   0.7071    0.019
A-n62-k8 	BT-3   62    6    124    0   1290   1315   1315    124   0.7119    0.019
A-n62-k8 	BT-3   62    6    124    1   1290   1315   1315    124   0.8003    0.019
A-n62-k8 	BT-3   62   20    248    0   1290   2328   1345    693   3.3126    0.043
A-n62-k8 	BT-3   62   20    248    1   1290   2023   1357    620   2.8783    0.052
A-n62-k8 	BT-3   62   10    124    0   1290   1315   1315    124   0.7438    0.019
A-n62-k8 	BT-3   62   10    124    1   1290   1315   1315    124   0.7110    0.019
A-n62-k8 	BT-3   62    6    124    0   1290   1315   1315    124   0.7052    0.019
A-n62-k8 	BT-3   62    6    124    1   1290   1315   1315    124   0.7505    0.019
A-n62-k8 	BT-3   62   20    248    0   1290   2328   1336    785   3.3593    0.036
A-n62-k8 	BT-3   62   20    248    1   1290   2023   1337    874   3.9781    0.036
A-n62-k8 	BT-3   62   10    124    0   1290   1315   1315    124   0.7370    0.019
A-n62-k8 	BT-3   62   10    124    1   1290   1315   1315    124   0.7362    0.019
A-n62-k8 	BT-3   62    6    124    0   1290   1315   1315    124   0.7239    0.019
A-n62-k8 	BT-3   62    6    124    1   1290   1315   1315    124   0.7968    0.019
A-n62-k8 	BT-3   62   20    248    0   1290   2328   1345    660   2.8565    0.043
A-n62-k8 	BT-3   62   20    248    1   1290   2023   1362   1095   5.1902    0.056
A-n62-k8 	BT-3   62   10    124    0   1290   1315   1315    124   0.8996    0.019
A-n62-k8 	BT-3   62   10    124    1   1290   1315   1315    124   0.8905    0.019
A-n62-k8 	BT-3   62    6    124    0   1290   1315   1315    124   0.7918    0.019
A-n62-k8 	BT-3   62    6    124    1   1290   1315   1315    124   0.7855    0.019
A-n62-k8 	BT-3   62   20    248    0   1290   2328   1372    467   2.0543    0.064
A-n62-k8 	BT-3   62   20    248    1   1290   2023   1362    402   1.9800    0.056
A-n62-k8 	BT-3   62   10    124    0   1290   1315   1315    124   0.7113    0.019
A-n62-k8 	BT-3   62   10    124    1   1290   1315   1315    124   0.7239    0.019
A-n62-k8 	BT-3   62    6    124    0   1290   1315   1315    124   0.7067    0.019
A-n62-k8 	BT-3   62    6    124    1   1290   1315   1315    124   0.7599    0.019
A-n62-k8 	BT-3   62   20    248    0   1290   2328   1354    668   2.9540    0.050
A-n62-k8 	BT-3   62   20    248    1   1290   2023   1331    986   4.5769    0.032
A-n62-k8 	BT-3   62   10    124    0   1290   1315   1315    124   0.7502    0.019
A-n62-k8 	BT-3   62   10    124    1   1290   1315   1315    124   0.7211    0.019
A-n62-k8 	BT-3   62    6    124    0   1290   1315   1315    124   0.7204    0.019
A-n62-k8 	BT-3   62    6    124    1   1290   1315   1315    124   0.7365    0.019
A-n62-k8 	BT-3   62   20    248    0   1290   2328   1379    329   1.3828    0.069
A-n62-k8 	BT-3   62   20    248    1   1290   2023   1329   1053   4.6110    0.030
A-n62-k8 	BT-3   62   10    124    0   1290   1315   1315    124   0.7084    0.019
A-n62-k8 	BT-3   62   10    124    1   1290   1315   1315    124   0.7138    0.019
A-n62-k8 	BT-3   62    6    124    0   1290   1315   1315    124   0.6975    0.019
A-n62-k8 	BT-3   62    6    124    1   1290   1315   1315    124   0.7192    0.019
A-n62-k8 	BT-3   62   20    248    0   1290   2328   1356    342   1.4435    0.051
A-n62-k8 	BT-3   62   20    248    1   1290   2023   1331    955   4.5569    0.032
A-n62-k8 	BT-3   62   10    124    0   1290   1315   1315    124   0.7106    0.019
A-n62-k8 	BT-3   62   10    124    1   1290   1315   1315    124   0.7191    0.019
A-n62-k8 	BT-3   62    6    124    0   1290   1315   1315    124   0.7126    0.019
A-n62-k8 	BT-3   62    6    124    1   1290   1315   1315    124   0.7251    0.019
A-n62-k8 	BT-3   62   20    248    0   1290   2328   1319    744   3.2026    0.022
A-n62-k8 	BT-3   62   20    248    1   1290   2023   1407    537   2.4375    0.091
A-n62-k8 	BT-3   62   10    124    0   1290   1315   1315    124   0.7040    0.019
A-n62-k8 	BT-3   62   10    124    1   1290   1315   1315    124   0.7284    0.019
A-n62-k8 	BT-3   62    6    124    0   1290   1315   1315    124   0.7036    0.019
A-n62-k8 	BT-3   62    6    124    1   1290   1315   1315    124   0.7199    0.019
A-n62-k8 	BT-3   62   20    248    0   1290   2328   1366    422   1.7702    0.059
A-n62-k8 	BT-3   62   20    248    1   1290   2023   1321    793   3.4775    0.024
A-n62-k8 	BT-3   62   10    124    0   1290   1315   1315    124   0.7215    0.019
A-n62-k8 	BT-3   62   10    124    1   1290   1315   1315    124   0.7201    0.019
A-n62-k8 	BT-3   62    6    124    0   1290   1315   1315    124   0.7452    0.019
A-n62-k8 	BT-3   62    6    124    1   1290   1315   1315    124   0.7327    0.019
A-n62-k8 	BT-3   62   20    248    0   1290   2328   1369    500   2.1350    0.061
A-n62-k8 	BT-3   62   20    248    1   1290   2023   1316    508   2.2343    0.020
A-n62-k8 	BT-3   62   10    124    0   1290   1315   1315    124   0.7482    0.019
A-n62-k8 	BT-3   62   10    124    1   1290   1315   1315    124   0.7065    0.019
A-n62-k8 	BT-3   62    6    124    0   1290   1315   1315    124   0.7117    0.019
A-n62-k8 	BT-3   62    6    124    1   1290   1315   1315    124   0.7279    0.019
A-n62-k8 	BT-3   62   20    248    0   1290   2328   1383    337   1.4234    0.072
A-n62-k8 	BT-3   62   20    248    1   1290   2023   1329    580   2.6085    0.030
A-n62-k8 	BT-3   62   10    124    0   1290   1315   1315    124   0.7479    0.019
A-n62-k8 	BT-3   62   10    124    1   1290   1315   1315    124   0.7785    0.019
A-n62-k8 	BT-3   62    6    124    0   1290   1315   1315    124   0.7261    0.019
A-n62-k8 	BT-3   62    6    124    1   1290   1315   1315    124   0.8285    0.019
A-n62-k8 	BT-3   62   20    248    0   1290   2328   1366    342   1.4810    0.059
A-n62-k8 	BT-3   62   20    248    1   1290   2023   1390    563   2.4317    0.078
A-n62-k8 	BT-3   62   10    124    0   1290   1315   1315    124   0.7030    0.019
A-n62-k8 	BT-3   62   10    124    1   1290   1315   1315    124   0.7378    0.019
A-n62-k8 	BT-3   62    6    124    0   1290   1315   1315    124   0.8066    0.019
A-n62-k8 	BT-3   62    6    124    1   1290   1315   1315    124   0.7254    0.019
A-n62-k8 	BT-3   62   20    248    0   1290   2328   1358    332   1.3890    0.053
A-n62-k8 	BT-3   62   20    248    1   1290   2023   1371    556   2.4833    0.063
A-n62-k8 	BT-3   62   10    124    0   1290   1315   1315    124   0.7006    0.019
A-n62-k8 	BT-3   62   10    124    1   1290   1315   1315    124   0.7104    0.019
A-n62-k8 	BT-3   62    6    124    0   1290   1315   1315    124   0.7262    0.019
A-n62-k8 	BT-3   62    6    124    1   1290   1315   1315    124   0.7796    0.019
A-n62-k8 	BT-3   62   20    248    0   1290   2328   1361    494   2.1417    0.055
A-n62-k8 	BT-3   62   20    248    1   1290   2023   1320    660   2.9269    0.023
A-n62-k8 	BT-3   62   10    124    0   1290   1315   1315    124   0.6999    0.019
A-n62-k8 	BT-3   62   10    124    1   1290   1315   1315    124   0.7382    0.019
A-n62-k8 	BT-3   62    6    124    0   1290   1315   1315    124   0.7292    0.019
A-n62-k8 	BT-3   62    6    124    1   1290   1315   1315    124   0.7215    0.019
A-n62-k8 	BT-3   62   20    248    0   1290   2328   1343    604   2.5332    0.041
A-n62-k8 	BT-3   62   20    248    1   1290   2023   1348    609   2.7866    0.045
A-n62-k8 	BT-3   62   10    124    0   1290   1315   1315    124   0.7076    0.019
A-n62-k8 	BT-3   62   10    124    1   1290   1315   1315    124   0.7823    0.019
A-n62-k8 	BT-3   62    6    124    0   1290   1315   1315    124   0.7124    0.019
A-n62-k8 	BT-3   62    6    124    1   1290   1315   1315    124   0.7217    0.019
A-n62-k8 	BT-3   62   20    248    0   1290   2328   1354    447   1.9254    0.050
A-n62-k8 	BT-3   62   20    248    1   1290   2023   1326    584   2.6311    0.028
A-n62-k8 	BT-3   62   10    124    0   1290   1315   1315    124   0.7023    0.019
A-n62-k8 	BT-3   62   10    124    1   1290   1315   1315    124   0.7270    0.019
A-n62-k8 	BT-3   62    6    124    0   1290   1315   1315    124   0.7122    0.019
A-n62-k8 	BT-3   62    6    124    1   1290   1315   1315    124   0.7286    0.019
A-n62-k8 	BT-3   62   20    248    0   1290   2328   1378    578   2.5164    0.068
A-n62-k8 	BT-3   62   20    248    1   1290   2023   1324    630   2.7828    0.026
A-n62-k8 	BT-3   62   10    124    0   1290   1315   1315    124   0.7035    0.019
A-n62-k8 	BT-3   62   10    124    1   1290   1315   1315    124   0.7134    0.019
A-n62-k8 	BT-3   62    6    124    0   1290   1315   1315    124   0.7219    0.019
A-n62-k8 	BT-3   62    6    124    1   1290   1315   1315    124   0.7862    0.019
A-n62-k8 	BT-3   62   20    248    0   1290   2328   1365    331   1.4470    0.058
A-n62-k8 	BT-3   62   20    248    1   1290   2023   1321    618   2.7910    0.024
A-n62-k8 	BT-3   62   10    124    0   1290   1315   1315    124   0.6938    0.019
A-n62-k8 	BT-3   62   10    124    1   1290   1315   1315    124   0.7075    0.019
A-n62-k8 	BT-3   62    6    124    0   1290   1315   1315    124   0.7453    0.019
A-n62-k8 	BT-3   62    6    124    1   1290   1315   1315    124   0.7580    0.019
A-n62-k8 	BT-3   62   20    248    0   1290   2328   1354    340   1.3813    0.050
A-n62-k8 	BT-3   62   20    248    1   1290   2023   1333    524   2.2982    0.033
A-n62-k8 	BT-3   62   10    124    0   1290   1315   1315    124   0.7046    0.019
A-n62-k8 	BT-3   62   10    124    1   1290   1315   1315    124   0.7136    0.019
A-n62-k8 	BT-3   62    6    124    0   1290   1315   1315    124   0.7441    0.019
A-n62-k8 	BT-3   62    6    124    1   1290   1315   1315    124   0.7469    0.019
A-n62-k8 	BT-3   62   20    248    0   1290   2328   1356    332   1.3825    0.051
A-n62-k8 	BT-3   62   20    248    1   1290   2023   1328   1271   5.6571    0.029
A-n62-k8 	BT-3   62   10    124    0   1290   1315   1315    124   0.6967    0.019
A-n62-k8 	BT-3   62   10    124    1   1290   1315   1315    124   0.7070    0.019
A-n62-k8 	BT-3   62    6    124    0   1290   1315   1315    124   0.7087    0.019
A-n62-k8 	BT-3   62    6    124    1   1290   1315   1315    124   0.7356    0.019
A-n62-k8 	BT-3   62   20    248    0   1290   2328   1380    328   1.4555    0.070
A-n62-k8 	BT-3   62   20    248    1   1290   2023   1420    748   3.4465    0.101
A-n62-k8 	BT-3   62   10    124    0   1290   1315   1315    124   0.7010    0.019
A-n62-k8 	BT-3   62   10    124    1   1290   1315   1315    124   0.7112    0.019
A-n62-k8 	BT-3   62    6    124    0   1290   1315   1315    124   0.7774    0.019
A-n62-k8 	BT-3   62    6    124    1   1290   1315   1315    124   0.7342    0.019
A-n62-k8 	BT-3   62   20    248    0   1290   2328   1369    497   2.1869    0.061
A-n62-k8 	BT-3   62   20    248    1   1290   2023   1333    577   2.5593    0.033
A-n62-k8 	BT-3   62   10    124    0   1290   1315   1315    124   0.7232    0.019
A-n62-k8 	BT-3   62   10    124    1   1290   1315   1315    124   0.7188    0.019
A-n62-k8 	BT-3   62    6    124    0   1290   1315   1315    124   0.7114    0.019
A-n62-k8 	BT-3   62    6    124    1   1290   1315   1315    124   0.7495    0.019
A-n62-k8 	BT-3   62   20    248    0   1290   2328   1379    328   1.3763    0.069
A-n62-k8 	BT-3   62   20    248    1   1290   2023   1333   1094   4.9168    0.033
A-n62-k8 	BT-3   62   10    124    0   1290   1315   1315    124   0.7590    0.019
A-n62-k8 	BT-3   62   10    124    1   1290   1315   1315    124   0.7338    0.019
A-n62-k8 	BT-3   62    6    124    0   1290   1315   1315    124   0.7413    0.019
A-n62-k8 	BT-3   62    6    124    1   1290   1315   1315    124   0.7173    0.019
A-n62-k8 	BT-3   62   20    248    0   1290   2328   1362    386   1.6157    0.056
A-n62-k8 	BT-3   62   20    248    1   1290   2023   1340    835   3.7804    0.039
A-n62-k8 	BT-3   62   10    124    0   1290   1315   1315    124   0.6989    0.019
A-n62-k8 	BT-3   62   10    124    1   1290   1315   1315    124   0.7276    0.019
A-n62-k8 	BT-3   62    6    124    0   1290   1315   1315    124   0.7079    0.019
A-n62-k8 	BT-3   62    6    124    1   1290   1315   1315    124   0.7240    0.019
A-n62-k8 	BT-3   62   20    248    0   1290   2328   1348    466   1.9784    0.045
A-n62-k8 	BT-3   62   20    248    1   1290   2023   1386    470   2.0997    0.074
A-n62-k8 	BT-3   62   10    124    0   1290   1315   1315    124   0.7059    0.019
A-n62-k8 	BT-3   62   10    124    1   1290   1315   1315    124   0.7108    0.019
A-n62-k8 	BT-3   62    6    124    0   1290   1315   1315    124   0.6952    0.019
A-n62-k8 	BT-3   62    6    124    1   1290   1315   1315    124   0.7314    0.019
A-n62-k8 	BT-3   62   20    248    0   1290   2328   1344    487   2.0334    0.042
A-n62-k8 	BT-3   62   20    248    1   1290   2023   1356    872   3.9520    0.051
A-n62-k8 	BT-3   62   10    124    0   1290   1315   1315    124   0.7221    0.019
A-n62-k8 	BT-3   62   10    124    1   1290   1315   1315    124   0.7084    0.019
A-n62-k8 	BT-3   62    6    124    0   1290   1315   1315    124   0.6999    0.019
A-n62-k8 	BT-3   62    6    124    1   1290   1315   1315    124   0.8311    0.019
A-n62-k8 	BT-3   62   20    248    0   1290   2328   1344    628   2.8282    0.042
A-n62-k8 	BT-3   62   20    248    1   1290   2023   1332    763   3.3678    0.033
A-n62-k8 	BT-3   62   10    124    0   1290   1315   1315    124   0.7050    0.019
A-n62-k8 	BT-3   62   10    124    1   1290   1315   1315    124   0.7403    0.019
A-n62-k8 	BT-3   62    6    124    0   1290   1315   1315    124   0.7115    0.019
A-n62-k8 	BT-3   62    6    124    1   1290   1315   1315    124   0.7248    0.019
A-n62-k8 	BT-3   62   20    248    0   1290   2328   1318    560   2.3530    0.022
A-n62-k8 	BT-3   62   20    248    1   1290   2023   1331    920   4.0952    0.032
A-n62-k8 	BT-3   62   10    124    0   1290   1315   1315    124   0.7235    0.019
A-n62-k8 	BT-3   62   10    124    1   1290   1315   1315    124   0.7100    0.019
A-n62-k8 	BT-3   62    6    124    0   1290   1315   1315    124   0.7442    0.019
A-n62-k8 	BT-3   62    6    124    1   1290   1315   1315    124   0.7206    0.019
A-n62-k8 	BT-3   62   20    248    0   1290   2328   1344    546   2.3116    0.042
A-n62-k8 	BT-3   62   20    248    1   1290   2023   1367    530   2.2990    0.060
A-n62-k8 	BT-3   62   10    124    0   1290   1315   1315    124   0.6990    0.019
A-n62-k8 	BT-3   62   10    124    1   1290   1315   1315    124   0.7123    0.019
A-n62-k8 	BT-3   62    6    124    0   1290   1315   1315    124   0.7032    0.019
A-n62-k8 	BT-3   62    6    124    1   1290   1315   1315    124   0.7329    0.019
A-n62-k8 	BT-3   62   20    248    0   1290   2328   1323    415   1.7920    0.026
A-n62-k8 	BT-3   62   20    248    1   1290   2023   1334    528   2.3171    0.034
A-n62-k8 	BT-3   62   10    124    0   1290   1315   1315    124   0.7017    0.019
A-n62-k8 	BT-3   62   10    124    1   1290   1315   1315    124   0.7208    0.019
A-n62-k8 	BT-3   62    6    124    0   1290   1315   1315    124   0.6985    0.019
A-n62-k8 	BT-3   62    6    124    1   1290   1315   1315    124   0.7403    0.019
A-n62-k8 	BT-3   62   20    248    0   1290   2328   1345    497   2.1806    0.043
A-n62-k8 	BT-3   62   20    248    1   1290   2023   1353    806   3.5297    0.049
A-n62-k8 	BT-3   62   10    124    0   1290   1315   1315    124   0.7045    0.019
A-n62-k8 	BT-3   62   10    124    1   1290   1315   1315    124   0.7057    0.019
A-n62-k8 	BT-3   62    6    124    0   1290   1315   1315    124   0.6961    0.019
A-n62-k8 	BT-3   62    6    124    1   1290   1315   1315    124   0.7195    0.019
A-n62-k8 	BT-3   62   20    248    0   1290   2328   1381    333   1.3988    0.071
A-n62-k8 	BT-3   62   20    248    1   1290   2023   1329    682   3.0615    0.030
A-n62-k8 	BT-3   62   10    124    0   1290   1315   1315    124   0.7250    0.019
A-n62-k8 	BT-3   62   10    124    1   1290   1315   1315    124   0.7057    0.019
A-n62-k8 	BT-3   62    6    124    0   1290   1315   1315    124   0.6964    0.019
A-n62-k8 	BT-3   62    6    124    1   1290   1315   1315    124   0.7241    0.019
A-n62-k8 	BT-3   62   20    248    0   1290   2328   1348    431   1.8249    0.045
A-n62-k8 	BT-3   62   20    248    1   1290   2023   1373    649   2.8782    0.064
A-n62-k8 	BT-3   62   10    124    0   1290   1315   1315    124   0.7028    0.019
A-n62-k8 	BT-3   62   10    124    1   1290   1315   1315    124   0.7148    0.019
A-n62-k8 	BT-3   62    6    124    0   1290   1315   1315    124   0.7207    0.019
A-n62-k8 	BT-3   62    6    124    1   1290   1315   1315    124   0.7238    0.019
A-n62-k8 	BT-3   62   20    248    0   1290   2328   1362    437   1.8651    0.056
A-n62-k8 	BT-3   62   20    248    1   1290   2023   1389    361   1.6286    0.077
A-n62-k8 	BT-3   62   10    124    0   1290   1315   1315    124   0.7040    0.019
A-n62-k8 	BT-3   62   10    124    1   1290   1315   1315    124   0.7203    0.019
A-n62-k8 	BT-3   62    6    124    0   1290   1315   1315    124   0.7096    0.019
A-n62-k8 	BT-3   62    6    124    1   1290   1315   1315    124   0.7194    0.019
A-n62-k8 	BT-3   62   20    248    0   1290   2328   1380    525   2.2251    0.070
A-n62-k8 	BT-3   62   20    248    1   1290   2023   1333   1125   4.9755    0.033
A-n62-k8 	BT-3   62   10    124    0   1290   1315   1315    124   0.7163    0.019
A-n62-k8 	BT-3   62   10    124    1   1290   1315   1315    124   0.7181    0.019
A-n62-k8 	BT-3   62    6    124    0   1290   1315   1315    124   0.7147    0.019
A-n62-k8 	BT-3   62    6    124    1   1290   1315   1315    124   0.7252    0.019
A-n62-k8 	BT-3   62   20    248    0   1290   2328   1354    537   2.2662    0.050
A-n62-k8 	BT-3   62   20    248    1   1290   2023   1376    592   2.6064    0.067
A-n62-k8 	BT-3   62   10    124    0   1290   1315   1315    124   0.7363    0.019
A-n62-k8 	BT-3   62   10    124    1   1290   1315   1315    124   0.7078    0.019
A-n62-k8 	BT-3   62    6    124    0   1290   1315   1315    124   0.7110    0.019
A-n62-k8 	BT-3   62    6    124    1   1290   1315   1315    124   0.7291    0.019
A-n62-k8 	BT-3   62   20    248    0   1290   2328   1379    329   1.3633    0.069
A-n62-k8 	BT-3   62   20    248    1   1290   2023   1319   1254   5.5417    0.022
A-n62-k8 	BT-3   62   10    124    0   1290   1315   1315    124   0.7115    0.019
A-n62-k8 	BT-3   62   10    124    1   1290   1315   1315    124   0.7158    0.019
A-n62-k8 	BT-3   62    6    124    0   1290   1315   1315    124   0.7061    0.019
A-n62-k8 	BT-3   62    6    124    1   1290   1315   1315    124   0.7197    0.019
A-n62-k8 	BT-3   62   20    248    0   1290   2328   1319    631   2.7998    0.022
A-n62-k8 	BT-3   62   20    248    1   1290   2023   1347    797   3.6698    0.044
A-n62-k8 	BT-3   62   10    124    0   1290   1315   1315    124   0.7397    0.019
A-n62-k8 	BT-3   62   10    124    1   1290   1315   1315    124   0.7313    0.019
A-n62-k8 	BT-3   62    6    124    0   1290   1315   1315    124   0.7206    0.019
A-n62-k8 	BT-3   62    6    124    1   1290   1315   1315    124   0.7215    0.019
A-n62-k8 	BT-3   62   20    248    0   1290   2328   1345    836   3.8119    0.043
A-n62-k8 	BT-3   62   20    248    1   1290   2023   1361    772   3.5141    0.055
A-n62-k8 	BT-3   62   10    124    0   1290   1315   1315    124   0.7171    0.019
A-n62-k8 	BT-3   62   10    124    1   1290   1315   1315    124   0.7319    0.019
A-n62-k8 	BT-3   62    6    124    0   1290   1315   1315    124   0.7114    0.019
A-n62-k8 	BT-3   62    6    124    1   1290   1315   1315    124   0.7297    0.019
A-n62-k8 	BT-3   62   20    248    0   1290   2328   1355    469   1.9660    0.050
A-n62-k8 	BT-3   62   20    248    1   1290   2023   1351    556   2.4426    0.047
A-n62-k8 	BT-3   62   10    124    0   1290   1315   1315    124   0.7029    0.019
A-n62-k8 	BT-3   62   10    124    1   1290   1315   1315    124   0.7229    0.019
A-n62-k8 	BT-3   62    6    124    0   1290   1315   1315    124   0.7093    0.019
A-n62-k8 	BT-3   62    6    124    1   1290   1315   1315    124   0.7411    0.019
A-n62-k8 	BT-3   62   20    248    0   1290   2328   1380    331   1.4038    0.070
A-n62-k8 	BT-3   62   20    248    1   1290   2023   1354   1032   4.6326    0.050
A-n62-k8 	BT-3   62   10    124    0   1290   1315   1315    124   0.7057    0.019
A-n62-k8 	BT-3   62   10    124    1   1290   1315   1315    124   0.7133    0.019
A-n62-k8 	BT-3   62    6    124    0   1290   1315   1315    124   0.7185    0.019
A-n62-k8 	BT-3   62    6    124    1   1290   1315   1315    124   0.7260    0.019
A-n62-k8 	BT-3   62   20    248    0   1290   2328   1325    865   3.7580    0.027
A-n62-k8 	BT-3   62   20    248    1   1290   2023   1356    749   3.3522    0.051
A-n62-k8 	BT-3   62   10    124    0   1290   1315   1315    124   0.7096    0.019
A-n62-k8 	BT-3   62   10    124    1   1290   1315   1315    124   0.7295    0.019
A-n62-k8 	BT-3   62    6    124    0   1290   1315   1315    124   0.7120    0.019
A-n62-k8 	BT-3   62    6    124    1   1290   1315   1315    124   0.7249    0.019
A-n62-k8 	BT-3   62   20    248    0   1290   2328   1358    515   2.2419    0.053
A-n62-k8 	BT-3   62   20    248    1   1290   2023   1327   1198   5.2841    0.029
A-n62-k8 	BT-3   62   10    124    0   1290   1315   1315    124   0.7201    0.019
A-n62-k8 	BT-3   62   10    124    1   1290   1315   1315    124   0.7230    0.019
A-n62-k8 	BT-3   62    6    124    0   1290   1315   1315    124   0.6968    0.019
A-n62-k8 	BT-3   62    6    124    1   1290   1315   1315    124   0.7312    0.019
A-n62-k8 	BT-3   62   20    248    0   1290   2328   1320    859   3.8078    0.023
A-n62-k8 	BT-3   62   20    248    1   1290   2023   1331   1321   5.7630    0.032
A-n62-k8 	BT-3   62   10    124    0   1290   1315   1315    124   0.7072    0.019
A-n62-k8 	BT-3   62   10    124    1   1290   1315   1315    124   0.7297    0.019
A-n62-k8 	BT-3   62    6    124    0   1290   1315   1315    124   0.7159    0.019
A-n62-k8 	BT-3   62    6    124    1   1290   1315   1315    124   0.7207    0.019
A-n62-k8 	BT-3   62   20    248    0   1290   2328   1362    579   2.4510    0.056
A-n62-k8 	BT-3   62   20    248    1   1290   2023   1325    861   3.7434    0.027
A-n62-k8 	BT-3   62   10    124    0   1290   1315   1315    124   0.7016    0.019
A-n62-k8 	BT-3   62   10    124    1   1290   1315   1315    124   0.7062    0.019
A-n62-k8 	BT-3   62    6    124    0   1290   1315   1315    124   0.7161    0.019
A-n62-k8 	BT-3   62    6    124    1   1290   1315   1315    124   0.7179    0.019
A-n62-k8 	BT-3   62   20    248    0   1290   2328   1356    332   1.3544    0.051
A-n62-k8 	BT-3   62   20    248    1   1290   2023   1314    581   2.4766    0.019
A-n62-k8 	BT-3   62   10    124    0   1290   1846   1347    299   1.3685    0.044
A-n62-k8 	BT-3   62   10    124    1   1290   1314   1314    124   0.7062    0.019
A-n62-k8 	BT-3   62    6    124    0   1290   1846   1433    160   0.7894    0.111
A-n62-k8 	BT-3   62    6    124    1   1290   1314   1314    124   0.6827    0.019
A-n62-k8 	BT-3   62   20    248    0   1290   2328   1365    331   1.3792    0.058
A-n62-k8 	BT-3   62   20    248    1   1290   2023   1348    463   2.0741    0.045
A-n62-k8 	BT-3   62   10    124    0   1290   1846   1377    305   1.3832    0.067
A-n62-k8 	BT-3   62   10    124    1   1290   1314   1314    124   0.7098    0.019
A-n62-k8 	BT-3   62    6    124    0   1290   1846   1344    315   1.3987    0.042
A-n62-k8 	BT-3   62    6    124    1   1290   1314   1314    124   0.6786    0.019
A-n62-k8 	BT-3   62   20    248    0   1290   2328   1365    623   2.6375    0.058
A-n62-k8 	BT-3   62   20    248    1   1290   2023   1329    799   3.4386    0.030
A-n62-k8 	BT-3   62   10    124    0   1290   1846   1356    178   0.8177    0.051
A-n62-k8 	BT-3   62   10    124    1   1290   1314   1314    124   0.7144    0.019
A-n62-k8 	BT-3   62    6    124    0   1290   1846   1353    370   1.6569    0.049
A-n62-k8 	BT-3   62    6    124    1   1290   1314   1314    124   0.6877    0.019
A-n62-k8 	BT-3   62   20    248    0   1290   2328   1316    479   2.0345    0.020
A-n62-k8 	BT-3   62   20    248    1   1290   2023   1318    594   2.6753    0.022
A-n62-k8 	BT-3   62   10    124    0   1290   1846   1355    218   1.0046    0.050
A-n62-k8 	BT-3   62   10    124    1   1290   1314   1314    124   0.6889    0.019
A-n62-k8 	BT-3   62    6    124    0   1290   1846   1343    174   0.8042    0.041
A-n62-k8 	BT-3   62    6    124    1   1290   1314   1314    124   0.6829    0.019
A-n62-k8 	BT-3   62   20    248    0   1290   2328   1354    542   2.2937    0.050
A-n62-k8 	BT-3   62   20    248    1   1290   2023   1353   1079   4.6573    0.049
A-n62-k8 	BT-3   62   10    124    0   1290   1846   1342    276   1.2738    0.040
A-n62-k8 	BT-3   62   10    124    1   1290   1314   1314    124   0.6924    0.019
A-n62-k8 	BT-3   62    6    124    0   1290   1846   1334    503   2.2613    0.034
A-n62-k8 	BT-3   62    6    124    1   1290   1314   1314    124   0.6791    0.019
A-n62-k8 	BT-3   62   20    248    0   1290   2328   1316    767   3.2119    0.020
A-n62-k8 	BT-3   62   20    248    1   1290   2023   1339    561   2.4718    0.038
A-n62-k8 	BT-3   62   10    124    0   1290   1846   1334    315   1.4054    0.034
A-n62-k8 	BT-3   62   10    124    1   1290   1314   1314    124   0.6939    0.019
A-n62-k8 	BT-3   62    6    124    0   1290   1846   1433    160   0.7549    0.111
A-n62-k8 	BT-3   62    6    124    1   1290   1314   1314    124   0.6759    0.019
A-n62-k8 	BT-3   62   20    248    0   1290   2328   1343    399   1.6706    0.041
A-n62-k8 	BT-3   62   20    248    1   1290   2023   1355   1029   4.5293    0.050
A-n62-k8 	BT-3   62   10    124    0   1290   1846   1370    227   1.0232    0.062
A-n62-k8 	BT-3   62   10    124    1   1290   1314   1314    124   0.6909    0.019
A-n62-k8 	BT-3   62    6    124    0   1290   1846   1342    264   1.1814    0.040
A-n62-k8 	BT-3   62    6    124    1   1290   1314   1314    124   0.6990    0.019
A-n62-k8 	BT-3   62   20    248    0   1290   2328   1344    446   1.8846    0.042
A-n62-k8 	BT-3   62   20    248    1   1290   2023   1336    542   2.4056    0.036
A-n62-k8 	BT-3   62   10    124    0   1290   1846   1356    178   0.8244    0.051
A-n62-k8 	BT-3   62   10    124    1   1290   1314   1314    124   0.6914    0.019
A-n62-k8 	BT-3   62    6    124    0   1290   1846   1433    160   0.7463    0.111
A-n62-k8 	BT-3   62    6    124    1   1290   1314   1314    124   0.6836    0.019
A-n62-k8 	BT-3   62   20    248    0   1290   2328   1356    332   1.3774    0.051
A-n62-k8 	BT-3   62   20    248    1   1290   2023   1398    776   3.3789    0.084
A-n62-k8 	BT-3   62   10    124    0   1290   1846   1353    403   1.8713    0.049
A-n62-k8 	BT-3   62   10    124    1   1290   1314   1314    124   0.6898    0.019
A-n62-k8 	BT-3   62    6    124    0   1290   1846   1343    174   0.7986    0.041
A-n62-k8 	BT-3   62    6    124    1   1290   1314   1314    124   0.7120    0.019
A-n62-k8 	BT-3   62   20    248    0   1290   2328   1356    333   1.3774    0.051
A-n62-k8 	BT-3   62   20    248    1   1290   2023   1313    923   4.0506    0.018
A-n62-k8 	BT-3   62   10    124    0   1290   1313   1313    124   0.7162    0.018
A-n62-k8 	BT-3   62   10    124    1   1290   1313   1313    124   0.7202    0.018
A-n62-k8 	BT-3   62    6    124    0   1290   1313   1313    124   0.6897    0.018
A-n62-k8 	BT-3   62    6    124    1   1290   1313   1312    216   1.1433    0.017
A-n62-k8 	BT-3   62   20    248    0   1290   2328   1320    660   2.8574    0.023
A-n62-k8 	BT-3   62   20    248    1   1290   2023   1371    428   1.9106    0.063
A-n62-k8 	BT-3   62   10    124    0   1290   1312   1312    124   0.7049    0.017
A-n62-k8 	BT-3   62   10    124    1   1290   1312   1312    124   0.7217    0.017
A-n62-k8 	BT-3   62    6    124    0   1290   1312   1312    124   0.7263    0.017
A-n62-k8 	BT-3   62    6    124    1   1290   1312   1312    124   0.7284    0.017
A-n62-k8 	BT-3   62   20    248    0   1290   2328   1348    460   1.9368    0.045
A-n62-k8 	BT-3   62   20    248    1   1290   2023   1359   1248   5.5894    0.053
A-n62-k8 	BT-3   62   10    124    0   1290   1312   1312    124   0.6954    0.017
A-n62-k8 	BT-3   62   10    124    1   1290   1312   1312    124   0.7178    0.017
A-n62-k8 	BT-3   62    6    124    0   1290   1312   1312    124   0.7070    0.017
A-n62-k8 	BT-3   62    6    124    1   1290   1312   1312    124   0.7512    0.017
A-n62-k8 	BT-3   62   20    248    0   1290   2328   1381    329   1.3772    0.071
A-n62-k8 	BT-3   62   20    248    1   1290   2023   1334    692   3.1196    0.034
A-n62-k8 	BT-3   62   10    124    0   1290   1312   1312    124   0.7107    0.017
A-n62-k8 	BT-3   62   10    124    1   1290   1312   1312    124   0.7051    0.017
A-n62-k8 	BT-3   62    6    124    0   1290   1312   1312    124   0.7063    0.017
A-n62-k8 	BT-3   62    6    124    1   1290   1312   1312    124   0.7238    0.017
A-n62-k8 	BT-3   62   20    248    0   1290   2328   1352    489   2.0558    0.048
A-n62-k8 	BT-3   62   20    248    1   1290   2023   1332   1016   4.4470    0.033
A-n62-k8 	BT-3   62   10    124    0   1290   1312   1312    124   0.7381    0.017
A-n62-k8 	BT-3   62   10    124    1   1290   1312   1312    124   0.7090    0.017
A-n62-k8 	BT-3   62    6    124    0   1290   1312   1311    238   1.1856    0.016
A-n62-k8 	BT-3   62    6    124    1   1290   1312   1312    124   0.7351    0.017
A-n62-k8 	BT-3   62   20    248    0   1290   2328   1353    472   1.9544    0.049
A-n62-k8 	BT-3   62   20    248    1   1290   2023   1391    873   3.9888    0.078
A-n62-k8 	BT-3   62   10    124    0   1290   1311   1311    124   0.7139    0.016
A-n62-k8 	BT-3   62   10    124    1   1290   1311   1311    124   0.7048    0.016
A-n62-k8 	BT-3   62    6    124    0   1290   1311   1311    124   0.7011    0.016
A-n62-k8 	BT-3   62    6    124    1   1290   1311   1311    124   0.7032    0.016
A-n62-k8 	BT-3   62   20    248    0   1290   2328   1366    346   1.4510    0.059
A-n62-k8 	BT-3   62   20    248    1   1290   2023   1326    618   2.6815    0.028
A-n62-k8 	BT-3   62   10    124    0   1290   1311   1311    124   0.7228    0.016
A-n62-k8 	BT-3   62   10    124    1   1290   1311   1311    124   0.7086    0.016
A-n62-k8 	BT-3   62    6    124    0   1290   1311   1310    151   0.8604    0.016
A-n62-k8 	BT-3   62    6    124    1   1290   1311   1311    124   0.6957    0.016
A-n62-k8 	BT-3   62   20    248    0   1290   2328   1316    446   1.8643    0.020
A-n62-k8 	BT-3   62   20    248    1   1290   2023   1389    382   1.7486    0.077
A-n62-k8 	BT-3   62   10    124    0   1290   1442   1310    149   0.7675    0.016
A-n62-k8 	BT-3   62   10    124    1   1290   1310   1310    124   0.7019    0.016
A-n62-k8 	BT-3   62    6    124    0   1290   1442   1310    149   0.7694    0.016
A-n62-k8 	BT-3   62    6    124    1   1290   1310   1310    124   0.7307    0.016
A-n62-k8 	BT-3   62   20    248    0   1290   2328   1348    880   3.7463    0.045
A-n62-k8 	BT-3   62   20    248    1   1290   2023   1338    912   4.0585    0.037
A-n62-k8 	BT-3   62   10    124    0   1290   1442   1310    148   0.7703    0.016
A-n62-k8 	BT-3   62   10    124    1   1290   1310   1310    124   0.7214    0.016
A-n62-k8 	BT-3   62    6    124    0   1290   1442   1310    149   0.7771    0.016
A-n62-k8 	BT-3   62    6    124    1   1290   1310   1310    124   0.7141    0.016
A-n62-k8 	BT-3   62   20    248    0   1290   2328   1354    641   2.6999    0.050
A-n62-k8 	BT-3   62   20    248    1   1290   2023   1347    968   4.3409    0.044
A-n62-k8 	BT-3   62   10    124    0   1290   1442   1310    148   0.7815    0.016
A-n62-k8 	BT-3   62   10    124    1   1290   1310   1310    124   0.7166    0.016
A-n62-k8 	BT-3   62    6    124    0   1290   1442   1310    149   0.7667    0.016
A-n62-k8 	BT-3   62    6    124    1   1290   1310   1310    124   0.7264    0.016
A-n62-k8 	BT-3   62   20    248    0   1290   2328   1376    390   1.6188    0.067
A-n62-k8 	BT-3   62   20    248    1   1290   2023   1337    816   3.5741    0.036
A-n62-k8 	BT-3   62   10    124    0   1290   1442   1310    148   0.7835    0.016
A-n62-k8 	BT-3   62   10    124    1   1290   1310   1310    124   0.7110    0.016
A-n62-k8 	BT-3   62    6    124    0   1290   1442   1310    149   0.7683    0.016
A-n62-k8 	BT-3   62    6    124    1   1290   1310   1310    124   0.7143    0.016
A-n62-k8 	BT-3   62   20    248    0   1290   2328   1352    843   3.5783    0.048
A-n62-k8 	BT-3   62   20    248    1   1290   2023   1325    971   4.2102    0.027
A-n62-k8 	BT-3   62   10    124    0   1290   1442   1310    149   0.7751    0.016
A-n62-k8 	BT-3   62   10    124    1   1290   1310   1310    124   0.7192    0.016
A-n62-k8 	BT-3   62    6    124    0   1290   1442   1310    149   0.7767    0.016
A-n62-k8 	BT-3   62    6    124    1   1290   1310   1310    124   0.7257    0.016
A-n62-k8 	BT-3   62   20    248    0   1290   2328   1348    779   3.3206    0.045
A-n62-k8 	BT-3   62   20    248    1   1290   2023   1350    932   4.2036    0.047
A-n62-k8 	BT-3   62   10    124    0   1290   1442   1310    148   0.7738    0.016
A-n62-k8 	BT-3   62   10    124    1   1290   1310   1310    124   0.7158    0.016
A-n62-k8 	BT-3   62    6    124    0   1290   1442   1310    149   0.7755    0.016
A-n62-k8 	BT-3   62    6    124    1   1290   1310   1310    124   0.7448    0.016
A-n62-k8 	BT-3   62   20    248    0   1290   2328   1366    336   1.3861    0.059
A-n62-k8 	BT-3   62   20    248    1   1290   2023   1374    610   2.6568    0.065
A-n62-k8 	BT-3   62   10    124    0   1290   1442   1310    148   0.7713    0.016
A-n62-k8 	BT-3   62   10    124    1   1290   1310   1310    124   0.7122    0.016
A-n62-k8 	BT-3   62    6    124    0   1290   1442   1310    149   0.7961    0.016
A-n62-k8 	BT-3   62    6    124    1   1290   1310   1310    124   0.7192    0.016
A-n62-k8 	BT-3   62   20    248    0   1290   2328   1345    354   1.4456    0.043
A-n62-k8 	BT-3   62   20    248    1   1290   2023   1325    801   3.5148    0.027
A-n62-k8 	BT-3   62   10    124    0   1290   1442   1310    148   0.7702    0.016
A-n62-k8 	BT-3   62   10    124    1   1290   1310   1310    124   0.7090    0.016
A-n62-k8 	BT-3   62    6    124    0   1290   1442   1310    149   0.7855    0.016
A-n62-k8 	BT-3   62    6    124    1   1290   1310   1310    124   0.7267    0.016
A-n62-k8 	BT-3   62   20    248    0   1290   2328   1379    337   1.3806    0.069
A-n62-k8 	BT-3   62   20    248    1   1290   2023   1352   1094   4.7953    0.048
A-n62-k8 	BT-3   62   10    124    0   1290   1442   1310    148   0.7711    0.016
A-n62-k8 	BT-3   62   10    124    1   1290   1310   1310    124   0.7512    0.016
A-n62-k8 	BT-3   62    6    124    0   1290   1442   1310    150   0.7935    0.016
A-n62-k8 	BT-3   62    6    124    1   1290   1310   1310    124   0.7230    0.016
A-n62-k8 	BT-3   62   20    248    0   1290   2328   1356    333   1.3791    0.051
A-n62-k8 	BT-3   62   20    248    1   1290   2023   1333    777   3.3848    0.033
A-n62-k8 	BT-3   62   10    124    0   1290   1442   1310    150   0.7764    0.016
A-n62-k8 	BT-3   62   10    124    1   1290   1310   1310    124   0.7217    0.016
A-n62-k8 	BT-3   62    6    124    0   1290   1442   1310    149   0.7659    0.016
A-n62-k8 	BT-3   62    6    124    1   1290   1310   1310    124   0.7237    0.016
A-n62-k8 	BT-3   62   20    248    0   1290   2328   1348    595   2.5884    0.045
A-n62-k8 	BT-3   62   20    248    1   1290   2023   1345    793   3.4741    0.043
A-n62-k8 	BT-3   62   10    124    0   1290   1442   1310    149   0.7639    0.016
A-n62-k8 	BT-3   62   10    124    1   1290   1310   1310    124   0.7164    0.016
A-n62-k8 	BT-3   62    6    124    0   1290   1442   1310    149   0.7731    0.016
A-n62-k8 	BT-3   62    6    124    1   1290   1310   1310    124   0.7213    0.016
A-n62-k8 	BT-3   62   20    248    0   1290   2328   1330    607   2.5958    0.031
A-n62-k8 	BT-3   62   20    248    1   1290   2023   1331    993   4.3752    0.032
A-n62-k8 	BT-3   62   10    124    0   1290   1442   1310    148   0.7706    0.016
A-n62-k8 	BT-3   62   10    124    1   1290   1310   1310    124   0.7040    0.016
A-n62-k8 	BT-3   62    6    124    0   1290   1442   1310    149   0.7824    0.016
A-n62-k8 	BT-3   62    6    124    1   1290   1310   1310    124   0.7228    0.016
A-n62-k8 	BT-3   62   20    248    0   1290   2328   1372    574   2.3830    0.064
A-n62-k8 	BT-3   62   20    248    1   1290   2023   1363    706   3.3929    0.057
A-n62-k8 	BT-3   62   10    124    0   1290   1442   1309    240   1.3334    0.015
A-n62-k8 	BT-3   62   10    124    1   1290   1310   1310    124   0.7634    0.016
A-n62-k8 	BT-3   62    6    124    0   1290   1309   1309    124   0.7406    0.015
A-n62-k8 	BT-3   62    6    124    1   1290   1309   1309    124   0.7106    0.015
A-n62-k8 	BT-3   62   20    248    0   1290   2328   1376    755   3.2883    0.067
A-n62-k8 	BT-3   62   20    248    1   1290   2023   1369    413   1.8789    0.061
A-n62-k8 	BT-3   62   10    124    0   1290   1309   1309    124   0.7064    0.015
A-n62-k8 	BT-3   62   10    124    1   1290   1309   1309    124   0.7201    0.015
A-n62-k8 	BT-3   62    6    124    0   1290   1309   1309    124   0.7277    0.015
A-n62-k8 	BT-3   62    6    124    1   1290   1309   1309    124   0.7247    0.015
A-n62-k8 	BT-3   62   20    248    0   1290   2328   1366    345   1.4697    0.059
A-n62-k8 	BT-3   62   20    248    1   1290   2023   1344    563   2.5392    0.042
A-n62-k8 	BT-3   62   10    124    0   1290   1309   1309    124   0.7103    0.015
A-n62-k8 	BT-3   62   10    124    1   1290   1309   1309    124   0.7006    0.015
A-n62-k8 	BT-3   62    6    124    0   1290   1309   1309    124   0.7171    0.015
A-n62-k8 	BT-3   62    6    124    1   1290   1309   1309    124   0.7049    0.015
A-n62-k8 	BT-3   62   20    248    0   1290   2328   1315    560   2.4120    0.019
A-n62-k8 	BT-3   62   20    248    1   1290   2023   1329    611   2.7878    0.030
A-n62-k8 	BT-3   62   10    124    0   1290   1309   1309    124   0.7433    0.015
A-n62-k8 	BT-3   62   10    124    1   1290   1309   1309    124   0.7619    0.015
A-n62-k8 	BT-3   62    6    124    0   1290   1309   1309    124   0.7058    0.015
A-n62-k8 	BT-3   62    6    124    1   1290   1309   1309    124   0.6959    0.015
A-n62-k8 	BT-3   62   20    248    0   1290   2328   1358    331   1.4347    0.053
A-n62-k8 	BT-3   62   20    248    1   1290   2023   1382    548   2.4040    0.071
A-n62-k8 	BT-3   62   10    124    0   1290   1309   1309    124   0.7061    0.015
A-n62-k8 	BT-3   62   10    124    1   1290   1309   1309    124   0.7262    0.015
A-n62-k8 	BT-3   62    6    124    0   1290   1309   1309    124   0.7416    0.015
A-n62-k8 	BT-3   62    6    124    1   1290   1309   1309    124   0.7192    0.015
A-n62-k8 	BT-3   62   20    248    0   1290   2328   1348    521   2.1636    0.045
A-n62-k8 	BT-3   62   20    248    1   1290   2023   1360    612   2.8027    0.054
A-n62-k8 	BT-3   62   10    124    0   1290   1309   1309    124   0.7594    0.015
A-n62-k8 	BT-3   62   10    124    1   1290   1309   1309    124   0.7100    0.015
A-n62-k8 	BT-3   62    6    124    0   1290   1309   1309    124   0.7282    0.015
A-n62-k8 	BT-3   62    6    124    1   1290   1309   1309    124   0.7713    0.015
A-n62-k8 	BT-3   62   20    248    0   1290   2328   1380    481   2.2769    0.070
A-n62-k8 	BT-3   62   20    248    1   1290   2023   1333    511   2.6878    0.033
A-n62-k8 	BT-3   62   10    124    0   1290   1309   1309    124   0.8869    0.015
A-n62-k8 	BT-3   62   10    124    1   1290   1309   1309    124   0.9729    0.015
A-n62-k8 	BT-3   62    6    124    0   1290   1309   1309    124   0.7867    0.015
A-n62-k8 	BT-3   62    6    124    1   1290   1309   1309    124   0.7399    0.015
A-n62-k8 	BT-3   62   20    248    0   1290   2328   1357    446   1.8840    0.052
A-n62-k8 	BT-3   62   20    248    1   1290   2023   1378    529   2.2803    0.068
A-n62-k8 	BT-3   62   10    124    0   1290   1309   1309    124   0.6991    0.015
A-n62-k8 	BT-3   62   10    124    1   1290   1309   1309    124   0.7161    0.015
A-n62-k8 	BT-3   62    6    124    0   1290   1309   1309    124   0.7017    0.015
A-n62-k8 	BT-3   62    6    124    1   1290   1309   1309    124   0.7751    0.015
A-n62-k8 	BT-3   62   20    248    0   1290   2328   1365    333   1.8142    0.058
A-n62-k8 	BT-3   62   20    248    1   1290   2023   1362    443   2.2494    0.056
A-n62-k8 	BT-3   62   10    124    0   1290   1309   1309    124   0.7846    0.015
A-n62-k8 	BT-3   62   10    124    1   1290   1309   1309    124   0.7425    0.015
A-n62-k8 	BT-3   62    6    124    0   1290   1309   1309    124   0.7747    0.015
A-n62-k8 	BT-3   62    6    124    1   1290   1309   1309    124   0.8009    0.015
A-n62-k8 	BT-3   62   20    248    0   1290   2328   1357    340   1.5384    0.052
A-n62-k8 	BT-3   62   20    248    1   1290   2023   1357    603   3.1929    0.052
A-n62-k8 	BT-3   62   10    124    0   1290   1309   1309    124   0.9252    0.015
A-n62-k8 	BT-3   62   10    124    1   1290   1309   1309    124   0.8782    0.015
A-n62-k8 	BT-3   62    6    124    0   1290   1309   1309    124   1.0359    0.015
A-n62-k8 	BT-3   62    6    124    1   1290   1309   1309    124   1.0325    0.015
A-n62-k8 	BT-3   62   20    248    0   1290   2328   1372    335   2.0177    0.064
A-n62-k8 	BT-3   62   20    248    1   1290   2023   1325    446   2.8100    0.027
A-n62-k8 	BT-3   62   10    124    0   1290   1309   1309    124   1.0078    0.015
A-n62-k8 	BT-3   62   10    124    1   1290   1309   1309    124   1.0249    0.015
A-n62-k8 	BT-3   62    6    124    0   1290   1309   1309    124   0.9884    0.015
A-n62-k8 	BT-3   62    6    124    1   1290   1309   1309    124   0.9803    0.015
A-n62-k8 	BT-3   62   20    248    0   1290   2328   1323    390   2.4250    0.026
A-n62-k8 	BT-3   62   20    248    1   1290   2023   1367    476   3.0664    0.060
A-n62-k8 	BT-3   62   10    124    0   1290   1309   1309    124   0.9731    0.015
A-n62-k8 	BT-3   62   10    124    1   1290   1309   1309    124   0.9885    0.015
A-n62-k8 	BT-3   62    6    124    0   1290   1309   1309    124   0.9916    0.015
A-n62-k8 	BT-3   62    6    124    1   1290   1309   1309    124   0.9551    0.015
A-n62-k8 	BT-3   62   20    248    0   1290   2328   1380    434   2.6382    0.070
A-n62-k8 	BT-3   62   20    248    1   1290   2023   1332    656   4.1234    0.033
A-n62-k8 	BT-3   62   10    124    0   1290   1309   1309    124   0.9369    0.015
A-n62-k8 	BT-3   62   10    124    1   1290   1309   1309    124   1.0037    0.015
A-n62-k8 	BT-3   62    6    124    0   1290   1309   1309    124   0.9534    0.015
A-n62-k8 	BT-3   62    6    124    1   1290   1309   1309    124   0.9258    0.015
A-n62-k8 	BT-3   62   20    248    0   1290   2328   1381    329   1.9311    0.071
A-n62-k8 	BT-3   62   20    248    1   1290   2023   1360    387   2.5126    0.054
A-n62-k8 	BT-3   62   10    124    0   1290   1309   1309    124   0.9441    0.015
A-n62-k8 	BT-3   62   10    124    1   1290   1309   1309    124   0.8876    0.015
A-n62-k8 	BT-3   62    6    124    0   1290   1309   1309    124   0.8972    0.015
A-n62-k8 	BT-3   62    6    124    1   1290   1309   1309    124   0.8090    0.015
A-n62-k8 	BT-3   62   20    248    0   1290   2328   1350    423   2.0696    0.047
A-n62-k8 	BT-3   62   20    248    1   1290   2023   1315   1169   5.4898    0.019
A-n62-k8 	BT-3   62   10    124    0   1290   1309   1309    124   0.7206    0.015
A-n62-k8 	BT-3   62   10    124    1   1290   1309   1309    124   0.7216    0.015
A-n62-k8 	BT-3   62    6    124    0   1290   1309   1309    124   0.7570    0.015
A-n62-k8 	BT-3   62    6    124    1   1290   1309   1309    124   0.6978    0.015
A-n62-k8 	BT-3   62   20    248    0   1290   2328   1346    610   2.5681    0.043
A-n62-k8 	BT-3   62   20    248    1   1290   2023   1329    727   3.1462    0.030
A-n62-k8 	BT-3   62   10    124    0   1290   1309   1309    124   0.7145    0.015
A-n62-k8 	BT-3   62   10    124    1   1290   1309   1309    124   0.7115    0.015
A-n62-k8 	BT-3   62    6    124    0   1290   1309   1309    124   0.7730    0.015
A-n62-k8 	BT-3   62    6    124    1   1290   1309   1309    124   0.7322    0.015
A-n62-k8 	BT-3   62   20    248    0   1290   2328   1356    482   2.0396    0.051
A-n62-k8 	BT-3   62   20    248    1   1290   2023   1327   1036   4.8812    0.029
A-n62-k8 	BT-3   62   10    124    0   1290   1309   1309    124   0.7263    0.015
A-n62-k8 	BT-3   62   10    124    1   1290   1309   1309    124   0.7482    0.015
A-n62-k8 	BT-3   62    6    124    0   1290   1309   1309    124   0.7733    0.015
A-n62-k8 	BT-3   62    6    124    1   1290   1309   1309    124   0.7555    0.015
A-n62-k8 	BT-3   62   20    248    0   1290   2328   1355    393   1.6693    0.050
A-n62-k8 	BT-3   62   20    248    1   1290   2023   1359    755   3.5838    0.053
A-n62-k8 	BT-3   62   10    124    0   1290   1309   1309    124   0.7057    0.015
A-n62-k8 	BT-3   62   10    124    1   1290   1309   1309    124   0.7157    0.015
A-n62-k8 	BT-3   62    6    124    0   1290   1309   1309    124   0.7242    0.015
A-n62-k8 	BT-3   62    6    124    1   1290   1309   1309    124   0.7364    0.015
A-n62-k8 	BT-3   62   20    248    0   1290   2328   1353    536   2.2579    0.049
A-n62-k8 	BT-3   62   20    248    1   1290   2023   1410    438   1.9672    0.093
A-n62-k8 	BT-3   62   10    124    0   1290   1309   1309    124   0.7060    0.015
A-n62-k8 	BT-3   62   10    124    1   1290   1309   1309    124   0.7114    0.015
A-n62-k8 	BT-3   62    6    124    0   1290   1309   1309    124   0.7187    0.015
A-n62-k8 	BT-3   62    6    124    1   1290   1309   1309    124   0.7104    0.015
