B-n34-k5 	BT-1   34   11    136    0    788    847    800    161   0.1291    0.015
B-n34-k5 	BT-1   34   11    136    1    788    826    792    170   0.1310    0.005
B-n34-k5 	BT-1   34    6     68    0    788    819    792     69   0.0578    0.005
B-n34-k5 	BT-1   34    6     68    1    788    792    792     68   0.0606    0.005
B-n34-k5 	BT-1   34    3     34    0    788    819    792     35   0.0329    0.005
B-n34-k5 	BT-1   34    3     34    1    788    792    792     34   0.0328    0.005
B-n34-k5 	BT-2   34   11    136    0    788    847    792    171   0.1387    0.005
B-n34-k5 	BT-2   34   11    136    1    788    826    788    284   0.2174    0.000
B-n34-k5 	BT-2   34    6     68    0    788    788    788     68   0.0608    0.000
B-n34-k5 	BT-2   34    6     68    1    788    788    788     68   0.0595    0.000
B-n34-k5 	BT-2   34    3     34    0    788    788    788     34   0.0326    0.000
B-n34-k5 	BT-2   34    3     34    1    788    788    788     34   0.0327    0.000
B-n34-k5 	BT-3   34   11    136    0    788    847    789    282   0.2793    0.001
B-n34-k5 	BT-3   34   11    136    1    788    826    789    316   0.3053    0.001
B-n34-k5 	BT-3   34    6     68    0    788    789    789     68   0.1032    0.001
B-n34-k5 	BT-3   34    6     68    1    788    789    789     68   0.1041    0.001
B-n34-k5 	BT-3   34    3     34    0    788    789    789     34   0.0556    0.001
B-n34-k5 	BT-3   34    3     34    1    788    789    789     34   0.0573    0.001
B-n34-k5 	BT-3   34   11    136    0    788    847    794    155   0.1873    0.008
B-n34-k5 	BT-3   34   11    136    1    788    826    794    192   0.2144    0.008
B-n34-k5 	BT-3   34    6     68    0    788    789    789     68   0.0989    0.001
B-n34-k5 	BT-3   34    6     68    1    788    789    789     68   0.0989    0.001
B-n34-k5 	BT-3   34    3     34    0    788    789    789     34   0.0558    0.001
B-n34-k5 	BT-3   34    3     34    1    788    789    789     34   0.0568    0.001
B-n34-k5 	BT-3   34   11    136    0    788    847    788    186   0.2228    0.000
B-n34-k5 	BT-3   34   11    136    1    788    826    790    348   0.3463    0.003
B-n34-k5 	BT-3   34    6     68    0    788    820    788     69   0.1001    0.000
B-n34-k5 	BT-3   34    6     68    1    788    788    788     68   0.1007    0.000
B-n34-k5 	BT-3   34    3     34    0    788    820    788     35   0.0568    0.000
B-n34-k5 	BT-3   34    3     34    1    788    788    788     34   0.0569    0.000
B-n34-k5 	BT-3   34   11    136    0    788    847    793    181   0.2098    0.006
B-n34-k5 	BT-3   34   11    136    1    788    826    797    189   0.2152    0.011
B-n34-k5 	BT-3   34    6     68    0    788    820    788     69   0.0999    0.000
B-n34-k5 	BT-3   34    6     68    1    788    788    788     68   0.0994    0.000
B-n34-k5 	BT-3   34    3     34    0    788    820    788     35   0.0594    0.000
B-n34-k5 	BT-3   34    3     34    1    788    788    788     34   0.0592    0.000
B-n34-k5 	BT-3   34   11    136    0    788    847    791    154   0.1907    0.004
B-n34-k5 	BT-3   34   11    136    1    788    826    792    176   0.2045    0.005
B-n34-k5 	BT-3   34    6     68    0    788    820    788     69   0.1000    0.000
B-n34-k5 	BT-3   34    6     68    1    788    788    788     68   0.0996    0.000
B-n34-k5 	BT-3   34    3     34    0    788    820    788     35   0.0574    0.000
B-n34-k5 	BT-3   34    3     34    1    788    788    788     34   0.0566    0.000
B-n34-k5 	BT-3   34   11    136    0    788    847    794    161   0.1906    0.008
B-n34-k5 	BT-3   34   11    136    1    788    826    789    323   0.3054    0.001
B-n34-k5 	BT-3   34    6     68    0    788    820    788     69   0.1006    0.000
B-n34-k5 	BT-3   34    6     68    1    788    788    788     68   0.0997    0.000
B-n34-k5 	BT-3   34    3     34    0    788    820    788     35   0.0568    0.000
B-n34-k5 	BT-3   34    3     34    1    788    788    788     34   0.0568    0.000
B-n34-k5 	BT-3   34   11    136    0    788    847    794    161   0.2016    0.008
B-n34-k5 	BT-3   34   11    136    1    788    826    790    419   0.4033    0.003
B-n34-k5 	BT-3   34    6     68    0    788    820    788     69   0.0999    0.000
B-n34-k5 	BT-3   34    6     68    1    788    788    788     68   0.1009    0.000
B-n34-k5 	BT-3   34    3     34    0    788    820    788     35   0.0568    0.000
B-n34-k5 	BT-3   34    3     34    1    788    788    788     34   0.0566    0.000
B-n34-k5 	BT-3   34   11    136    0    788    847    794    175   0.2039    0.008
B-n34-k5 	BT-3   34   11    136    1    788    826    789    361   0.3505    0.001
B-n34-k5 	BT-3   34    6     68    0    788    820    788     69   0.0994    0.000
B-n34-k5 	BT-3   34    6     68    1    788    788    788     68   0.0994    0.000
B-n34-k5 	BT-3   34    3     34    0    788    820    788     35   0.0596    0.000
B-n34-k5 	BT-3   34    3     34    1    788    788    788     34   0.0593    0.000
B-n34-k5 	BT-3   34   11    136    0    788    847    789    249   0.2566    0.001
B-n34-k5 	BT-3   34   11    136    1    788    826    796    160   0.1967    0.010
B-n34-k5 	BT-3   34    6     68    0    788    820    788     69   0.1000    0.000
B-n34-k5 	BT-3   34    6     68    1    788    788    788     68   0.0995    0.000
B-n34-k5 	BT-3   34    3     34    0    788    820    788     35   0.0575    0.000
B-n34-k5 	BT-3   34    3     34    1    788    788    788     34   0.0567    0.000
B-n34-k5 	BT-3   34   11    136    0    788    847    792    188   0.2049    0.005
B-n34-k5 	BT-3   34   11    136    1    788    826    791    287   0.2906    0.004
B-n34-k5 	BT-3   34    6     68    0    788    820    788     69   0.1009    0.000
B-n34-k5 	BT-3   34    6     68    1    788    788    788     68   0.1001    0.000
B-n34-k5 	BT-3   34    3     34    0    788    820    788     35   0.0568    0.000
B-n34-k5 	BT-3   34    3     34    1    788    788    788     34   0.0569    0.000
B-n34-k5 	BT-3   34   11    136    0    788    847    794    154   0.1982    0.008
B-n34-k5 	BT-3   34   11    136    1    788    826    791    268   0.2915    0.004
B-n34-k5 	BT-3   34    6     68    0    788    820    788     69   0.1000    0.000
B-n34-k5 	BT-3   34    6     68    1    788    788    788     68   0.1012    0.000
B-n34-k5 	BT-3   34    3     34    0    788    820    788     52   0.0675    0.000
B-n34-k5 	BT-3   34    3     34    1    788    788    788     34   0.0568    0.000
B-n34-k5 	BT-3   34   11    136    0    788    847    788    218   0.2376    0.000
B-n34-k5 	BT-3   34   11    136    1    788    826    793    202   0.2462    0.006
B-n34-k5 	BT-3   34    6     68    0    788    820    788     69   0.1176    0.000
B-n34-k5 	BT-3   34    6     68    1    788    788    788     68   0.0995    0.000
B-n34-k5 	BT-3   34    3     34    0    788    820    788     35   0.0594    0.000
B-n34-k5 	BT-3   34    3     34    1    788    788    788     34   0.0593    0.000
B-n34-k5 	BT-3   34   11    136    0    788    847    793    160   0.1909    0.006
B-n34-k5 	BT-3   34   11    136    1    788    826    794    167   0.2006    0.008
B-n34-k5 	BT-3   34    6     68    0    788    820    788     69   0.0998    0.000
B-n34-k5 	BT-3   34    6     68    1    788    788    788     68   0.0993    0.000
B-n34-k5 	BT-3   34    3     34    0    788    820    788     35   0.0574    0.000
B-n34-k5 	BT-3   34    3     34    1    788    788    788     34   0.0569    0.000
B-n34-k5 	BT-3   34   11    136    0    788    847    794    288   0.2839    0.008
B-n34-k5 	BT-3   34   11    136    1    788    826    792    237   0.2542    0.005
B-n34-k5 	BT-3   34    6     68    0    788    820    788     69   0.1011    0.000
B-n34-k5 	BT-3   34    6     68    1    788    788    788     68   0.1003    0.000
B-n34-k5 	BT-3   34    3     34    0    788    820    788     35   0.0569    0.000
B-n34-k5 	BT-3   34    3     34    1    788    788    788     34   0.0571    0.000
B-n34-k5 	BT-3   34   11    136    0    788    847    791    219   0.2472    0.004
B-n34-k5 	BT-3   34   11    136    1    788    826    789    208   0.2417    0.001
B-n34-k5 	BT-3   34    6     68    0    788    820    788     69   0.0997    0.000
B-n34-k5 	BT-3   34    6     68    1    788    788    788     68   0.1010    0.000
B-n34-k5 	BT-3   34    3     34    0    788    820    788     35   0.0569    0.000
B-n34-k5 	BT-3   34    3     34    1    788    788    788     34   0.0568    0.000
B-n34-k5 	BT-3   34   11    136    0    788    847    794    163   0.1941    0.008
B-n34-k5 	BT-3   34   11    136    1    788    826    792    259   0.2739    0.005
B-n34-k5 	BT-3   34    6     68    0    788    820    788     69   0.0995    0.000
B-n34-k5 	BT-3   34    6     68    1    788    788    788     68   0.0997    0.000
B-n34-k5 	BT-3   34    3     34    0    788    820    788     35   0.0597    0.000
B-n34-k5 	BT-3   34    3     34    1    788    788    788     34   0.0598    0.000
B-n34-k5 	BT-3   34   11    136    0    788    847    800    150   0.1821    0.015
B-n34-k5 	BT-3   34   11    136    1    788    826    793    163   0.1994    0.006
B-n34-k5 	BT-3   34    6     68    0    788    820    788     69   0.0996    0.000
B-n34-k5 	BT-3   34    6     68    1    788    788    788     68   0.1001    0.000
B-n34-k5 	BT-3   34    3     34    0    788    820    788     35   0.0573    0.000
B-n34-k5 	BT-3   34    3     34    1    788    788    788     34   0.0566    0.000
B-n34-k5 	BT-3   34   11    136    0    788    847    788    214   0.2266    0.000
B-n34-k5 	BT-3   34   11    136    1    788    826    791    193   0.2228    0.004
B-n34-k5 	BT-3   34    6     68    0    788    820    788     69   0.1050    0.000
B-n34-k5 	BT-3   34    6     68    1    788    788    788     68   0.1048    0.000
B-n34-k5 	BT-3   34    3     34    0    788    820    788     35   0.0569    0.000
B-n34-k5 	BT-3   34    3     34    1    788    788    788     34   0.0581    0.000
B-n34-k5 	BT-3   34   11    136    0    788    847    792    290   0.2859    0.005
B-n34-k5 	BT-3   34   11    136    1    788    826    793    199   0.2286    0.006
B-n34-k5 	BT-3   34    6     68    0    788    820    788     69   0.1011    0.000
B-n34-k5 	BT-3   34    6     68    1    788    788    788     68   0.1002    0.000
B-n34-k5 	BT-3   34    3     34    0    788    820    788     35   0.0572    0.000
B-n34-k5 	BT-3   34    3     34    1    788    788    788     34   0.0567    0.000
B-n34-k5 	BT-3   34   11    136    0    788    847    789    266   0.2816    0.001
B-n34-k5 	BT-3   34   11    136    1    788    826    805    146   0.1978    0.022
B-n34-k5 	BT-3   34    6     68    0    788    820    788     69   0.1003    0.000
B-n34-k5 	BT-3   34    6     68    1    788    788    788     68   0.1008    0.000
B-n34-k5 	BT-3   34    3     34    0    788    820    788     35   0.0568    0.000
B-n34-k5 	BT-3   34    3     34    1    788    788    788     34   0.0568    0.000
B-n34-k5 	BT-3   34   11    136    0    788    847    793    161   0.1965    0.006
B-n34-k5 	BT-3   34   11    136    1    788    826    788    273   0.2760    0.000
B-n34-k5 	BT-3   34    6     68    0    788    820    790    117   0.1305    0.003
B-n34-k5 	BT-3   34    6     68    1    788    788    788     68   0.1000    0.000
B-n34-k5 	BT-3   34    3     34    0    788    820    788     35   0.0572    0.000
B-n34-k5 	BT-3   34    3     34    1    788    788    788     34   0.0571    0.000
B-n34-k5 	BT-3   34   11    136    0    788    847    794    198   0.2194    0.008
B-n34-k5 	BT-3   34   11    136    1    788    826    793    181   0.2135    0.006
B-n34-k5 	BT-3   34    6     68    0    788    820    788     69   0.1005    0.000
B-n34-k5 	BT-3   34    6     68    1    788    788    788     68   0.1000    0.000
B-n34-k5 	BT-3   34    3     34    0    788    820    788     35   0.0568    0.000
B-n34-k5 	BT-3   34    3     34    1    788    788    788     34   0.0580    0.000
B-n34-k5 	BT-3   34   11    136    0    788    847    788    206   0.2388    0.000
B-n34-k5 	BT-3   34   11    136    1    788    826    794    156   0.2017    0.008
B-n34-k5 	BT-3   34    6     68    0    788    820    794     81   0.1064    0.008
B-n34-k5 	BT-3   34    6     68    1    788    788    788     68   0.1017    0.000
B-n34-k5 	BT-3   34    3     34    0    788    820    788     35   0.0569    0.000
B-n34-k5 	BT-3   34    3     34    1    788    788    788     34   0.0572    0.000
B-n34-k5 	BT-3   34   11    136    0    788    847    789    245   0.2590    0.001
B-n34-k5 	BT-3   34   11    136    1    788    826    796    171   0.2054    0.010
B-n34-k5 	BT-3   34    6     68    0    788    820    788     69   0.1003    0.000
B-n34-k5 	BT-3   34    6     68    1    788    788    788     68   0.1016    0.000
B-n34-k5 	BT-3   34    3     34    0    788    820    788     60   0.0768    0.000
B-n34-k5 	BT-3   34    3     34    1    788    788    788     34   0.0594    0.000
B-n34-k5 	BT-3   34   11    136    0    788    847    790    201   0.2186    0.003
B-n34-k5 	BT-3   34   11    136    1    788    826    802    176   0.2189    0.018
B-n34-k5 	BT-3   34    6     68    0    788    820    788     69   0.1020    0.000
B-n34-k5 	BT-3   34    6     68    1    788    788    788     68   0.0997    0.000
B-n34-k5 	BT-3   34    3     34    0    788    820    788     35   0.0575    0.000
B-n34-k5 	BT-3   34    3     34    1    788    788    788     34   0.0571    0.000
B-n34-k5 	BT-3   34   11    136    0    788    847    793    160   0.2233    0.006
B-n34-k5 	BT-3   34   11    136    1    788    826    789    261   0.2748    0.001
B-n34-k5 	BT-3   34    6     68    0    788    820    794     81   0.1082    0.008
B-n34-k5 	BT-3   34    6     68    1    788    788    788     68   0.0999    0.000
B-n34-k5 	BT-3   34    3     34    0    788    820    788     35   0.0583    0.000
B-n34-k5 	BT-3   34    3     34    1    788    788    788     34   0.0869    0.000
B-n34-k5 	BT-3   34   11    136    0    788    847    789    213   0.2484    0.001
B-n34-k5 	BT-3   34   11    136    1    788    826    791    260   0.2969    0.004
B-n34-k5 	BT-3   34    6     68    0    788    820    788     69   0.0995    0.000
B-n34-k5 	BT-3   34    6     68    1    788    788    788     68   0.1006    0.000
B-n34-k5 	BT-3   34    3     34    0    788    820    788     35   0.0568    0.000
B-n34-k5 	BT-3   34    3     34    1    788    788    788     34   0.0568    0.000
B-n34-k5 	BT-3   34   11    136    0    788    847    794    184   0.2132    0.008
B-n34-k5 	BT-3   34   11    136    1    788    826    794    237   0.2517    0.008
B-n34-k5 	BT-3   34    6     68    0    788    820    788     69   0.1008    0.000
B-n34-k5 	BT-3   34    6     68    1    788    788    788     68   0.0997    0.000
B-n34-k5 	BT-3   34    3     34    0    788    820    788     35   0.0595    0.000
B-n34-k5 	BT-3   34    3     34    1    788    788    788     34   0.0594    0.000
B-n34-k5 	BT-3   34   11    136    0    788    847    793    169   0.2003    0.006
B-n34-k5 	BT-3   34   11    136    1    788    826    793    196   0.2297    0.006
B-n34-k5 	BT-3   34    6     68    0    788    820    788     69   0.1007    0.000
B-n34-k5 	BT-3   34    6     68    1    788    788    788     68   0.0996    0.000
B-n34-k5 	BT-3   34    3     34    0    788    820    788     35   0.0573    0.000
B-n34-k5 	BT-3   34    3     34    1    788    788    788     34   0.0566    0.000
B-n34-k5 	BT-3   34   11    136    0    788    847    792    261   0.2703    0.005
B-n34-k5 	BT-3   34   11    136    1    788    826    794    227   0.2486    0.008
B-n34-k5 	BT-3   34    6     68    0    788    820    788     69   0.1058    0.000
B-n34-k5 	BT-3   34    6     68    1    788    788    788     68   0.1051    0.000
B-n34-k5 	BT-3   34    3     34    0    788    820    788     35   0.0583    0.000
B-n34-k5 	BT-3   34    3     34    1    788    788    788     34   0.0573    0.000
B-n34-k5 	BT-3   34   11    136    0    788    847    793    160   0.2026    0.006
B-n34-k5 	BT-3   34   11    136    1    788    826    791    246   0.2648    0.004
B-n34-k5 	BT-3   34    6     68    0    788    820    788     69   0.1046    0.000
B-n34-k5 	BT-3   34    6     68    1    788    788    788     68   0.1047    0.000
B-n34-k5 	BT-3   34    3     34    0    788    820    788     35   0.0570    0.000
B-n34-k5 	BT-3   34    3     34    1    788    788    788     34   0.0574    0.000
B-n34-k5 	BT-3   34   11    136    0    788    847    797    150   0.1826    0.011
B-n34-k5 	BT-3   34   11    136    1    788    826    795    212   0.2355    0.009
B-n34-k5 	BT-3   34    6     68    0    788    820    788    106   0.1355    0.000
B-n34-k5 	BT-3   34    6     68    1    788    788    788     68   0.1047    0.000
B-n34-k5 	BT-3   34    3     34    0    788    820    788     35   0.0569    0.000
B-n34-k5 	BT-3   34    3     34    1    788    788    788     34   0.0572    0.000
B-n34-k5 	BT-3   34   11    136    0    788    847    794    161   0.1870    0.008
B-n34-k5 	BT-3   34   11    136    1    788    826    789    224   0.2376    0.001
B-n34-k5 	BT-3   34    6     68    0    788    820    788     69   0.1061    0.000
B-n34-k5 	BT-3   34    6     68    1    788    788    788     68   0.1046    0.000
B-n34-k5 	BT-3   34    3     34    0    788    820    788     35   0.0569    0.000
B-n34-k5 	BT-3   34    3     34    1    788    788    788     34   0.0572    0.000
B-n34-k5 	BT-3   34   11    136    0    788    847    797    158   0.1880    0.011
B-n34-k5 	BT-3   34   11    136    1    788    826    796    213   0.2355    0.010
B-n34-k5 	BT-3   34    6     68    0    788    820    788     69   0.1051    0.000
B-n34-k5 	BT-3   34    6     68    1    788    788    788     68   0.1051    0.000
B-n34-k5 	BT-3   34    3     34    0    788    820    788     35   0.0569    0.000
B-n34-k5 	BT-3   34    3     34    1    788    788    788     34   0.0574    0.000
B-n34-k5 	BT-3   34   11    136    0    788    847    794    250   0.2601    0.008
B-n34-k5 	BT-3   34   11    136    1    788    826    794    212   0.2366    0.008
B-n34-k5 	BT-3   34    6     68    0    788    820    788     69   0.1009    0.000
B-n34-k5 	BT-3   34    6     68    1    788    788    788     68   0.0998    0.000
B-n34-k5 	BT-3   34    3     34    0    788    820    788     35   0.0574    0.000
B-n34-k5 	BT-3   34    3     34    1    788    788    788     34   0.0569    0.000
B-n34-k5 	BT-3   34   11    136    0    788    847    794    241   0.2634    0.008
B-n34-k5 	BT-3   34   11    136    1    788    826    789    315   0.3284    0.001
B-n34-k5 	BT-3   34    6     68    0    788    820    788     69   0.0999    0.000
B-n34-k5 	BT-3   34    6     68    1    788    788    788     68   0.1006    0.000
B-n34-k5 	BT-3   34    3     34    0    788    820    788     35   0.0566    0.000
B-n34-k5 	BT-3   34    3     34    1    788    788    788     34   0.0570    0.000
B-n34-k5 	BT-3   34   11    136    0    788    847    794    162   0.1947    0.008
B-n34-k5 	BT-3   34   11    136    1    788    826    789    373   0.3525    0.001
B-n34-k5 	BT-3   34    6     68    0    788    820    788     69   0.0998    0.000
B-n34-k5 	BT-3   34    6     68    1    788    788    788     68   0.0995    0.000
B-n34-k5 	BT-3   34    3     34    0    788    820    788     35   0.0599    0.000
B-n34-k5 	BT-3   34    3     34    1    788    788    788     34   0.0595    0.000
B-n34-k5 	BT-3   34   11    136    0    788    847    789    407   0.3737    0.001
B-n34-k5 	BT-3   34   11    136    1    788    826    789    212   0.2398    0.001
B-n34-k5 	BT-3   34    6     68    0    788    820    788     69   0.1005    0.000
B-n34-k5 	BT-3   34    6     68    1    788    788    788     68   0.1001    0.000
B-n34-k5 	BT-3   34    3     34    0    788    820    788     35   0.0572    0.000
B-n34-k5 	BT-3   34    3     34    1    788    788    788     34   0.0567    0.000
B-n34-k5 	BT-3   34   11    136    0    788    847    789    289   0.2853    0.001
B-n34-k5 	BT-3   34   11    136    1    788    826    789    218   0.2423    0.001
B-n34-k5 	BT-3   34    6     68    0    788    820    788     69   0.1054    0.000
B-n34-k5 	BT-3   34    6     68    1    788    788    788     68   0.1046    0.000
B-n34-k5 	BT-3   34    3     34    0    788    820    788     52   0.0682    0.000
B-n34-k5 	BT-3   34    3     34    1    788    788    788     34   0.0576    0.000
B-n34-k5 	BT-3   34   11    136    0    788    847    794    192   0.2143    0.008
B-n34-k5 	BT-3   34   11    136    1    788    826    789    446   0.4439    0.001
B-n34-k5 	BT-3   34    6     68    0    788    820    788     69   0.1047    0.000
B-n34-k5 	BT-3   34    6     68    1    788    788    788     68   0.1047    0.000
B-n34-k5 	BT-3   34    3     34    0    788    820    788     35   0.0568    0.000
B-n34-k5 	BT-3   34    3     34    1    788    788    788     34   0.0576    0.000
B-n34-k5 	BT-3   34   11    136    0    788    847    802    146   0.1828    0.018
B-n34-k5 	BT-3   34   11    136    1    788    826    794    206   0.2339    0.008
B-n34-k5 	BT-3   34    6     68    0    788    820    788     69   0.1052    0.000
B-n34-k5 	BT-3   34    6     68    1    788    788    788     68   0.1050    0.000
B-n34-k5 	BT-3   34    3     34    0    788    820    788     35   0.0574    0.000
B-n34-k5 	BT-3   34    3     34    1    788    788    788     34   0.0573    0.000
B-n34-k5 	BT-3   34   11    136    0    788    847    795    160   0.1920    0.009
B-n34-k5 	BT-3   34   11    136    1    788    826    798    172   0.2087    0.013
B-n34-k5 	BT-3   34    6     68    0    788    820    788     69   0.1011    0.000
B-n34-k5 	BT-3   34    6     68    1    788    788    788     68   0.0998    0.000
B-n34-k5 	BT-3   34    3     34    0    788    820    788     35   0.0570    0.000
B-n34-k5 	BT-3   34    3     34    1    788    788    788     34   0.0566    0.000
B-n34-k5 	BT-3   34   11    136    0    788    847    791    341   0.3408    0.004
B-n34-k5 	BT-3   34   11    136    1    788    826    794    188   0.2284    0.008
B-n34-k5 	BT-3   34    6     68    0    788    820    788     69   0.1003    0.000
B-n34-k5 	BT-3   34    6     68    1    788    788    788     68   0.1008    0.000
B-n34-k5 	BT-3   34    3     34    0    788    820    788     35   0.0570    0.000
B-n34-k5 	BT-3   34    3     34    1    788    788    788     34   0.0567    0.000
B-n34-k5 	BT-3   34   11    136    0    788    847    789    249   0.2720    0.001
B-n34-k5 	BT-3   34   11    136    1    788    826    794    257   0.2645    0.008
B-n34-k5 	BT-3   34    6     68    0    788    820    788     69   0.0996    0.000
B-n34-k5 	BT-3   34    6     68    1    788    788    788     68   0.0993    0.000
B-n34-k5 	BT-3   34    3     34    0    788    820    788     35   0.0594    0.000
B-n34-k5 	BT-3   34    3     34    1    788    788    788     34   0.0605    0.000
B-n34-k5 	BT-3   34   11    136    0    788    847    794    162   0.1878    0.008
B-n34-k5 	BT-3   34   11    136    1    788    826    791    257   0.2697    0.004
B-n34-k5 	BT-3   34    6     68    0    788    820    788     69   0.1000    0.000
B-n34-k5 	BT-3   34    6     68    1    788    788    788     68   0.0998    0.000
B-n34-k5 	BT-3   34    3     34    0    788    820    788     35   0.0574    0.000
B-n34-k5 	BT-3   34    3     34    1    788    788    788     34   0.0566    0.000
B-n34-k5 	BT-3   34   11    136    0    788    847    792    182   0.2037    0.005
B-n34-k5 	BT-3   34   11    136    1    788    826    788    273   0.2790    0.000
B-n34-k5 	BT-3   34    6     68    0    788    820    788     69   0.1009    0.000
B-n34-k5 	BT-3   34    6     68    1    788    788    788     68   0.1002    0.000
B-n34-k5 	BT-3   34    3     34    0    788    820    788     35   0.0567    0.000
B-n34-k5 	BT-3   34    3     34    1    788    788    788     34   0.0568    0.000
B-n34-k5 	BT-3   34   11    136    0    788    847    794    160   0.1997    0.008
B-n34-k5 	BT-3   34   11    136    1    788    826    805    146   0.1932    0.022
B-n34-k5 	BT-3   34    6     68    0    788    820    788     69   0.0996    0.000
B-n34-k5 	BT-3   34    6     68    1    788    788    788     68   0.1025    0.000
B-n34-k5 	BT-3   34    3     34    0    788    820    788     35   0.0569    0.000
B-n34-k5 	BT-3   34    3     34    1    788    788    788     34   0.0566    0.000
B-n34-k5 	BT-3   34   11    136    0    788    847    797    155   0.1915    0.011
B-n34-k5 	BT-3   34   11    136    1    788    826    789    229   0.2426    0.001
B-n34-k5 	BT-3   34    6     68    0    788    820    788     69   0.1001    0.000
B-n34-k5 	BT-3   34    6     68    1    788    788    788     68   0.0996    0.000
B-n34-k5 	BT-3   34    3     34    0    788    820    788     35   0.0594    0.000
B-n34-k5 	BT-3   34    3     34    1    788    788    788     34   0.0594    0.000
B-n34-k5 	BT-3   34   11    136    0    788    847    797    152   0.1836    0.011
B-n34-k5 	BT-3   34   11    136    1    788    826    793    164   0.2044    0.006
B-n34-k5 	BT-3   34    6     68    0    788    820    788     69   0.1058    0.000
B-n34-k5 	BT-3   34    6     68    1    788    788    788     68   0.1146    0.000
B-n34-k5 	BT-3   34    3     34    0    788    820    788     35   0.0572    0.000
B-n34-k5 	BT-3   34    3     34    1    788    788    788     34   0.0567    0.000
B-n34-k5 	BT-3   34   11    136    0    788    847    789    196   0.2181    0.001
B-n34-k5 	BT-3   34   11    136    1    788    826    793    231   0.2498    0.006
B-n34-k5 	BT-3   34    6     68    0    788    820    788     69   0.1051    0.000
B-n34-k5 	BT-3   34    6     68    1    788    788    788     68   0.1049    0.000
B-n34-k5 	BT-3   34    3     34    0    788    820    788     35   0.0569    0.000
B-n34-k5 	BT-3   34    3     34    1    788    788    788     34   0.0572    0.000
B-n34-k5 	BT-3   34   11    136    0    788    847    793    193   0.2179    0.006
B-n34-k5 	BT-3   34   11    136    1    788    826    794    152   0.1907    0.008
B-n34-k5 	BT-3   34    6     68    0    788    820    796     82   0.1066    0.010
B-n34-k5 	BT-3   34    6     68    1    788    788    788     68   0.0995    0.000
B-n34-k5 	BT-3   34    3     34    0    788    820    788     35   0.0567    0.000
B-n34-k5 	BT-3   34    3     34    1    788    788    788     34   0.0565    0.000
B-n34-k5 	BT-3   34   11    136    0    788    847    789    213   0.2428    0.001
B-n34-k5 	BT-3   34   11    136    1    788    826    791    212   0.2493    0.004
B-n34-k5 	BT-3   34    6     68    0    788    820    788     69   0.1002    0.000
B-n34-k5 	BT-3   34    6     68    1    788    788    788     68   0.1006    0.000
B-n34-k5 	BT-3   34    3     34    0    788    820    788     35   0.0568    0.000
B-n34-k5 	BT-3   34    3     34    1    788    788    788     34   0.0567    0.000
B-n34-k5 	BT-3   34   11    136    0    788    847    793    259   0.2680    0.006
B-n34-k5 	BT-3   34   11    136    1    788    826    793    171   0.2056    0.006
B-n34-k5 	BT-3   34    6     68    0    788    820    788     69   0.1004    0.000
B-n34-k5 	BT-3   34    6     68    1    788    788    788     68   0.1041    0.000
B-n34-k5 	BT-3   34    3     34    0    788    820    788     35   0.0594    0.000
B-n34-k5 	BT-3   34    3     34    1    788    788    788     34   0.0594    0.000
B-n34-k5 	BT-3   34   11    136    0    788    847    794    184   0.2091    0.008
B-n34-k5 	BT-3   34   11    136    1    788    826    793    179   0.2143    0.006
B-n34-k5 	BT-3   34    6     68    0    788    820    788     69   0.0995    0.000
B-n34-k5 	BT-3   34    6     68    1    788    788    788     68   0.0998    0.000
B-n34-k5 	BT-3   34    3     34    0    788    820    788     35   0.0572    0.000
B-n34-k5 	BT-3   34    3     34    1    788    788    788     34   0.0567    0.000
B-n34-k5 	BT-3   34   11    136    0    788    847    790    286   0.2868    0.003
B-n34-k5 	BT-3   34   11    136    1    788    826    794    155   0.1931    0.008
B-n34-k5 	BT-3   34    6     68    0    788    820    788     69   0.1048    0.000
B-n34-k5 	BT-3   34    6     68    1    788    788    788     68   0.1046    0.000
B-n34-k5 	BT-3   34    3     34    0    788    820    788     35   0.0567    0.000
B-n34-k5 	BT-3   34    3     34    1    788    788    788     34   0.0572    0.000
B-n34-k5 	BT-3   34   11    136    0    788    847    793    196   0.2170    0.006
B-n34-k5 	BT-3   34   11    136    1    788    826    795    192   0.2475    0.009
B-n34-k5 	BT-3   34    6     68    0    788    820    788     69   0.1008    0.000
B-n34-k5 	BT-3   34    6     68    1    788    788    788     68   0.1005    0.000
B-n34-k5 	BT-3   34    3     34    0    788    820    788     35   0.0568    0.000
B-n34-k5 	BT-3   34    3     34    1    788    788    788     34   0.0567    0.000
B-n34-k5 	BT-3   34   11    136    0    788    847    794    185   0.2219    0.008
B-n34-k5 	BT-3   34   11    136    1    788    826    791    215   0.2525    0.004
B-n34-k5 	BT-3   34    6     68    0    788    820    788     69   0.0999    0.000
B-n34-k5 	BT-3   34    6     68    1    788    788    788     68   0.1006    0.000
B-n34-k5 	BT-3   34    3     34    0    788    820    788     35   0.0570    0.000
B-n34-k5 	BT-3   34    3     34    1    788    788    788     34   0.0567    0.000
B-n34-k5 	BT-3   34   11    136    0    788    847    793    302   0.2984    0.006
B-n34-k5 	BT-3   34   11    136    1    788    826    793    250   0.2640    0.006
B-n34-k5 	BT-3   34    6     68    0    788    820    788     69   0.1013    0.000
B-n34-k5 	BT-3   34    6     68    1    788    788    788     68   0.0995    0.000
B-n34-k5 	BT-3   34    3     34    0    788    820    788     35   0.0599    0.000
B-n34-k5 	BT-3   34    3     34    1    788    788    788     34   0.0593    0.000
B-n34-k5 	BT-3   34   11    136    0    788    847    789    168   0.2010    0.001
B-n34-k5 	BT-3   34   11    136    1    788    826    789    208   0.2356    0.001
B-n34-k5 	BT-3   34    6     68    0    788    820    788     69   0.0995    0.000
B-n34-k5 	BT-3   34    6     68    1    788    788    788     68   0.0994    0.000
B-n34-k5 	BT-3   34    3     34    0    788    820    788     35   0.0574    0.000
B-n34-k5 	BT-3   34    3     34    1    788    788    788     34   0.0566    0.000
B-n34-k5 	BT-3   34   11    136    0    788    847    791    258   0.2616    0.004
B-n34-k5 	BT-3   34   11    136    1    788    826    798    168   0.2027    0.013
B-n34-k5 	BT-3   34    6     68    0    788    820    788     69   0.1057    0.000
B-n34-k5 	BT-3   34    6     68    1    788    788    788     68   0.1047    0.000
B-n34-k5 	BT-3   34    3     34    0    788    820    788     35   0.0574    0.000
B-n34-k5 	BT-3   34    3     34    1    788    788    788     34   0.0573    0.000
B-n34-k5 	BT-3   34   11    136    0    788    847    788    181   0.2023    0.000
B-n34-k5 	BT-3   34   11    136    1    788    826    795    193   0.2253    0.009
B-n34-k5 	BT-3   34    6     68    0    788    820    788     69   0.1011    0.000
B-n34-k5 	BT-3   34    6     68    1    788    788    788     68   0.0999    0.000
B-n34-k5 	BT-3   34    3     34    0    788    820    788     35   0.0613    0.000
B-n34-k5 	BT-3   34    3     34    1    788    788    788     34   0.0570    0.000
B-n34-k5 	BT-3   34   11    136    0    788    847    789    264   0.2805    0.001
B-n34-k5 	BT-3   34   11    136    1    788    826    793    243   0.2691    0.006
B-n34-k5 	BT-3   34    6     68    0    788    820    788     69   0.1002    0.000
B-n34-k5 	BT-3   34    6     68    1    788    788    788     68   0.1020    0.000
B-n34-k5 	BT-3   34    3     34    0    788    820    788     35   0.0569    0.000
B-n34-k5 	BT-3   34    3     34    1    788    788    788     34   0.0597    0.000
B-n34-k5 	BT-3   34   11    136    0    788    847    794    182   0.2296    0.008
B-n34-k5 	BT-3   34   11    136    1    788    826    789    177   0.2101    0.001
B-n34-k5 	BT-3   34    6     68    0    788    820    788     69   0.0999    0.000
B-n34-k5 	BT-3   34    6     68    1    788    788    788     68   0.0995    0.000
B-n34-k5 	BT-3   34    3     34    0    788    820    788     35   0.0596    0.000
B-n34-k5 	BT-3   34    3     34    1    788    788    788     34   0.0592    0.000
B-n34-k5 	BT-3   34   11    136    0    788    847    789    180   0.2063    0.001
B-n34-k5 	BT-3   34   11    136    1    788    826    793    200   0.2361    0.006
B-n34-k5 	BT-3   34    6     68    0    788    820    788     69   0.0997    0.000
B-n34-k5 	BT-3   34    6     68    1    788    788    788     68   0.0996    0.000
B-n34-k5 	BT-3   34    3     34    0    788    820    788     35   0.0573    0.000
B-n34-k5 	BT-3   34    3     34    1    788    788    788     34   0.0567    0.000
B-n34-k5 	BT-3   34   11    136    0    788    847    795    163   0.1954    0.009
B-n34-k5 	BT-3   34   11    136    1    788    826    789    237   0.2484    0.001
B-n34-k5 	BT-3   34    6     68    0    788    820    788     69   0.1011    0.000
B-n34-k5 	BT-3   34    6     68    1    788    788    788     68   0.0995    0.000
B-n34-k5 	BT-3   34    3     34    0    788    820    788     35   0.0571    0.000
B-n34-k5 	BT-3   34    3     34    1    788    788    788     34   0.0571    0.000
B-n34-k5 	BT-3   34   11    136    0    788    847    789    235   0.2596    0.001
B-n34-k5 	BT-3   34   11    136    1    788    826    795    197   0.2416    0.009
B-n34-k5 	BT-3   34    6     68    0    788    820    794     81   0.1067    0.008
B-n34-k5 	BT-3   34    6     68    1    788    788    788     68   0.1035    0.000
B-n34-k5 	BT-3   34    3     34    0    788    820    788     35   0.0569    0.000
B-n34-k5 	BT-3   34    3     34    1    788    788    788     34   0.0567    0.000
B-n34-k5 	BT-3   34   11    136    0    788    847    788    187   0.2132    0.000
B-n34-k5 	BT-3   34   11    136    1    788    826    792    187   0.2159    0.005
B-n34-k5 	BT-3   34    6     68    0    788    820    788     69   0.1001    0.000
B-n34-k5 	BT-3   34    6     68    1    788    788    788     68   0.0999    0.000
B-n34-k5 	BT-3   34    3     34    0    788    820    788     35   0.0595    0.000
B-n34-k5 	BT-3   34    3     34    1    788    788    788     34   0.0598    0.000
B-n34-k5 	BT-3   34   11    136    0    788    847    793    160   0.1950    0.006
B-n34-k5 	BT-3   34   11    136    1    788    826    789    170   0.2070    0.001
B-n34-k5 	BT-3   34    6     68    0    788    820    788     69   0.1011    0.000
B-n34-k5 	BT-3   34    6     68    1    788    788    788     68   0.1019    0.000
B-n34-k5 	BT-3   34    3     34    0    788    820    788     35   0.0574    0.000
B-n34-k5 	BT-3   34    3     34    1    788    788    788     34   0.0568    0.000
B-n34-k5 	BT-3   34   11    136    0    788    847    789    183   0.2060    0.001
B-n34-k5 	BT-3   34   11    136    1    788    826    791    188   0.2184    0.004
B-n34-k5 	BT-3   34    6     68    0    788    820    788     69   0.1045    0.000
B-n34-k5 	BT-3   34    6     68    1    788    788    788     68   0.1070    0.000
B-n34-k5 	BT-3   34    3     34    0    788    820    794     47   0.0599    0.008
B-n34-k5 	BT-3   34    3     34    1    788    788    788     34   0.0583    0.000
B-n34-k5 	BT-3   34   11    136    0    788    847    794    162   0.2022    0.008
B-n34-k5 	BT-3   34   11    136    1    788    826    793    244   0.2540    0.006
B-n34-k5 	BT-3   34    6     68    0    788    820    788     69   0.1056    0.000
B-n34-k5 	BT-3   34    6     68    1    788    788    788     68   0.1069    0.000
B-n34-k5 	BT-3   34    3     34    0    788    820    788     35   0.0572    0.000
B-n34-k5 	BT-3   34    3     34    1    788    788    788     34   0.0572    0.000
B-n34-k5 	BT-3   34   11    136    0    788    847    789    216   0.2369    0.001
B-n34-k5 	BT-3   34   11    136    1    788    826    791    202   0.2260    0.004
B-n34-k5 	BT-3   34    6     68    0    788    820    788     69   0.1009    0.000
B-n34-k5 	BT-3   34    6     68    1    788    788    788     68   0.0990    0.000
B-n34-k5 	BT-3   34    3     34    0    788    820    788     35   0.0568    0.000
B-n34-k5 	BT-3   34    3     34    1    788    788    788     34   0.0566    0.000
B-n34-k5 	BT-3   34   11    136    0    788    847    793    160   0.2052    0.006
B-n34-k5 	BT-3   34   11    136    1    788    826    793    166   0.2154    0.006
B-n34-k5 	BT-3   34    6     68    0    788    820    788     69   0.0999    0.000
B-n34-k5 	BT-3   34    6     68    1    788    788    788     68   0.1009    0.000
B-n34-k5 	BT-3   34    3     34    0    788    820    788     35   0.0569    0.000
B-n34-k5 	BT-3   34    3     34    1    788    788    788     34   0.0618    0.000
B-n34-k5 	BT-3   34   11    136    0    788    847    797    156   0.1887    0.011
B-n34-k5 	BT-3   34   11    136    1    788    826    795    210   0.2351    0.009
B-n34-k5 	BT-3   34    6     68    0    788    820    788     69   0.1002    0.000
B-n34-k5 	BT-3   34    6     68    1    788    788    788     68   0.0997    0.000
B-n34-k5 	BT-3   34    3     34    0    788    820    788     54   0.0707    0.000
B-n34-k5 	BT-3   34    3     34    1    788    788    788     34   0.0601    0.000
B-n34-k5 	BT-3   34   11    136    0    788    847    789    306   0.2979    0.001
B-n34-k5 	BT-3   34   11    136    1    788    826    794    156   0.1942    0.008
B-n34-k5 	BT-3   34    6     68    0    788    820    788     69   0.0998    0.000
B-n34-k5 	BT-3   34    6     68    1    788    788    788     68   0.0998    0.000
B-n34-k5 	BT-3   34    3     34    0    788    820    788     35   0.0573    0.000
B-n34-k5 	BT-3   34    3     34    1    788    788    788     34   0.0567    0.000
B-n34-k5 	BT-3   34   11    136    0    788    847    794    264   0.2667    0.008
B-n34-k5 	BT-3   34   11    136    1    788    826    793    167   0.2009    0.006
B-n34-k5 	BT-3   34    6     68    0    788    820    788     69   0.1060    0.000
B-n34-k5 	BT-3   34    6     68    1    788    788    788     68   0.1019    0.000
B-n34-k5 	BT-3   34    3     34    0    788    820    788     35   0.0567    0.000
B-n34-k5 	BT-3   34    3     34    1    788    788    788     34   0.0567    0.000
B-n34-k5 	BT-3   34   11    136    0    788    847    802    144   0.1868    0.018
B-n34-k5 	BT-3   34   11    136    1    788    826    790    337   0.3485    0.003
B-n34-k5 	BT-3   34    6     68    0    788    820    788     69   0.1001    0.000
B-n34-k5 	BT-3   34    6     68    1    788    788    788     68   0.1006    0.000
B-n34-k5 	BT-3   34    3     34    0    788    820    788     35   0.0574    0.000
B-n34-k5 	BT-3   34    3     34    1    788    788    788     34   0.0585    0.000
B-n34-k5 	BT-3   34   11    136    0    788    847    800    151   0.1988    0.015
B-n34-k5 	BT-3   34   11    136    1    788    826    790    250   0.2633    0.003
B-n34-k5 	BT-3   34    6     68    0    788    820    788     69   0.0994    0.000
B-n34-k5 	BT-3   34    6     68    1    788    788    788     68   0.0992    0.000
B-n34-k5 	BT-3   34    3     34    0    788    820    788     35   0.0607    0.000
B-n34-k5 	BT-3   34    3     34    1    788    788    788     34   0.0594    0.000
B-n34-k5 	BT-3   34   11    136    0    788    847    790    201   0.2220    0.003
B-n34-k5 	BT-3   34   11    136    1    788    826    796    180   0.2187    0.010
B-n34-k5 	BT-3   34    6     68    0    788    820    788     69   0.0997    0.000
B-n34-k5 	BT-3   34    6     68    1    788    788    788     68   0.1000    0.000
B-n34-k5 	BT-3   34    3     34    0    788    820    788     35   0.0573    0.000
B-n34-k5 	BT-3   34    3     34    1    788    788    788     34   0.0569    0.000
B-n34-k5 	BT-3   34   11    136    0    788    847    788    187   0.2085    0.000
B-n34-k5 	BT-3   34   11    136    1    788    826    793    211   0.2342    0.006
B-n34-k5 	BT-3   34    6     68    0    788    820    788     69   0.1056    0.000
B-n34-k5 	BT-3   34    6     68    1    788    788    788     68   0.1046    0.000
B-n34-k5 	BT-3   34    3     34    0    788    820    788     35   0.0567    0.000
B-n34-k5 	BT-3   34    3     34    1    788    788    788     34   0.0574    0.000
B-n34-k5 	BT-3   34   11    136    0    788    847    789    186   0.2114    0.001
B-n34-k5 	BT-3   34   11    136    1    788    826    795    248   0.2620    0.009
B-n34-k5 	BT-3   34    6     68    0    788    820    788     69   0.1016    0.000
B-n34-k5 	BT-3   34    6     68    1    788    788    788     68   0.1000    0.000
B-n34-k5 	BT-3   34    3     34    0    788    820    788     35   0.0568    0.000
B-n34-k5 	BT-3   34    3     34    1    788    788    788     34   0.0566    0.000
B-n34-k5 	BT-3   34   11    136    0    788    847    794    186   0.2209    0.008
B-n34-k5 	BT-3   34   11    136    1    788    826    789    191   0.2326    0.001
B-n34-k5 	BT-3   34    6     68    0    788    820    788     69   0.0992    0.000
B-n34-k5 	BT-3   34    6     68    1    788    788    788     68   0.1008    0.000
B-n34-k5 	BT-3   34    3     34    0    788    820    788     35   0.0569    0.000
B-n34-k5 	BT-3   34    3     34    1    788    788    788     34   0.0567    0.000
B-n34-k5 	BT-3   34   11    136    0    788    847    793    225   0.2445    0.006
B-n34-k5 	BT-3   34   11    136    1    788    826    789    234   0.2529    0.001
B-n34-k5 	BT-3   34    6     68    0    788    820    788     69   0.1001    0.000
B-n34-k5 	BT-3   34    6     68    1    788    788    788     68   0.0989    0.000
B-n34-k5 	BT-3   34    3     34    0    788    820    788     35   0.0595    0.000
B-n34-k5 	BT-3   34    3     34    1    788    788    788     34   0.0595    0.000
B-n34-k5 	BT-3   34   11    136    0    788    847    793    241   0.2508    0.006
B-n34-k5 	BT-3   34   11    136    1    788    826    793    250   0.2675    0.006
B-n34-k5 	BT-3   34    6     68    0    788    820    788     69   0.1041    0.000
B-n34-k5 	BT-3   34    6     68    1    788    788    788     68   0.0995    0.000
B-n34-k5 	BT-3   34    3     34    0    788    820    788     35   0.0573    0.000
B-n34-k5 	BT-3   34    3     34    1    788    788    788     34   0.0564    0.000
B-n34-k5 	BT-3   34   11    136    0    788    847    793    159   0.1929    0.006
B-n34-k5 	BT-3   34   11    136    1    788    826    795    232   0.2424    0.009
B-n34-k5 	BT-3   34    6     68    0    788    820    788     69   0.1055    0.000
B-n34-k5 	BT-3   34    6     68    1    788    788    788     68   0.1051    0.000
B-n34-k5 	BT-3   34    3     34    0    788    820    788     35   0.0567    0.000
B-n34-k5 	BT-3   34    3     34    1    788    788    788     34   0.0571    0.000
B-n34-k5 	BT-3   34   11    136    0    788    847    789    205   0.2253    0.001
B-n34-k5 	BT-3   34   11    136    1    788    826    789    204   0.2270    0.001
B-n34-k5 	BT-3   34    6     68    0    788    820    788     69   0.1007    0.000
B-n34-k5 	BT-3   34    6     68    1    788    788    788     68   0.0998    0.000
B-n34-k5 	BT-3   34    3     34    0    788    820    788     35   0.0569    0.000
B-n34-k5 	BT-3   34    3     34    1    788    788    788     34   0.0567    0.000
B-n34-k5 	BT-3   34   11    136    0    788    847    794    161   0.1996    0.008
B-n34-k5 	BT-3   34   11    136    1    788    826    793    172   0.2323    0.006
B-n34-k5 	BT-3   34    6     68    0    788    820    788     69   0.1003    0.000
B-n34-k5 	BT-3   34    6     68    1    788    788    788     68   0.1010    0.000
B-n34-k5 	BT-3   34    3     34    0    788    820    788     35   0.0569    0.000
B-n34-k5 	BT-3   34    3     34    1    788    788    788     34   0.0570    0.000
B-n34-k5 	BT-3   34   11    136    0    788    847    790    246   0.2584    0.003
B-n34-k5 	BT-3   34   11    136    1    788    826    789    205   0.2306    0.001
B-n34-k5 	BT-3   34    6     68    0    788    820    788     69   0.0999    0.000
B-n34-k5 	BT-3   34    6     68    1    788    788    788     68   0.1001    0.000
B-n34-k5 	BT-3   34    3     34    0    788    820    788     35   0.0596    0.000
B-n34-k5 	BT-3   34    3     34    1    788    788    788     34   0.0595    0.000
B-n34-k5 	BT-3   34   11    136    0    788    847    789    196   0.2158    0.001
B-n34-k5 	BT-3   34   11    136    1    788    826    793    189   0.2219    0.006
B-n34-k5 	BT-3   34    6     68    0    788    820    788     69   0.0997    0.000
B-n34-k5 	BT-3   34    6     68    1    788    788    788     68   0.1010    0.000
B-n34-k5 	BT-3   34    3     34    0    788    820    788     35   0.0572    0.000
B-n34-k5 	BT-3   34    3     34    1    788    788    788     34   0.0568    0.000
B-n34-k5 	BT-3   34   11    136    0    788    847    794    180   0.2115    0.008
B-n34-k5 	BT-3   34   11    136    1    788    826    789    189   0.2170    0.001
B-n34-k5 	BT-3   34    6     68    0    788    820    788     69   0.1007    0.000
B-n34-k5 	BT-3   34    6     68    1    788    788    788     68   0.0993    0.000
B-n34-k5 	BT-3   34    3     34    0    788    820    788     35   0.0567    0.000
B-n34-k5 	BT-3   34    3     34    1    788    788    788     34   0.0568    0.000
B-n34-k5 	BT-3   34   11    136    0    788    847    790    178   0.2185    0.003
B-n34-k5 	BT-3   34   11    136    1    788    826    789    239   0.2695    0.001
B-n34-k5 	BT-3   34    6     68    0    788    820    788     69   0.0997    0.000
B-n34-k5 	BT-3   34    6     68    1    788    788    788     68   0.1006    0.000
B-n34-k5 	BT-3   34    3     34    0    788    820    788     35   0.0568    0.000
B-n34-k5 	BT-3   34    3     34    1    788    788    788     34   0.0570    0.000
B-n34-k5 	BT-3   34   11    136    0    788    847    788    283   0.2870    0.000
B-n34-k5 	BT-3   34   11    136    1    788    826    792    255   0.2678    0.005
B-n34-k5 	BT-3   34    6     68    0    788    820    788     69   0.1000    0.000
B-n34-k5 	BT-3   34    6     68    1    788    788    788     68   0.1039    0.000
B-n34-k5 	BT-3   34    3     34    0    788    820    788     35   0.0593    0.000
B-n34-k5 	BT-3   34    3     34    1    788    788    788     34   0.0593    0.000
B-n34-k5 	BT-3   34   11    136    0    788    847    794    235   0.2475    0.008
B-n34-k5 	BT-3   34   11    136    1    788    826    794    156   0.1938    0.008
B-n34-k5 	BT-3   34    6     68    0    788    820    788     69   0.0996    0.000
B-n34-k5 	BT-3   34    6     68    1    788    788    788     68   0.1008    0.000
B-n34-k5 	BT-3   34    3     34    0    788    820    788     35   0.0572    0.000
B-n34-k5 	BT-3   34    3     34    1    788    788    788     34   0.0566    0.000
B-n34-k5 	BT-3   34   11    136    0    788    847    793    160   0.1958    0.006
B-n34-k5 	BT-3   34   11    136    1    788    826    805    146   0.1906    0.022
B-n34-k5 	BT-3   34    6     68    0    788    820    788     69   0.1047    0.000
B-n34-k5 	BT-3   34    6     68    1    788    788    788     68   0.1049    0.000
B-n34-k5 	BT-3   34    3     34    0    788    820    788     35   0.0569    0.000
B-n34-k5 	BT-3   34    3     34    1    788    788    788     34   0.0574    0.000
B-n34-k5 	BT-3   34   11    136    0    788    847    793    182   0.2069    0.006
B-n34-k5 	BT-3   34   11    136    1    788    826    795    169   0.2038    0.009
B-n34-k5 	BT-3   34    6     68    0    788    820    788     69   0.1003    0.000
B-n34-k5 	BT-3   34    6     68    1    788    788    788     68   0.1043    0.000
B-n34-k5 	BT-3   34    3     34    0    788    820    788     35   0.0566    0.000
B-n34-k5 	BT-3   34    3     34    1    788    788    788     34   0.0567    0.000
B-n34-k5 	BT-3   34   11    136    0    788    847    793    192   0.2271    0.006
B-n34-k5 	BT-3   34   11    136    1    788    826    794    158   0.2037    0.008
B-n34-k5 	BT-3   34    6     68    0    788    820    788     69   0.0996    0.000
B-n34-k5 	BT-3   34    6     68    1    788    788    788     68   0.1011    0.000
B-n34-k5 	BT-3   34    3     34    0    788    820    788     35   0.0566    0.000
B-n34-k5 	BT-3   34    3     34    1    788    788    788     34   0.0568    0.000
B-n34-k5 	BT-3   34   11    136    0    788    847    793    225   0.2446    0.006
B-n34-k5 	BT-3   34   11    136    1    788    826    794    170   0.2064    0.008
B-n34-k5 	BT-3   34    6     68    0    788    820    788     69   0.1002    0.000
B-n34-k5 	BT-3   34    6     68    1    788    788    788     68   0.0995    0.000
B-n34-k5 	BT-3   34    3     34    0    788    820    788     35   0.0596    0.000
B-n34-k5 	BT-3   34    3     34    1    788    788    788     34   0.0594    0.000
B-n34-k5 	BT-3   34   11    136    0    788    847    800    160   0.1916    0.015
B-n34-k5 	BT-3   34   11    136    1    788    826    794    192   0.2222    0.008
B-n34-k5 	BT-3   34    6     68    0    788    820    788     69   0.1042    0.000
B-n34-k5 	BT-3   34    6     68    1    788    788    788     68   0.0998    0.000
B-n34-k5 	BT-3   34    3     34    0    788    820    788     35   0.0574    0.000
B-n34-k5 	BT-3   34    3     34    1    788    788    788     34   0.0570    0.000
B-n34-k5 	BT-3   34   11    136    0    788    847    789    189   0.2155    0.001
B-n34-k5 	BT-3   34   11    136    1    788    826    791    264   0.2776    0.004
B-n34-k5 	BT-3   34    6     68    0    788    820    788     69   0.1050    0.000
B-n34-k5 	BT-3   34    6     68    1    788    788    788     68   0.1048    0.000
B-n34-k5 	BT-3   34    3     34    0    788    820    788     35   0.0570    0.000
B-n34-k5 	BT-3   34    3     34    1    788    788    788     34   0.0573    0.000
B-n34-k5 	BT-3   34   11    136    0    788    847    790    196   0.2180    0.003
B-n34-k5 	BT-3   34   11    136    1    788    826    789    216   0.2373    0.001
B-n34-k5 	BT-3   34    6     68    0    788    820    788     69   0.1047    0.000
B-n34-k5 	BT-3   34    6     68    1    788    788    788     68   0.1055    0.000
B-n34-k5 	BT-3   34    3     34    0    788    820    788     35   0.0578    0.000
B-n34-k5 	BT-3   34    3     34    1    788    788    788     34   0.0572    0.000
B-n34-k5 	BT-3   34   11    136    0    788    847    797    158   0.1869    0.011
B-n34-k5 	BT-3   34   11    136    1    788    826    789    322   0.3326    0.001
B-n34-k5 	BT-3   34    6     68    0    788    820    788     69   0.1055    0.000
B-n34-k5 	BT-3   34    6     68    1    788    788    788     68   0.1050    0.000
B-n34-k5 	BT-3   34    3     34    0    788    820    788     35   0.0567    0.000
B-n34-k5 	BT-3   34    3     34    1    788    788    788     34   0.0573    0.000
