B-n35-k5 	BT-1   35   11    140    0    955   1334    981    212   0.1779    0.027
B-n35-k5 	BT-1   35   11    140    1    955   1068    964    180   0.1649    0.009
B-n35-k5 	BT-1   35    7     70    0    955   1175    964     71   0.0645    0.009
B-n35-k5 	BT-1   35    7     70    1    955    964    964     70   0.0629    0.009
B-n35-k5 	BT-1   35    3     35    0    955   1175    964     36   0.0348    0.009
B-n35-k5 	BT-1   35    3     35    1    955    964    964     35   0.0351    0.009
B-n35-k5 	BT-2   35   11    140    0    955   1334   1011    152   0.1283    0.059
B-n35-k5 	BT-2   35   11    140    1    955   1068   1021    147   0.1197    0.069
B-n35-k5 	BT-2   35    7     70    0    955   1180    997     74   0.0635    0.044
B-n35-k5 	BT-2   35    7     70    1    955   1011    987     77   0.0682    0.034
B-n35-k5 	BT-2   35    3     35    0    955   1215    987     44   0.0416    0.034
B-n35-k5 	BT-2   35    3     35    1    955    987    987     35   0.0335    0.034
B-n35-k5 	BT-3   35   11    140    0    955   1334    967    220   0.2524    0.013
B-n35-k5 	BT-3   35   11    140    1    955   1068    956    230   0.2563    0.001
B-n35-k5 	BT-3   35    7     70    0    955   1129    956     86   0.1146    0.001
B-n35-k5 	BT-3   35    7     70    1    955    956    955     74   0.1134    0.000
B-n35-k5 	BT-3   35    3     35    0    955   1511    956     46   0.0646    0.001
B-n35-k5 	BT-3   35    3     35    1    955    955    955     35   0.0591    0.000
B-n35-k5 	BT-3   35   11    140    0    955   1334    955    191   0.2221    0.000
B-n35-k5 	BT-3   35   11    140    1    955   1068    970    196   0.2295    0.016
B-n35-k5 	BT-3   35    7     70    0    955   1511    955     84   0.1188    0.000
B-n35-k5 	BT-3   35    7     70    1    955    955    955     70   0.1109    0.000
B-n35-k5 	BT-3   35    3     35    0    955   1511    955     50   0.0668    0.000
B-n35-k5 	BT-3   35    3     35    1    955    955    955     35   0.0588    0.000
B-n35-k5 	BT-3   35   11    140    0    955   1334    958    182   0.2141    0.003
B-n35-k5 	BT-3   35   11    140    1    955   1068    980    200   0.2321    0.026
B-n35-k5 	BT-3   35    7     70    0    955   1511    955     80   0.1142    0.000
B-n35-k5 	BT-3   35    7     70    1    955    955    955     70   0.1096    0.000
B-n35-k5 	BT-3   35    3     35    0    955   1511    956     48   0.0640    0.001
B-n35-k5 	BT-3   35    3     35    1    955    955    955     35   0.0592    0.000
B-n35-k5 	BT-3   35   11    140    0    955   1334    961    296   0.2992    0.006
B-n35-k5 	BT-3   35   11    140    1    955   1068    986    158   0.2038    0.032
B-n35-k5 	BT-3   35    7     70    0    955   1511    955     84   0.1179    0.000
B-n35-k5 	BT-3   35    7     70    1    955    955    955     70   0.1109    0.000
B-n35-k5 	BT-3   35    3     35    0    955   1511    958     52   0.0646    0.003
B-n35-k5 	BT-3   35    3     35    1    955    955    955     35   0.0584    0.000
B-n35-k5 	BT-3   35   11    140    0    955   1334    955    317   0.3178    0.000
B-n35-k5 	BT-3   35   11    140    1    955   1068    980    250   0.2760    0.026
B-n35-k5 	BT-3   35    7     70    0    955   1511    955     84   0.1189    0.000
B-n35-k5 	BT-3   35    7     70    1    955    955    955     70   0.1124    0.000
B-n35-k5 	BT-3   35    3     35    0    955   1511    959     53   0.0678    0.004
B-n35-k5 	BT-3   35    3     35    1    955    955    955     35   0.0590    0.000
B-n35-k5 	BT-3   35   11    140    0    955   1334    956    194   0.2200    0.001
B-n35-k5 	BT-3   35   11    140    1    955   1068    978    230   0.2531    0.024
B-n35-k5 	BT-3   35    7     70    0    955   1511    955     84   0.1192    0.000
B-n35-k5 	BT-3   35    7     70    1    955    955    955     70   0.1104    0.000
B-n35-k5 	BT-3   35    3     35    0    955   1511    955     50   0.0662    0.000
B-n35-k5 	BT-3   35    3     35    1    955    955    955     35   0.0588    0.000
B-n35-k5 	BT-3   35   11    140    0    955   1334    984    180   0.2188    0.030
B-n35-k5 	BT-3   35   11    140    1    955   1068    978    164   0.2092    0.024
B-n35-k5 	BT-3   35    7     70    0    955   1511    955     84   0.1180    0.000
B-n35-k5 	BT-3   35    7     70    1    955    955    955     70   0.1110    0.000
B-n35-k5 	BT-3   35    3     35    0    955   1511    956     53   0.0676    0.001
B-n35-k5 	BT-3   35    3     35    1    955    955    955     35   0.0590    0.000
B-n35-k5 	BT-3   35   11    140    0    955   1334    986    266   0.2900    0.032
B-n35-k5 	BT-3   35   11    140    1    955   1068    955    211   0.2390    0.000
B-n35-k5 	BT-3   35    7     70    0    955   1511    955     84   0.1185    0.000
B-n35-k5 	BT-3   35    7     70    1    955    955    955     70   0.1105    0.000
B-n35-k5 	BT-3   35    3     35    0    955   1511    986     97   0.1019    0.032
B-n35-k5 	BT-3   35    3     35    1    955    955    955     35   0.0585    0.000
B-n35-k5 	BT-3   35   11    140    0    955   1334    991    229   0.2560    0.038
B-n35-k5 	BT-3   35   11    140    1    955   1068    986    197   0.2351    0.032
B-n35-k5 	BT-3   35    7     70    0    955   1511    955     84   0.1190    0.000
B-n35-k5 	BT-3   35    7     70    1    955    955    955     70   0.1106    0.000
B-n35-k5 	BT-3   35    3     35    0    955   1511    955     50   0.0681    0.000
B-n35-k5 	BT-3   35    3     35    1    955    955    955     35   0.0586    0.000
B-n35-k5 	BT-3   35   11    140    0    955   1334    982    244   0.2661    0.028
B-n35-k5 	BT-3   35   11    140    1    955   1068    962    407   0.3954    0.007
B-n35-k5 	BT-3   35    7     70    0    955   1511    955     84   0.1174    0.000
B-n35-k5 	BT-3   35    7     70    1    955    955    955     70   0.1088    0.000
B-n35-k5 	BT-3   35    3     35    0    955   1511    991     42   0.0631    0.038
B-n35-k5 	BT-3   35    3     35    1    955    955    955     35   0.0598    0.000
B-n35-k5 	BT-3   35   11    140    0    955   1334    970    223   0.2391    0.016
B-n35-k5 	BT-3   35   11    140    1    955   1068    996    172   0.2148    0.043
B-n35-k5 	BT-3   35    7     70    0    955   1511    955     84   0.1184    0.000
B-n35-k5 	BT-3   35    7     70    1    955    955    955     70   0.1166    0.000
B-n35-k5 	BT-3   35    3     35    0    955   1511    955     50   0.0664    0.000
B-n35-k5 	BT-3   35    3     35    1    955    955    955     35   0.0585    0.000
B-n35-k5 	BT-3   35   11    140    0    955   1334    980    180   0.2133    0.026
B-n35-k5 	BT-3   35   11    140    1    955   1068    978    176   0.2137    0.024
B-n35-k5 	BT-3   35    7     70    0    955   1511    955     88   0.1273    0.000
B-n35-k5 	BT-3   35    7     70    1    955    955    955     70   0.1244    0.000
B-n35-k5 	BT-3   35    3     35    0    955   1511    962     49   0.0654    0.007
B-n35-k5 	BT-3   35    3     35    1    955    955    955     35   0.0584    0.000
B-n35-k5 	BT-3   35   11    140    0    955   1334    966    249   0.2652    0.012
B-n35-k5 	BT-3   35   11    140    1    955   1068    981    184   0.2200    0.027
B-n35-k5 	BT-3   35    7     70    0    955   1511    960     94   0.1249    0.005
B-n35-k5 	BT-3   35    7     70    1    955    955    955     70   0.1108    0.000
B-n35-k5 	BT-3   35    3     35    0    955   1511    956     46   0.0633    0.001
B-n35-k5 	BT-3   35    3     35    1    955    955    955     35   0.0591    0.000
B-n35-k5 	BT-3   35   11    140    0    955   1334    970    313   0.3168    0.016
B-n35-k5 	BT-3   35   11    140    1    955   1068    978    195   0.2274    0.024
B-n35-k5 	BT-3   35    7     70    0    955   1511    955    170   0.1919    0.000
B-n35-k5 	BT-3   35    7     70    1    955    955    955     70   0.1124    0.000
B-n35-k5 	BT-3   35    3     35    0    955   1511    955     61   0.0743    0.000
B-n35-k5 	BT-3   35    3     35    1    955    955    955     35   0.0592    0.000
B-n35-k5 	BT-3   35   11    140    0    955   1334    988    194   0.2259    0.035
B-n35-k5 	BT-3   35   11    140    1    955   1068    982    169   0.2088    0.028
B-n35-k5 	BT-3   35    7     70    0    955   1511    955     84   0.1192    0.000
B-n35-k5 	BT-3   35    7     70    1    955    955    955     70   0.1131    0.000
B-n35-k5 	BT-3   35    3     35    0    955   1511    955     74   0.0831    0.000
B-n35-k5 	BT-3   35    3     35    1    955    955    955     35   0.0593    0.000
B-n35-k5 	BT-3   35   11    140    0    955   1334    955    239   0.2577    0.000
B-n35-k5 	BT-3   35   11    140    1    955   1068    978    176   0.2107    0.024
B-n35-k5 	BT-3   35    7     70    0    955   1511    955     84   0.1182    0.000
B-n35-k5 	BT-3   35    7     70    1    955    955    955     70   0.1119    0.000
B-n35-k5 	BT-3   35    3     35    0    955   1511    955     53   0.0665    0.000
B-n35-k5 	BT-3   35    3     35    1    955    955    955     35   0.0584    0.000
B-n35-k5 	BT-3   35   11    140    0    955   1334    965    234   0.2598    0.010
B-n35-k5 	BT-3   35   11    140    1    955   1068    972    259   0.2755    0.018
B-n35-k5 	BT-3   35    7     70    0    955   1511    955     84   0.1173    0.000
B-n35-k5 	BT-3   35    7     70    1    955    955    955     70   0.1105    0.000
B-n35-k5 	BT-3   35    3     35    0    955   1511    963     49   0.0648    0.008
B-n35-k5 	BT-3   35    3     35    1    955    955    955     35   0.0586    0.000
B-n35-k5 	BT-3   35   11    140    0    955   1334    958    249   0.2655    0.003
B-n35-k5 	BT-3   35   11    140    1    955   1068    978    256   0.2811    0.024
B-n35-k5 	BT-3   35    7     70    0    955   1511    956     81   0.1233    0.001
B-n35-k5 	BT-3   35    7     70    1    955    955    955     70   0.1099    0.000
B-n35-k5 	BT-3   35    3     35    0    955   1511    955     79   0.0865    0.000
B-n35-k5 	BT-3   35    3     35    1    955    955    955     35   0.0586    0.000
B-n35-k5 	BT-3   35   11    140    0    955   1334    955    259   0.2726    0.000
B-n35-k5 	BT-3   35   11    140    1    955   1068    982    211   0.2429    0.028
B-n35-k5 	BT-3   35    7     70    0    955   1511    955     84   0.1178    0.000
B-n35-k5 	BT-3   35    7     70    1    955    955    955     70   0.1097    0.000
B-n35-k5 	BT-3   35    3     35    0    955   1511    956     87   0.1006    0.001
B-n35-k5 	BT-3   35    3     35    1    955    955    955     35   0.0597    0.000
B-n35-k5 	BT-3   35   11    140    0    955   1334    970    195   0.2214    0.016
B-n35-k5 	BT-3   35   11    140    1    955   1068    978    176   0.2109    0.024
B-n35-k5 	BT-3   35    7     70    0    955   1511    955     80   0.1147    0.000
B-n35-k5 	BT-3   35    7     70    1    955    955    955     70   0.1108    0.000
B-n35-k5 	BT-3   35    3     35    0    955   1511    976     76   0.0812    0.022
B-n35-k5 	BT-3   35    3     35    1    955    955    955     35   0.0589    0.000
B-n35-k5 	BT-3   35   11    140    0    955   1334    986    277   0.2858    0.032
B-n35-k5 	BT-3   35   11    140    1    955   1068    979    362   0.3588    0.025
B-n35-k5 	BT-3   35    7     70    0    955   1511    962     81   0.1166    0.007
B-n35-k5 	BT-3   35    7     70    1    955    955    955     70   0.1118    0.000
B-n35-k5 	BT-3   35    3     35    0    955   1511    962     47   0.0631    0.007
B-n35-k5 	BT-3   35    3     35    1    955    955    955     35   0.0585    0.000
B-n35-k5 	BT-3   35   11    140    0    955   1334    980    191   0.2240    0.026
B-n35-k5 	BT-3   35   11    140    1    955   1068    978    164   0.2035    0.024
B-n35-k5 	BT-3   35    7     70    0    955   1511    955     84   0.1184    0.000
B-n35-k5 	BT-3   35    7     70    1    955    955    955     70   0.1094    0.000
B-n35-k5 	BT-3   35    3     35    0    955   1511    955     64   0.0768    0.000
B-n35-k5 	BT-3   35    3     35    1    955    955    955     35   0.0592    0.000
B-n35-k5 	BT-3   35   11    140    0    955   1334    958    187   0.2151    0.003
B-n35-k5 	BT-3   35   11    140    1    955   1068    989    174   0.2182    0.036
B-n35-k5 	BT-3   35    7     70    0    955   1511    958     85   0.1651    0.003
B-n35-k5 	BT-3   35    7     70    1    955    955    955     70   0.1094    0.000
B-n35-k5 	BT-3   35    3     35    0    955   1511    956     59   0.0726    0.001
B-n35-k5 	BT-3   35    3     35    1    955    955    955     35   0.0598    0.000
B-n35-k5 	BT-3   35   11    140    0    955   1334    997    170   0.2051    0.044
B-n35-k5 	BT-3   35   11    140    1    955   1068    958    245   0.2657    0.003
B-n35-k5 	BT-3   35    7     70    0    955   1511    955     86   0.1184    0.000
B-n35-k5 	BT-3   35    7     70    1    955    955    955     70   0.1100    0.000
B-n35-k5 	BT-3   35    3     35    0    955   1511    999     53   0.0683    0.046
B-n35-k5 	BT-3   35    3     35    1    955    955    955     35   0.0603    0.000
B-n35-k5 	BT-3   35   11    140    0    955   1334    984    187   0.2176    0.030
B-n35-k5 	BT-3   35   11    140    1    955   1068    979    159   0.2024    0.025
B-n35-k5 	BT-3   35    7     70    0    955   1511    955     84   0.1191    0.000
B-n35-k5 	BT-3   35    7     70    1    955    955    955     70   0.1116    0.000
B-n35-k5 	BT-3   35    3     35    0    955   1511    966     43   0.0608    0.012
B-n35-k5 	BT-3   35    3     35    1    955    955    955     35   0.0585    0.000
B-n35-k5 	BT-3   35   11    140    0    955   1334    997    164   0.2008    0.044
B-n35-k5 	BT-3   35   11    140    1    955   1068    978    163   0.2021    0.024
B-n35-k5 	BT-3   35    7     70    0    955   1511    955     93   0.1247    0.000
B-n35-k5 	BT-3   35    7     70    1    955    955    955     70   0.1098    0.000
B-n35-k5 	BT-3   35    3     35    0    955   1511    955     58   0.0731    0.000
B-n35-k5 	BT-3   35    3     35    1    955    955    955     35   0.0596    0.000
B-n35-k5 	BT-3   35   11    140    0    955   1334    998    204   0.2310    0.045
B-n35-k5 	BT-3   35   11    140    1    955   1068    979    288   0.3017    0.025
B-n35-k5 	BT-3   35    7     70    0    955   1511    959    100   0.1260    0.004
B-n35-k5 	BT-3   35    7     70    1    955    955    955     70   0.1100    0.000
B-n35-k5 	BT-3   35    3     35    0    955   1511    955     50   0.0674    0.000
B-n35-k5 	BT-3   35    3     35    1    955    955    955     35   0.0595    0.000
B-n35-k5 	BT-3   35   11    140    0    955   1334    959    383   0.3695    0.004
B-n35-k5 	BT-3   35   11    140    1    955   1068    987    178   0.2219    0.034
B-n35-k5 	BT-3   35    7     70    0    955   1511    955    123   0.1449    0.000
B-n35-k5 	BT-3   35    7     70    1    955    955    955     70   0.1089    0.000
B-n35-k5 	BT-3   35    3     35    0    955   1511    955    110   0.1239    0.000
B-n35-k5 	BT-3   35    3     35    1    955    955    955     35   0.0583    0.000
B-n35-k5 	BT-3   35   11    140    0    955   1334    958    270   0.2787    0.003
B-n35-k5 	BT-3   35   11    140    1    955   1068    982    189   0.2215    0.028
B-n35-k5 	BT-3   35    7     70    0    955   1511    956     83   0.1178    0.001
B-n35-k5 	BT-3   35    7     70    1    955    955    955     70   0.1118    0.000
B-n35-k5 	BT-3   35    3     35    0    955   1511    966     43   0.0618    0.012
B-n35-k5 	BT-3   35    3     35    1    955    955    955     35   0.0590    0.000
B-n35-k5 	BT-3   35   11    140    0    955   1334    979    178   0.2117    0.025
B-n35-k5 	BT-3   35   11    140    1    955   1068    985    166   0.2087    0.031
B-n35-k5 	BT-3   35    7     70    0    955   1511    955     84   0.1189    0.000
B-n35-k5 	BT-3   35    7     70    1    955    955    955     70   0.1092    0.000
B-n35-k5 	BT-3   35    3     35    0    955   1511    962     46   0.0624    0.007
B-n35-k5 	BT-3   35    3     35    1    955    955    955     35   0.0585    0.000
B-n35-k5 	BT-3   35   11    140    0    955   1334    970    171   0.2075    0.016
B-n35-k5 	BT-3   35   11    140    1    955   1068    970    182   0.2172    0.016
B-n35-k5 	BT-3   35    7     70    0    955   1511    955     85   0.1182    0.000
B-n35-k5 	BT-3   35    7     70    1    955    955    955     70   0.1100    0.000
B-n35-k5 	BT-3   35    3     35    0    955   1511    958     54   0.0694    0.003
B-n35-k5 	BT-3   35    3     35    1    955    955    955     35   0.0593    0.000
B-n35-k5 	BT-3   35   11    140    0    955   1334    990    194   0.2240    0.037
B-n35-k5 	BT-3   35   11    140    1    955   1068    986    156   0.1993    0.032
B-n35-k5 	BT-3   35    7     70    0    955   1511    955     84   0.1173    0.000
B-n35-k5 	BT-3   35    7     70    1    955    955    955     70   0.1101    0.000
B-n35-k5 	BT-3   35    3     35    0    955   1511    962     46   0.0634    0.007
B-n35-k5 	BT-3   35    3     35    1    955    955    955     35   0.0584    0.000
B-n35-k5 	BT-3   35   11    140    0    955   1334    978    179   0.2119    0.024
B-n35-k5 	BT-3   35   11    140    1    955   1068    991    159   0.2048    0.038
B-n35-k5 	BT-3   35    7     70    0    955   1511    955     84   0.1191    0.000
B-n35-k5 	BT-3   35    7     70    1    955    955    955     70   0.1153    0.000
B-n35-k5 	BT-3   35    3     35    0    955   1511    955     50   0.0661    0.000
B-n35-k5 	BT-3   35    3     35    1    955    955    955     35   0.0588    0.000
B-n35-k5 	BT-3   35   11    140    0    955   1334    979    201   0.2250    0.025
B-n35-k5 	BT-3   35   11    140    1    955   1068    978    208   0.2382    0.024
B-n35-k5 	BT-3   35    7     70    0    955   1511    959     98   0.1306    0.004
B-n35-k5 	BT-3   35    7     70    1    955    955    955     70   0.1107    0.000
B-n35-k5 	BT-3   35    3     35    0    955   1511    955     77   0.0863    0.000
B-n35-k5 	BT-3   35    3     35    1    955    955    955     35   0.0587    0.000
B-n35-k5 	BT-3   35   11    140    0    955   1334    991    197   0.2300    0.038
B-n35-k5 	BT-3   35   11    140    1    955   1068    955    243   0.2606    0.000
B-n35-k5 	BT-3   35    7     70    0    955   1511    963     84   0.1181    0.008
B-n35-k5 	BT-3   35    7     70    1    955    955    955     70   0.1116    0.000
B-n35-k5 	BT-3   35    3     35    0    955   1511    959     59   0.0700    0.004
B-n35-k5 	BT-3   35    3     35    1    955    955    955     35   0.0589    0.000
B-n35-k5 	BT-3   35   11    140    0    955   1334    979    245   0.2611    0.025
B-n35-k5 	BT-3   35   11    140    1    955   1068    970    306   0.3161    0.016
B-n35-k5 	BT-3   35    7     70    0    955   1511    955     80   0.1166    0.000
B-n35-k5 	BT-3   35    7     70    1    955    955    955     70   0.1115    0.000
B-n35-k5 	BT-3   35    3     35    0    955   1511    962     49   0.0652    0.007
B-n35-k5 	BT-3   35    3     35    1    955    955    955     35   0.0588    0.000
B-n35-k5 	BT-3   35   11    140    0    955   1334    981    195   0.2286    0.027
B-n35-k5 	BT-3   35   11    140    1    955   1068    986    156   0.2036    0.032
B-n35-k5 	BT-3   35    7     70    0    955   1511    958     85   0.1319    0.003
B-n35-k5 	BT-3   35    7     70    1    955    955    955     70   0.1112    0.000
B-n35-k5 	BT-3   35    3     35    0    955   1511    955     52   0.0670    0.000
B-n35-k5 	BT-3   35    3     35    1    955    955    955     35   0.0587    0.000
B-n35-k5 	BT-3   35   11    140    0    955   1334    955    180   0.2143    0.000
B-n35-k5 	BT-3   35   11    140    1    955   1068    982    195   0.2309    0.028
B-n35-k5 	BT-3   35    7     70    0    955   1511    955     84   0.1173    0.000
B-n35-k5 	BT-3   35    7     70    1    955    955    955     70   0.1108    0.000
B-n35-k5 	BT-3   35    3     35    0    955   1511    955     49   0.0633    0.000
B-n35-k5 	BT-3   35    3     35    1    955    955    955     35   0.0583    0.000
B-n35-k5 	BT-3   35   11    140    0    955   1334    967    219   0.2475    0.013
B-n35-k5 	BT-3   35   11    140    1    955   1068    978    288   0.3021    0.024
B-n35-k5 	BT-3   35    7     70    0    955   1511    955    110   0.1398    0.000
B-n35-k5 	BT-3   35    7     70    1    955    955    955     70   0.1097    0.000
B-n35-k5 	BT-3   35    3     35    0    955   1511    955     50   0.0706    0.000
B-n35-k5 	BT-3   35    3     35    1    955    955    955     35   0.0810    0.000
B-n35-k5 	BT-3   35   11    140    0    955   1334    966    204   0.2362    0.012
B-n35-k5 	BT-3   35   11    140    1    955   1068    989    187   0.2249    0.036
B-n35-k5 	BT-3   35    7     70    0    955   1511    959     87   0.1179    0.004
B-n35-k5 	BT-3   35    7     70    1    955    955    955     70   0.1108    0.000
B-n35-k5 	BT-3   35    3     35    0    955   1511    956     54   0.0688    0.001
B-n35-k5 	BT-3   35    3     35    1    955    955    955     35   0.0594    0.000
B-n35-k5 	BT-3   35   11    140    0    955   1334    986    256   0.2817    0.032
B-n35-k5 	BT-3   35   11    140    1    955   1068    986    302   0.3173    0.032
B-n35-k5 	BT-3   35    7     70    0    955   1511    955     84   0.1172    0.000
B-n35-k5 	BT-3   35    7     70    1    955    955    955     70   0.1102    0.000
B-n35-k5 	BT-3   35    3     35    0    955   1511    955     50   0.0663    0.000
B-n35-k5 	BT-3   35    3     35    1    955    955    955     35   0.0591    0.000
B-n35-k5 	BT-3   35   11    140    0    955   1334    962    368   0.3492    0.007
B-n35-k5 	BT-3   35   11    140    1    955   1068    982    185   0.2204    0.028
B-n35-k5 	BT-3   35    7     70    0    955   1511    955     84   0.1194    0.000
B-n35-k5 	BT-3   35    7     70    1    955    955    955     70   0.1121    0.000
B-n35-k5 	BT-3   35    3     35    0    955   1511    986     56   0.0695    0.032
B-n35-k5 	BT-3   35    3     35    1    955    955    955     35   0.0588    0.000
B-n35-k5 	BT-3   35   11    140    0    955   1334    970    205   0.2359    0.016
B-n35-k5 	BT-3   35   11    140    1    955   1068    984    164   0.2101    0.030
B-n35-k5 	BT-3   35    7     70    0    955   1511    959     88   0.1208    0.004
B-n35-k5 	BT-3   35    7     70    1    955    955    955     70   0.1101    0.000
B-n35-k5 	BT-3   35    3     35    0    955   1511    971     44   0.0807    0.017
B-n35-k5 	BT-3   35    3     35    1    955    955    955     35   0.0588    0.000
B-n35-k5 	BT-3   35   11    140    0    955   1334    979    241   0.2739    0.025
B-n35-k5 	BT-3   35   11    140    1    955   1068    959    226   0.2485    0.004
B-n35-k5 	BT-3   35    7     70    0    955   1511    955     84   0.1183    0.000
B-n35-k5 	BT-3   35    7     70    1    955    955    955     70   0.1104    0.000
B-n35-k5 	BT-3   35    3     35    0    955   1511    966     42   0.0614    0.012
B-n35-k5 	BT-3   35    3     35    1    955    955    955     35   0.0593    0.000
B-n35-k5 	BT-3   35   11    140    0    955   1334    988    168   0.2022    0.035
B-n35-k5 	BT-3   35   11    140    1    955   1068    988    154   0.2003    0.035
B-n35-k5 	BT-3   35    7     70    0    955   1511    956     85   0.1179    0.001
B-n35-k5 	BT-3   35    7     70    1    955    955    955     70   0.1112    0.000
B-n35-k5 	BT-3   35    3     35    0    955   1511    958     68   0.0785    0.003
B-n35-k5 	BT-3   35    3     35    1    955    955    955     35   0.0593    0.000
B-n35-k5 	BT-3   35   11    140    0    955   1334    963    266   0.2836    0.008
B-n35-k5 	BT-3   35   11    140    1    955   1068    990    237   0.2612    0.037
B-n35-k5 	BT-3   35    7     70    0    955   1511    955     84   0.1186    0.000
B-n35-k5 	BT-3   35    7     70    1    955    955    955     70   0.1091    0.000
B-n35-k5 	BT-3   35    3     35    0    955   1511    955     57   0.0718    0.000
B-n35-k5 	BT-3   35    3     35    1    955    955    955     35   0.0589    0.000
B-n35-k5 	BT-3   35   11    140    0    955   1334    955    256   0.2645    0.000
B-n35-k5 	BT-3   35   11    140    1    955   1068    974    310   0.3126    0.020
B-n35-k5 	BT-3   35    7     70    0    955   1511    955     84   0.1195    0.000
B-n35-k5 	BT-3   35    7     70    1    955    955    955     70   0.1120    0.000
B-n35-k5 	BT-3   35    3     35    0    955   1511    978     61   0.0712    0.024
B-n35-k5 	BT-3   35    3     35    1    955    955    955     35   0.0587    0.000
B-n35-k5 	BT-3   35   11    140    0    955   1334    978    253   0.2975    0.024
B-n35-k5 	BT-3   35   11    140    1    955   1068    978    288   0.3073    0.024
B-n35-k5 	BT-3   35    7     70    0    955   1511    955     84   0.1190    0.000
B-n35-k5 	BT-3   35    7     70    1    955    955    955     70   0.1099    0.000
B-n35-k5 	BT-3   35    3     35    0    955   1511    955     67   0.0768    0.000
B-n35-k5 	BT-3   35    3     35    1    955    955    955     35   0.0586    0.000
B-n35-k5 	BT-3   35   11    140    0    955   1334    958    210   0.2365    0.003
B-n35-k5 	BT-3   35   11    140    1    955   1068    963    275   0.3043    0.008
B-n35-k5 	BT-3   35    7     70    0    955   1511    956     91   0.1230    0.001
B-n35-k5 	BT-3   35    7     70    1    955    955    955     70   0.1120    0.000
B-n35-k5 	BT-3   35    3     35    0    955   1511    955     50   0.0661    0.000
B-n35-k5 	BT-3   35    3     35    1    955    955    955     35   0.0585    0.000
B-n35-k5 	BT-3   35   11    140    0    955   1334    958    234   0.2517    0.003
B-n35-k5 	BT-3   35   11    140    1    955   1068    978    256   0.2846    0.024
B-n35-k5 	BT-3   35    7     70    0    955   1511    955     84   0.1196    0.000
B-n35-k5 	BT-3   35    7     70    1    955    955    955     70   0.1104    0.000
B-n35-k5 	BT-3   35    3     35    0    955   1511    962     62   0.0750    0.007
B-n35-k5 	BT-3   35    3     35    1    955    955    955     35   0.0592    0.000
B-n35-k5 	BT-3   35   11    140    0    955   1334    997    204   0.2328    0.044
B-n35-k5 	BT-3   35   11    140    1    955   1068    978    159   0.2091    0.024
B-n35-k5 	BT-3   35    7     70    0    955   1511    955     84   0.1188    0.000
B-n35-k5 	BT-3   35    7     70    1    955    955    955     70   0.1114    0.000
B-n35-k5 	BT-3   35    3     35    0    955   1511    959     65   0.0777    0.004
B-n35-k5 	BT-3   35    3     35    1    955    955    955     35   0.0590    0.000
B-n35-k5 	BT-3   35   11    140    0    955   1334    998    178   0.2173    0.045
B-n35-k5 	BT-3   35   11    140    1    955   1068    982    174   0.2114    0.028
B-n35-k5 	BT-3   35    7     70    0    955   1511    958    102   0.1319    0.003
B-n35-k5 	BT-3   35    7     70    1    955    955    955     70   0.1119    0.000
B-n35-k5 	BT-3   35    3     35    0    955   1511    955     50   0.0662    0.000
B-n35-k5 	BT-3   35    3     35    1    955    955    955     35   0.0593    0.000
B-n35-k5 	BT-3   35   11    140    0    955   1334    978    232   0.2666    0.024
B-n35-k5 	BT-3   35   11    140    1    955   1068    978    162   0.2084    0.024
B-n35-k5 	BT-3   35    7     70    0    955   1511    955     84   0.1188    0.000
B-n35-k5 	BT-3   35    7     70    1    955    955    955     70   0.1114    0.000
B-n35-k5 	BT-3   35    3     35    0    955   1511    958     55   0.0696    0.003
B-n35-k5 	BT-3   35    3     35    1    955    955    955     35   0.0586    0.000
B-n35-k5 	BT-3   35   11    140    0    955   1334    978    182   0.2220    0.024
B-n35-k5 	BT-3   35   11    140    1    955   1068    991    218   0.2552    0.038
B-n35-k5 	BT-3   35    7     70    0    955   1511    955     84   0.1179    0.000
B-n35-k5 	BT-3   35    7     70    1    955    955    955     70   0.1104    0.000
B-n35-k5 	BT-3   35    3     35    0    955   1511    956     81   0.0885    0.001
B-n35-k5 	BT-3   35    3     35    1    955    955    955     35   0.0585    0.000
B-n35-k5 	BT-3   35   11    140    0    955   1334    978    192   0.2263    0.024
B-n35-k5 	BT-3   35   11    140    1    955   1068    956    417   0.4039    0.001
B-n35-k5 	BT-3   35    7     70    0    955   1511    956    121   0.1459    0.001
B-n35-k5 	BT-3   35    7     70    1    955    955    955     70   0.1112    0.000
B-n35-k5 	BT-3   35    3     35    0    955   1511    956     89   0.0965    0.001
B-n35-k5 	BT-3   35    3     35    1    955    955    955     35   0.0584    0.000
B-n35-k5 	BT-3   35   11    140    0    955   1334    981    298   0.3135    0.027
B-n35-k5 	BT-3   35   11    140    1    955   1068    970    238   0.2651    0.016
B-n35-k5 	BT-3   35    7     70    0    955   1511    955     84   0.1295    0.000
B-n35-k5 	BT-3   35    7     70    1    955    955    955     70   0.1109    0.000
B-n35-k5 	BT-3   35    3     35    0    955   1511    961     64   0.0756    0.006
B-n35-k5 	BT-3   35    3     35    1    955    955    955     35   0.0591    0.000
B-n35-k5 	BT-3   35   11    140    0    955   1334    967    232   0.2599    0.013
B-n35-k5 	BT-3   35   11    140    1    955   1068    970    316   0.3185    0.016
B-n35-k5 	BT-3   35    7     70    0    955   1511    955     84   0.1188    0.000
B-n35-k5 	BT-3   35    7     70    1    955    955    955     70   0.1106    0.000
B-n35-k5 	BT-3   35    3     35    0    955   1511    955     50   0.0661    0.000
B-n35-k5 	BT-3   35    3     35    1    955    955    955     35   0.0589    0.000
B-n35-k5 	BT-3   35   11    140    0    955   1334    955    347   0.3334    0.000
B-n35-k5 	BT-3   35   11    140    1    955   1068    956    280   0.2920    0.001
B-n35-k5 	BT-3   35    7     70    0    955   1511    958     93   0.1232    0.003
B-n35-k5 	BT-3   35    7     70    1    955    955    955     70   0.1100    0.000
B-n35-k5 	BT-3   35    3     35    0    955   1511    962     46   0.0632    0.007
B-n35-k5 	BT-3   35    3     35    1    955    955    955     35   0.0586    0.000
B-n35-k5 	BT-3   35   11    140    0    955   1334    978    318   0.3274    0.024
B-n35-k5 	BT-3   35   11    140    1    955   1068    996    172   0.2108    0.043
B-n35-k5 	BT-3   35    7     70    0    955   1511    955     84   0.1209    0.000
B-n35-k5 	BT-3   35    7     70    1    955    955    955     70   0.1129    0.000
B-n35-k5 	BT-3   35    3     35    0    955   1511    955     50   0.0664    0.000
B-n35-k5 	BT-3   35    3     35    1    955    955    955     35   0.0589    0.000
B-n35-k5 	BT-3   35   11    140    0    955   1334    955    352   0.3413    0.000
B-n35-k5 	BT-3   35   11    140    1    955   1068    955    237   0.2591    0.000
B-n35-k5 	BT-3   35    7     70    0    955   1511    955     84   0.1196    0.000
B-n35-k5 	BT-3   35    7     70    1    955    955    955     70   0.1199    0.000
B-n35-k5 	BT-3   35    3     35    0    955   1511    955     45   0.0627    0.000
B-n35-k5 	BT-3   35    3     35    1    955    955    955     35   0.0586    0.000
B-n35-k5 	BT-3   35   11    140    0    955   1334    978    186   0.2261    0.024
B-n35-k5 	BT-3   35   11    140    1    955   1068    984    163   0.2049    0.030
B-n35-k5 	BT-3   35    7     70    0    955   1511    955     84   0.1175    0.000
B-n35-k5 	BT-3   35    7     70    1    955    955    955     70   0.1101    0.000
B-n35-k5 	BT-3   35    3     35    0    955   1511    962     46   0.0625    0.007
B-n35-k5 	BT-3   35    3     35    1    955    955    955     35   0.0583    0.000
B-n35-k5 	BT-3   35   11    140    0    955   1334    998    178   0.2237    0.045
B-n35-k5 	BT-3   35   11    140    1    955   1068    979    197   0.2547    0.025
B-n35-k5 	BT-3   35    7     70    0    955   1511    966     77   0.1121    0.012
B-n35-k5 	BT-3   35    7     70    1    955    955    955     70   0.1113    0.000
B-n35-k5 	BT-3   35    3     35    0    955   1511    955     79   0.0910    0.000
B-n35-k5 	BT-3   35    3     35    1    955    955    955     35   0.0587    0.000
B-n35-k5 	BT-3   35   11    140    0    955   1334    964    190   0.2230    0.009
B-n35-k5 	BT-3   35   11    140    1    955   1068    979    219   0.2526    0.025
B-n35-k5 	BT-3   35    7     70    0    955   1511    955     84   0.1186    0.000
B-n35-k5 	BT-3   35    7     70    1    955    955    955     70   0.1192    0.000
B-n35-k5 	BT-3   35    3     35    0    955   1511    955     50   0.0674    0.000
B-n35-k5 	BT-3   35    3     35    1    955    955    955     35   0.0592    0.000
B-n35-k5 	BT-3   35   11    140    0    955   1334    955    223   0.2412    0.000
B-n35-k5 	BT-3   35   11    140    1    955   1068    981    186   0.2228    0.027
B-n35-k5 	BT-3   35    7     70    0    955   1511    989     93   0.1242    0.036
B-n35-k5 	BT-3   35    7     70    1    955    955    955     70   0.1100    0.000
B-n35-k5 	BT-3   35    3     35    0    955   1511    955     50   0.0676    0.000
B-n35-k5 	BT-3   35    3     35    1    955    955    955     35   0.0597    0.000
B-n35-k5 	BT-3   35   11    140    0    955   1334    997    167   0.2036    0.044
B-n35-k5 	BT-3   35   11    140    1    955   1068    955    272   0.2882    0.000
B-n35-k5 	BT-3   35    7     70    0    955   1511    962     81   0.1165    0.007
B-n35-k5 	BT-3   35    7     70    1    955    955    955     70   0.1109    0.000
B-n35-k5 	BT-3   35    3     35    0    955   1511    958     52   0.0652    0.003
B-n35-k5 	BT-3   35    3     35    1    955    955    955     35   0.0597    0.000
B-n35-k5 	BT-3   35   11    140    0    955   1334    979    232   0.2513    0.025
B-n35-k5 	BT-3   35   11    140    1    955   1068    983    161   0.2037    0.029
B-n35-k5 	BT-3   35    7     70    0    955   1511    955     84   0.1185    0.000
B-n35-k5 	BT-3   35    7     70    1    955    955    955     70   0.1110    0.000
B-n35-k5 	BT-3   35    3     35    0    955   1511    956     71   0.0830    0.001
B-n35-k5 	BT-3   35    3     35    1    955    955    955     35   0.0589    0.000
B-n35-k5 	BT-3   35   11    140    0    955   1334    965    191   0.2270    0.010
B-n35-k5 	BT-3   35   11    140    1    955   1068    985    331   0.3378    0.031
B-n35-k5 	BT-3   35    7     70    0    955   1511    955     84   0.1193    0.000
B-n35-k5 	BT-3   35    7     70    1    955    955    955     70   0.1113    0.000
B-n35-k5 	BT-3   35    3     35    0    955   1511    962     51   0.0673    0.007
B-n35-k5 	BT-3   35    3     35    1    955    955    955     35   0.0592    0.000
B-n35-k5 	BT-3   35   11    140    0    955   1334    955    164   0.1987    0.000
B-n35-k5 	BT-3   35   11    140    1    955   1068    983    161   0.2037    0.029
B-n35-k5 	BT-3   35    7     70    0    955   1511    955     84   0.1198    0.000
B-n35-k5 	BT-3   35    7     70    1    955    955    955     70   0.1102    0.000
B-n35-k5 	BT-3   35    3     35    0    955   1511    956     47   0.0632    0.001
B-n35-k5 	BT-3   35    3     35    1    955    955    955     35   0.0584    0.000
B-n35-k5 	BT-3   35   11    140    0    955   1334    977    175   0.2126    0.023
B-n35-k5 	BT-3   35   11    140    1    955   1068    978    312   0.3179    0.024
B-n35-k5 	BT-3   35    7     70    0    955   1511    956     95   0.1244    0.001
B-n35-k5 	BT-3   35    7     70    1    955    955    955     70   0.1145    0.000
B-n35-k5 	BT-3   35    3     35    0    955   1511    962     50   0.0662    0.007
B-n35-k5 	BT-3   35    3     35    1    955    955    955     35   0.0586    0.000
B-n35-k5 	BT-3   35   11    140    0    955   1334    979    257   0.2641    0.025
B-n35-k5 	BT-3   35   11    140    1    955   1068    987    170   0.2152    0.034
B-n35-k5 	BT-3   35    7     70    0    955   1511    962     81   0.1166    0.007
B-n35-k5 	BT-3   35    7     70    1    955    955    955     70   0.1122    0.000
B-n35-k5 	BT-3   35    3     35    0    955   1511    955     51   0.0675    0.000
B-n35-k5 	BT-3   35    3     35    1    955    955    955     35   0.0594    0.000
B-n35-k5 	BT-3   35   11    140    0    955   1334    987    196   0.2263    0.034
B-n35-k5 	BT-3   35   11    140    1    955   1068    978    159   0.2016    0.024
B-n35-k5 	BT-3   35    7     70    0    955   1511    955     84   0.1192    0.000
B-n35-k5 	BT-3   35    7     70    1    955    955    955     70   0.1116    0.000
B-n35-k5 	BT-3   35    3     35    0    955   1511    962     46   0.0625    0.007
B-n35-k5 	BT-3   35    3     35    1    955    955    955     35   0.0586    0.000
B-n35-k5 	BT-3   35   11    140    0    955   1334    984    180   0.2195    0.030
B-n35-k5 	BT-3   35   11    140    1    955   1068    986    156   0.2025    0.032
B-n35-k5 	BT-3   35    7     70    0    955   1511    955     80   0.1146    0.000
B-n35-k5 	BT-3   35    7     70    1    955    955    955     70   0.1094    0.000
B-n35-k5 	BT-3   35    3     35    0    955   1511    955     50   0.0660    0.000
B-n35-k5 	BT-3   35    3     35    1    955    955    955     35   0.0584    0.000
B-n35-k5 	BT-3   35   11    140    0    955   1334    980    200   0.2327    0.026
B-n35-k5 	BT-3   35   11    140    1    955   1068    978    164   0.2088    0.024
B-n35-k5 	BT-3   35    7     70    0    955   1511    955     84   0.1182    0.000
B-n35-k5 	BT-3   35    7     70    1    955    955    955     70   0.1101    0.000
B-n35-k5 	BT-3   35    3     35    0    955   1511    955     53   0.0686    0.000
B-n35-k5 	BT-3   35    3     35    1    955    955    955     35   0.0585    0.000
B-n35-k5 	BT-3   35   11    140    0    955   1334    978    168   0.2052    0.024
B-n35-k5 	BT-3   35   11    140    1    955   1068    979    198   0.2327    0.025
B-n35-k5 	BT-3   35    7     70    0    955   1511    955     84   0.1179    0.000
B-n35-k5 	BT-3   35    7     70    1    955    955    955     70   0.1120    0.000
B-n35-k5 	BT-3   35    3     35    0    955   1511    955     50   0.0682    0.000
B-n35-k5 	BT-3   35    3     35    1    955    955    955     35   0.0596    0.000
B-n35-k5 	BT-3   35   11    140    0    955   1334    970    182   0.2253    0.016
B-n35-k5 	BT-3   35   11    140    1    955   1068    987    172   0.2115    0.034
B-n35-k5 	BT-3   35    7     70    0    955   1511    955     84   0.1188    0.000
B-n35-k5 	BT-3   35    7     70    1    955    955    955     70   0.1099    0.000
B-n35-k5 	BT-3   35    3     35    0    955   1511    978    118   0.1182    0.024
B-n35-k5 	BT-3   35    3     35    1    955    955    955     35   0.0588    0.000
B-n35-k5 	BT-3   35   11    140    0    955   1334    967    287   0.2945    0.013
B-n35-k5 	BT-3   35   11    140    1    955   1068    970    291   0.3000    0.016
B-n35-k5 	BT-3   35    7     70    0    955   1511    955     84   0.1200    0.000
B-n35-k5 	BT-3   35    7     70    1    955    955    955     70   0.1110    0.000
B-n35-k5 	BT-3   35    3     35    0    955   1511    955     50   0.0664    0.000
B-n35-k5 	BT-3   35    3     35    1    955    955    955     35   0.0596    0.000
B-n35-k5 	BT-3   35   11    140    0    955   1334    972    212   0.2381    0.018
B-n35-k5 	BT-3   35   11    140    1    955   1068    959    260   0.2793    0.004
B-n35-k5 	BT-3   35    7     70    0    955   1511    955    123   0.1470    0.000
B-n35-k5 	BT-3   35    7     70    1    955    955    955     70   0.1116    0.000
B-n35-k5 	BT-3   35    3     35    0    955   1511    955     45   0.0624    0.000
B-n35-k5 	BT-3   35    3     35    1    955    955    955     35   0.0586    0.000
B-n35-k5 	BT-3   35   11    140    0    955   1334    955    219   0.2396    0.000
B-n35-k5 	BT-3   35   11    140    1    955   1068    972    214   0.2393    0.018
B-n35-k5 	BT-3   35    7     70    0    955   1511    955     85   0.1191    0.000
B-n35-k5 	BT-3   35    7     70    1    955    955    955     70   0.1103    0.000
B-n35-k5 	BT-3   35    3     35    0    955   1511    955     50   0.0663    0.000
B-n35-k5 	BT-3   35    3     35    1    955    955    955     35   0.0586    0.000
B-n35-k5 	BT-3   35   11    140    0    955   1334    978    208   0.2385    0.024
B-n35-k5 	BT-3   35   11    140    1    955   1068    979    186   0.2236    0.025
B-n35-k5 	BT-3   35    7     70    0    955   1511    955    142   0.1673    0.000
B-n35-k5 	BT-3   35    7     70    1    955    955    955     70   0.1106    0.000
B-n35-k5 	BT-3   35    3     35    0    955   1511    962     46   0.0625    0.007
B-n35-k5 	BT-3   35    3     35    1    955    955    955     35   0.0633    0.000
B-n35-k5 	BT-3   35   11    140    0    955   1334    979    187   0.2214    0.025
B-n35-k5 	BT-3   35   11    140    1    955   1068    979    177   0.2160    0.025
B-n35-k5 	BT-3   35    7     70    0    955   1511    955     84   0.1184    0.000
B-n35-k5 	BT-3   35    7     70    1    955    955    955     70   0.1099    0.000
B-n35-k5 	BT-3   35    3     35    0    955   1511    956     51   0.0672    0.001
B-n35-k5 	BT-3   35    3     35    1    955    955    955     35   0.0595    0.000
B-n35-k5 	BT-3   35   11    140    0    955   1334    986    223   0.2538    0.032
B-n35-k5 	BT-3   35   11    140    1    955   1068    970    199   0.2369    0.016
B-n35-k5 	BT-3   35    7     70    0    955   1511    955     85   0.1179    0.000
B-n35-k5 	BT-3   35    7     70    1    955    955    955     70   0.1121    0.000
B-n35-k5 	BT-3   35    3     35    0    955   1511    956     57   0.0697    0.001
B-n35-k5 	BT-3   35    3     35    1    955    955    955     35   0.0586    0.000
B-n35-k5 	BT-3   35   11    140    0    955   1334    965    257   0.2769    0.010
B-n35-k5 	BT-3   35   11    140    1    955   1068    993    170   0.2139    0.040
B-n35-k5 	BT-3   35    7     70    0    955   1511    955     91   0.1229    0.000
B-n35-k5 	BT-3   35    7     70    1    955    955    955     70   0.1109    0.000
B-n35-k5 	BT-3   35    3     35    0    955   1511    955     50   0.0660    0.000
B-n35-k5 	BT-3   35    3     35    1    955    955    955     35   0.0589    0.000
B-n35-k5 	BT-3   35   11    140    0    955   1334    962    231   0.2464    0.007
B-n35-k5 	BT-3   35   11    140    1    955   1068    985    159   0.2025    0.031
B-n35-k5 	BT-3   35    7     70    0    955   1511    955     84   0.1185    0.000
B-n35-k5 	BT-3   35    7     70    1    955    955    955     70   0.1103    0.000
B-n35-k5 	BT-3   35    3     35    0    955   1511    959     58   0.0728    0.004
B-n35-k5 	BT-3   35    3     35    1    955    955    955     35   0.0593    0.000
B-n35-k5 	BT-3   35   11    140    0    955   1334    970    194   0.2166    0.016
B-n35-k5 	BT-3   35   11    140    1    955   1068    978    166   0.2067    0.024
B-n35-k5 	BT-3   35    7     70    0    955   1511    955     84   0.1185    0.000
B-n35-k5 	BT-3   35    7     70    1    955    955    955     70   0.1101    0.000
B-n35-k5 	BT-3   35    3     35    0    955   1511    955     50   0.0663    0.000
B-n35-k5 	BT-3   35    3     35    1    955    955    955     35   0.0585    0.000
B-n35-k5 	BT-3   35   11    140    0    955   1334    967    236   0.2561    0.013
B-n35-k5 	BT-3   35   11    140    1    955   1068    970    206   0.2334    0.016
B-n35-k5 	BT-3   35    7     70    0    955   1511    955     84   0.1200    0.000
B-n35-k5 	BT-3   35    7     70    1    955    955    955     70   0.1116    0.000
B-n35-k5 	BT-3   35    3     35    0    955   1511    955     50   0.0661    0.000
B-n35-k5 	BT-3   35    3     35    1    955    955    955     35   0.0591    0.000
B-n35-k5 	BT-3   35   11    140    0    955   1334    965    275   0.2855    0.010
B-n35-k5 	BT-3   35   11    140    1    955   1068    981    200   0.2362    0.027
B-n35-k5 	BT-3   35    7     70    0    955   1511    955     84   0.1179    0.000
B-n35-k5 	BT-3   35    7     70    1    955    955    955     70   0.1103    0.000
B-n35-k5 	BT-3   35    3     35    0    955   1511    955     45   0.0623    0.000
B-n35-k5 	BT-3   35    3     35    1    955    955    955     35   0.0587    0.000
B-n35-k5 	BT-3   35   11    140    0    955   1334    959    273   0.2872    0.004
B-n35-k5 	BT-3   35   11    140    1    955   1068    993    167   0.2149    0.040
B-n35-k5 	BT-3   35    7     70    0    955   1511    956     92   0.1227    0.001
B-n35-k5 	BT-3   35    7     70    1    955    955    955     70   0.1104    0.000
B-n35-k5 	BT-3   35    3     35    0    955   1511    955     50   0.0661    0.000
B-n35-k5 	BT-3   35    3     35    1    955    955    955     35   0.0584    0.000
B-n35-k5 	BT-3   35   11    140    0    955   1334    963    389   0.3701    0.008
B-n35-k5 	BT-3   35   11    140    1    955   1068    970    302   0.3221    0.016
B-n35-k5 	BT-3   35    7     70    0    955   1511    959     90   0.1397    0.004
B-n35-k5 	BT-3   35    7     70    1    955    955    955     70   0.1105    0.000
B-n35-k5 	BT-3   35    3     35    0    955   1511    959     73   0.0819    0.004
B-n35-k5 	BT-3   35    3     35    1    955    955    955     35   0.0585    0.000
B-n35-k5 	BT-3   35   11    140    0    955   1334    966    183   0.2129    0.012
B-n35-k5 	BT-3   35   11    140    1    955   1068    985    251   0.2742    0.031
B-n35-k5 	BT-3   35    7     70    0    955   1511    955     84   0.1224    0.000
B-n35-k5 	BT-3   35    7     70    1    955    955    955     70   0.1121    0.000
B-n35-k5 	BT-3   35    3     35    0    955   1511    988     60   0.0738    0.035
B-n35-k5 	BT-3   35    3     35    1    955    955    955     35   0.0589    0.000
B-n35-k5 	BT-3   35   11    140    0    955   1334    955    218   0.2410    0.000
B-n35-k5 	BT-3   35   11    140    1    955   1068    976    292   0.2937    0.022
B-n35-k5 	BT-3   35    7     70    0    955   1511    955    115   0.1414    0.000
B-n35-k5 	BT-3   35    7     70    1    955    955    955     70   0.1104    0.000
B-n35-k5 	BT-3   35    3     35    0    955   1511    959     80   0.0975    0.004
B-n35-k5 	BT-3   35    3     35    1    955    955    955     35   0.0600    0.000
B-n35-k5 	BT-3   35   11    140    0    955   1334    970    250   0.2667    0.016
B-n35-k5 	BT-3   35   11    140    1    955   1068    978    176   0.2125    0.024
B-n35-k5 	BT-3   35    7     70    0    955   1511    955    145   0.1668    0.000
B-n35-k5 	BT-3   35    7     70    1    955    955    955     70   0.1105    0.000
B-n35-k5 	BT-3   35    3     35    0    955   1511    956     56   0.0717    0.001
B-n35-k5 	BT-3   35    3     35    1    955    955    955     35   0.0600    0.000
B-n35-k5 	BT-3   35   11    140    0    955   1334    965    267   0.2791    0.010
B-n35-k5 	BT-3   35   11    140    1    955   1068    978    183   0.2193    0.024
B-n35-k5 	BT-3   35    7     70    0    955   1511    955     84   0.1171    0.000
B-n35-k5 	BT-3   35    7     70    1    955    955    955     70   0.1110    0.000
B-n35-k5 	BT-3   35    3     35    0    955   1511    963     51   0.0695    0.008
B-n35-k5 	BT-3   35    3     35    1    955    955    955     35   0.0587    0.000
B-n35-k5 	BT-3   35   11    140    0    955   1334    977    290   0.3028    0.023
B-n35-k5 	BT-3   35   11    140    1    955   1068    980    204   0.2351    0.026
B-n35-k5 	BT-3   35    7     70    0    955   1511    978    105   0.1332    0.024
B-n35-k5 	BT-3   35    7     70    1    955    955    955     70   0.1121    0.000
B-n35-k5 	BT-3   35    3     35    0    955   1511    962     46   0.0627    0.007
B-n35-k5 	BT-3   35    3     35    1    955    955    955     35   0.0588    0.000
B-n35-k5 	BT-3   35   11    140    0    955   1334    956    274   0.2835    0.001
B-n35-k5 	BT-3   35   11    140    1    955   1068    982    187   0.2293    0.028
B-n35-k5 	BT-3   35    7     70    0    955   1511    955     84   0.1179    0.000
B-n35-k5 	BT-3   35    7     70    1    955    955    955     70   0.1111    0.000
B-n35-k5 	BT-3   35    3     35    0    955   1511    962     46   0.0625    0.007
B-n35-k5 	BT-3   35    3     35    1    955    955    955     35   0.0587    0.000
B-n35-k5 	BT-3   35   11    140    0    955   1334    970    349   0.3476    0.016
B-n35-k5 	BT-3   35   11    140    1    955   1068    978    164   0.2060    0.024
B-n35-k5 	BT-3   35    7     70    0    955   1511    955     84   0.1182    0.000
B-n35-k5 	BT-3   35    7     70    1    955    955    955     70   0.1211    0.000
B-n35-k5 	BT-3   35    3     35    0    955   1511    990     65   0.0778    0.037
B-n35-k5 	BT-3   35    3     35    1    955    955    955     35   0.0596    0.000
B-n35-k5 	BT-3   35   11    140    0    955   1334    970    188   0.2191    0.016
B-n35-k5 	BT-3   35   11    140    1    955   1068    979    188   0.2521    0.025
B-n35-k5 	BT-3   35    7     70    0    955   1511    955     85   0.1309    0.000
B-n35-k5 	BT-3   35    7     70    1    955    955    955     70   0.1111    0.000
B-n35-k5 	BT-3   35    3     35    0    955   1511    955     59   0.0739    0.000
B-n35-k5 	BT-3   35    3     35    1    955    955    955     35   0.0585    0.000
B-n35-k5 	BT-3   35   11    140    0    955   1334    988    267   0.2919    0.035
B-n35-k5 	BT-3   35   11    140    1    955   1068    988    173   0.2129    0.035
B-n35-k5 	BT-3   35    7     70    0    955   1511    955     84   0.1201    0.000
B-n35-k5 	BT-3   35    7     70    1    955    955    955     70   0.1128    0.000
B-n35-k5 	BT-3   35    3     35    0    955   1511    962     46   0.0629    0.007
B-n35-k5 	BT-3   35    3     35    1    955    955    955     35   0.0601    0.000
B-n35-k5 	BT-3   35   11    140    0    955   1334    984    180   0.2158    0.030
B-n35-k5 	BT-3   35   11    140    1    955   1068    979    261   0.2801    0.025
B-n35-k5 	BT-3   35    7     70    0    955   1511    958     86   0.1175    0.003
B-n35-k5 	BT-3   35    7     70    1    955    955    955     70   0.1121    0.000
B-n35-k5 	BT-3   35    3     35    0    955   1511    956     52   0.0673    0.001
B-n35-k5 	BT-3   35    3     35    1    955    955    955     35   0.0587    0.000
B-n35-k5 	BT-3   35   11    140    0    955   1334    981    344   0.3425    0.027
B-n35-k5 	BT-3   35   11    140    1    955   1068    979    172   0.2100    0.025
B-n35-k5 	BT-3   35    7     70    0    955   1511    955    146   0.1687    0.000
B-n35-k5 	BT-3   35    7     70    1    955    955    955     70   0.1113    0.000
B-n35-k5 	BT-3   35    3     35    0    955   1511    959     48   0.0637    0.004
B-n35-k5 	BT-3   35    3     35    1    955    955    955     35   0.0587    0.000
B-n35-k5 	BT-3   35   11    140    0    955   1334    989    193   0.2217    0.036
B-n35-k5 	BT-3   35   11    140    1    955   1068    958    338   0.3597    0.003
B-n35-k5 	BT-3   35    7     70    0    955   1511    959     96   0.1299    0.004
B-n35-k5 	BT-3   35    7     70    1    955    955    955     70   0.1112    0.000
B-n35-k5 	BT-3   35    3     35    0    955   1511    955     50   0.0661    0.000
B-n35-k5 	BT-3   35    3     35    1    955    955    955     35   0.0595    0.000
