P-n51-k10 	BT-1   51   17    204    0    745    903    864    208   1.0602    0.160
P-n51-k10 	BT-1   51   17    204    1    745    890    755    395   2.0866    0.013
P-n51-k10 	BT-1   51    8    102    0    745    951    755    105   3.7013    0.013
P-n51-k10 	BT-1   51    8    102    1    745    755    755    102   3.6817    0.013
P-n51-k10 	BT-1   51   26    102    0    745    951    755    105  11.1037    0.013
P-n51-k10 	BT-1   51   26    102    1    745    755    755    102  11.0594    0.013
P-n51-k10 	BT-2   51   17    204    0    745    903    780    361   1.8213    0.047
P-n51-k10 	BT-2   51   17    204    1    745    890    784    276   1.4341    0.052
P-n51-k10 	BT-2   51    8    102    0    745    792    786    106   3.7992    0.055
P-n51-k10 	BT-2   51    8    102    1    745    780    780    102   3.7855    0.047
P-n51-k10 	BT-2   51   26    102    0    745    792    786    106  11.3405    0.055
P-n51-k10 	BT-2   51   26    102    1    745    780    780    102  11.3318    0.047
P-n51-k10 	BT-3   51   17    204    0    745    903    768    428   2.2057    0.031
P-n51-k10 	BT-3   51   17    204    1    745    890    804    208   1.0163    0.079
P-n51-k10 	BT-3   51    8    102    0    745   1120    757     72   3.5683    0.016
P-n51-k10 	BT-3   51    8    102    1    745    768    759     93   3.7043    0.019
P-n51-k10 	BT-3   51   26    102    0    745    761    757     72  10.8518    0.016
P-n51-k10 	BT-3   51   26    102    1    745    757    757     72  10.8663    0.016
P-n51-k10 	BT-3   51   17    204    0    745    903    761    287   1.4313    0.021
P-n51-k10 	BT-3   51   17    204    1    745    890    762    260   1.2641    0.023
P-n51-k10 	BT-3   51    8    102    0    745    761    754    111  35.5106    0.012
P-n51-k10 	BT-3   51    8    102    1    745    757    757     68  35.2708    0.016
P-n51-k10 	BT-3   51   26    102    0    745    882    758     78 106.0562    0.017
P-n51-k10 	BT-3   51   26    102    1    745    754    754     75 106.0497    0.012
P-n51-k10 	BT-3   51   17    204    0    745    903    785    415   2.0088    0.054
P-n51-k10 	BT-3   51   17    204    1    745    890    767    227   1.0555    0.030
P-n51-k10 	BT-3   51    8    102    0    745    882    752    131 321.4647    0.009
P-n51-k10 	BT-3   51    8    102    1    745    754    754     76 321.2404    0.012
P-n51-k10 	BT-3   51   26    102    0    745    817    752     76 963.9346    0.009
P-n51-k10 	BT-3   51   26    102    1    745    752    752     73 963.9271    0.009
P-n51-k10 	BT-3   51   17    204    0    745    903    811    250   1.2485    0.089
P-n51-k10 	BT-3   51   17    204    1    745    890    755    340   1.6759    0.013
P-n51-k10 	BT-3   51    8    102    0    745    817    749     79 -1400.2178    0.005
P-n51-k10 	BT-3   51    8    102    1    745    752    752     65 -1400.3032    0.009
P-n51-k10 	BT-3   51   26    102    0    745    876    777     75  94.2009    0.043
P-n51-k10 	BT-3   51   26    102    1    745    749    749     64  94.2566    0.005
P-n51-k10 	BT-3   51   17    204    0    745    903    850    192   0.9713    0.141
P-n51-k10 	BT-3   51   17    204    1    745    890    750    363   1.7749    0.007
P-n51-k10 	BT-3   51    8    102    0    745    876    767     95 285.5082    0.030
P-n51-k10 	BT-3   51    8    102    1    745    749    749     72 285.3882    0.005
P-n51-k10 	BT-3   51   26    102    0    745    876    777     74 856.3033    0.043
P-n51-k10 	BT-3   51   26    102    1    745    749    749     78 856.3410    0.005
P-n51-k10 	BT-3   51   17    204    0    745    903    783    257   1.2338    0.051
P-n51-k10 	BT-3   51   17    204    1    745    890    789    227   1.1050    0.059
P-n51-k10 	BT-3   51    8    102    0    745    876    767     93 -1723.6035    0.030
P-n51-k10 	BT-3   51    8    102    1    745    749    749     71 -1723.6979    0.005
P-n51-k10 	BT-3   51   26    102    0    745    876    771     83 -875.9904    0.035
P-n51-k10 	BT-3   51   26    102    1    745    749    749     66 -876.0415    0.005
P-n51-k10 	BT-3   51   17    204    0    745    903    761    359   1.7993    0.021
P-n51-k10 	BT-3   51   17    204    1    745    890    758    232   1.1765    0.017
P-n51-k10 	BT-3   51    8    102    0    745    876    764    161 1670.2983    0.026
P-n51-k10 	BT-3   51    8    102    1    745    749    749     80 1669.9283    0.005
P-n51-k10 	BT-3   51   26    102    0    745    876    777     80 715.2063    0.043
P-n51-k10 	BT-3   51   26    102    1    745    749    749     73 715.1727    0.005
P-n51-k10 	BT-3   51   17    204    0    745    903    810    347   1.6921    0.087
P-n51-k10 	BT-3   51   17    204    1    745    890    754    328   1.6438    0.012
P-n51-k10 	BT-3   51    8    102    0    745    876    767     90 -2146.0120    0.030
P-n51-k10 	BT-3   51    8    102    1    745    749    749     66 -2146.1292    0.005
P-n51-k10 	BT-3   51   26    102    0    745    876    777     81 -2143.2476    0.043
P-n51-k10 	BT-3   51   26    102    1    745    749    749     69 -2143.2793    0.005
P-n51-k10 	BT-3   51   17    204    0    745    903    766    296   1.4607    0.028
P-n51-k10 	BT-3   51   17    204    1    745    890    771    212   1.0724    0.035
P-n51-k10 	BT-3   51    8    102    0    745    876    761    112 -2132.1382    0.021
P-n51-k10 	BT-3   51    8    102    1    745    749    749     69 -2132.3303    0.005
P-n51-k10 	BT-3   51   26    102    0    745    876    771     90 -2101.7351    0.035
P-n51-k10 	BT-3   51   26    102    1    745    749    749     65 -2101.8274    0.005
P-n51-k10 	BT-3   51   17    204    0    745    903    811    234   1.1688    0.089
P-n51-k10 	BT-3   51   17    204    1    745    890    761    225   1.1231    0.021
P-n51-k10 	BT-3   51    8    102    0    745    876    767     83 -2008.0887    0.030
P-n51-k10 	BT-3   51    8    102    1    745    749    749     74 -2008.0935    0.005
P-n51-k10 	BT-3   51   26    102    0    745    876    769     89 -1729.2614    0.032
P-n51-k10 	BT-3   51   26    102    1    745    749    749     69 -1729.3278    0.005
P-n51-k10 	BT-3   51   17    204    0    745    903    748    574   2.8466    0.004
P-n51-k10 	BT-3   51   17    204    1    745    890    763    461   2.3505    0.024
P-n51-k10 	BT-3   51    8    102    0    745    875    748     74 -887.7534    0.004
P-n51-k10 	BT-3   51    8    102    1    745    748    748     73 -887.7518    0.004
P-n51-k10 	BT-3   51   26    102    0    745    875    748     76 1631.7217    0.004
P-n51-k10 	BT-3   51   26    102    1    745    748    748     69 1631.6956    0.004
P-n51-k10 	BT-3   51   17    204    0    745    903    770    260   1.2728    0.034
P-n51-k10 	BT-3   51   17    204    1    745    890    757    295   1.4508    0.016
P-n51-k10 	BT-3   51    8    102    0    745    875    748     79 602.9129    0.004
P-n51-k10 	BT-3   51    8    102    1    745    748    748     74 602.8793    0.004
P-n51-k10 	BT-3   51   26    102    0    745    875    748     81 1808.7017    0.004
P-n51-k10 	BT-3   51   26    102    1    745    748    748     77 1808.6967    0.004
P-n51-k10 	BT-3   51   17    204    0    745    903    762    377   1.9798    0.023
P-n51-k10 	BT-3   51   17    204    1    745    890    758    267   1.3600    0.017
P-n51-k10 	BT-3   51    8    102    0    745    875    748     70 1134.4283    0.004
P-n51-k10 	BT-3   51    8    102    1    745    748    748     66 1134.4514    0.004
P-n51-k10 	BT-3   51   26    102    0    745    875    748     80 -891.6131    0.004
P-n51-k10 	BT-3   51   26    102    1    745    748    748     69 -891.6655    0.004
P-n51-k10 	BT-3   51   17    204    0    745    903    771    342   1.7372    0.035
P-n51-k10 	BT-3   51   17    204    1    745    890    786    229   1.1400    0.055
P-n51-k10 	BT-3   51    8    102    0    745    875    748     77 1622.9337    0.004
P-n51-k10 	BT-3   51    8    102    1    745    748    748     68 1622.8871    0.004
P-n51-k10 	BT-3   51   26    102    0    745    875    748     76 573.7980    0.004
P-n51-k10 	BT-3   51   26    102    1    745    748    748     69 573.7903    0.004
P-n51-k10 	BT-3   51   17    204    0    745    903    757    459   2.2730    0.016
P-n51-k10 	BT-3   51   17    204    1    745    890    778    222   1.0819    0.044
P-n51-k10 	BT-3   51    8    102    0    745    875    748     77 1724.7374    0.004
P-n51-k10 	BT-3   51    8    102    1    745    748    748     70 1724.6949    0.004
P-n51-k10 	BT-3   51   26    102    0    745    875    748     80 879.2056    0.004
P-n51-k10 	BT-3   51   26    102    1    745    748    748     74 879.1783    0.004
P-n51-k10 	BT-3   51   17    204    0    745    903    806    328   1.6103    0.082
P-n51-k10 	BT-3   51   17    204    1    745    890    805    200   0.9439    0.081
P-n51-k10 	BT-3   51    8    102    0    745    875    748     75 -1654.8298    0.004
P-n51-k10 	BT-3   51    8    102    1    745    748    748     72 -1654.8612    0.004
P-n51-k10 	BT-3   51   26    102    0    745    875    748     70 -669.5963    0.004
P-n51-k10 	BT-3   51   26    102    1    745    748    748     73 -669.5729    0.004
P-n51-k10 	BT-3   51   17    204    0    745    903    751    405   2.0706    0.008
P-n51-k10 	BT-3   51   17    204    1    745    890    774    221   1.1495    0.039
P-n51-k10 	BT-3   51    8    102    0    745    875    748     78 -2005.4960    0.004
P-n51-k10 	BT-3   51    8    102    1    745    748    748     70 -2005.5243    0.004
P-n51-k10 	BT-3   51   26    102    0    745    875    748     73 -1721.5807    0.004
P-n51-k10 	BT-3   51   26    102    1    745    748    748     70 -1721.5900    0.004
P-n51-k10 	BT-3   51   17    204    0    745    903    806    575   2.9913    0.082
P-n51-k10 	BT-3   51   17    204    1    745    890    757    318   1.5750    0.016
P-n51-k10 	BT-3   51    8    102    0    745    875    748     80 -865.1878    0.004
P-n51-k10 	BT-3   51    8    102    1    745    748    748     73 -865.2128    0.004
P-n51-k10 	BT-3   51   26    102    0    745    875    748     75 1699.3705    0.004
P-n51-k10 	BT-3   51   26    102    1    745    748    748     73 1699.3844    0.004
P-n51-k10 	BT-3   51   17    204    0    745    903    770    262   1.2716    0.034
P-n51-k10 	BT-3   51   17    204    1    745    890    774    324   1.5852    0.039
P-n51-k10 	BT-3   51    8    102    0    745    875    748     76 806.0194    0.004
P-n51-k10 	BT-3   51    8    102    1    745    748    748     69 805.9873    0.004
P-n51-k10 	BT-3   51   26    102    0    745    875    748     78 -1876.9486    0.004
P-n51-k10 	BT-3   51   26    102    1    745    748    748     71 -1876.9735    0.004
P-n51-k10 	BT-3   51   17    204    0    745    903    810    234   1.1196    0.087
P-n51-k10 	BT-3   51   17    204    1    745    890    780    374   1.7677    0.047
P-n51-k10 	BT-3   51    8    102    0    745    875    748     71 -1333.0356    0.004
P-n51-k10 	BT-3   51    8    102    1    745    748    748     74 -1333.0173    0.004
P-n51-k10 	BT-3   51   26    102    0    745    875    748     72 295.8702    0.004
P-n51-k10 	BT-3   51   26    102    1    745    748    748     70 295.8746    0.004
P-n51-k10 	BT-3   51   17    204    0    745    903    761    432   2.2981    0.021
P-n51-k10 	BT-3   51   17    204    1    745    890    774    394   1.9708    0.039
P-n51-k10 	BT-3   51    8    102    0    745    875    748     74 891.9033    0.004
P-n51-k10 	BT-3   51    8    102    1    745    748    748     69 891.8799    0.004
P-n51-k10 	BT-3   51   26    102    0    745    875    748     73 -1619.2958    0.004
P-n51-k10 	BT-3   51   26    102    1    745    748    748     69 -1619.3123    0.004
P-n51-k10 	BT-3   51   17    204    0    745    903    848    302   1.4760    0.138
P-n51-k10 	BT-3   51   17    204    1    745    890    768    343   1.7002    0.031
P-n51-k10 	BT-3   51    8    102    0    745    875    748     76 -559.7432    0.004
P-n51-k10 	BT-3   51    8    102    1    745    748    748     67 -559.7729    0.004
P-n51-k10 	BT-3   51   26    102    0    745    875    748     72 -1679.2725    0.004
P-n51-k10 	BT-3   51   26    102    1    745    748    748     69 -1679.2665    0.004
P-n51-k10 	BT-3   51   17    204    0    745    903    756    645   3.1915    0.015
P-n51-k10 	BT-3   51   17    204    1    745    890    767    295   1.4092    0.030
P-n51-k10 	BT-3   51    8    102    0    745    875    748     70 -738.2389    0.004
P-n51-k10 	BT-3   51    8    102    1    745    748    748     69 -738.2568    0.004
P-n51-k10 	BT-3   51   26    102    0    745    875    748     78 2080.2498    0.004
P-n51-k10 	BT-3   51   26    102    1    745    748    748     71 2080.2183    0.004
P-n51-k10 	BT-3   51   17    204    0    745    903    773    289   1.3905    0.038
P-n51-k10 	BT-3   51   17    204    1    745    890    772    220   1.0533    0.036
P-n51-k10 	BT-3   51    8    102    0    745    875    748     79 1948.1935    0.004
P-n51-k10 	BT-3   51    8    102    1    745    748    748     71 1948.1771    0.004
P-n51-k10 	BT-3   51   26    102    0    745    875    748     73 1549.5734    0.004
P-n51-k10 	BT-3   51   26    102    1    745    748    748     71 1549.5927    0.004
P-n51-k10 	BT-3   51   17    204    0    745    903    760    676   3.5373    0.020
P-n51-k10 	BT-3   51   17    204    1    745    890    783    269   1.3417    0.051
P-n51-k10 	BT-3   51    8    102    0    745    875    748     74 358.6588    0.004
P-n51-k10 	BT-3   51    8    102    1    745    748    748     73 358.6624    0.004
P-n51-k10 	BT-3   51   26    102    0    745    875    748     73 1075.9711    0.004
P-n51-k10 	BT-3   51   26    102    1    745    748    748     73 1076.0016    0.004
P-n51-k10 	BT-3   51   17    204    0    745    903    761    262   1.2716    0.021
P-n51-k10 	BT-3   51   17    204    1    745    890    782    242   1.1657    0.050
P-n51-k10 	BT-3   51    8    102    0    745    875    748     74 -1064.5679    0.004
P-n51-k10 	BT-3   51    8    102    1    745    748    748     64 -1064.6160    0.004
P-n51-k10 	BT-3   51   26    102    0    745    875    748     76 1101.2317    0.004
P-n51-k10 	BT-3   51   26    102    1    745    748    748     80 1101.2556    0.004
P-n51-k10 	BT-3   51   17    204    0    745    903    770    236   1.2756    0.034
P-n51-k10 	BT-3   51   17    204    1    745    890    764    340   1.6665    0.026
P-n51-k10 	BT-3   51    8    102    0    745    875    748     75 -988.3337    0.004
P-n51-k10 	BT-3   51    8    102    1    745    748    748     72 -988.3152    0.004
P-n51-k10 	BT-3   51   26    102    0    745    875    748     74 1330.0505    0.004
P-n51-k10 	BT-3   51   26    102    1    745    748    748     68 1329.9857    0.004
P-n51-k10 	BT-3   51   17    204    0    745    903    848    273   1.3582    0.138
P-n51-k10 	BT-3   51   17    204    1    745    890    787    283   1.3635    0.056
P-n51-k10 	BT-3   51    8    102    0    745    875    748     78 -302.1960    0.004
P-n51-k10 	BT-3   51    8    102    1    745    748    748     72 -302.2277    0.004
P-n51-k10 	BT-3   51   26    102    0    745    875    748     70 -906.6721    0.004
P-n51-k10 	BT-3   51   26    102    1    745    748    748     72 -906.6411    0.004
P-n51-k10 	BT-3   51   17    204    0    745    903    778    214   1.0860    0.044
P-n51-k10 	BT-3   51   17    204    1    745    890    768    230   1.1406    0.031
P-n51-k10 	BT-3   51    8    102    0    745    875    748     73 1577.2344    0.004
P-n51-k10 	BT-3   51    8    102    1    745    748    748     75 1577.2374    0.004
P-n51-k10 	BT-3   51   26    102    0    745    875    748     74 436.7402    0.004
P-n51-k10 	BT-3   51   26    102    1    745    748    748     75 436.7603    0.004
P-n51-k10 	BT-3   51   17    204    0    745    903    768    290   1.3896    0.031
P-n51-k10 	BT-3   51   17    204    1    745    890    762    284   1.3961    0.023
P-n51-k10 	BT-3   51    8    102    0    745    875    748     71 1313.0159    0.004
P-n51-k10 	BT-3   51    8    102    1    745    748    748     69 1313.0040    0.004
P-n51-k10 	BT-3   51   26    102    0    745    875    748     72 -355.9314    0.004
P-n51-k10 	BT-3   51   26    102    1    745    748    748     70 -355.9168    0.004
P-n51-k10 	BT-3   51   17    204    0    745    903    773    255   1.2066    0.038
P-n51-k10 	BT-3   51   17    204    1    745    890    758    409   1.9692    0.017
P-n51-k10 	BT-3   51    8    102    0    745    875    748     80 -1064.5659    0.004
P-n51-k10 	BT-3   51    8    102    1    745    748    748     69 -1064.6074    0.004
P-n51-k10 	BT-3   51   26    102    0    745    875    749     75 1101.2157    0.005
P-n51-k10 	BT-3   51   26    102    1    745    748    748     67 1101.1670    0.004
P-n51-k10 	BT-3   51   17    204    0    745    903    756    496   2.4700    0.015
P-n51-k10 	BT-3   51   17    204    1    745    890    791    226   1.0904    0.062
P-n51-k10 	BT-3   51    8    102    0    745    875    748     77 -987.8062    0.004
P-n51-k10 	BT-3   51    8    102    1    745    748    748     67 -987.8355    0.004
P-n51-k10 	BT-3   51   26    102    0    745    875    748     83 1331.5476    0.004
P-n51-k10 	BT-3   51   26    102    1    745    748    748     73 1331.5015    0.004
P-n51-k10 	BT-3   51   17    204    0    745    903    773    295   1.4170    0.038
P-n51-k10 	BT-3   51   17    204    1    745    890    782    212   0.9856    0.050
P-n51-k10 	BT-3   51    8    102    0    745    875    748     79 -297.9851    0.004
P-n51-k10 	BT-3   51    8    102    1    745    748    748     72 -298.0173    0.004
P-n51-k10 	BT-3   51   26    102    0    745    875    748     74 -894.0086    0.004
P-n51-k10 	BT-3   51   26    102    1    745    748    748     72 -894.0153    0.004
P-n51-k10 	BT-3   51   17    204    0    745    903    762    385   1.9119    0.023
P-n51-k10 	BT-3   51   17    204    1    745    890    766    217   1.0724    0.028
P-n51-k10 	BT-3   51    8    102    0    745    875    748     81 1615.9377    0.004
P-n51-k10 	BT-3   51    8    102    1    745    748    748     75 1615.9323    0.004
P-n51-k10 	BT-3   51   26    102    0    745    875    748     75 552.8147    0.004
P-n51-k10 	BT-3   51   26    102    1    745    748    748     73 552.8143    0.004
P-n51-k10 	BT-3   51   17    204    0    745    903    811    337   1.6575    0.089
P-n51-k10 	BT-3   51   17    204    1    745    890    785    274   1.3205    0.054
P-n51-k10 	BT-3   51    8    102    0    745    875    748     71 1661.4081    0.004
P-n51-k10 	BT-3   51    8    102    1    745    748    748     74 1661.4269    0.004
P-n51-k10 	BT-3   51   26    102    0    745    875    748     81 689.3229    0.004
P-n51-k10 	BT-3   51   26    102    1    745    748    748     74 689.2883    0.004
P-n51-k10 	BT-3   51   17    204    0    745    903    762    309   1.5120    0.023
P-n51-k10 	BT-3   51   17    204    1    745    890    771    201   0.9476    0.035
P-n51-k10 	BT-3   51    8    102    0    745    875    748     77 2070.3806    0.004
P-n51-k10 	BT-3   51    8    102    1    745    748    748     63 2070.3184    0.004
P-n51-k10 	BT-3   51   26    102    0    745    875    748     75 1916.0862    0.004
P-n51-k10 	BT-3   51   26    102    1    745    748    748     77 1916.1050    0.004
P-n51-k10 	BT-3   51   17    204    0    745    903    749    402   1.9445    0.005
P-n51-k10 	BT-3   51   17    204    1    745    890    750    383   1.8225    0.007
P-n51-k10 	BT-3   51    8    102    0    745    875    748     76 1457.0861    0.004
P-n51-k10 	BT-3   51    8    102    1    745    748    748     76 1457.0875    0.004
P-n51-k10 	BT-3   51   26    102    0    745    875    748     79  76.3090    0.004
P-n51-k10 	BT-3   51   26    102    1    745    748    748     75  76.2942    0.004
P-n51-k10 	BT-3   51   17    204    0    745    903    757    431   2.0275    0.016
P-n51-k10 	BT-3   51   17    204    1    745    890    751    372   1.8316    0.008
P-n51-k10 	BT-3   51    8    102    0    745    875    748     77 232.7690    0.004
P-n51-k10 	BT-3   51    8    102    1    745    748    748     74 232.7498    0.004
P-n51-k10 	BT-3   51   26    102    0    745    875    748     77 698.2769    0.004
P-n51-k10 	BT-3   51   26    102    1    745    748    748     69 698.2415    0.004
P-n51-k10 	BT-3   51   17    204    0    745    903    741    406   1.9200   -0.005
P-n51-k10 	BT-3   51   17    204    1    745    890    774    216   1.0173    0.039
P-n51-k10 	BT-3   51    8    102    0    745    748    741     71 2097.7078   -0.005
P-n51-k10 	BT-3   51    8    102    1    745    741    741     75 2097.7292   -0.005
P-n51-k10 	BT-3   51   26    102    0    745    748    741     84 1998.2349   -0.005
P-n51-k10 	BT-3   51   26    102    1    745    741    741     72 1998.1879   -0.005
P-n51-k10 	BT-3   51   17    204    0    745    903    751    637   3.1274    0.008
P-n51-k10 	BT-3   51   17    204    1    745    890    777    255   1.2091    0.043
P-n51-k10 	BT-3   51    8    102    0    745    748    741     69 1703.9618   -0.005
P-n51-k10 	BT-3   51    8    102    1    745    741    741     75 1703.9940   -0.005
P-n51-k10 	BT-3   51   26    102    0    745    748    741     76 816.9875   -0.005
P-n51-k10 	BT-3   51   26    102    1    745    741    741     74 816.9821   -0.005
P-n51-k10 	BT-3   51   17    204    0    745    903    811    272   1.3481    0.089
P-n51-k10 	BT-3   51   17    204    1    745    890    769    383   1.8562    0.032
P-n51-k10 	BT-3   51    8    102    0    745    748    741     75 -1840.8162   -0.005
P-n51-k10 	BT-3   51    8    102    1    745    741    741     71 -1840.8297   -0.005
P-n51-k10 	BT-3   51   26    102    0    745    748    741     69 -1227.5250   -0.005
P-n51-k10 	BT-3   51   26    102    1    745    741    741     65 -1227.5447   -0.005
P-n51-k10 	BT-3   51   17    204    0    745    903    768    302   1.5005    0.031
P-n51-k10 	BT-3   51   17    204    1    745    890    768    320   1.5541    0.031
P-n51-k10 	BT-3   51    8    102    0    745    748    741     70 615.4313   -0.005
P-n51-k10 	BT-3   51    8    102    1    745    741    741     69 615.4511   -0.005
P-n51-k10 	BT-3   51   26    102    0    745    748    741     72 1846.3303   -0.005
P-n51-k10 	BT-3   51   26    102    1    745    741    741     69 1846.3298   -0.005
P-n51-k10 	BT-3   51   17    204    0    745    903    848    270   1.3602    0.138
P-n51-k10 	BT-3   51   17    204    1    745    890    804    206   1.0127    0.079
P-n51-k10 	BT-3   51    8    102    0    745    748    741     65 1246.3713   -0.005
P-n51-k10 	BT-3   51    8    102    1    745    741    741     73 1246.4039   -0.005
P-n51-k10 	BT-3   51   26    102    0    745    748    741     69 -555.8137   -0.005
P-n51-k10 	BT-3   51   26    102    1    745    741    741     75 -555.7843   -0.005
P-n51-k10 	BT-3   51   17    204    0    745    903    773    251   1.1964    0.038
P-n51-k10 	BT-3   51   17    204    1    745    890    771    269   1.2708    0.035
P-n51-k10 	BT-3   51    8    102    0    745    748    741     75 -1664.9167   -0.005
P-n51-k10 	BT-3   51    8    102    1    745    741    741     74 -1664.9189   -0.005
P-n51-k10 	BT-3   51   26    102    0    745    748    741     76 -699.7746   -0.005
P-n51-k10 	BT-3   51   26    102    1    745    741    741     72 -699.8004   -0.005
P-n51-k10 	BT-3   51   17    204    0    745    903    760    379   1.8727    0.020
P-n51-k10 	BT-3   51   17    204    1    745    890    768    285   1.4034    0.031
P-n51-k10 	BT-3   51    8    102    0    745    748    741     68 -2096.1167   -0.005
P-n51-k10 	BT-3   51    8    102    1    745    741    741     62 -2096.1428   -0.005
P-n51-k10 	BT-3   51   26    102    0    745    748    741     69 -1993.3975   -0.005
P-n51-k10 	BT-3   51   26    102    1    745    741    741     74 -1993.3778   -0.005
P-n51-k10 	BT-3   51   17    204    0    745    903    824    415   2.0649    0.106
P-n51-k10 	BT-3   51   17    204    1    745    890    770    267   1.2477    0.034
P-n51-k10 	BT-3   51    8    102    0    745    748    741     75 -1681.8712   -0.005
P-n51-k10 	BT-3   51    8    102    1    745    741    741     72 -1681.8855   -0.005
P-n51-k10 	BT-3   51   26    102    0    745    748    741     74 -750.6697   -0.005
P-n51-k10 	BT-3   51   26    102    1    745    741    741     75 -750.6596   -0.005
P-n51-k10 	BT-3   51   17    204    0    745    903    760    359   1.7183    0.020
P-n51-k10 	BT-3   51   17    204    1    745    890    795    221   1.0576    0.067
P-n51-k10 	BT-3   51    8    102    0    745    748    741     74 2045.7456   -0.005
P-n51-k10 	BT-3   51    8    102    1    745    741    741     76 2045.7622   -0.005
P-n51-k10 	BT-3   51   26    102    0    745    748    741     69 1842.2583   -0.005
P-n51-k10 	BT-3   51   26    102    1    745    741    741     72 1842.2825   -0.005
P-n51-k10 	BT-3   51   17    204    0    745    903    759    281   1.3642    0.019
P-n51-k10 	BT-3   51   17    204    1    745    890    783    334   1.6292    0.051
P-n51-k10 	BT-3   51    8    102    0    745    748    741     70 1234.8359   -0.005
P-n51-k10 	BT-3   51    8    102    1    745    741    741     73 1234.8519   -0.005
P-n51-k10 	BT-3   51   26    102    0    745    748    741     73 -590.4298   -0.005
P-n51-k10 	BT-3   51   26    102    1    745    741    741     69 -590.4453   -0.005
P-n51-k10 	BT-3   51   17    204    0    745    903    750    483   2.3267    0.007
P-n51-k10 	BT-3   51   17    204    1    745    890    797    280   1.3355    0.070
P-n51-k10 	BT-3   51    8    102    0    745    748    741     76 -1767.6245   -0.005
P-n51-k10 	BT-3   51    8    102    1    745    741    741     68 -1767.6605   -0.005
P-n51-k10 	BT-3   51   26    102    0    745    748    741     70 -1007.9719   -0.005
P-n51-k10 	BT-3   51   26    102    1    745    741    741     66 -1007.9916   -0.005
P-n51-k10 	BT-3   51   17    204    0    745    903    750    357   1.7072    0.007
P-n51-k10 	BT-3   51   17    204    1    745    890    770    223   1.1208    0.034
P-n51-k10 	BT-3   51    8    102    0    745    748    741     72 1273.8645   -0.005
P-n51-k10 	BT-3   51    8    102    1    745    741    741     72 1273.8727   -0.005
P-n51-k10 	BT-3   51   26    102    0    745    748    741     77 -473.3214   -0.005
P-n51-k10 	BT-3   51   26    102    1    745    741    741     73 -473.3406   -0.005
P-n51-k10 	BT-3   51   17    204    0    745    903    767    276   1.3849    0.030
P-n51-k10 	BT-3   51   17    204    1    745    890    782    324   1.6444    0.050
P-n51-k10 	BT-3   51    8    102    0    745    748    741     71 -1416.9939   -0.005
P-n51-k10 	BT-3   51    8    102    1    745    741    741     68 -1416.9679   -0.005
P-n51-k10 	BT-3   51   26    102    0    745    748    741     74  44.0504   -0.005
P-n51-k10 	BT-3   51   26    102    1    745    741    741     70  44.0140   -0.005
P-n51-k10 	BT-3   51   17    204    0    745    903    759    328   1.5921    0.019
P-n51-k10 	BT-3   51   17    204    1    745    890    771    226   1.1057    0.035
P-n51-k10 	BT-3   51    8    102    0    745    748    741     83 134.8273   -0.005
P-n51-k10 	BT-3   51    8    102    1    745    741    741     68 134.7601   -0.005
P-n51-k10 	BT-3   51   26    102    0    745    748    741     75 404.3833   -0.005
P-n51-k10 	BT-3   51   26    102    1    745    741    741     66 404.3375   -0.005
P-n51-k10 	BT-3   51   17    204    0    745    903    811    285   1.4216    0.089
P-n51-k10 	BT-3   51   17    204    1    745    890    771    201   1.0112    0.035
P-n51-k10 	BT-3   51    8    102    0    745    748    741     72 1215.5165   -0.005
P-n51-k10 	BT-3   51    8    102    1    745    741    741     71 1215.5167   -0.005
P-n51-k10 	BT-3   51   26    102    0    745    748    741     71 -648.4269   -0.005
P-n51-k10 	BT-3   51   26    102    1    745    741    741     71 -648.4133   -0.005
P-n51-k10 	BT-3   51   17    204    0    745    903    770    269   1.3053    0.034
P-n51-k10 	BT-3   51   17    204    1    745    890    771    237   1.1651    0.035
P-n51-k10 	BT-3   51    8    102    0    745    748    741     72 -1942.7874   -0.005
P-n51-k10 	BT-3   51    8    102    1    745    741    741     70 -1942.7844   -0.005
P-n51-k10 	BT-3   51   26    102    0    745    748    741     68 -1533.4114   -0.005
P-n51-k10 	BT-3   51   26    102    1    745    741    741     72 -1533.3920   -0.005
P-n51-k10 	BT-3   51   17    204    0    745    903    793    316   1.5495    0.064
P-n51-k10 	BT-3   51   17    204    1    745    890    792    211   1.0631    0.063
P-n51-k10 	BT-3   51    8    102    0    745    748    741     77 -302.5735   -0.005
P-n51-k10 	BT-3   51    8    102    1    745    741    741     68 -302.6225   -0.005
P-n51-k10 	BT-3   51   26    102    0    745    748    741     71 -907.8206   -0.005
P-n51-k10 	BT-3   51   26    102    1    745    741    741     68 -907.8278   -0.005
P-n51-k10 	BT-3   51   17    204    0    745    903    766    584   2.8735    0.028
P-n51-k10 	BT-3   51   17    204    1    745    890    774    217   1.0869    0.039
P-n51-k10 	BT-3   51    8    102    0    745    748    741     73 1575.4709   -0.005
P-n51-k10 	BT-3   51    8    102    1    745    741    741     71 1575.4615   -0.005
P-n51-k10 	BT-3   51   26    102    0    745    748    741     71 431.4382   -0.005
P-n51-k10 	BT-3   51   26    102    1    745    741    741     74 431.4520   -0.005
P-n51-k10 	BT-3   51   17    204    0    745    903    770    288   1.4196    0.034
P-n51-k10 	BT-3   51   17    204    1    745    890    763    204   0.9877    0.024
P-n51-k10 	BT-3   51    8    102    0    745    748    741     76 1296.7496   -0.005
P-n51-k10 	BT-3   51    8    102    1    745    741    741     71 1296.7301   -0.005
P-n51-k10 	BT-3   51   26    102    0    745    748    741     71 -404.7518   -0.005
P-n51-k10 	BT-3   51   26    102    1    745    741    741     67 -404.7827   -0.005
P-n51-k10 	BT-3   51   17    204    0    745    903    762    262   1.2886    0.023
P-n51-k10 	BT-3   51   17    204    1    745    890    792    323   1.6058    0.063
P-n51-k10 	BT-3   51    8    102    0    745    748    741     75 -1211.3892   -0.005
P-n51-k10 	BT-3   51    8    102    1    745    741    741     71 -1211.3998   -0.005
P-n51-k10 	BT-3   51   26    102    0    745    748    741     74 660.8011   -0.005
P-n51-k10 	BT-3   51   26    102    1    745    741    741     66 660.7737   -0.005
P-n51-k10 	BT-3   51   17    204    0    745    903    811    214   1.0670    0.089
P-n51-k10 	BT-3   51   17    204    1    745    890    771    362   1.7303    0.035
P-n51-k10 	BT-3   51    8    102    0    745    748    741     71 1985.1741   -0.005
P-n51-k10 	BT-3   51    8    102    1    745    741    741     69 1985.1459   -0.005
P-n51-k10 	BT-3   51   26    102    0    745    748    741     73 1660.5092   -0.005
P-n51-k10 	BT-3   51   26    102    1    745    741    741     76 1660.5291   -0.005
P-n51-k10 	BT-3   51   17    204    0    745    903    772    295   1.4652    0.036
P-n51-k10 	BT-3   51   17    204    1    745    890    771    254   1.2515    0.035
P-n51-k10 	BT-3   51    8    102    0    745    748    741     75 689.3057   -0.005
P-n51-k10 	BT-3   51    8    102    1    745    741    741     76 689.3185   -0.005
P-n51-k10 	BT-3   51   26    102    0    745    748    741     72 2067.9158   -0.005
P-n51-k10 	BT-3   51   26    102    1    745    741    741     71 2067.9163   -0.005
P-n51-k10 	BT-3   51   17    204    0    745    903    802    249   1.2049    0.077
P-n51-k10 	BT-3   51   17    204    1    745    890    764    293   1.4175    0.026
P-n51-k10 	BT-3   51    8    102    0    745    748    741     74 1911.4126   -0.005
P-n51-k10 	BT-3   51    8    102    1    745    741    741     67 1911.3870   -0.005
P-n51-k10 	BT-3   51   26    102    0    745    748    741     75 1439.2476   -0.005
P-n51-k10 	BT-3   51   26    102    1    745    741    741     76 1439.2577   -0.005
P-n51-k10 	BT-3   51   17    204    0    745    903    769    359   1.8324    0.032
P-n51-k10 	BT-3   51   17    204    1    745    890    748    454   2.2003    0.004
P-n51-k10 	BT-3   51    8    102    0    745    748    741     72  26.8134   -0.005
P-n51-k10 	BT-3   51    8    102    1    745    741    741     71  26.8150   -0.005
P-n51-k10 	BT-3   51   26    102    0    745    748    741     67  80.4203   -0.005
P-n51-k10 	BT-3   51   26    102    1    745    741    741     76  80.5346   -0.005
P-n51-k10 	BT-3   51   17    204    0    745    903    778    421   2.0465    0.044
P-n51-k10 	BT-3   51   17    204    1    745    890    759    312   1.5397    0.019
P-n51-k10 	BT-3   51    8    102    0    745    748    741     72 244.9792   -0.005
P-n51-k10 	BT-3   51    8    102    1    745    741    741     73 244.9916   -0.005
P-n51-k10 	BT-3   51   26    102    0    745    748    741     67 734.9195   -0.005
P-n51-k10 	BT-3   51   26    102    1    745    741    741     64 734.9114   -0.005
P-n51-k10 	BT-3   51   17    204    0    745    903    766    244   1.1783    0.028
P-n51-k10 	BT-3   51   17    204    1    745    890    773    215   1.0491    0.038
P-n51-k10 	BT-3   51    8    102    0    745    748    741     68 -2087.9658   -0.005
P-n51-k10 	BT-3   51    8    102    1    745    741    741     69 -2087.9563   -0.005
P-n51-k10 	BT-3   51   26    102    0    745    748    741     72 -1968.8959   -0.005
P-n51-k10 	BT-3   51   26    102    1    745    741    741     79 -1968.8824   -0.005
P-n51-k10 	BT-3   51   17    204    0    745    903    750    352   1.7882    0.007
P-n51-k10 	BT-3   51   17    204    1    745    890    760    247   1.2147    0.020
P-n51-k10 	BT-3   51    8    102    0    745    748    741     74 -1608.7067   -0.005
P-n51-k10 	BT-3   51    8    102    1    745    741    741     67 -1608.7394   -0.005
P-n51-k10 	BT-3   51   26    102    0    745    748    741     74 -531.1970   -0.005
P-n51-k10 	BT-3   51   26    102    1    745    741    741     72 -531.1974   -0.005
P-n51-k10 	BT-3   51   17    204    0    745    903    779    317   1.5480    0.046
P-n51-k10 	BT-3   51   17    204    1    745    890    758    242   1.1435    0.017
P-n51-k10 	BT-3   51    8    102    0    745    748    741     73 -1590.9012   -0.005
P-n51-k10 	BT-3   51    8    102    1    745    741    741     74 -1590.8984   -0.005
P-n51-k10 	BT-3   51   26    102    0    745    748    741     68 -477.7599   -0.005
P-n51-k10 	BT-3   51   26    102    1    745    741    741     65 -477.7656   -0.005
P-n51-k10 	BT-3   51   17    204    0    745    903    773    243   1.1600    0.038
P-n51-k10 	BT-3   51   17    204    1    745    890    747    475   2.3143    0.003
P-n51-k10 	BT-3   51    8    102    0    745    748    741     67 -1429.8099   -0.005
P-n51-k10 	BT-3   51    8    102    1    745    741    741     74 -1429.7778   -0.005
P-n51-k10 	BT-3   51   26    102    0    745    748    741     77   5.6118   -0.005
P-n51-k10 	BT-3   51   26    102    1    745    741    741     71   5.5873   -0.005
P-n51-k10 	BT-3   51   17    204    0    745    903    794    290   1.3816    0.066
P-n51-k10 	BT-3   51   17    204    1    745    890    784    309   1.4884    0.052
P-n51-k10 	BT-3   51    8    102    0    745    748    741     72  19.6557   -0.005
P-n51-k10 	BT-3   51    8    102    1    745    741    741     70  19.6763   -0.005
P-n51-k10 	BT-3   51   26    102    0    745    748    741     77  59.0172   -0.005
P-n51-k10 	BT-3   51   26    102    1    745    741    741     72  58.9917   -0.005
P-n51-k10 	BT-3   51   17    204    0    745    903    756    390   1.8730    0.015
P-n51-k10 	BT-3   51   17    204    1    745    890    755    506   2.4849    0.013
P-n51-k10 	BT-3   51    8    102    0    745    748    741     69 181.3484   -0.005
P-n51-k10 	BT-3   51    8    102    1    745    741    741     71 181.3700   -0.005
P-n51-k10 	BT-3   51   26    102    0    745    748    741     73 544.0838   -0.005
P-n51-k10 	BT-3   51   26    102    1    745    741    741     73 544.0899   -0.005
P-n51-k10 	BT-3   51   17    204    0    745    903    781    283   1.4041    0.048
P-n51-k10 	BT-3   51   17    204    1    745    890    795    220   1.0854    0.067
P-n51-k10 	BT-3   51    8    102    0    745    748    741     66 1634.7104   -0.005
P-n51-k10 	BT-3   51    8    102    1    745    741    741     72 1634.7422   -0.005
P-n51-k10 	BT-3   51   26    102    0    745    748    741     74 609.2493   -0.005
P-n51-k10 	BT-3   51   26    102    1    745    741    741     70 609.2479   -0.005
P-n51-k10 	BT-3   51   17    204    0    745    903    755    642   3.2720    0.013
P-n51-k10 	BT-3   51   17    204    1    745    890    790    255   1.4844    0.060
P-n51-k10 	BT-3   51    8    102    0    745    748    741     71 1832.4890   -0.005
P-n51-k10 	BT-3   51    8    102    1    745    741    741     74 1832.5012   -0.005
P-n51-k10 	BT-3   51   26    102    0    745    748    741     65 1202.4862   -0.005
P-n51-k10 	BT-3   51   26    102    1    745    741    741     70 1202.5021   -0.005
P-n51-k10 	BT-3   51   17    204    0    745    903    766    420   2.1055    0.028
P-n51-k10 	BT-3   51   17    204    1    745    890    774    328   1.6873    0.039
P-n51-k10 	BT-3   51    8    102    0    745    748    741     77 -683.6561   -0.005
P-n51-k10 	BT-3   51    8    102    1    745    741    741     73 -683.6680   -0.005
P-n51-k10 	BT-3   51   26    102    0    745    748    741     74 -2050.9902   -0.005
P-n51-k10 	BT-3   51   26    102    1    745    741    741     77 -2050.9727   -0.005
P-n51-k10 	BT-3   51   17    204    0    745    903    759    493   2.5003    0.019
P-n51-k10 	BT-3   51   17    204    1    745    890    767    205   1.0464    0.030
P-n51-k10 	BT-3   51    8    102    0    745    748    741     78 -1854.3795   -0.005
P-n51-k10 	BT-3   51    8    102    1    745    741    741     68 -1854.4575   -0.005
P-n51-k10 	BT-3   51   26    102    0    745    748    741     71 -1268.3342   -0.005
P-n51-k10 	BT-3   51   26    102    1    745    741    741     69 -1268.3436   -0.005
P-n51-k10 	BT-3   51   17    204    0    745    903    811    217   1.1024    0.089
P-n51-k10 	BT-3   51   17    204    1    745    890    761    333   1.6630    0.021
P-n51-k10 	BT-3   51    8    102    0    745    748    741     75 492.7357   -0.005
P-n51-k10 	BT-3   51    8    102    1    745    741    741     64 492.6926   -0.005
P-n51-k10 	BT-3   51   26    102    0    745    748    741     67 1478.1263   -0.005
P-n51-k10 	BT-3   51   26    102    1    745    741    741     73 1478.1588   -0.005
P-n51-k10 	BT-3   51   17    204    0    745    903    776    297   1.4395    0.042
P-n51-k10 	BT-3   51   17    204    1    745    890    755    243   1.1572    0.013
P-n51-k10 	BT-3   51    8    102    0    745    748    741     69 142.0549   -0.005
P-n51-k10 	BT-3   51    8    102    1    745    741    741     69 142.0597   -0.005
P-n51-k10 	BT-3   51   26    102    0    745    748    741     71 426.1853   -0.005
P-n51-k10 	BT-3   51   26    102    1    745    741    741     73 426.1953   -0.005
P-n51-k10 	BT-3   51   17    204    0    745    903    756    502   2.4437    0.015
P-n51-k10 	BT-3   51   17    204    1    745    890    780    262   1.2212    0.047
P-n51-k10 	BT-3   51    8    102    0    745    748    741     72 1282.2255   -0.005
P-n51-k10 	BT-3   51    8    102    1    745    741    741     72 1282.2393   -0.005
P-n51-k10 	BT-3   51   26    102    0    745    748    741     77 -448.2512   -0.005
P-n51-k10 	BT-3   51   26    102    1    745    741    741     70 -448.2804   -0.005
P-n51-k10 	BT-3   51   17    204    0    745    903    761    431   2.0843    0.021
P-n51-k10 	BT-3   51   17    204    1    745    890    778    327   1.6048    0.044
P-n51-k10 	BT-3   51    8    102    0    745    748    741     73 -1341.0966   -0.005
P-n51-k10 	BT-3   51    8    102    1    745    741    741     73 -1341.0997   -0.005
P-n51-k10 	BT-3   51   26    102    0    745    748    741     72 271.6684   -0.005
P-n51-k10 	BT-3   51   26    102    1    745    741    741     73 271.6565   -0.005
P-n51-k10 	BT-3   51   17    204    0    745    903    764    518   2.5251    0.026
P-n51-k10 	BT-3   51   17    204    1    745    890    762    530   2.5126    0.023
P-n51-k10 	BT-3   51    8    102    0    745    748    741     72 820.0253   -0.005
P-n51-k10 	BT-3   51    8    102    1    745    741    741     72 820.0373   -0.005
P-n51-k10 	BT-3   51   26    102    0    745    748    741     75 -1834.8800   -0.005
P-n51-k10 	BT-3   51   26    102    1    745    741    741     69 -1834.8949   -0.005
P-n51-k10 	BT-3   51   17    204    0    745    903    760    313   1.5332    0.020
P-n51-k10 	BT-3   51   17    204    1    745    890    756    214   1.0331    0.015
P-n51-k10 	BT-3   51    8    102    0    745    748    741     73 -1207.1213   -0.005
P-n51-k10 	BT-3   51    8    102    1    745    741    741     68 -1207.1462   -0.005
P-n51-k10 	BT-3   51   26    102    0    745    748    741     71 673.5615   -0.005
P-n51-k10 	BT-3   51   26    102    1    745    741    741     74 673.5757   -0.005
P-n51-k10 	BT-3   51   17    204    0    745    903    765    268   1.2798    0.027
P-n51-k10 	BT-3   51   17    204    1    745    890    773    478   2.2409    0.038
P-n51-k10 	BT-3   51    8    102    0    745    748    741     73 2024.2307   -0.005
P-n51-k10 	BT-3   51    8    102    1    745    741    741     73 2024.2362   -0.005
P-n51-k10 	BT-3   51   26    102    0    745    748    741     75 1777.7413   -0.005
P-n51-k10 	BT-3   51   26    102    1    745    741    741     76 1777.7476   -0.005
P-n51-k10 	BT-3   51   17    204    0    745    903    765    276   1.3066    0.027
P-n51-k10 	BT-3   51   17    204    1    745    890    759    499   2.4049    0.019
P-n51-k10 	BT-3   51    8    102    0    745    748    741     71 1041.9652   -0.005
P-n51-k10 	BT-3   51    8    102    1    745    741    741     71 1041.9658   -0.005
P-n51-k10 	BT-3   51   26    102    0    745    748    741     77 -1169.0551   -0.005
P-n51-k10 	BT-3   51   26    102    1    745    741    741     71 -1169.0792   -0.005
P-n51-k10 	BT-3   51   17    204    0    745    903    850    338   1.6479    0.141
P-n51-k10 	BT-3   51   17    204    1    745    890    758    426   2.0560    0.017
P-n51-k10 	BT-3   51    8    102    0    745    748    741     69 791.4466   -0.005
P-n51-k10 	BT-3   51    8    102    1    745    741    741     76 791.4836   -0.005
P-n51-k10 	BT-3   51   26    102    0    745    748    741     71 -1920.5815   -0.005
P-n51-k10 	BT-3   51   26    102    1    745    741    741     71 -1920.5740   -0.005
P-n51-k10 	BT-3   51   17    204    0    745    903    762    584   2.8064    0.023
P-n51-k10 	BT-3   51   17    204    1    745    890    776    207   0.9767    0.042
P-n51-k10 	BT-3   51    8    102    0    745    748    741     73 -1462.9769   -0.005
P-n51-k10 	BT-3   51    8    102    1    745    741    741     75 -1462.9640   -0.005
P-n51-k10 	BT-3   51   26    102    0    745    748    741     73 -93.9522   -0.005
P-n51-k10 	BT-3   51   26    102    1    745    741    741     75 -93.9365   -0.005
P-n51-k10 	BT-3   51   17    204    0    745    903    774    282   1.3516    0.039
P-n51-k10 	BT-3   51   17    204    1    745    890    761    235   1.0953    0.021
P-n51-k10 	BT-3   51    8    102    0    745    748    741     72 -279.3984   -0.005
P-n51-k10 	BT-3   51    8    102    1    745    741    741     69 -279.4065   -0.005
P-n51-k10 	BT-3   51   26    102    0    745    748    741     70 -838.2126   -0.005
P-n51-k10 	BT-3   51   26    102    1    745    741    741     72 -838.1926   -0.005
P-n51-k10 	BT-3   51   17    204    0    745    903    762    334   1.6211    0.023
P-n51-k10 	BT-3   51   17    204    1    745    890    754    268   1.3037    0.012
P-n51-k10 	BT-3   51    8    102    0    745    748    741     67 1783.2607   -0.005
P-n51-k10 	BT-3   51    8    102    1    745    741    741     73 1783.2990   -0.005
P-n51-k10 	BT-3   51   26    102    0    745    748    741     72 1054.8752   -0.005
P-n51-k10 	BT-3   51   26    102    1    745    741    741     73 1054.8868   -0.005
P-n51-k10 	BT-3   51   17    204    0    745    903    807    233   1.1005    0.083
P-n51-k10 	BT-3   51   17    204    1    745    890    786    283   1.3388    0.055
P-n51-k10 	BT-3   51    8    102    0    745    748    741     73 -1127.8838   -0.005
P-n51-k10 	BT-3   51    8    102    1    745    741    741     71 -1127.8881   -0.005
P-n51-k10 	BT-3   51   26    102    0    745    748    741     66 911.2745   -0.005
P-n51-k10 	BT-3   51   26    102    1    745    741    741     71 911.3046   -0.005
P-n51-k10 	BT-3   51   17    204    0    745    903    771    252   1.2368    0.035
P-n51-k10 	BT-3   51   17    204    1    745    890    759    234   1.1221    0.019
P-n51-k10 	BT-3   51    8    102    0    745    748    741     70 -1558.7322   -0.005
P-n51-k10 	BT-3   51    8    102    1    745    741    741     72 -1558.7189   -0.005
P-n51-k10 	BT-3   51   26    102    0    745    748    741     77 -381.1792   -0.005
P-n51-k10 	BT-3   51   26    102    1    745    741    741     71 -381.2090   -0.005
P-n51-k10 	BT-3   51   17    204    0    745    903    759    522   2.5274    0.019
P-n51-k10 	BT-3   51   17    204    1    745    890    752    280   1.3593    0.009
P-n51-k10 	BT-3   51    8    102    0    745    748    741     69 -1139.7228   -0.005
P-n51-k10 	BT-3   51    8    102    1    745    741    741     69 -1139.7166   -0.005
P-n51-k10 	BT-3   51   26    102    0    745    748    741     72 875.8224   -0.005
P-n51-k10 	BT-3   51   26    102    1    745    741    741     70 875.8225   -0.005
P-n51-k10 	BT-3   51   17    204    0    745    903    815    329   1.6412    0.094
P-n51-k10 	BT-3   51   17    204    1    745    890    768    210   1.0236    0.031
P-n51-k10 	BT-3   51    8    102    0    745    748    741     72 -1664.8386   -0.005
P-n51-k10 	BT-3   51    8    102    1    745    741    741     73 -1664.8291   -0.005
P-n51-k10 	BT-3   51   26    102    0    745    748    741     76 -699.5164   -0.005
P-n51-k10 	BT-3   51   26    102    1    745    741    741     73 -699.5256   -0.005
P-n51-k10 	BT-3   51   17    204    0    745    903    778    223   1.0718    0.044
P-n51-k10 	BT-3   51   17    204    1    745    890    764    224   1.0899    0.026
P-n51-k10 	BT-3   51    8    102    0    745    748    741     69 -2096.4316   -0.005
P-n51-k10 	BT-3   51    8    102    1    745    741    741     71 -2096.4204   -0.005
P-n51-k10 	BT-3   51   26    102    0    745    748    741     74 -1994.2900   -0.005
P-n51-k10 	BT-3   51   26    102    1    745    741    741     73 -1994.2866   -0.005
P-n51-k10 	BT-3   51   17    204    0    745    903    783    281   1.3501    0.051
P-n51-k10 	BT-3   51   17    204    1    745    890    808    333   1.5864    0.085
P-n51-k10 	BT-3   51    8    102    0    745    748    741     70 -1684.9821   -0.005
P-n51-k10 	BT-3   51    8    102    1    745    741    741     71 -1684.9729   -0.005
P-n51-k10 	BT-3   51   26    102    0    745    748    741     75 -759.9486   -0.005
P-n51-k10 	BT-3   51   26    102    1    745    741    741     72 -759.9575   -0.005
P-n51-k10 	BT-3   51   17    204    0    745    903    777    438   2.0969    0.043
P-n51-k10 	BT-3   51   17    204    1    745    890    757    271   1.2553    0.016
P-n51-k10 	BT-3   51    8    102    0    745    748    741     76 2018.4697   -0.005
P-n51-k10 	BT-3   51    8    102    1    745    741    741     75 2018.4740   -0.005
P-n51-k10 	BT-3   51   26    102    0    745    748    741     72 1760.4252   -0.005
P-n51-k10 	BT-3   51   26    102    1    745    741    741     73 1760.4280   -0.005
P-n51-k10 	BT-3   51   17    204    0    745    903    770    260   1.2220    0.034
P-n51-k10 	BT-3   51   17    204    1    745    890    767    459   2.2137    0.030
P-n51-k10 	BT-3   51    8    102    0    745    748    741     73 989.7493   -0.005
P-n51-k10 	BT-3   51    8    102    1    745    741    741     76 989.7712   -0.005
P-n51-k10 	BT-3   51   26    102    0    745    748    741     72 -1325.7018   -0.005
P-n51-k10 	BT-3   51   26    102    1    745    741    741     73 -1325.6932   -0.005
P-n51-k10 	BT-3   51   17    204    0    745    903    770    264   1.2857    0.034
P-n51-k10 	BT-3   51   17    204    1    745    890    773    212   1.0856    0.038
P-n51-k10 	BT-3   51    8    102    0    745    748    741     79 320.2788   -0.005
P-n51-k10 	BT-3   51    8    102    1    745    741    741     75 320.2816   -0.005
P-n51-k10 	BT-3   51   26    102    0    745    748    741     75 960.8248   -0.005
P-n51-k10 	BT-3   51   26    102    1    745    741    741     72 960.9187   -0.005
P-n51-k10 	BT-3   51   17    204    0    745    903    803    276   1.4049    0.078
P-n51-k10 	BT-3   51   17    204    1    745    890    787    477   2.3073    0.056
P-n51-k10 	BT-3   51    8    102    0    745    748    741     75 -1408.6779   -0.005
P-n51-k10 	BT-3   51    8    102    1    745    741    741     68 -1408.7223   -0.005
P-n51-k10 	BT-3   51   26    102    0    745    748    741     72  68.8552   -0.005
P-n51-k10 	BT-3   51   26    102    1    745    741    741     72  68.8634   -0.005
P-n51-k10 	BT-3   51   17    204    0    745    903    781    344   1.6193    0.048
P-n51-k10 	BT-3   51   17    204    1    745    890    761    320   1.5725    0.021
P-n51-k10 	BT-3   51    8    102    0    745    748    741     71 209.7661   -0.005
P-n51-k10 	BT-3   51    8    102    1    745    741    741     73 209.7907   -0.005
P-n51-k10 	BT-3   51   26    102    0    745    748    741     77 629.3587   -0.005
P-n51-k10 	BT-3   51   26    102    1    745    741    741     79 629.3630   -0.005
P-n51-k10 	BT-3   51   17    204    0    745    903    778    225   1.0973    0.044
P-n51-k10 	BT-3   51   17    204    1    745    890    769    216   1.0556    0.032
P-n51-k10 	BT-3   51    8    102    0    745    748    741     70 1890.1973   -0.005
P-n51-k10 	BT-3   51    8    102    1    745    741    741     72 1890.2065   -0.005
P-n51-k10 	BT-3   51   26    102    0    745    748    741     72 1375.6403   -0.005
P-n51-k10 	BT-3   51   26    102    1    745    741    741     72 1375.6411   -0.005
P-n51-k10 	BT-3   51   17    204    0    745    903    760    393   1.9417    0.020
P-n51-k10 	BT-3   51   17    204    1    745    890    786    225   1.0904    0.055
P-n51-k10 	BT-3   51    8    102    0    745    748    741     72 -165.0112   -0.005
P-n51-k10 	BT-3   51    8    102    1    745    741    741     68 -165.0261   -0.005
P-n51-k10 	BT-3   51   26    102    0    745    748    741     69 -495.0664   -0.005
P-n51-k10 	BT-3   51   26    102    1    745    741    741     73 -495.0320   -0.005
P-n51-k10 	BT-3   51   17    204    0    745    903    850    211   1.0734    0.141
P-n51-k10 	BT-3   51   17    204    1    745    890    777    324   1.6175    0.043
P-n51-k10 	BT-3   51    8    102    0    745    748    741     68 -1482.4635   -0.005
P-n51-k10 	BT-3   51    8    102    1    745    741    741     73 -1482.4480   -0.005
P-n51-k10 	BT-3   51   26    102    0    745    748    741     76 -152.3834   -0.005
P-n51-k10 	BT-3   51   26    102    1    745    741    741     78 -152.3737   -0.005
P-n51-k10 	BT-3   51   17    204    0    745    903    811    286   1.5126    0.089
P-n51-k10 	BT-3   51   17    204    1    745    890    769    246   1.1799    0.032
P-n51-k10 	BT-3   51    8    102    0    745    748    741     74 -454.4128   -0.005
P-n51-k10 	BT-3   51    8    102    1    745    741    741     67 -454.4468   -0.005
P-n51-k10 	BT-3   51   26    102    0    745    748    741     81 -1363.2765   -0.005
P-n51-k10 	BT-3   51   26    102    1    745    741    741     73 -1363.3160   -0.005
