B-n41-k6 	BT-1   41   13    164    0    829   1061    838    200   0.2896    0.011
B-n41-k6 	BT-1   41   13    164    1    829   1030    836    173   0.2314    0.008
B-n41-k6 	BT-1   41    8     82    0    829    878    835     89   0.1345    0.007
B-n41-k6 	BT-1   41    8     82    1    829    836    835     89   0.1327    0.007
B-n41-k6 	BT-1   41    4     41    0    829    847    835     44   0.0668    0.007
B-n41-k6 	BT-1   41    4     41    1    829    835    835     41   0.0666    0.007
B-n41-k6 	BT-2   41   13    164    0    829   1061    835    185   0.2421    0.007
B-n41-k6 	BT-2   41   13    164    1    829   1030    843    287   0.3720    0.017
B-n41-k6 	BT-2   41    8     82    0    829    837    836     85   0.1295    0.008
B-n41-k6 	BT-2   41    8     82    1    829    835    835     82   0.1215    0.007
B-n41-k6 	BT-2   41    4     41    0    829    837    836     44   0.0711    0.008
B-n41-k6 	BT-2   41    4     41    1    829    835    835     41   0.0641    0.007
B-n41-k6 	BT-3   41   13    164    0    829   1061    841    284   0.5411    0.014
B-n41-k6 	BT-3   41   13    164    1    829   1030    848    177   0.4190    0.023
B-n41-k6 	BT-3   41    8     82    0    829   1142    840    103   0.2723    0.013
B-n41-k6 	BT-3   41    8     82    1    829    841    841     82   0.2511    0.014
B-n41-k6 	BT-3   41    4     41    0    829   1089    840     49   0.1365    0.013
B-n41-k6 	BT-3   41    4     41    1    829    840    840     41   0.1329    0.013
B-n41-k6 	BT-3   41   13    164    0    829   1061    840    241   0.4939    0.013
B-n41-k6 	BT-3   41   13    164    1    829   1030    848    177   0.4079    0.023
B-n41-k6 	BT-3   41    8     82    0    829   1089    840     90   0.2470    0.013
B-n41-k6 	BT-3   41    8     82    1    829    840    840     82   0.2378    0.013
B-n41-k6 	BT-3   41    4     41    0    829   1089    840     49   0.1367    0.013
B-n41-k6 	BT-3   41    4     41    1    829    840    840     41   0.1302    0.013
B-n41-k6 	BT-3   41   13    164    0    829   1061    839    211   0.4845    0.012
B-n41-k6 	BT-3   41   13    164    1    829   1030    835    204   0.4657    0.007
B-n41-k6 	BT-3   41    8     82    0    829    837    834     90   0.2387    0.006
B-n41-k6 	BT-3   41    8     82    1    829    835    834     84   0.2380    0.006
B-n41-k6 	BT-3   41    4     41    0    829    841    834     42   0.1310    0.006
B-n41-k6 	BT-3   41    4     41    1    829    834    831     61   0.1575    0.002
B-n41-k6 	BT-3   41   13    164    0    829   1061    849    193   0.4289    0.024
B-n41-k6 	BT-3   41   13    164    1    829   1030    848    177   0.4100    0.023
B-n41-k6 	BT-3   41    8     82    0    829    833    831     83   0.2521    0.002
B-n41-k6 	BT-3   41    8     82    1    829    831    831     82   0.2305    0.002
B-n41-k6 	BT-3   41    4     41    0    829    833    831     45   0.1344    0.002
B-n41-k6 	BT-3   41    4     41    1    829    831    831     41   0.1290    0.002
B-n41-k6 	BT-3   41   13    164    0    829   1061    849    202   0.4300    0.024
B-n41-k6 	BT-3   41   13    164    1    829   1030    848    177   0.4074    0.023
B-n41-k6 	BT-3   41    8     82    0    829    833    831     83   0.2311    0.002
B-n41-k6 	BT-3   41    8     82    1    829    831    831     82   0.2290    0.002
B-n41-k6 	BT-3   41    4     41    0    829    833    831     42   0.1302    0.002
B-n41-k6 	BT-3   41    4     41    1    829    831    831     41   0.1296    0.002
B-n41-k6 	BT-3   41   13    164    0    829   1061    848    203   0.4326    0.023
B-n41-k6 	BT-3   41   13    164    1    829   1030    848    177   0.4076    0.023
B-n41-k6 	BT-3   41    8     82    0    829    833    831     83   0.2317    0.002
B-n41-k6 	BT-3   41    8     82    1    829    831    831     82   0.2330    0.002
B-n41-k6 	BT-3   41    4     41    0    829    833    831     42   0.1303    0.002
B-n41-k6 	BT-3   41    4     41    1    829    831    831     41   0.1289    0.002
B-n41-k6 	BT-3   41   13    164    0    829   1061    845    209   0.4426    0.019
B-n41-k6 	BT-3   41   13    164    1    829   1030    848    177   0.4206    0.023
B-n41-k6 	BT-3   41    8     82    0    829    833    831     83   0.2313    0.002
B-n41-k6 	BT-3   41    8     82    1    829    831    831     82   0.2299    0.002
B-n41-k6 	BT-3   41    4     41    0    829    833    831     42   0.1299    0.002
B-n41-k6 	BT-3   41    4     41    1    829    831    831     41   0.1339    0.002
B-n41-k6 	BT-3   41   13    164    0    829   1061    849    188   0.4169    0.024
B-n41-k6 	BT-3   41   13    164    1    829   1030    847    191   0.4164    0.022
B-n41-k6 	BT-3   41    8     82    0    829    833    831     83   0.2338    0.002
B-n41-k6 	BT-3   41    8     82    1    829    831    831     82   0.2293    0.002
B-n41-k6 	BT-3   41    4     41    0    829    833    831     42   0.1298    0.002
B-n41-k6 	BT-3   41    4     41    1    829    831    831     41   0.1290    0.002
B-n41-k6 	BT-3   41   13    164    0    829   1061    849    185   0.4081    0.024
B-n41-k6 	BT-3   41   13    164    1    829   1030    848    177   0.4079    0.023
B-n41-k6 	BT-3   41    8     82    0    829    833    831     83   0.2309    0.002
B-n41-k6 	BT-3   41    8     82    1    829    831    831     82   0.2320    0.002
B-n41-k6 	BT-3   41    4     41    0    829    833    831     42   0.1303    0.002
B-n41-k6 	BT-3   41    4     41    1    829    831    831     41   0.1296    0.002
B-n41-k6 	BT-3   41   13    164    0    829   1061    844    223   0.4533    0.018
B-n41-k6 	BT-3   41   13    164    1    829   1030    848    184   0.4149    0.023
B-n41-k6 	BT-3   41    8     82    0    829    833    831     83   0.2364    0.002
B-n41-k6 	BT-3   41    8     82    1    829    831    831     82   0.2469    0.002
B-n41-k6 	BT-3   41    4     41    0    829    833    831     42   0.1301    0.002
B-n41-k6 	BT-3   41    4     41    1    829    831    831     41   0.1292    0.002
B-n41-k6 	BT-3   41   13    164    0    829   1061    840    293   0.5597    0.013
B-n41-k6 	BT-3   41   13    164    1    829   1030    848    177   0.4083    0.023
B-n41-k6 	BT-3   41    8     82    0    829    833    831     83   0.2319    0.002
B-n41-k6 	BT-3   41    8     82    1    829    831    831     82   0.2297    0.002
B-n41-k6 	BT-3   41    4     41    0    829    833    831     42   0.1301    0.002
B-n41-k6 	BT-3   41    4     41    1    829    831    831     41   0.1291    0.002
B-n41-k6 	BT-3   41   13    164    0    829   1061    834    487   0.7834    0.006
B-n41-k6 	BT-3   41   13    164    1    829   1030    841    245   0.4943    0.014
B-n41-k6 	BT-3   41    8     82    0    829    833    831     83   0.2301    0.002
B-n41-k6 	BT-3   41    8     82    1    829    831    831     82   0.2298    0.002
B-n41-k6 	BT-3   41    4     41    0    829    833    831     42   0.1297    0.002
B-n41-k6 	BT-3   41    4     41    1    829    831    831     41   0.1292    0.002
B-n41-k6 	BT-3   41   13    164    0    829   1061    833    240   0.4759    0.005
B-n41-k6 	BT-3   41   13    164    1    829   1030    848    177   0.4065    0.023
B-n41-k6 	BT-3   41    8     82    0    829    833    831     83   0.2326    0.002
B-n41-k6 	BT-3   41    8     82    1    829    831    831     82   0.2296    0.002
B-n41-k6 	BT-3   41    4     41    0    829    833    831     42   0.1300    0.002
B-n41-k6 	BT-3   41    4     41    1    829    831    831     41   0.1292    0.002
B-n41-k6 	BT-3   41   13    164    0    829   1061    833    228   0.4620    0.005
B-n41-k6 	BT-3   41   13    164    1    829   1030    850    194   0.4242    0.025
B-n41-k6 	BT-3   41    8     82    0    829    833    831     83   0.2299    0.002
B-n41-k6 	BT-3   41    8     82    1    829    831    831     82   0.2298    0.002
B-n41-k6 	BT-3   41    4     41    0    829    833    831     42   0.1305    0.002
B-n41-k6 	BT-3   41    4     41    1    829    831    831     41   0.1301    0.002
B-n41-k6 	BT-3   41   13    164    0    829   1061    843    196   0.4205    0.017
B-n41-k6 	BT-3   41   13    164    1    829   1030    848    177   0.4063    0.023
B-n41-k6 	BT-3   41    8     82    0    829    833    831     83   0.2369    0.002
B-n41-k6 	BT-3   41    8     82    1    829    831    831     82   0.2295    0.002
B-n41-k6 	BT-3   41    4     41    0    829    833    831     42   0.1297    0.002
B-n41-k6 	BT-3   41    4     41    1    829    831    831     41   0.1287    0.002
B-n41-k6 	BT-3   41   13    164    0    829   1061    840    261   0.5121    0.013
B-n41-k6 	BT-3   41   13    164    1    829   1030    848    177   0.4074    0.023
B-n41-k6 	BT-3   41    8     82    0    829    833    831     83   0.2330    0.002
B-n41-k6 	BT-3   41    8     82    1    829    831    831     82   0.2356    0.002
B-n41-k6 	BT-3   41    4     41    0    829    833    831     55   0.1491    0.002
B-n41-k6 	BT-3   41    4     41    1    829    831    831     41   0.1305    0.002
B-n41-k6 	BT-3   41   13    164    0    829   1061    848    193   0.4225    0.023
B-n41-k6 	BT-3   41   13    164    1    829   1030    840    284   0.5732    0.013
B-n41-k6 	BT-3   41    8     82    0    829    833    831     86   0.2550    0.002
B-n41-k6 	BT-3   41    8     82    1    829    831    831     82   0.2315    0.002
B-n41-k6 	BT-3   41    4     41    0    829    833    831     42   0.1305    0.002
B-n41-k6 	BT-3   41    4     41    1    829    831    831     41   0.1298    0.002
B-n41-k6 	BT-3   41   13    164    0    829   1061    859    298   0.5630    0.036
B-n41-k6 	BT-3   41   13    164    1    829   1030    844    195   0.4256    0.018
B-n41-k6 	BT-3   41    8     82    0    829    833    831     83   0.2312    0.002
B-n41-k6 	BT-3   41    8     82    1    829    831    831     82   0.2311    0.002
B-n41-k6 	BT-3   41    4     41    0    829    833    831     42   0.1303    0.002
B-n41-k6 	BT-3   41    4     41    1    829    831    831     41   0.1290    0.002
B-n41-k6 	BT-3   41   13    164    0    829   1061    848    186   0.4122    0.023
B-n41-k6 	BT-3   41   13    164    1    829   1030    839    308   0.5706    0.012
B-n41-k6 	BT-3   41    8     82    0    829    833    831     83   0.2302    0.002
B-n41-k6 	BT-3   41    8     82    1    829    831    831     82   0.2293    0.002
B-n41-k6 	BT-3   41    4     41    0    829    833    831     51   0.1416    0.002
B-n41-k6 	BT-3   41    4     41    1    829    831    831     41   0.1306    0.002
B-n41-k6 	BT-3   41   13    164    0    829   1061    844    295   0.5468    0.018
B-n41-k6 	BT-3   41   13    164    1    829   1030    848    177   0.4102    0.023
B-n41-k6 	BT-3   41    8     82    0    829    833    831     83   0.2368    0.002
B-n41-k6 	BT-3   41    8     82    1    829    831    831     82   0.2290    0.002
B-n41-k6 	BT-3   41    4     41    0    829    833    831     42   0.1310    0.002
B-n41-k6 	BT-3   41    4     41    1    829    831    831     41   0.1294    0.002
B-n41-k6 	BT-3   41   13    164    0    829   1061    839    234   0.4717    0.012
B-n41-k6 	BT-3   41   13    164    1    829   1030    848    177   0.4082    0.023
B-n41-k6 	BT-3   41    8     82    0    829    833    831     83   0.2319    0.002
B-n41-k6 	BT-3   41    8     82    1    829    831    831     82   0.2293    0.002
B-n41-k6 	BT-3   41    4     41    0    829    833    831     42   0.1327    0.002
B-n41-k6 	BT-3   41    4     41    1    829    831    831     41   0.1300    0.002
B-n41-k6 	BT-3   41   13    164    0    829   1061    849    214   0.4427    0.024
B-n41-k6 	BT-3   41   13    164    1    829   1030    849    190   0.4247    0.024
B-n41-k6 	BT-3   41    8     82    0    829    833    831     83   0.2326    0.002
B-n41-k6 	BT-3   41    8     82    1    829    831    831     82   0.2300    0.002
B-n41-k6 	BT-3   41    4     41    0    829    833    831     42   0.1297    0.002
B-n41-k6 	BT-3   41    4     41    1    829    831    831     41   0.1290    0.002
B-n41-k6 	BT-3   41   13    164    0    829   1061    855    220   0.4598    0.031
B-n41-k6 	BT-3   41   13    164    1    829   1030    848    177   0.4085    0.023
B-n41-k6 	BT-3   41    8     82    0    829    833    831     83   0.2313    0.002
B-n41-k6 	BT-3   41    8     82    1    829    831    831     82   0.2289    0.002
B-n41-k6 	BT-3   41    4     41    0    829    833    831     42   0.1301    0.002
B-n41-k6 	BT-3   41    4     41    1    829    831    831     41   0.1294    0.002
B-n41-k6 	BT-3   41   13    164    0    829   1061    848    196   0.4207    0.023
B-n41-k6 	BT-3   41   13    164    1    829   1030    848    177   0.4085    0.023
B-n41-k6 	BT-3   41    8     82    0    829    833    831     83   0.2325    0.002
B-n41-k6 	BT-3   41    8     82    1    829    831    831     82   0.2295    0.002
B-n41-k6 	BT-3   41    4     41    0    829    833    831     42   0.1299    0.002
B-n41-k6 	BT-3   41    4     41    1    829    831    831     41   0.1294    0.002
B-n41-k6 	BT-3   41   13    164    0    829   1061    851    210   0.4425    0.027
B-n41-k6 	BT-3   41   13    164    1    829   1030    848    177   0.4203    0.023
B-n41-k6 	BT-3   41    8     82    0    829    833    831     83   0.2304    0.002
B-n41-k6 	BT-3   41    8     82    1    829    831    831     82   0.2313    0.002
B-n41-k6 	BT-3   41    4     41    0    829    833    831     42   0.1314    0.002
B-n41-k6 	BT-3   41    4     41    1    829    831    831     41   0.1298    0.002
B-n41-k6 	BT-3   41   13    164    0    829   1061    845    190   0.4170    0.019
B-n41-k6 	BT-3   41   13    164    1    829   1030    848    177   0.4100    0.023
B-n41-k6 	BT-3   41    8     82    0    829    833    831     83   0.2316    0.002
B-n41-k6 	BT-3   41    8     82    1    829    831    831     82   0.2296    0.002
B-n41-k6 	BT-3   41    4     41    0    829    833    831     42   0.1298    0.002
B-n41-k6 	BT-3   41    4     41    1    829    831    831     41   0.1408    0.002
B-n41-k6 	BT-3   41   13    164    0    829   1061    849    189   0.4531    0.024
B-n41-k6 	BT-3   41   13    164    1    829   1030    843    332   0.6079    0.017
B-n41-k6 	BT-3   41    8     82    0    829    833    831     83   0.2306    0.002
B-n41-k6 	BT-3   41    8     82    1    829    831    831     82   0.2318    0.002
B-n41-k6 	BT-3   41    4     41    0    829    833    831     42   0.1301    0.002
B-n41-k6 	BT-3   41    4     41    1    829    831    831     41   0.1289    0.002
B-n41-k6 	BT-3   41   13    164    0    829   1061    840    325   0.5903    0.013
B-n41-k6 	BT-3   41   13    164    1    829   1030    840    222   0.4657    0.013
B-n41-k6 	BT-3   41    8     82    0    829    833    831     83   0.2332    0.002
B-n41-k6 	BT-3   41    8     82    1    829    831    831     82   0.2293    0.002
B-n41-k6 	BT-3   41    4     41    0    829    833    831     42   0.1297    0.002
B-n41-k6 	BT-3   41    4     41    1    829    831    831     41   0.1298    0.002
B-n41-k6 	BT-3   41   13    164    0    829   1061    853    338   0.6212    0.029
B-n41-k6 	BT-3   41   13    164    1    829   1030    844    267   0.5204    0.018
B-n41-k6 	BT-3   41    8     82    0    829    833    831     83   0.2304    0.002
B-n41-k6 	BT-3   41    8     82    1    829    831    831     82   0.2290    0.002
B-n41-k6 	BT-3   41    4     41    0    829    833    831     42   0.1302    0.002
B-n41-k6 	BT-3   41    4     41    1    829    831    831     41   0.1296    0.002
B-n41-k6 	BT-3   41   13    164    0    829   1061    844    200   0.4609    0.018
B-n41-k6 	BT-3   41   13    164    1    829   1030    840    233   0.4823    0.013
B-n41-k6 	BT-3   41    8     82    0    829    833    831     83   0.2316    0.002
B-n41-k6 	BT-3   41    8     82    1    829    831    831     82   0.2308    0.002
B-n41-k6 	BT-3   41    4     41    0    829    833    831     42   0.1299    0.002
B-n41-k6 	BT-3   41    4     41    1    829    831    831     41   0.1290    0.002
B-n41-k6 	BT-3   41   13    164    0    829   1061    843    202   0.4387    0.017
B-n41-k6 	BT-3   41   13    164    1    829   1030    848    177   0.4080    0.023
B-n41-k6 	BT-3   41    8     82    0    829    833    831     83   0.2323    0.002
B-n41-k6 	BT-3   41    8     82    1    829    831    831     82   0.2306    0.002
B-n41-k6 	BT-3   41    4     41    0    829    833    831     42   0.1310    0.002
B-n41-k6 	BT-3   41    4     41    1    829    831    831     41   0.1316    0.002
B-n41-k6 	BT-3   41   13    164    0    829   1061    848    216   0.4507    0.023
B-n41-k6 	BT-3   41   13    164    1    829   1030    840    317   0.5731    0.013
B-n41-k6 	BT-3   41    8     82    0    829    833    831     83   0.2310    0.002
B-n41-k6 	BT-3   41    8     82    1    829    831    831     82   0.2310    0.002
B-n41-k6 	BT-3   41    4     41    0    829    833    831     42   0.1296    0.002
B-n41-k6 	BT-3   41    4     41    1    829    831    831     41   0.1290    0.002
B-n41-k6 	BT-3   41   13    164    0    829   1061    846    200   0.4365    0.021
B-n41-k6 	BT-3   41   13    164    1    829   1030    840    310   0.5710    0.013
B-n41-k6 	BT-3   41    8     82    0    829    833    831     83   0.2317    0.002
B-n41-k6 	BT-3   41    8     82    1    829    831    831     82   0.2301    0.002
B-n41-k6 	BT-3   41    4     41    0    829    833    831     42   0.1303    0.002
B-n41-k6 	BT-3   41    4     41    1    829    831    831     41   0.1293    0.002
B-n41-k6 	BT-3   41   13    164    0    829   1061    843    204   0.4330    0.017
B-n41-k6 	BT-3   41   13    164    1    829   1030    848    177   0.4078    0.023
B-n41-k6 	BT-3   41    8     82    0    829    833    831     83   0.2343    0.002
B-n41-k6 	BT-3   41    8     82    1    829    831    831     82   0.2310    0.002
B-n41-k6 	BT-3   41    4     41    0    829    833    831     42   0.1303    0.002
B-n41-k6 	BT-3   41    4     41    1    829    831    831     41   0.1293    0.002
B-n41-k6 	BT-3   41   13    164    0    829   1061    840    374   0.6510    0.013
B-n41-k6 	BT-3   41   13    164    1    829   1030    848    177   0.4062    0.023
B-n41-k6 	BT-3   41    8     82    0    829    833    831     83   0.2297    0.002
B-n41-k6 	BT-3   41    8     82    1    829    831    831     82   0.2331    0.002
B-n41-k6 	BT-3   41    4     41    0    829    833    831     42   0.1298    0.002
B-n41-k6 	BT-3   41    4     41    1    829    831    831     41   0.1288    0.002
B-n41-k6 	BT-3   41   13    164    0    829   1061    840    224   0.4624    0.013
B-n41-k6 	BT-3   41   13    164    1    829   1030    843    276   0.5309    0.017
B-n41-k6 	BT-3   41    8     82    0    829    833    831     83   0.2318    0.002
B-n41-k6 	BT-3   41    8     82    1    829    831    831     82   0.2304    0.002
B-n41-k6 	BT-3   41    4     41    0    829    833    831     42   0.1302    0.002
B-n41-k6 	BT-3   41    4     41    1    829    831    831     41   0.1292    0.002
B-n41-k6 	BT-3   41   13    164    0    829   1061    849    193   0.4238    0.024
B-n41-k6 	BT-3   41   13    164    1    829   1030    848    177   0.4117    0.023
B-n41-k6 	BT-3   41    8     82    0    829    833    831     83   0.2316    0.002
B-n41-k6 	BT-3   41    8     82    1    829    831    831     82   0.2457    0.002
B-n41-k6 	BT-3   41    4     41    0    829    833    831     42   0.1308    0.002
B-n41-k6 	BT-3   41    4     41    1    829    831    831     41   0.1294    0.002
B-n41-k6 	BT-3   41   13    164    0    829   1061    848    199   0.4296    0.023
B-n41-k6 	BT-3   41   13    164    1    829   1030    844    186   0.4217    0.018
B-n41-k6 	BT-3   41    8     82    0    829    833    831     83   0.2333    0.002
B-n41-k6 	BT-3   41    8     82    1    829    831    831     82   0.2374    0.002
B-n41-k6 	BT-3   41    4     41    0    829    833    831     42   0.1300    0.002
B-n41-k6 	BT-3   41    4     41    1    829    831    831     41   0.1292    0.002
B-n41-k6 	BT-3   41   13    164    0    829   1061    849    200   0.4350    0.024
B-n41-k6 	BT-3   41   13    164    1    829   1030    848    177   0.4075    0.023
B-n41-k6 	BT-3   41    8     82    0    829    833    831     83   0.2289    0.002
B-n41-k6 	BT-3   41    8     82    1    829    831    831     82   0.2306    0.002
B-n41-k6 	BT-3   41    4     41    0    829    833    831     42   0.1296    0.002
B-n41-k6 	BT-3   41    4     41    1    829    831    831     41   0.1289    0.002
B-n41-k6 	BT-3   41   13    164    0    829   1061    843    189   0.4166    0.017
B-n41-k6 	BT-3   41   13    164    1    829   1030    844    229   0.4698    0.018
B-n41-k6 	BT-3   41    8     82    0    829    833    831     83   0.2305    0.002
B-n41-k6 	BT-3   41    8     82    1    829    831    831     82   0.2294    0.002
B-n41-k6 	BT-3   41    4     41    0    829    833    831     42   0.1303    0.002
B-n41-k6 	BT-3   41    4     41    1    829    831    831     41   0.1291    0.002
B-n41-k6 	BT-3   41   13    164    0    829   1061    850    193   0.4211    0.025
B-n41-k6 	BT-3   41   13    164    1    829   1030    848    177   0.4086    0.023
B-n41-k6 	BT-3   41    8     82    0    829    833    831     83   0.2311    0.002
B-n41-k6 	BT-3   41    8     82    1    829    831    831     82   0.2315    0.002
B-n41-k6 	BT-3   41    4     41    0    829    833    831     42   0.1297    0.002
B-n41-k6 	BT-3   41    4     41    1    829    831    831     41   0.1298    0.002
B-n41-k6 	BT-3   41   13    164    0    829   1061    843    202   0.4342    0.017
B-n41-k6 	BT-3   41   13    164    1    829   1030    848    177   0.4086    0.023
B-n41-k6 	BT-3   41    8     82    0    829    833    831     83   0.2299    0.002
B-n41-k6 	BT-3   41    8     82    1    829    831    831     82   0.2298    0.002
B-n41-k6 	BT-3   41    4     41    0    829    833    831     42   0.1303    0.002
B-n41-k6 	BT-3   41    4     41    1    829    831    831     41   0.1299    0.002
B-n41-k6 	BT-3   41   13    164    0    829   1061    849    187   0.4413    0.024
B-n41-k6 	BT-3   41   13    164    1    829   1030    848    177   0.4081    0.023
B-n41-k6 	BT-3   41    8     82    0    829    833    831     83   0.2302    0.002
B-n41-k6 	BT-3   41    8     82    1    829    831    831     82   0.2307    0.002
B-n41-k6 	BT-3   41    4     41    0    829    833    831     42   0.1301    0.002
B-n41-k6 	BT-3   41    4     41    1    829    831    831     41   0.1294    0.002
B-n41-k6 	BT-3   41   13    164    0    829   1061    849    201   0.4310    0.024
B-n41-k6 	BT-3   41   13    164    1    829   1030    848    177   0.4115    0.023
B-n41-k6 	BT-3   41    8     82    0    829    833    831     83   0.2312    0.002
B-n41-k6 	BT-3   41    8     82    1    829    831    831     82   0.2294    0.002
B-n41-k6 	BT-3   41    4     41    0    829    833    831     42   0.1306    0.002
B-n41-k6 	BT-3   41    4     41    1    829    831    831     41   0.1292    0.002
B-n41-k6 	BT-3   41   13    164    0    829   1061    848    204   0.4424    0.023
B-n41-k6 	BT-3   41   13    164    1    829   1030    835    201   0.4331    0.007
B-n41-k6 	BT-3   41    8     82    0    829    833    831     83   0.2317    0.002
B-n41-k6 	BT-3   41    8     82    1    829    831    831     82   0.2308    0.002
B-n41-k6 	BT-3   41    4     41    0    829    833    831     42   0.1359    0.002
B-n41-k6 	BT-3   41    4     41    1    829    831    831     41   0.1290    0.002
B-n41-k6 	BT-3   41   13    164    0    829   1061    850    196   0.4254    0.025
B-n41-k6 	BT-3   41   13    164    1    829   1030    848    177   0.4102    0.023
B-n41-k6 	BT-3   41    8     82    0    829    833    831     83   0.2314    0.002
B-n41-k6 	BT-3   41    8     82    1    829    831    831     82   0.2294    0.002
B-n41-k6 	BT-3   41    4     41    0    829    833    831     42   0.1299    0.002
B-n41-k6 	BT-3   41    4     41    1    829    831    831     41   0.1288    0.002
B-n41-k6 	BT-3   41   13    164    0    829   1061    840    295   0.5580    0.013
B-n41-k6 	BT-3   41   13    164    1    829   1030    848    177   0.4051    0.023
B-n41-k6 	BT-3   41    8     82    0    829    833    831     86   0.2356    0.002
B-n41-k6 	BT-3   41    8     82    1    829    831    831     82   0.2339    0.002
B-n41-k6 	BT-3   41    4     41    0    829    833    831     42   0.1297    0.002
B-n41-k6 	BT-3   41    4     41    1    829    831    831     41   0.1288    0.002
B-n41-k6 	BT-3   41   13    164    0    829   1061    845    315   0.5699    0.019
B-n41-k6 	BT-3   41   13    164    1    829   1030    848    177   0.4125    0.023
B-n41-k6 	BT-3   41    8     82    0    829    833    831     83   0.2312    0.002
B-n41-k6 	BT-3   41    8     82    1    829    831    831     82   0.2298    0.002
B-n41-k6 	BT-3   41    4     41    0    829    833    831     42   0.1296    0.002
B-n41-k6 	BT-3   41    4     41    1    829    831    831     41   0.1311    0.002
B-n41-k6 	BT-3   41   13    164    0    829   1061    841    280   0.5400    0.014
B-n41-k6 	BT-3   41   13    164    1    829   1030    848    177   0.4106    0.023
B-n41-k6 	BT-3   41    8     82    0    829    833    831     83   0.2522    0.002
B-n41-k6 	BT-3   41    8     82    1    829    831    830    100   0.2526    0.001
B-n41-k6 	BT-3   41    4     41    0    829    841    830     42   0.1408    0.001
B-n41-k6 	BT-3   41    4     41    1    829    830    830     41   0.1395    0.001
B-n41-k6 	BT-3   41   13    164    0    829   1061    849    200   0.4303    0.024
B-n41-k6 	BT-3   41   13    164    1    829   1030    848    177   0.4133    0.023
B-n41-k6 	BT-3   41    8     82    0    829    841    830     83   0.2328    0.001
B-n41-k6 	BT-3   41    8     82    1    829    830    830     82   0.2315    0.001
B-n41-k6 	BT-3   41    4     41    0    829    841    830     42   0.1343    0.001
B-n41-k6 	BT-3   41    4     41    1    829    830    830     41   0.1290    0.001
B-n41-k6 	BT-3   41   13    164    0    829   1061    834    407   0.6671    0.006
B-n41-k6 	BT-3   41   13    164    1    829   1030    848    177   0.4088    0.023
B-n41-k6 	BT-3   41    8     82    0    829    841    830     83   0.2516    0.001
B-n41-k6 	BT-3   41    8     82    1    829    830    830     82   0.2494    0.001
B-n41-k6 	BT-3   41    4     41    0    829    841    830     42   0.1317    0.001
B-n41-k6 	BT-3   41    4     41    1    829    830    830     41   0.1310    0.001
B-n41-k6 	BT-3   41   13    164    0    829   1061    838    237   0.4752    0.011
B-n41-k6 	BT-3   41   13    164    1    829   1030    848    177   0.4090    0.023
B-n41-k6 	BT-3   41    8     82    0    829    841    831     86   0.2405    0.002
B-n41-k6 	BT-3   41    8     82    1    829    830    830     82   0.2304    0.001
B-n41-k6 	BT-3   41    4     41    0    829    841    830     42   0.1316    0.001
B-n41-k6 	BT-3   41    4     41    1    829    830    830     41   0.1283    0.001
B-n41-k6 	BT-3   41   13    164    0    829   1061    848    202   0.4628    0.023
B-n41-k6 	BT-3   41   13    164    1    829   1030    848    177   0.4525    0.023
B-n41-k6 	BT-3   41    8     82    0    829    841    830     83   0.2341    0.001
B-n41-k6 	BT-3   41    8     82    1    829    830    830     82   0.2335    0.001
B-n41-k6 	BT-3   41    4     41    0    829    841    830     42   0.1310    0.001
B-n41-k6 	BT-3   41    4     41    1    829    830    830     41   0.1293    0.001
B-n41-k6 	BT-3   41   13    164    0    829   1061    850    215   0.4628    0.025
B-n41-k6 	BT-3   41   13    164    1    829   1030    848    177   0.4057    0.023
B-n41-k6 	BT-3   41    8     82    0    829    841    830     83   0.2350    0.001
B-n41-k6 	BT-3   41    8     82    1    829    830    830     82   0.2298    0.001
B-n41-k6 	BT-3   41    4     41    0    829    841    830     42   0.1411    0.001
B-n41-k6 	BT-3   41    4     41    1    829    830    830     41   0.1377    0.001
B-n41-k6 	BT-3   41   13    164    0    829   1061    843    220   0.4561    0.017
B-n41-k6 	BT-3   41   13    164    1    829   1030    850    186   0.4428    0.025
B-n41-k6 	BT-3   41    8     82    0    829    841    830     83   0.2312    0.001
B-n41-k6 	BT-3   41    8     82    1    829    830    830     82   0.2302    0.001
B-n41-k6 	BT-3   41    4     41    0    829    841    830     42   0.1330    0.001
B-n41-k6 	BT-3   41    4     41    1    829    830    830     41   0.1293    0.001
B-n41-k6 	BT-3   41   13    164    0    829   1061    850    191   0.4184    0.025
B-n41-k6 	BT-3   41   13    164    1    829   1030    848    177   0.4092    0.023
B-n41-k6 	BT-3   41    8     82    0    829    841    830     83   0.2353    0.001
B-n41-k6 	BT-3   41    8     82    1    829    830    830     82   0.2292    0.001
B-n41-k6 	BT-3   41    4     41    0    829    841    830     42   0.1310    0.001
B-n41-k6 	BT-3   41    4     41    1    829    830    830     41   0.1287    0.001
B-n41-k6 	BT-3   41   13    164    0    829   1061    840    266   0.5762    0.013
B-n41-k6 	BT-3   41   13    164    1    829   1030    837    200   0.4645    0.010
B-n41-k6 	BT-3   41    8     82    0    829    841    830     83   0.2344    0.001
B-n41-k6 	BT-3   41    8     82    1    829    830    830     82   0.2328    0.001
B-n41-k6 	BT-3   41    4     41    0    829    841    830     42   0.1324    0.001
B-n41-k6 	BT-3   41    4     41    1    829    830    830     41   0.1282    0.001
B-n41-k6 	BT-3   41   13    164    0    829   1061    849    204   0.4397    0.024
B-n41-k6 	BT-3   41   13    164    1    829   1030    845    189   0.4228    0.019
B-n41-k6 	BT-3   41    8     82    0    829    841    830     83   0.2335    0.001
B-n41-k6 	BT-3   41    8     82    1    829    830    830     82   0.2314    0.001
B-n41-k6 	BT-3   41    4     41    0    829    841    830     42   0.1416    0.001
B-n41-k6 	BT-3   41    4     41    1    829    830    830     41   0.1388    0.001
B-n41-k6 	BT-3   41   13    164    0    829   1061    840    315   0.5763    0.013
B-n41-k6 	BT-3   41   13    164    1    829   1030    848    177   0.4125    0.023
B-n41-k6 	BT-3   41    8     82    0    829    841    830     83   0.2390    0.001
B-n41-k6 	BT-3   41    8     82    1    829    830    830     82   0.2311    0.001
B-n41-k6 	BT-3   41    4     41    0    829    841    830     42   0.1335    0.001
B-n41-k6 	BT-3   41    4     41    1    829    830    830     41   0.1290    0.001
B-n41-k6 	BT-3   41   13    164    0    829   1061    849    213   0.4460    0.024
B-n41-k6 	BT-3   41   13    164    1    829   1030    840    255   0.5161    0.013
B-n41-k6 	BT-3   41    8     82    0    829    841    830     83   0.2346    0.001
B-n41-k6 	BT-3   41    8     82    1    829    830    830     82   0.2307    0.001
B-n41-k6 	BT-3   41    4     41    0    829    841    830     42   0.1311    0.001
B-n41-k6 	BT-3   41    4     41    1    829    830    830     41   0.1281    0.001
B-n41-k6 	BT-3   41   13    164    0    829   1061    846    213   0.4801    0.021
B-n41-k6 	BT-3   41   13    164    1    829   1030    848    177   0.4393    0.023
B-n41-k6 	BT-3   41    8     82    0    829    841    830     83   0.2550    0.001
B-n41-k6 	BT-3   41    8     82    1    829    830    830     82   0.2364    0.001
B-n41-k6 	BT-3   41    4     41    0    829    841    830     42   0.1311    0.001
B-n41-k6 	BT-3   41    4     41    1    829    830    830     41   0.1292    0.001
B-n41-k6 	BT-3   41   13    164    0    829   1061    849    198   0.4314    0.024
B-n41-k6 	BT-3   41   13    164    1    829   1030    848    177   0.4095    0.023
B-n41-k6 	BT-3   41    8     82    0    829    841    830     83   0.2311    0.001
B-n41-k6 	BT-3   41    8     82    1    829    830    830     82   0.2305    0.001
B-n41-k6 	BT-3   41    4     41    0    829    841    830     42   0.1414    0.001
B-n41-k6 	BT-3   41    4     41    1    829    830    830     41   0.1406    0.001
B-n41-k6 	BT-3   41   13    164    0    829   1061    848    193   0.4236    0.023
B-n41-k6 	BT-3   41   13    164    1    829   1030    848    177   0.4136    0.023
B-n41-k6 	BT-3   41    8     82    0    829    841    830     83   0.2322    0.001
B-n41-k6 	BT-3   41    8     82    1    829    830    830     82   0.2308    0.001
B-n41-k6 	BT-3   41    4     41    0    829    841    830     42   0.1325    0.001
B-n41-k6 	BT-3   41    4     41    1    829    830    830     41   0.1281    0.001
B-n41-k6 	BT-3   41   13    164    0    829   1061    853    303   0.5622    0.029
B-n41-k6 	BT-3   41   13    164    1    829   1030    848    177   0.4073    0.023
B-n41-k6 	BT-3   41    8     82    0    829    841    831     86   0.2423    0.002
B-n41-k6 	BT-3   41    8     82    1    829    830    830     82   0.2306    0.001
B-n41-k6 	BT-3   41    4     41    0    829    841    831     45   0.1358    0.002
B-n41-k6 	BT-3   41    4     41    1    829    830    830     41   0.1286    0.001
B-n41-k6 	BT-3   41   13    164    0    829   1061    849    215   0.4536    0.024
B-n41-k6 	BT-3   41   13    164    1    829   1030    848    177   0.4078    0.023
B-n41-k6 	BT-3   41    8     82    0    829    841    831     99   0.2527    0.002
B-n41-k6 	BT-3   41    8     82    1    829    830    830     82   0.2308    0.001
B-n41-k6 	BT-3   41    4     41    0    829    841    830     42   0.1329    0.001
B-n41-k6 	BT-3   41    4     41    1    829    830    830     41   0.1295    0.001
B-n41-k6 	BT-3   41   13    164    0    829   1061    849    212   0.4478    0.024
B-n41-k6 	BT-3   41   13    164    1    829   1030    848    177   0.4051    0.023
B-n41-k6 	BT-3   41    8     82    0    829    841    830     83   0.2368    0.001
B-n41-k6 	BT-3   41    8     82    1    829    830    830     82   0.2310    0.001
B-n41-k6 	BT-3   41    4     41    0    829    841    830     42   0.1328    0.001
B-n41-k6 	BT-3   41    4     41    1    829    830    830     41   0.1305    0.001
B-n41-k6 	BT-3   41   13    164    0    829   1061    851    303   0.6043    0.027
B-n41-k6 	BT-3   41   13    164    1    829   1030    849    190   0.4497    0.024
B-n41-k6 	BT-3   41    8     82    0    829    841    830     83   0.2340    0.001
B-n41-k6 	BT-3   41    8     82    1    829    830    830     82   0.2332    0.001
B-n41-k6 	BT-3   41    4     41    0    829    841    830     42   0.1317    0.001
B-n41-k6 	BT-3   41    4     41    1    829    830    830     41   0.1290    0.001
B-n41-k6 	BT-3   41   13    164    0    829   1061    849    188   0.4330    0.024
B-n41-k6 	BT-3   41   13    164    1    829   1030    848    177   0.4061    0.023
B-n41-k6 	BT-3   41    8     82    0    829    841    830     83   0.2318    0.001
B-n41-k6 	BT-3   41    8     82    1    829    830    830     82   0.2326    0.001
B-n41-k6 	BT-3   41    4     41    0    829    841    830     42   0.1520    0.001
B-n41-k6 	BT-3   41    4     41    1    829    830    830     41   0.1378    0.001
B-n41-k6 	BT-3   41   13    164    0    829   1061    849    193   0.4265    0.024
B-n41-k6 	BT-3   41   13    164    1    829   1030    844    276   0.5239    0.018
B-n41-k6 	BT-3   41    8     82    0    829    841    830     83   0.2338    0.001
B-n41-k6 	BT-3   41    8     82    1    829    830    830     82   0.2307    0.001
B-n41-k6 	BT-3   41    4     41    0    829    841    830     42   0.1331    0.001
B-n41-k6 	BT-3   41    4     41    1    829    830    830     41   0.1284    0.001
B-n41-k6 	BT-3   41   13    164    0    829   1061    848    196   0.4224    0.023
B-n41-k6 	BT-3   41   13    164    1    829   1030    848    177   0.4075    0.023
B-n41-k6 	BT-3   41    8     82    0    829    841    830     83   0.2527    0.001
B-n41-k6 	BT-3   41    8     82    1    829    830    830     82   0.2500    0.001
B-n41-k6 	BT-3   41    4     41    0    829    841    830     42   0.1321    0.001
B-n41-k6 	BT-3   41    4     41    1    829    830    830     41   0.1299    0.001
B-n41-k6 	BT-3   41   13    164    0    829   1061    844    203   0.4326    0.018
B-n41-k6 	BT-3   41   13    164    1    829   1030    848    177   0.4072    0.023
B-n41-k6 	BT-3   41    8     82    0    829    841    830     83   0.2365    0.001
B-n41-k6 	BT-3   41    8     82    1    829    830    830     82   0.2310    0.001
B-n41-k6 	BT-3   41    4     41    0    829    841    830     42   0.1312    0.001
B-n41-k6 	BT-3   41    4     41    1    829    830    830     41   0.1290    0.001
B-n41-k6 	BT-3   41   13    164    0    829   1061    849    193   0.4598    0.024
B-n41-k6 	BT-3   41   13    164    1    829   1030    848    177   0.4415    0.023
B-n41-k6 	BT-3   41    8     82    0    829    841    830     83   0.2345    0.001
B-n41-k6 	BT-3   41    8     82    1    829    830    830     82   0.2331    0.001
B-n41-k6 	BT-3   41    4     41    0    829    841    830     42   0.1309    0.001
B-n41-k6 	BT-3   41    4     41    1    829    830    830     41   0.1279    0.001
B-n41-k6 	BT-3   41   13    164    0    829   1061    864    194   0.4253    0.042
B-n41-k6 	BT-3   41   13    164    1    829   1030    843    259   0.4993    0.017
B-n41-k6 	BT-3   41    8     82    0    829    841    830     83   0.2321    0.001
B-n41-k6 	BT-3   41    8     82    1    829    830    830     82   0.2314    0.001
B-n41-k6 	BT-3   41    4     41    0    829    841    830     42   0.1411    0.001
B-n41-k6 	BT-3   41    4     41    1    829    830    830     41   0.1594    0.001
B-n41-k6 	BT-3   41   13    164    0    829   1061    858    276   0.5304    0.035
B-n41-k6 	BT-3   41   13    164    1    829   1030    839    316   0.5746    0.012
B-n41-k6 	BT-3   41    8     82    0    829    841    830     83   0.2333    0.001
B-n41-k6 	BT-3   41    8     82    1    829    830    830     82   0.2297    0.001
B-n41-k6 	BT-3   41    4     41    0    829    841    830     42   0.1326    0.001
B-n41-k6 	BT-3   41    4     41    1    829    830    830     41   0.1281    0.001
B-n41-k6 	BT-3   41   13    164    0    829   1061    849    208   0.4351    0.024
B-n41-k6 	BT-3   41   13    164    1    829   1030    840    283   0.5459    0.013
B-n41-k6 	BT-3   41    8     82    0    829    841    830     83   0.2368    0.001
B-n41-k6 	BT-3   41    8     82    1    829    830    830     82   0.2307    0.001
B-n41-k6 	BT-3   41    4     41    0    829    841    830     42   0.1311    0.001
B-n41-k6 	BT-3   41    4     41    1    829    830    830     41   0.1283    0.001
B-n41-k6 	BT-3   41   13    164    0    829   1061    843    313   0.6177    0.017
B-n41-k6 	BT-3   41   13    164    1    829   1030    848    177   0.4477    0.023
B-n41-k6 	BT-3   41    8     82    0    829    841    830     83   0.2319    0.001
B-n41-k6 	BT-3   41    8     82    1    829    830    830     82   0.2332    0.001
B-n41-k6 	BT-3   41    4     41    0    829    841    830     42   0.1359    0.001
B-n41-k6 	BT-3   41    4     41    1    829    830    830     41   0.1289    0.001
B-n41-k6 	BT-3   41   13    164    0    829   1061    850    220   0.4549    0.025
B-n41-k6 	BT-3   41   13    164    1    829   1030    845    211   0.4546    0.019
B-n41-k6 	BT-3   41    8     82    0    829    841    830     83   0.2332    0.001
B-n41-k6 	BT-3   41    8     82    1    829    830    830     82   0.2294    0.001
B-n41-k6 	BT-3   41    4     41    0    829    841    830     42   0.1415    0.001
B-n41-k6 	BT-3   41    4     41    1    829    830    830     41   0.1391    0.001
B-n41-k6 	BT-3   41   13    164    0    829   1061    850    195   0.4222    0.025
B-n41-k6 	BT-3   41   13    164    1    829   1030    844    222   0.4676    0.018
B-n41-k6 	BT-3   41    8     82    0    829    841    830     83   0.2328    0.001
B-n41-k6 	BT-3   41    8     82    1    829    830    830     82   0.2321    0.001
B-n41-k6 	BT-3   41    4     41    0    829    841    830     42   0.1338    0.001
B-n41-k6 	BT-3   41    4     41    1    829    830    830     41   0.1302    0.001
B-n41-k6 	BT-3   41   13    164    0    829   1061    849    261   0.5084    0.024
B-n41-k6 	BT-3   41   13    164    1    829   1030    844    256   0.5132    0.018
B-n41-k6 	BT-3   41    8     82    0    829    841    830     83   0.2358    0.001
B-n41-k6 	BT-3   41    8     82    1    829    830    830     82   0.2305    0.001
B-n41-k6 	BT-3   41    4     41    0    829    841    830     42   0.1309    0.001
B-n41-k6 	BT-3   41    4     41    1    829    830    830     41   0.1294    0.001
B-n41-k6 	BT-3   41   13    164    0    829   1061    845    237   0.5228    0.019
B-n41-k6 	BT-3   41   13    164    1    829   1030    848    177   0.4369    0.023
B-n41-k6 	BT-3   41    8     82    0    829    841    830     83   0.2367    0.001
B-n41-k6 	BT-3   41    8     82    1    829    830    830     82   0.2333    0.001
B-n41-k6 	BT-3   41    4     41    0    829    841    830     42   0.1313    0.001
B-n41-k6 	BT-3   41    4     41    1    829    830    830     41   0.1293    0.001
B-n41-k6 	BT-3   41   13    164    0    829   1061    840    292   0.5700    0.013
B-n41-k6 	BT-3   41   13    164    1    829   1030    849    185   0.4190    0.024
B-n41-k6 	BT-3   41    8     82    0    829    841    830     83   0.2313    0.001
B-n41-k6 	BT-3   41    8     82    1    829    830    830     82   0.2304    0.001
B-n41-k6 	BT-3   41    4     41    0    829    841    830     42   0.1413    0.001
B-n41-k6 	BT-3   41    4     41    1    829    830    830     41   0.1381    0.001
B-n41-k6 	BT-3   41   13    164    0    829   1061    844    195   0.4278    0.018
B-n41-k6 	BT-3   41   13    164    1    829   1030    848    177   0.4139    0.023
B-n41-k6 	BT-3   41    8     82    0    829    841    830     83   0.2366    0.001
B-n41-k6 	BT-3   41    8     82    1    829    830    830     82   0.2308    0.001
B-n41-k6 	BT-3   41    4     41    0    829    841    830     42   0.1327    0.001
B-n41-k6 	BT-3   41    4     41    1    829    830    830     41   0.1297    0.001
B-n41-k6 	BT-3   41   13    164    0    829   1061    848    328   0.5882    0.023
B-n41-k6 	BT-3   41   13    164    1    829   1030    848    177   0.4080    0.023
B-n41-k6 	BT-3   41    8     82    0    829    841    830     83   0.2524    0.001
B-n41-k6 	BT-3   41    8     82    1    829    830    830     82   0.2515    0.001
B-n41-k6 	BT-3   41    4     41    0    829    841    830     42   0.1385    0.001
B-n41-k6 	BT-3   41    4     41    1    829    830    830     41   0.1304    0.001
B-n41-k6 	BT-3   41   13    164    0    829   1061    848    196   0.4231    0.023
B-n41-k6 	BT-3   41   13    164    1    829   1030    844    237   0.4810    0.018
B-n41-k6 	BT-3   41    8     82    0    829    841    830     83   0.2527    0.001
B-n41-k6 	BT-3   41    8     82    1    829    830    830     82   0.2502    0.001
B-n41-k6 	BT-3   41    4     41    0    829    841    830     42   0.1312    0.001
B-n41-k6 	BT-3   41    4     41    1    829    830    830     41   0.1307    0.001
B-n41-k6 	BT-3   41   13    164    0    829   1061    846    237   0.4744    0.021
B-n41-k6 	BT-3   41   13    164    1    829   1030    839    288   0.5515    0.012
B-n41-k6 	BT-3   41    8     82    0    829    841    830     83   0.2521    0.001
B-n41-k6 	BT-3   41    8     82    1    829    830    830     82   0.2483    0.001
B-n41-k6 	BT-3   41    4     41    0    829    841    830     42   0.1302    0.001
B-n41-k6 	BT-3   41    4     41    1    829    830    830     41   0.1313    0.001
B-n41-k6 	BT-3   41   13    164    0    829   1061    844    199   0.4323    0.018
B-n41-k6 	BT-3   41   13    164    1    829   1030    848    177   0.4054    0.023
B-n41-k6 	BT-3   41    8     82    0    829    841    830     83   0.2354    0.001
B-n41-k6 	BT-3   41    8     82    1    829    830    830     82   0.2313    0.001
B-n41-k6 	BT-3   41    4     41    0    829    841    830     42   0.1307    0.001
B-n41-k6 	BT-3   41    4     41    1    829    830    830     41   0.1546    0.001
B-n41-k6 	BT-3   41   13    164    0    829   1061    849    212   0.4783    0.024
B-n41-k6 	BT-3   41   13    164    1    829   1030    848    177   0.4408    0.023
B-n41-k6 	BT-3   41    8     82    0    829    841    830     83   0.2328    0.001
B-n41-k6 	BT-3   41    8     82    1    829    830    830     82   0.2332    0.001
B-n41-k6 	BT-3   41    4     41    0    829    841    831     45   0.1358    0.002
B-n41-k6 	BT-3   41    4     41    1    829    830    830     41   0.1284    0.001
B-n41-k6 	BT-3   41   13    164    0    829   1061    850    189   0.4529    0.025
B-n41-k6 	BT-3   41   13    164    1    829   1030    848    177   0.4412    0.023
B-n41-k6 	BT-3   41    8     82    0    829    841    830     83   0.2328    0.001
B-n41-k6 	BT-3   41    8     82    1    829    830    830     82   0.2348    0.001
B-n41-k6 	BT-3   41    4     41    0    829    841    831     45   0.1363    0.002
B-n41-k6 	BT-3   41    4     41    1    829    830    830     41   0.1290    0.001
B-n41-k6 	BT-3   41   13    164    0    829   1061    849    188   0.4508    0.024
B-n41-k6 	BT-3   41   13    164    1    829   1030    844    186   0.4523    0.018
B-n41-k6 	BT-3   41    8     82    0    829    841    830     83   0.2342    0.001
B-n41-k6 	BT-3   41    8     82    1    829    830    830     82   0.2342    0.001
B-n41-k6 	BT-3   41    4     41    0    829    841    830     42   0.1316    0.001
B-n41-k6 	BT-3   41    4     41    1    829    830    830     41   0.1283    0.001
B-n41-k6 	BT-3   41   13    164    0    829   1061    848    195   0.4265    0.023
B-n41-k6 	BT-3   41   13    164    1    829   1030    840    231   0.4705    0.013
B-n41-k6 	BT-3   41    8     82    0    829    841    830     83   0.2339    0.001
B-n41-k6 	BT-3   41    8     82    1    829    830    830     82   0.2343    0.001
B-n41-k6 	BT-3   41    4     41    0    829    841    830     42   0.1402    0.001
B-n41-k6 	BT-3   41    4     41    1    829    830    830     41   0.1381    0.001
B-n41-k6 	BT-3   41   13    164    0    829   1061    849    189   0.4187    0.024
B-n41-k6 	BT-3   41   13    164    1    829   1030    840    292   0.5588    0.013
B-n41-k6 	BT-3   41    8     82    0    829    841    830     83   0.2322    0.001
B-n41-k6 	BT-3   41    8     82    1    829    830    830     82   0.2301    0.001
B-n41-k6 	BT-3   41    4     41    0    829    841    830     42   0.1334    0.001
B-n41-k6 	BT-3   41    4     41    1    829    830    830     41   0.1282    0.001
B-n41-k6 	BT-3   41   13    164    0    829   1061    846    201   0.4349    0.021
B-n41-k6 	BT-3   41   13    164    1    829   1030    848    177   0.4062    0.023
B-n41-k6 	BT-3   41    8     82    0    829    841    830     83   0.2537    0.001
B-n41-k6 	BT-3   41    8     82    1    829    830    830     82   0.2478    0.001
B-n41-k6 	BT-3   41    4     41    0    829    841    830     42   0.1315    0.001
B-n41-k6 	BT-3   41    4     41    1    829    830    830     41   0.1296    0.001
B-n41-k6 	BT-3   41   13    164    0    829   1061    843    240   0.4836    0.017
B-n41-k6 	BT-3   41   13    164    1    829   1030    848    177   0.4132    0.023
B-n41-k6 	BT-3   41    8     82    0    829    841    830     83   0.2339    0.001
B-n41-k6 	BT-3   41    8     82    1    829    830    830     82   0.2299    0.001
B-n41-k6 	BT-3   41    4     41    0    829    841    830     42   0.1317    0.001
B-n41-k6 	BT-3   41    4     41    1    829    830    830     41   0.1367    0.001
B-n41-k6 	BT-3   41   13    164    0    829   1061    849    215   0.5035    0.024
B-n41-k6 	BT-3   41   13    164    1    829   1030    848    177   0.4387    0.023
B-n41-k6 	BT-3   41    8     82    0    829    841    830     83   0.2396    0.001
B-n41-k6 	BT-3   41    8     82    1    829    830    830     82   0.2331    0.001
B-n41-k6 	BT-3   41    4     41    0    829    841    830     42   0.1310    0.001
B-n41-k6 	BT-3   41    4     41    1    829    830    830     41   0.1293    0.001
B-n41-k6 	BT-3   41   13    164    0    829   1061    843    196   0.4303    0.017
B-n41-k6 	BT-3   41   13    164    1    829   1030    848    177   0.4065    0.023
B-n41-k6 	BT-3   41    8     82    0    829    841    830     83   0.2347    0.001
B-n41-k6 	BT-3   41    8     82    1    829    830    830     82   0.2299    0.001
B-n41-k6 	BT-3   41    4     41    0    829    841    830     42   0.1419    0.001
B-n41-k6 	BT-3   41    4     41    1    829    830    830     41   0.1386    0.001
B-n41-k6 	BT-3   41   13    164    0    829   1061    849    201   0.4311    0.024
B-n41-k6 	BT-3   41   13    164    1    829   1030    839    231   0.4815    0.012
B-n41-k6 	BT-3   41    8     82    0    829    841    830     83   0.2360    0.001
B-n41-k6 	BT-3   41    8     82    1    829    830    830     82   0.2291    0.001
B-n41-k6 	BT-3   41    4     41    0    829    841    830     42   0.1327    0.001
B-n41-k6 	BT-3   41    4     41    1    829    830    830     41   0.1285    0.001
B-n41-k6 	BT-3   41   13    164    0    829   1061    848    187   0.4158    0.023
B-n41-k6 	BT-3   41   13    164    1    829   1030    848    177   0.4073    0.023
B-n41-k6 	BT-3   41    8     82    0    829    841    830     83   0.2516    0.001
B-n41-k6 	BT-3   41    8     82    1    829    830    830     82   0.2480    0.001
B-n41-k6 	BT-3   41    4     41    0    829    841    830     42   0.1317    0.001
B-n41-k6 	BT-3   41    4     41    1    829    830    830     41   0.1299    0.001
B-n41-k6 	BT-3   41   13    164    0    829   1061    844    202   0.4386    0.018
B-n41-k6 	BT-3   41   13    164    1    829   1030    845    248   0.5212    0.019
B-n41-k6 	BT-3   41    8     82    0    829    841    830     83   0.2351    0.001
B-n41-k6 	BT-3   41    8     82    1    829    830    830     82   0.2294    0.001
B-n41-k6 	BT-3   41    4     41    0    829    841    830     42   0.1314    0.001
B-n41-k6 	BT-3   41    4     41    1    829    830    830     41   0.1290    0.001
B-n41-k6 	BT-3   41   13    164    0    829   1061    849    188   0.4571    0.024
B-n41-k6 	BT-3   41   13    164    1    829   1030    851    188   0.4562    0.027
B-n41-k6 	BT-3   41    8     82    0    829    841    830     83   0.2334    0.001
B-n41-k6 	BT-3   41    8     82    1    829    830    830     82   0.2345    0.001
B-n41-k6 	BT-3   41    4     41    0    829    841    830     42   0.1311    0.001
B-n41-k6 	BT-3   41    4     41    1    829    830    830     41   0.1291    0.001
B-n41-k6 	BT-3   41   13    164    0    829   1061    848    194   0.4316    0.023
B-n41-k6 	BT-3   41   13    164    1    829   1030    832    225   0.4515    0.004
B-n41-k6 	BT-3   41    8     82    0    829    841    830     83   0.2329    0.001
B-n41-k6 	BT-3   41    8     82    1    829    830    830     82   0.2380    0.001
B-n41-k6 	BT-3   41    4     41    0    829    841    830     42   0.1417    0.001
B-n41-k6 	BT-3   41    4     41    1    829    830    830     41   0.1384    0.001
