A-n65-k9 	BT-1   65   21    260    0   1177   1939   1250    346   2.0291    0.062
A-n65-k9 	BT-1   65   21    260    1   1177   1959   1227    384   2.0756    0.042
A-n65-k9 	BT-1   65   10    130    0   1177   1235   1227    131   0.7529    0.042
A-n65-k9 	BT-1   65   10    130    1   1177   1227   1227    130   0.7495    0.042
A-n65-k9 	BT-1   65    6    130    0   1177   1235   1227    131   0.7457    0.042
A-n65-k9 	BT-1   65    6    130    1   1177   1227   1227    130   0.7429    0.042
A-n65-k9 	BT-2   65   21    260    0   1177   1939   1234    356   1.9471    0.048
A-n65-k9 	BT-2   65   21    260    1   1177   1959   1216    597   3.1537    0.033
A-n65-k9 	BT-2   65   10    130    0   1177   1218   1201    168   0.9520    0.020
A-n65-k9 	BT-2   65   10    130    1   1177   1216   1214    170   0.9555    0.031
A-n65-k9 	BT-2   65    6    130    0   1177   1216   1201    147   0.8384    0.020
A-n65-k9 	BT-2   65    6    130    1   1177   1201   1201    130   0.7565    0.020
A-n65-k9 	BT-3   65   21    260    0   1177   1939   1199    558   2.9389    0.019
A-n65-k9 	BT-3   65   21    260    1   1177   1959   1282    295   1.6313    0.089
A-n65-k9 	BT-3   65   10    130    0   1177   1199   1199    130   0.8407    0.019
A-n65-k9 	BT-3   65   10    130    1   1177   1199   1199    130   0.8605    0.019
A-n65-k9 	BT-3   65    6    130    0   1177   1199   1199    130   0.8679    0.019
A-n65-k9 	BT-3   65    6    130    1   1177   1199   1199    130   0.8451    0.019
A-n65-k9 	BT-3   65   21    260    0   1177   1939   1213    330   1.7628    0.031
A-n65-k9 	BT-3   65   21    260    1   1177   1959   1240    389   2.1044    0.054
A-n65-k9 	BT-3   65   10    130    0   1177   1199   1199    130   0.8553    0.019
A-n65-k9 	BT-3   65   10    130    1   1177   1199   1199    130   0.8501    0.019
A-n65-k9 	BT-3   65    6    130    0   1177   1199   1199    130   0.8420    0.019
A-n65-k9 	BT-3   65    6    130    1   1177   1199   1199    130   0.8348    0.019
A-n65-k9 	BT-3   65   21    260    0   1177   1939   1200    562   2.8959    0.020
A-n65-k9 	BT-3   65   21    260    1   1177   1959   1214    453   2.3198    0.031
A-n65-k9 	BT-3   65   10    130    0   1177   1199   1199    130   0.8545    0.019
A-n65-k9 	BT-3   65   10    130    1   1177   1199   1199    130   0.8453    0.019
A-n65-k9 	BT-3   65    6    130    0   1177   1199   1199    130   0.8787    0.019
A-n65-k9 	BT-3   65    6    130    1   1177   1199   1199    130   0.8610    0.019
A-n65-k9 	BT-3   65   21    260    0   1177   1939   1202    804   4.0543    0.021
A-n65-k9 	BT-3   65   21    260    1   1177   1959   1203    667   3.3899    0.022
A-n65-k9 	BT-3   65   10    130    0   1177   1199   1199    130   0.8353    0.019
A-n65-k9 	BT-3   65   10    130    1   1177   1199   1199    130   0.8397    0.019
A-n65-k9 	BT-3   65    6    130    0   1177   1199   1199    130   0.8478    0.019
A-n65-k9 	BT-3   65    6    130    1   1177   1199   1199    130   0.8773    0.019
A-n65-k9 	BT-3   65   21    260    0   1177   1939   1202    493   2.5610    0.021
A-n65-k9 	BT-3   65   21    260    1   1177   1959   1282    295   1.5751    0.089
A-n65-k9 	BT-3   65   10    130    0   1177   1199   1199    130   0.8719    0.019
A-n65-k9 	BT-3   65   10    130    1   1177   1199   1199    130   0.8602    0.019
A-n65-k9 	BT-3   65    6    130    0   1177   1199   1199    130   0.8427    0.019
A-n65-k9 	BT-3   65    6    130    1   1177   1199   1199    130   0.8382    0.019
A-n65-k9 	BT-3   65   21    260    0   1177   1939   1199    494   2.5623    0.019
A-n65-k9 	BT-3   65   21    260    1   1177   1959   1198   1010   5.1506    0.018
A-n65-k9 	BT-3   65   10    130    0   1177   1199   1198    201   1.1927    0.018
A-n65-k9 	BT-3   65   10    130    1   1177   1198   1198    130   0.8462    0.018
A-n65-k9 	BT-3   65    6    130    0   1177   1199   1198    150   0.9235    0.018
A-n65-k9 	BT-3   65    6    130    1   1177   1198   1198    130   0.8286    0.018
A-n65-k9 	BT-3   65   21    260    0   1177   1939   1202    527   2.6794    0.021
A-n65-k9 	BT-3   65   21    260    1   1177   1959   1223    496   2.5788    0.039
A-n65-k9 	BT-3   65   10    130    0   1177   1199   1198    197   1.1578    0.018
A-n65-k9 	BT-3   65   10    130    1   1177   1198   1198    130   0.8356    0.018
A-n65-k9 	BT-3   65    6    130    0   1177   1199   1198    158   0.9532    0.018
A-n65-k9 	BT-3   65    6    130    1   1177   1198   1198    130   0.8403    0.018
A-n65-k9 	BT-3   65   21    260    0   1177   1939   1206    413   2.0913    0.025
A-n65-k9 	BT-3   65   21    260    1   1177   1959   1202    652   3.2982    0.021
A-n65-k9 	BT-3   65   10    130    0   1177   1199   1198    158   0.9728    0.018
A-n65-k9 	BT-3   65   10    130    1   1177   1198   1198    130   0.8544    0.018
A-n65-k9 	BT-3   65    6    130    0   1177   1199   1198    151   0.9205    0.018
A-n65-k9 	BT-3   65    6    130    1   1177   1198   1198    130   0.8400    0.018
A-n65-k9 	BT-3   65   21    260    0   1177   1939   1199    824   4.1263    0.019
A-n65-k9 	BT-3   65   21    260    1   1177   1959   1193    675   3.4527    0.014
A-n65-k9 	BT-3   65   10    130    0   1177   1238   1193    151   0.9570    0.014
A-n65-k9 	BT-3   65   10    130    1   1177   1193   1193    130   0.8591    0.014
A-n65-k9 	BT-3   65    6    130    0   1177   1238   1193    151   0.9077    0.014
A-n65-k9 	BT-3   65    6    130    1   1177   1193   1193    130   0.8387    0.014
A-n65-k9 	BT-3   65   21    260    0   1177   1939   1200    405   2.0610    0.020
A-n65-k9 	BT-3   65   21    260    1   1177   1959   1282    295   1.5710    0.089
A-n65-k9 	BT-3   65   10    130    0   1177   1238   1193    151   0.9652    0.014
A-n65-k9 	BT-3   65   10    130    1   1177   1193   1193    130   0.8353    0.014
A-n65-k9 	BT-3   65    6    130    0   1177   1238   1193    151   0.9219    0.014
A-n65-k9 	BT-3   65    6    130    1   1177   1193   1193    130   0.8286    0.014
A-n65-k9 	BT-3   65   21    260    0   1177   1939   1200    530   2.7987    0.020
A-n65-k9 	BT-3   65   21    260    1   1177   1959   1282    295   1.6259    0.089
A-n65-k9 	BT-3   65   10    130    0   1177   1238   1193    151   0.9344    0.014
A-n65-k9 	BT-3   65   10    130    1   1177   1193   1193    130   0.8334    0.014
A-n65-k9 	BT-3   65    6    130    0   1177   1238   1193    151   0.9137    0.014
A-n65-k9 	BT-3   65    6    130    1   1177   1193   1193    130   0.8429    0.014
A-n65-k9 	BT-3   65   21    260    0   1177   1939   1199   1132   5.6895    0.019
A-n65-k9 	BT-3   65   21    260    1   1177   1959   1261    440   2.3353    0.071
A-n65-k9 	BT-3   65   10    130    0   1177   1238   1193    151   0.9601    0.014
A-n65-k9 	BT-3   65   10    130    1   1177   1193   1193    130   0.8353    0.014
A-n65-k9 	BT-3   65    6    130    0   1177   1238   1193    151   0.9452    0.014
A-n65-k9 	BT-3   65    6    130    1   1177   1193   1193    130   0.8572    0.014
A-n65-k9 	BT-3   65   21    260    0   1177   1939   1202    552   2.8180    0.021
A-n65-k9 	BT-3   65   21    260    1   1177   1959   1200   1197   5.9827    0.020
A-n65-k9 	BT-3   65   10    130    0   1177   1238   1193    151   0.9438    0.014
A-n65-k9 	BT-3   65   10    130    1   1177   1193   1193    130   0.8436    0.014
A-n65-k9 	BT-3   65    6    130    0   1177   1238   1193    151   0.9133    0.014
A-n65-k9 	BT-3   65    6    130    1   1177   1193   1193    130   0.8903    0.014
A-n65-k9 	BT-3   65   21    260    0   1177   1939   1199    584   2.9357    0.019
A-n65-k9 	BT-3   65   21    260    1   1177   1959   1218    443   2.3095    0.035
A-n65-k9 	BT-3   65   10    130    0   1177   1238   1193    151   0.9539    0.014
A-n65-k9 	BT-3   65   10    130    1   1177   1193   1193    130   0.8757    0.014
A-n65-k9 	BT-3   65    6    130    0   1177   1238   1193    151   0.9153    0.014
A-n65-k9 	BT-3   65    6    130    1   1177   1193   1193    130   0.8283    0.014
A-n65-k9 	BT-3   65   21    260    0   1177   1939   1203    488   2.5055    0.022
A-n65-k9 	BT-3   65   21    260    1   1177   1959   1214    472   2.4259    0.031
A-n65-k9 	BT-3   65   10    130    0   1177   1238   1193    151   0.9353    0.014
A-n65-k9 	BT-3   65   10    130    1   1177   1193   1193    130   0.8291    0.014
A-n65-k9 	BT-3   65    6    130    0   1177   1238   1193    151   0.9118    0.014
A-n65-k9 	BT-3   65    6    130    1   1177   1193   1193    130   0.8287    0.014
A-n65-k9 	BT-3   65   21    260    0   1177   1939   1200    417   2.2055    0.020
A-n65-k9 	BT-3   65   21    260    1   1177   1959   1282    295   1.6334    0.089
A-n65-k9 	BT-3   65   10    130    0   1177   1238   1193    151   0.9340    0.014
A-n65-k9 	BT-3   65   10    130    1   1177   1193   1193    130   0.8350    0.014
A-n65-k9 	BT-3   65    6    130    0   1177   1238   1193    151   0.9104    0.014
A-n65-k9 	BT-3   65    6    130    1   1177   1193   1193    130   0.8337    0.014
A-n65-k9 	BT-3   65   21    260    0   1177   1939   1200    461   2.3417    0.020
A-n65-k9 	BT-3   65   21    260    1   1177   1959   1276    815   4.2669    0.084
A-n65-k9 	BT-3   65   10    130    0   1177   1238   1193    151   0.9268    0.014
A-n65-k9 	BT-3   65   10    130    1   1177   1193   1193    130   0.8284    0.014
A-n65-k9 	BT-3   65    6    130    0   1177   1238   1193    151   0.9418    0.014
A-n65-k9 	BT-3   65    6    130    1   1177   1193   1193    130   0.8544    0.014
A-n65-k9 	BT-3   65   21    260    0   1177   1939   1199    918   4.6101    0.019
A-n65-k9 	BT-3   65   21    260    1   1177   1959   1206    532   2.7190    0.025
A-n65-k9 	BT-3   65   10    130    0   1177   1238   1193    151   0.9198    0.014
A-n65-k9 	BT-3   65   10    130    1   1177   1193   1193    130   0.8306    0.014
A-n65-k9 	BT-3   65    6    130    0   1177   1238   1193    151   0.9535    0.014
A-n65-k9 	BT-3   65    6    130    1   1177   1193   1193    130   0.8274    0.014
A-n65-k9 	BT-3   65   21    260    0   1177   1939   1204    375   1.9110    0.023
A-n65-k9 	BT-3   65   21    260    1   1177   1959   1236    538   2.7346    0.050
A-n65-k9 	BT-3   65   10    130    0   1177   1238   1193    151   0.9564    0.014
A-n65-k9 	BT-3   65   10    130    1   1177   1193   1193    130   0.8571    0.014
A-n65-k9 	BT-3   65    6    130    0   1177   1238   1193    151   0.9119    0.014
A-n65-k9 	BT-3   65    6    130    1   1177   1193   1193    130   0.8283    0.014
A-n65-k9 	BT-3   65   21    260    0   1177   1939   1199    356   1.8303    0.019
A-n65-k9 	BT-3   65   21    260    1   1177   1959   1195    997   5.0317    0.015
A-n65-k9 	BT-3   65   10    130    0   1177   1238   1193    151   0.9554    0.014
A-n65-k9 	BT-3   65   10    130    1   1177   1193   1193    130   0.8582    0.014
A-n65-k9 	BT-3   65    6    130    0   1177   1238   1193    151   0.9415    0.014
A-n65-k9 	BT-3   65    6    130    1   1177   1193   1193    130   0.8320    0.014
A-n65-k9 	BT-3   65   21    260    0   1177   1939   1200    375   1.9161    0.020
A-n65-k9 	BT-3   65   21    260    1   1177   1959   1205    484   2.5109    0.024
A-n65-k9 	BT-3   65   10    130    0   1177   1238   1193    151   0.9317    0.014
A-n65-k9 	BT-3   65   10    130    1   1177   1193   1193    130   0.8274    0.014
A-n65-k9 	BT-3   65    6    130    0   1177   1238   1193    151   0.9123    0.014
A-n65-k9 	BT-3   65    6    130    1   1177   1193   1193    130   0.8265    0.014
A-n65-k9 	BT-3   65   21    260    0   1177   1939   1206    423   2.2210    0.025
A-n65-k9 	BT-3   65   21    260    1   1177   1959   1282    295   1.6619    0.089
A-n65-k9 	BT-3   65   10    130    0   1177   1238   1193    151   0.9221    0.014
A-n65-k9 	BT-3   65   10    130    1   1177   1193   1193    130   0.8423    0.014
A-n65-k9 	BT-3   65    6    130    0   1177   1238   1193    151   0.9251    0.014
A-n65-k9 	BT-3   65    6    130    1   1177   1193   1193    130   0.8295    0.014
A-n65-k9 	BT-3   65   21    260    0   1177   1939   1213    577   2.9734    0.031
A-n65-k9 	BT-3   65   21    260    1   1177   1959   1228    351   1.8542    0.043
A-n65-k9 	BT-3   65   10    130    0   1177   1238   1193    151   0.9830    0.014
A-n65-k9 	BT-3   65   10    130    1   1177   1193   1193    130   0.8495    0.014
A-n65-k9 	BT-3   65    6    130    0   1177   1238   1193    151   0.9376    0.014
A-n65-k9 	BT-3   65    6    130    1   1177   1193   1193    130   0.9105    0.014
A-n65-k9 	BT-3   65   21    260    0   1177   1939   1202    620   3.1082    0.021
A-n65-k9 	BT-3   65   21    260    1   1177   1959   1226    478   2.4638    0.042
A-n65-k9 	BT-3   65   10    130    0   1177   1238   1193    151   0.9362    0.014
A-n65-k9 	BT-3   65   10    130    1   1177   1193   1193    130   0.8280    0.014
A-n65-k9 	BT-3   65    6    130    0   1177   1238   1193    151   0.9053    0.014
A-n65-k9 	BT-3   65    6    130    1   1177   1193   1193    130   0.8276    0.014
A-n65-k9 	BT-3   65   21    260    0   1177   1939   1203    543   2.7895    0.022
A-n65-k9 	BT-3   65   21    260    1   1177   1959   1220    458   2.3564    0.037
A-n65-k9 	BT-3   65   10    130    0   1177   1238   1193    151   0.9555    0.014
A-n65-k9 	BT-3   65   10    130    1   1177   1193   1193    130   0.8594    0.014
A-n65-k9 	BT-3   65    6    130    0   1177   1238   1193    151   0.9300    0.014
A-n65-k9 	BT-3   65    6    130    1   1177   1193   1193    130   0.8274    0.014
A-n65-k9 	BT-3   65   21    260    0   1177   1939   1203    387   1.9871    0.022
A-n65-k9 	BT-3   65   21    260    1   1177   1959   1186    435   2.2236    0.008
A-n65-k9 	BT-3   65   10    130    0   1177   1222   1186    145   0.9402    0.008
A-n65-k9 	BT-3   65   10    130    1   1177   1186   1186    130   0.8484    0.008
A-n65-k9 	BT-3   65    6    130    0   1177   1222   1186    145   0.9063    0.008
A-n65-k9 	BT-3   65    6    130    1   1177   1186   1186    130   0.8363    0.008
A-n65-k9 	BT-3   65   21    260    0   1177   1939   1199    617   3.1379    0.019
A-n65-k9 	BT-3   65   21    260    1   1177   1959   1282    295   1.5769    0.089
A-n65-k9 	BT-3   65   10    130    0   1177   1222   1186    145   0.9144    0.008
A-n65-k9 	BT-3   65   10    130    1   1177   1186   1186    130   0.8433    0.008
A-n65-k9 	BT-3   65    6    130    0   1177   1222   1186    145   0.9023    0.008
A-n65-k9 	BT-3   65    6    130    1   1177   1186   1186    130   0.8414    0.008
A-n65-k9 	BT-3   65   21    260    0   1177   1939   1200    369   1.9049    0.020
A-n65-k9 	BT-3   65   21    260    1   1177   1959   1212    359   1.8611    0.030
A-n65-k9 	BT-3   65   10    130    0   1177   1222   1186    145   0.9062    0.008
A-n65-k9 	BT-3   65   10    130    1   1177   1186   1186    130   0.8392    0.008
A-n65-k9 	BT-3   65    6    130    0   1177   1222   1186    145   0.9066    0.008
A-n65-k9 	BT-3   65    6    130    1   1177   1186   1186    130   0.8457    0.008
A-n65-k9 	BT-3   65   21    260    0   1177   1939   1202    614   3.0889    0.021
A-n65-k9 	BT-3   65   21    260    1   1177   1959   1212    656   3.3372    0.030
A-n65-k9 	BT-3   65   10    130    0   1177   1222   1186    145   0.8967    0.008
A-n65-k9 	BT-3   65   10    130    1   1177   1186   1186    130   0.8370    0.008
A-n65-k9 	BT-3   65    6    130    0   1177   1222   1186    145   0.9025    0.008
A-n65-k9 	BT-3   65    6    130    1   1177   1186   1186    130   0.8370    0.008
A-n65-k9 	BT-3   65   21    260    0   1177   1939   1212    368   1.8967    0.030
A-n65-k9 	BT-3   65   21    260    1   1177   1959   1240    465   2.4105    0.054
A-n65-k9 	BT-3   65   10    130    0   1177   1222   1186    145   0.9055    0.008
A-n65-k9 	BT-3   65   10    130    1   1177   1186   1186    130   0.8469    0.008
A-n65-k9 	BT-3   65    6    130    0   1177   1222   1186    145   0.9040    0.008
A-n65-k9 	BT-3   65    6    130    1   1177   1186   1186    130   0.8327    0.008
A-n65-k9 	BT-3   65   21    260    0   1177   1939   1200    503   2.5312    0.020
A-n65-k9 	BT-3   65   21    260    1   1177   1959   1204    467   2.4050    0.023
A-n65-k9 	BT-3   65   10    130    0   1177   1222   1186    145   0.9151    0.008
A-n65-k9 	BT-3   65   10    130    1   1177   1186   1186    130   0.8327    0.008
A-n65-k9 	BT-3   65    6    130    0   1177   1222   1186    145   0.9119    0.008
A-n65-k9 	BT-3   65    6    130    1   1177   1186   1186    130   0.8396    0.008
A-n65-k9 	BT-3   65   21    260    0   1177   1939   1194    690   3.5592    0.014
A-n65-k9 	BT-3   65   21    260    1   1177   1959   1276    352   1.8462    0.084
A-n65-k9 	BT-3   65   10    130    0   1177   1222   1186    145   0.9266    0.008
A-n65-k9 	BT-3   65   10    130    1   1177   1186   1186    130   0.8754    0.008
A-n65-k9 	BT-3   65    6    130    0   1177   1222   1186    145   0.9188    0.008
A-n65-k9 	BT-3   65    6    130    1   1177   1186   1186    130   0.8512    0.008
A-n65-k9 	BT-3   65   21    260    0   1177   1939   1203    548   2.8351    0.022
A-n65-k9 	BT-3   65   21    260    1   1177   1959   1227    751   3.8528    0.042
A-n65-k9 	BT-3   65   10    130    0   1177   1222   1186    145   0.9098    0.008
A-n65-k9 	BT-3   65   10    130    1   1177   1186   1186    130   0.8598    0.008
A-n65-k9 	BT-3   65    6    130    0   1177   1222   1186    145   0.9044    0.008
A-n65-k9 	BT-3   65    6    130    1   1177   1186   1186    130   0.8387    0.008
A-n65-k9 	BT-3   65   21    260    0   1177   1939   1214    436   2.2305    0.031
A-n65-k9 	BT-3   65   21    260    1   1177   1959   1282    295   1.5645    0.089
A-n65-k9 	BT-3   65   10    130    0   1177   1222   1186    145   0.8991    0.008
A-n65-k9 	BT-3   65   10    130    1   1177   1186   1186    130   0.8675    0.008
A-n65-k9 	BT-3   65    6    130    0   1177   1222   1186    145   0.9047    0.008
A-n65-k9 	BT-3   65    6    130    1   1177   1186   1186    130   0.8364    0.008
A-n65-k9 	BT-3   65   21    260    0   1177   1939   1203    373   1.9128    0.022
A-n65-k9 	BT-3   65   21    260    1   1177   1959   1282    295   1.6070    0.089
A-n65-k9 	BT-3   65   10    130    0   1177   1222   1186    145   0.9035    0.008
A-n65-k9 	BT-3   65   10    130    1   1177   1186   1186    130   0.8463    0.008
A-n65-k9 	BT-3   65    6    130    0   1177   1222   1186    145   0.9032    0.008
A-n65-k9 	BT-3   65    6    130    1   1177   1186   1186    130   0.8377    0.008
A-n65-k9 	BT-3   65   21    260    0   1177   1939   1200    360   1.8439    0.020
A-n65-k9 	BT-3   65   21    260    1   1177   1959   1282    295   1.5745    0.089
A-n65-k9 	BT-3   65   10    130    0   1177   1222   1186    145   0.9095    0.008
A-n65-k9 	BT-3   65   10    130    1   1177   1186   1186    130   0.8462    0.008
A-n65-k9 	BT-3   65    6    130    0   1177   1222   1186    145   0.9036    0.008
A-n65-k9 	BT-3   65    6    130    1   1177   1186   1186    130   0.8344    0.008
A-n65-k9 	BT-3   65   21    260    0   1177   1939   1200    485   2.4693    0.020
A-n65-k9 	BT-3   65   21    260    1   1177   1959   1276    387   2.0544    0.084
A-n65-k9 	BT-3   65   10    130    0   1177   1222   1186    145   0.9038    0.008
A-n65-k9 	BT-3   65   10    130    1   1177   1186   1186    130   0.8439    0.008
A-n65-k9 	BT-3   65    6    130    0   1177   1222   1186    145   0.9026    0.008
A-n65-k9 	BT-3   65    6    130    1   1177   1186   1186    130   0.8376    0.008
A-n65-k9 	BT-3   65   21    260    0   1177   1939   1199    536   2.7007    0.019
A-n65-k9 	BT-3   65   21    260    1   1177   1959   1223    427   2.2032    0.039
A-n65-k9 	BT-3   65   10    130    0   1177   1222   1186    145   0.8966    0.008
A-n65-k9 	BT-3   65   10    130    1   1177   1186   1186    130   0.8431    0.008
A-n65-k9 	BT-3   65    6    130    0   1177   1222   1186    145   0.9017    0.008
A-n65-k9 	BT-3   65    6    130    1   1177   1186   1186    130   0.8638    0.008
A-n65-k9 	BT-3   65   21    260    0   1177   1939   1199    569   2.9383    0.019
A-n65-k9 	BT-3   65   21    260    1   1177   1959   1260    490   2.4971    0.071
A-n65-k9 	BT-3   65   10    130    0   1177   1222   1186    145   0.9029    0.008
A-n65-k9 	BT-3   65   10    130    1   1177   1186   1186    130   0.8343    0.008
A-n65-k9 	BT-3   65    6    130    0   1177   1222   1186    145   0.9047    0.008
A-n65-k9 	BT-3   65    6    130    1   1177   1186   1186    130   0.8367    0.008
A-n65-k9 	BT-3   65   21    260    0   1177   1939   1199    573   2.8978    0.019
A-n65-k9 	BT-3   65   21    260    1   1177   1959   1282    295   1.5671    0.089
A-n65-k9 	BT-3   65   10    130    0   1177   1222   1186    145   0.9068    0.008
A-n65-k9 	BT-3   65   10    130    1   1177   1186   1186    130   0.8366    0.008
A-n65-k9 	BT-3   65    6    130    0   1177   1222   1186    145   0.9004    0.008
A-n65-k9 	BT-3   65    6    130    1   1177   1186   1186    130   0.8365    0.008
A-n65-k9 	BT-3   65   21    260    0   1177   1939   1199    557   2.8366    0.019
A-n65-k9 	BT-3   65   21    260    1   1177   1959   1234    472   2.4770    0.048
A-n65-k9 	BT-3   65   10    130    0   1177   1222   1186    145   0.9208    0.008
A-n65-k9 	BT-3   65   10    130    1   1177   1186   1186    130   0.8486    0.008
A-n65-k9 	BT-3   65    6    130    0   1177   1222   1186    145   0.9042    0.008
A-n65-k9 	BT-3   65    6    130    1   1177   1186   1186    130   0.8337    0.008
A-n65-k9 	BT-3   65   21    260    0   1177   1939   1203    935   4.6662    0.022
A-n65-k9 	BT-3   65   21    260    1   1177   1959   1214    528   2.7610    0.031
A-n65-k9 	BT-3   65   10    130    0   1177   1222   1186    145   0.9222    0.008
A-n65-k9 	BT-3   65   10    130    1   1177   1186   1186    130   0.8426    0.008
A-n65-k9 	BT-3   65    6    130    0   1177   1222   1186    145   0.9027    0.008
A-n65-k9 	BT-3   65    6    130    1   1177   1186   1186    130   0.8512    0.008
A-n65-k9 	BT-3   65   21    260    0   1177   1939   1202    545   2.7548    0.021
A-n65-k9 	BT-3   65   21    260    1   1177   1959   1264    476   2.4524    0.074
A-n65-k9 	BT-3   65   10    130    0   1177   1222   1186    145   0.9191    0.008
A-n65-k9 	BT-3   65   10    130    1   1177   1186   1186    130   0.8488    0.008
A-n65-k9 	BT-3   65    6    130    0   1177   1222   1186    145   0.9040    0.008
A-n65-k9 	BT-3   65    6    130    1   1177   1186   1186    130   0.8555    0.008
A-n65-k9 	BT-3   65   21    260    0   1177   1939   1199    643   3.2351    0.019
A-n65-k9 	BT-3   65   21    260    1   1177   1959   1238    374   1.9449    0.052
A-n65-k9 	BT-3   65   10    130    0   1177   1222   1186    145   0.9124    0.008
A-n65-k9 	BT-3   65   10    130    1   1177   1186   1186    130   0.8459    0.008
A-n65-k9 	BT-3   65    6    130    0   1177   1222   1186    145   0.9013    0.008
A-n65-k9 	BT-3   65    6    130    1   1177   1186   1186    130   0.8626    0.008
A-n65-k9 	BT-3   65   21    260    0   1177   1939   1202    720   3.5908    0.021
A-n65-k9 	BT-3   65   21    260    1   1177   1959   1219    631   3.1917    0.036
A-n65-k9 	BT-3   65   10    130    0   1177   1222   1186    145   0.9004    0.008
A-n65-k9 	BT-3   65   10    130    1   1177   1186   1186    130   0.8426    0.008
A-n65-k9 	BT-3   65    6    130    0   1177   1222   1186    145   0.9070    0.008
A-n65-k9 	BT-3   65    6    130    1   1177   1186   1186    130   0.8548    0.008
A-n65-k9 	BT-3   65   21    260    0   1177   1939   1203    711   3.5626    0.022
A-n65-k9 	BT-3   65   21    260    1   1177   1959   1221    602   3.0640    0.037
A-n65-k9 	BT-3   65   10    130    0   1177   1222   1186    145   0.8993    0.008
A-n65-k9 	BT-3   65   10    130    1   1177   1186   1186    130   0.8442    0.008
A-n65-k9 	BT-3   65    6    130    0   1177   1222   1186    145   0.9019    0.008
A-n65-k9 	BT-3   65    6    130    1   1177   1186   1186    130   0.8375    0.008
A-n65-k9 	BT-3   65   21    260    0   1177   1939   1198    505   2.6018    0.018
A-n65-k9 	BT-3   65   21    260    1   1177   1959   1258    631   3.2396    0.069
A-n65-k9 	BT-3   65   10    130    0   1177   1222   1186    145   0.9079    0.008
A-n65-k9 	BT-3   65   10    130    1   1177   1186   1186    130   0.8510    0.008
A-n65-k9 	BT-3   65    6    130    0   1177   1222   1186    145   0.9340    0.008
A-n65-k9 	BT-3   65    6    130    1   1177   1186   1186    130   0.8396    0.008
A-n65-k9 	BT-3   65   21    260    0   1177   1939   1199    556   2.8257    0.019
A-n65-k9 	BT-3   65   21    260    1   1177   1959   1219    421   2.1858    0.036
A-n65-k9 	BT-3   65   10    130    0   1177   1222   1186    145   0.9114    0.008
A-n65-k9 	BT-3   65   10    130    1   1177   1186   1186    130   0.8330    0.008
A-n65-k9 	BT-3   65    6    130    0   1177   1222   1186    145   0.9025    0.008
A-n65-k9 	BT-3   65    6    130    1   1177   1186   1186    130   0.8410    0.008
A-n65-k9 	BT-3   65   21    260    0   1177   1939   1211    419   2.1476    0.029
A-n65-k9 	BT-3   65   21    260    1   1177   1959   1214    565   2.9093    0.031
A-n65-k9 	BT-3   65   10    130    0   1177   1222   1186    145   0.9087    0.008
A-n65-k9 	BT-3   65   10    130    1   1177   1186   1186    130   0.8316    0.008
A-n65-k9 	BT-3   65    6    130    0   1177   1222   1186    145   0.9030    0.008
A-n65-k9 	BT-3   65    6    130    1   1177   1186   1186    130   0.8384    0.008
A-n65-k9 	BT-3   65   21    260    0   1177   1939   1202    547   2.7502    0.021
A-n65-k9 	BT-3   65   21    260    1   1177   1959   1200    385   1.9703    0.020
A-n65-k9 	BT-3   65   10    130    0   1177   1222   1186    145   0.9181    0.008
A-n65-k9 	BT-3   65   10    130    1   1177   1186   1186    130   0.8368    0.008
A-n65-k9 	BT-3   65    6    130    0   1177   1222   1186    145   0.9157    0.008
A-n65-k9 	BT-3   65    6    130    1   1177   1186   1186    130   0.8373    0.008
A-n65-k9 	BT-3   65   21    260    0   1177   1939   1202    346   1.7689    0.021
A-n65-k9 	BT-3   65   21    260    1   1177   1959   1227    465   2.4035    0.042
A-n65-k9 	BT-3   65   10    130    0   1177   1222   1186    145   0.9191    0.008
A-n65-k9 	BT-3   65   10    130    1   1177   1186   1186    130   0.8362    0.008
A-n65-k9 	BT-3   65    6    130    0   1177   1222   1186    145   0.9019    0.008
A-n65-k9 	BT-3   65    6    130    1   1177   1186   1186    130   0.8388    0.008
A-n65-k9 	BT-3   65   21    260    0   1177   1939   1200    622   3.1369    0.020
A-n65-k9 	BT-3   65   21    260    1   1177   1959   1193   1135   5.7068    0.014
A-n65-k9 	BT-3   65   10    130    0   1177   1222   1186    145   0.9110    0.008
A-n65-k9 	BT-3   65   10    130    1   1177   1186   1186    130   0.8347    0.008
A-n65-k9 	BT-3   65    6    130    0   1177   1222   1186    145   0.9150    0.008
A-n65-k9 	BT-3   65    6    130    1   1177   1186   1186    130   0.8356    0.008
A-n65-k9 	BT-3   65   21    260    0   1177   1939   1202    472   2.3820    0.021
A-n65-k9 	BT-3   65   21    260    1   1177   1959   1282    295   1.5741    0.089
A-n65-k9 	BT-3   65   10    130    0   1177   1222   1186    145   0.8992    0.008
A-n65-k9 	BT-3   65   10    130    1   1177   1186   1186    130   0.8477    0.008
A-n65-k9 	BT-3   65    6    130    0   1177   1222   1186    145   0.9000    0.008
A-n65-k9 	BT-3   65    6    130    1   1177   1186   1186    130   0.8457    0.008
A-n65-k9 	BT-3   65   21    260    0   1177   1939   1207    340   1.7489    0.025
A-n65-k9 	BT-3   65   21    260    1   1177   1959   1217    415   2.1663    0.034
A-n65-k9 	BT-3   65   10    130    0   1177   1222   1186    145   0.9020    0.008
A-n65-k9 	BT-3   65   10    130    1   1177   1186   1186    130   0.8312    0.008
A-n65-k9 	BT-3   65    6    130    0   1177   1222   1186    145   0.9010    0.008
A-n65-k9 	BT-3   65    6    130    1   1177   1186   1186    130   0.8366    0.008
A-n65-k9 	BT-3   65   21    260    0   1177   1939   1200    359   1.8334    0.020
A-n65-k9 	BT-3   65   21    260    1   1177   1959   1282    295   1.5569    0.089
A-n65-k9 	BT-3   65   10    130    0   1177   1222   1186    145   0.9098    0.008
A-n65-k9 	BT-3   65   10    130    1   1177   1186   1186    130   0.8957    0.008
A-n65-k9 	BT-3   65    6    130    0   1177   1222   1186    145   0.9115    0.008
A-n65-k9 	BT-3   65    6    130    1   1177   1186   1186    130   0.8364    0.008
A-n65-k9 	BT-3   65   21    260    0   1177   1939   1199    593   2.9834    0.019
A-n65-k9 	BT-3   65   21    260    1   1177   1959   1221    383   1.9692    0.037
A-n65-k9 	BT-3   65   10    130    0   1177   1222   1186    145   0.9029    0.008
A-n65-k9 	BT-3   65   10    130    1   1177   1186   1186    130   0.8402    0.008
A-n65-k9 	BT-3   65    6    130    0   1177   1222   1186    145   0.9012    0.008
A-n65-k9 	BT-3   65    6    130    1   1177   1186   1186    130   0.8383    0.008
A-n65-k9 	BT-3   65   21    260    0   1177   1939   1200    374   1.8881    0.020
A-n65-k9 	BT-3   65   21    260    1   1177   1959   1204    530   2.7336    0.023
A-n65-k9 	BT-3   65   10    130    0   1177   1222   1186    145   0.9111    0.008
A-n65-k9 	BT-3   65   10    130    1   1177   1186   1186    130   0.8555    0.008
A-n65-k9 	BT-3   65    6    130    0   1177   1222   1186    145   0.9048    0.008
A-n65-k9 	BT-3   65    6    130    1   1177   1186   1186    130   0.8440    0.008
A-n65-k9 	BT-3   65   21    260    0   1177   1939   1213    576   2.9706    0.031
A-n65-k9 	BT-3   65   21    260    1   1177   1959   1193    914   4.6749    0.014
A-n65-k9 	BT-3   65   10    130    0   1177   1222   1186    145   0.9053    0.008
A-n65-k9 	BT-3   65   10    130    1   1177   1186   1186    130   0.8320    0.008
A-n65-k9 	BT-3   65    6    130    0   1177   1222   1186    145   0.9013    0.008
A-n65-k9 	BT-3   65    6    130    1   1177   1186   1186    130   0.8318    0.008
A-n65-k9 	BT-3   65   21    260    0   1177   1939   1202    576   2.9302    0.021
A-n65-k9 	BT-3   65   21    260    1   1177   1959   1215    770   3.8857    0.032
A-n65-k9 	BT-3   65   10    130    0   1177   1222   1186    145   0.9040    0.008
A-n65-k9 	BT-3   65   10    130    1   1177   1186   1186    130   0.8475    0.008
A-n65-k9 	BT-3   65    6    130    0   1177   1222   1186    145   0.9026    0.008
A-n65-k9 	BT-3   65    6    130    1   1177   1186   1186    130   0.8337    0.008
A-n65-k9 	BT-3   65   21    260    0   1177   1939   1200    455   2.2888    0.020
A-n65-k9 	BT-3   65   21    260    1   1177   1959   1207    408   2.0751    0.025
A-n65-k9 	BT-3   65   10    130    0   1177   1222   1186    145   0.9046    0.008
A-n65-k9 	BT-3   65   10    130    1   1177   1186   1186    130   0.8397    0.008
A-n65-k9 	BT-3   65    6    130    0   1177   1222   1186    145   0.8998    0.008
A-n65-k9 	BT-3   65    6    130    1   1177   1186   1186    130   0.8373    0.008
A-n65-k9 	BT-3   65   21    260    0   1177   1939   1199    504   2.5488    0.019
A-n65-k9 	BT-3   65   21    260    1   1177   1959   1214    488   2.5006    0.031
A-n65-k9 	BT-3   65   10    130    0   1177   1222   1186    145   0.8960    0.008
A-n65-k9 	BT-3   65   10    130    1   1177   1186   1186    130   0.8821    0.008
A-n65-k9 	BT-3   65    6    130    0   1177   1222   1186    145   0.9000    0.008
A-n65-k9 	BT-3   65    6    130    1   1177   1186   1186    130   0.8367    0.008
A-n65-k9 	BT-3   65   21    260    0   1177   1939   1199    657   3.2867    0.019
A-n65-k9 	BT-3   65   21    260    1   1177   1959   1282    295   1.5869    0.089
A-n65-k9 	BT-3   65   10    130    0   1177   1222   1186    145   0.9137    0.008
A-n65-k9 	BT-3   65   10    130    1   1177   1186   1186    130   0.8403    0.008
A-n65-k9 	BT-3   65    6    130    0   1177   1222   1186    145   0.9082    0.008
A-n65-k9 	BT-3   65    6    130    1   1177   1186   1186    130   0.8394    0.008
A-n65-k9 	BT-3   65   21    260    0   1177   1939   1200    348   1.7735    0.020
A-n65-k9 	BT-3   65   21    260    1   1177   1959   1282    295   1.5791    0.089
A-n65-k9 	BT-3   65   10    130    0   1177   1222   1186    145   0.9318    0.008
A-n65-k9 	BT-3   65   10    130    1   1177   1186   1186    130   0.8354    0.008
A-n65-k9 	BT-3   65    6    130    0   1177   1222   1186    145   0.9014    0.008
A-n65-k9 	BT-3   65    6    130    1   1177   1186   1186    130   0.8350    0.008
A-n65-k9 	BT-3   65   21    260    0   1177   1939   1202    748   3.7537    0.021
A-n65-k9 	BT-3   65   21    260    1   1177   1959   1180    571   2.9025    0.003
A-n65-k9 	BT-3   65   10    130    0   1177   1194   1180    158   1.0090    0.003
A-n65-k9 	BT-3   65   10    130    1   1177   1180   1177    156   1.0013    0.000
A-n65-k9 	BT-3   65    6    130    0   1177   1207   1177    146   0.9146    0.000
A-n65-k9 	BT-3   65    6    130    1   1177   1177   1177    130   0.8375    0.000
A-n65-k9 	BT-3   65   21    260    0   1177   1939   1206    514   2.5939    0.025
A-n65-k9 	BT-3   65   21    260    1   1177   1959   1268    460   2.4034    0.077
A-n65-k9 	BT-3   65   10    130    0   1177   1207   1177    146   0.9133    0.000
A-n65-k9 	BT-3   65   10    130    1   1177   1177   1177    130   0.8396    0.000
A-n65-k9 	BT-3   65    6    130    0   1177   1207   1177    146   0.9156    0.000
A-n65-k9 	BT-3   65    6    130    1   1177   1177   1177    130   0.8418    0.000
A-n65-k9 	BT-3   65   21    260    0   1177   1939   1203    367   1.9558    0.022
A-n65-k9 	BT-3   65   21    260    1   1177   1959   1217    513   2.7339    0.034
A-n65-k9 	BT-3   65   10    130    0   1177   1207   1177    146   0.9164    0.000
A-n65-k9 	BT-3   65   10    130    1   1177   1177   1177    130   0.8618    0.000
A-n65-k9 	BT-3   65    6    130    0   1177   1207   1177    146   0.9243    0.000
A-n65-k9 	BT-3   65    6    130    1   1177   1177   1177    130   0.8648    0.000
A-n65-k9 	BT-3   65   21    260    0   1177   1939   1204    372   1.9042    0.023
A-n65-k9 	BT-3   65   21    260    1   1177   1959   1213    392   2.0741    0.031
A-n65-k9 	BT-3   65   10    130    0   1177   1207   1177    146   0.9171    0.000
A-n65-k9 	BT-3   65   10    130    1   1177   1177   1177    130   0.8418    0.000
A-n65-k9 	BT-3   65    6    130    0   1177   1207   1177    146   0.9523    0.000
A-n65-k9 	BT-3   65    6    130    1   1177   1177   1177    130   0.8548    0.000
A-n65-k9 	BT-3   65   21    260    0   1177   1939   1199    412   2.0900    0.019
A-n65-k9 	BT-3   65   21    260    1   1177   1959   1212    490   2.6045    0.030
A-n65-k9 	BT-3   65   10    130    0   1177   1207   1177    146   0.9185    0.000
A-n65-k9 	BT-3   65   10    130    1   1177   1177   1177    130   0.8466    0.000
A-n65-k9 	BT-3   65    6    130    0   1177   1207   1177    146   0.9142    0.000
A-n65-k9 	BT-3   65    6    130    1   1177   1177   1177    130   0.8370    0.000
A-n65-k9 	BT-3   65   21    260    0   1177   1939   1200    528   2.6575    0.020
A-n65-k9 	BT-3   65   21    260    1   1177   1959   1282    295   1.5688    0.089
A-n65-k9 	BT-3   65   10    130    0   1177   1207   1177    146   0.9679    0.000
A-n65-k9 	BT-3   65   10    130    1   1177   1177   1177    130   0.8662    0.000
A-n65-k9 	BT-3   65    6    130    0   1177   1207   1177    146   0.9187    0.000
A-n65-k9 	BT-3   65    6    130    1   1177   1177   1177    130   0.8277    0.000
A-n65-k9 	BT-3   65   21    260    0   1177   1939   1199    655   3.3036    0.019
A-n65-k9 	BT-3   65   21    260    1   1177   1959   1184    871   4.4685    0.006
A-n65-k9 	BT-3   65   10    130    0   1177   1207   1177    146   0.9453    0.000
A-n65-k9 	BT-3   65   10    130    1   1177   1177   1177    130   0.8664    0.000
A-n65-k9 	BT-3   65    6    130    0   1177   1207   1177    146   0.9200    0.000
A-n65-k9 	BT-3   65    6    130    1   1177   1177   1177    130   0.8353    0.000
A-n65-k9 	BT-3   65   21    260    0   1177   1939   1199    668   3.4006    0.019
A-n65-k9 	BT-3   65   21    260    1   1177   1959   1188    595   2.9981    0.009
A-n65-k9 	BT-3   65   10    130    0   1177   1207   1177    146   0.9497    0.000
A-n65-k9 	BT-3   65   10    130    1   1177   1177   1177    130   0.8747    0.000
A-n65-k9 	BT-3   65    6    130    0   1177   1207   1177    146   0.9225    0.000
A-n65-k9 	BT-3   65    6    130    1   1177   1177   1177    130   0.8381    0.000
A-n65-k9 	BT-3   65   21    260    0   1177   1939   1202    510   2.5860    0.021
A-n65-k9 	BT-3   65   21    260    1   1177   1959   1223    713   3.7325    0.039
A-n65-k9 	BT-3   65   10    130    0   1177   1207   1177    146   0.9113    0.000
A-n65-k9 	BT-3   65   10    130    1   1177   1177   1177    130   0.8363    0.000
A-n65-k9 	BT-3   65    6    130    0   1177   1207   1177    146   0.9224    0.000
A-n65-k9 	BT-3   65    6    130    1   1177   1177   1177    130   0.8385    0.000
A-n65-k9 	BT-3   65   21    260    0   1177   1939   1206    646   3.3698    0.025
A-n65-k9 	BT-3   65   21    260    1   1177   1959   1200    772   4.0972    0.020
A-n65-k9 	BT-3   65   10    130    0   1177   1207   1177    146   0.9450    0.000
A-n65-k9 	BT-3   65   10    130    1   1177   1177   1177    130   0.8431    0.000
A-n65-k9 	BT-3   65    6    130    0   1177   1207   1177    146   0.9244    0.000
A-n65-k9 	BT-3   65    6    130    1   1177   1177   1177    130   0.8378    0.000
A-n65-k9 	BT-3   65   21    260    0   1177   1939   1203    557   2.8227    0.022
A-n65-k9 	BT-3   65   21    260    1   1177   1959   1279    439   2.3213    0.087
A-n65-k9 	BT-3   65   10    130    0   1177   1207   1177    146   0.9181    0.000
A-n65-k9 	BT-3   65   10    130    1   1177   1177   1177    130   0.8462    0.000
A-n65-k9 	BT-3   65    6    130    0   1177   1207   1177    146   0.9447    0.000
A-n65-k9 	BT-3   65    6    130    1   1177   1177   1177    130   0.8877    0.000
A-n65-k9 	BT-3   65   21    260    0   1177   1939   1211    518   2.6574    0.029
A-n65-k9 	BT-3   65   21    260    1   1177   1959   1272    497   2.6490    0.081
A-n65-k9 	BT-3   65   10    130    0   1177   1207   1177    146   0.9278    0.000
A-n65-k9 	BT-3   65   10    130    1   1177   1177   1177    130   0.8435    0.000
A-n65-k9 	BT-3   65    6    130    0   1177   1207   1177    146   0.9148    0.000
A-n65-k9 	BT-3   65    6    130    1   1177   1177   1177    130   0.8249    0.000
A-n65-k9 	BT-3   65   21    260    0   1177   1939   1202    391   2.0520    0.021
A-n65-k9 	BT-3   65   21    260    1   1177   1959   1253    414   2.1601    0.065
A-n65-k9 	BT-3   65   10    130    0   1177   1207   1177    146   0.9451    0.000
A-n65-k9 	BT-3   65   10    130    1   1177   1177   1177    130   0.8684    0.000
A-n65-k9 	BT-3   65    6    130    0   1177   1207   1177    146   0.9114    0.000
A-n65-k9 	BT-3   65    6    130    1   1177   1177   1177    130   0.8395    0.000
A-n65-k9 	BT-3   65   21    260    0   1177   1939   1202    484   2.5825    0.021
A-n65-k9 	BT-3   65   21    260    1   1177   1959   1235    419   2.1927    0.049
A-n65-k9 	BT-3   65   10    130    0   1177   1207   1177    146   1.0171    0.000
A-n65-k9 	BT-3   65   10    130    1   1177   1177   1177    130   0.8555    0.000
A-n65-k9 	BT-3   65    6    130    0   1177   1207   1177    146   0.9597    0.000
A-n65-k9 	BT-3   65    6    130    1   1177   1177   1177    130   0.8682    0.000
A-n65-k9 	BT-3   65   21    260    0   1177   1939   1199    539   2.8307    0.019
A-n65-k9 	BT-3   65   21    260    1   1177   1959   1218    677   3.5961    0.035
A-n65-k9 	BT-3   65   10    130    0   1177   1207   1177    146   0.9095    0.000
A-n65-k9 	BT-3   65   10    130    1   1177   1177   1177    130   0.8647    0.000
A-n65-k9 	BT-3   65    6    130    0   1177   1207   1177    146   0.9256    0.000
A-n65-k9 	BT-3   65    6    130    1   1177   1177   1177    130   0.8381    0.000
A-n65-k9 	BT-3   65   21    260    0   1177   1939   1203    382   1.9387    0.022
A-n65-k9 	BT-3   65   21    260    1   1177   1959   1225    735   3.7298    0.041
A-n65-k9 	BT-3   65   10    130    0   1177   1207   1177    146   0.9155    0.000
A-n65-k9 	BT-3   65   10    130    1   1177   1177   1177    130   0.8417    0.000
A-n65-k9 	BT-3   65    6    130    0   1177   1207   1177    146   0.9409    0.000
A-n65-k9 	BT-3   65    6    130    1   1177   1177   1177    130   0.8654    0.000
A-n65-k9 	BT-3   65   21    260    0   1177   1939   1199    560   2.8062    0.019
A-n65-k9 	BT-3   65   21    260    1   1177   1959   1212    390   2.0366    0.030
A-n65-k9 	BT-3   65   10    130    0   1177   1207   1177    146   0.9568    0.000
A-n65-k9 	BT-3   65   10    130    1   1177   1177   1177    130   0.8535    0.000
A-n65-k9 	BT-3   65    6    130    0   1177   1207   1177    146   0.9165    0.000
A-n65-k9 	BT-3   65    6    130    1   1177   1177   1177    130   0.8319    0.000
A-n65-k9 	BT-3   65   21    260    0   1177   1939   1206    632   3.1977    0.025
A-n65-k9 	BT-3   65   21    260    1   1177   1959   1203    536   2.7445    0.022
A-n65-k9 	BT-3   65   10    130    0   1177   1207   1177    146   0.9416    0.000
A-n65-k9 	BT-3   65   10    130    1   1177   1177   1177    130   0.8408    0.000
A-n65-k9 	BT-3   65    6    130    0   1177   1207   1177    146   0.9149    0.000
A-n65-k9 	BT-3   65    6    130    1   1177   1177   1177    130   0.8375    0.000
A-n65-k9 	BT-3   65   21    260    0   1177   1939   1200    394   2.0746    0.020
A-n65-k9 	BT-3   65   21    260    1   1177   1959   1212    439   2.3549    0.030
A-n65-k9 	BT-3   65   10    130    0   1177   1207   1177    146   0.9155    0.000
A-n65-k9 	BT-3   65   10    130    1   1177   1177   1177    130   0.8437    0.000
A-n65-k9 	BT-3   65    6    130    0   1177   1207   1177    146   0.9214    0.000
A-n65-k9 	BT-3   65    6    130    1   1177   1177   1177    130   0.8429    0.000
A-n65-k9 	BT-3   65   21    260    0   1177   1939   1199    763   3.8349    0.019
A-n65-k9 	BT-3   65   21    260    1   1177   1959   1276    429   2.2453    0.084
A-n65-k9 	BT-3   65   10    130    0   1177   1207   1177    146   0.9176    0.000
A-n65-k9 	BT-3   65   10    130    1   1177   1177   1177    130   0.8373    0.000
A-n65-k9 	BT-3   65    6    130    0   1177   1207   1177    146   0.9449    0.000
A-n65-k9 	BT-3   65    6    130    1   1177   1177   1177    130   0.8609    0.000
A-n65-k9 	BT-3   65   21    260    0   1177   1939   1212    492   2.5026    0.030
A-n65-k9 	BT-3   65   21    260    1   1177   1959   1239    392   2.0523    0.053
A-n65-k9 	BT-3   65   10    130    0   1177   1207   1177    146   0.9159    0.000
A-n65-k9 	BT-3   65   10    130    1   1177   1177   1177    130   0.8322    0.000
A-n65-k9 	BT-3   65    6    130    0   1177   1207   1177    146   0.9170    0.000
A-n65-k9 	BT-3   65    6    130    1   1177   1177   1177    130   0.8388    0.000
A-n65-k9 	BT-3   65   21    260    0   1177   1939   1200    654   3.2914    0.020
A-n65-k9 	BT-3   65   21    260    1   1177   1959   1282    295   1.5602    0.089
A-n65-k9 	BT-3   65   10    130    0   1177   1207   1177    146   0.9629    0.000
A-n65-k9 	BT-3   65   10    130    1   1177   1177   1177    130   0.8695    0.000
A-n65-k9 	BT-3   65    6    130    0   1177   1207   1177    146   0.9198    0.000
A-n65-k9 	BT-3   65    6    130    1   1177   1177   1177    130   0.8403    0.000
A-n65-k9 	BT-3   65   21    260    0   1177   1939   1199    490   2.5278    0.019
A-n65-k9 	BT-3   65   21    260    1   1177   1959   1200    660   3.5900    0.020
A-n65-k9 	BT-3   65   10    130    0   1177   1207   1177    146   0.9786    0.000
A-n65-k9 	BT-3   65   10    130    1   1177   1177   1177    130   0.8361    0.000
A-n65-k9 	BT-3   65    6    130    0   1177   1207   1177    146   0.9216    0.000
A-n65-k9 	BT-3   65    6    130    1   1177   1177   1177    130   0.8742    0.000
A-n65-k9 	BT-3   65   21    260    0   1177   1939   1203    331   1.8149    0.022
A-n65-k9 	BT-3   65   21    260    1   1177   1959   1230    399   2.2764    0.045
A-n65-k9 	BT-3   65   10    130    0   1177   1207   1177    146   1.0023    0.000
A-n65-k9 	BT-3   65   10    130    1   1177   1177   1177    130   0.8966    0.000
A-n65-k9 	BT-3   65    6    130    0   1177   1207   1177    146   0.9372    0.000
A-n65-k9 	BT-3   65    6    130    1   1177   1177   1177    130   0.8562    0.000
A-n65-k9 	BT-3   65   21    260    0   1177   1939   1202    519   2.7607    0.021
A-n65-k9 	BT-3   65   21    260    1   1177   1959   1258    439   2.4952    0.069
A-n65-k9 	BT-3   65   10    130    0   1177   1207   1177    146   0.9237    0.000
A-n65-k9 	BT-3   65   10    130    1   1177   1177   1177    130   0.8805    0.000
A-n65-k9 	BT-3   65    6    130    0   1177   1207   1177    146   0.9552    0.000
A-n65-k9 	BT-3   65    6    130    1   1177   1177   1177    130   0.8690    0.000
A-n65-k9 	BT-3   65   21    260    0   1177   1939   1199    466   2.4773    0.019
A-n65-k9 	BT-3   65   21    260    1   1177   1959   1282    295   1.6375    0.089
A-n65-k9 	BT-3   65   10    130    0   1177   1207   1177    146   0.9551    0.000
A-n65-k9 	BT-3   65   10    130    1   1177   1177   1177    130   0.8843    0.000
A-n65-k9 	BT-3   65    6    130    0   1177   1207   1177    146   0.9499    0.000
A-n65-k9 	BT-3   65    6    130    1   1177   1177   1177    130   0.8625    0.000
A-n65-k9 	BT-3   65   21    260    0   1177   1939   1199    657   3.5048    0.019
A-n65-k9 	BT-3   65   21    260    1   1177   1959   1206    629   3.2199    0.025
A-n65-k9 	BT-3   65   10    130    0   1177   1207   1177    146   0.9517    0.000
A-n65-k9 	BT-3   65   10    130    1   1177   1177   1177    130   0.8781    0.000
A-n65-k9 	BT-3   65    6    130    0   1177   1207   1177    146   1.0286    0.000
A-n65-k9 	BT-3   65    6    130    1   1177   1177   1177    130   0.8418    0.000
A-n65-k9 	BT-3   65   21    260    0   1177   1939   1207    591   3.0153    0.025
A-n65-k9 	BT-3   65   21    260    1   1177   1959   1213    417   2.3550    0.031
A-n65-k9 	BT-3   65   10    130    0   1177   1207   1177    146   0.9471    0.000
A-n65-k9 	BT-3   65   10    130    1   1177   1177   1177    130   0.8885    0.000
A-n65-k9 	BT-3   65    6    130    0   1177   1207   1177    146   0.9640    0.000
A-n65-k9 	BT-3   65    6    130    1   1177   1177   1177    130   0.8488    0.000
A-n65-k9 	BT-3   65   21    260    0   1177   1939   1202    734   4.0416    0.021
A-n65-k9 	BT-3   65   21    260    1   1177   1959   1225    544   3.0742    0.041
A-n65-k9 	BT-3   65   10    130    0   1177   1207   1177    146   0.9944    0.000
A-n65-k9 	BT-3   65   10    130    1   1177   1177   1177    130   0.8439    0.000
A-n65-k9 	BT-3   65    6    130    0   1177   1207   1177    146   0.9662    0.000
A-n65-k9 	BT-3   65    6    130    1   1177   1177   1177    130   0.8417    0.000
A-n65-k9 	BT-3   65   21    260    0   1177   1939   1202    337   1.7572    0.021
A-n65-k9 	BT-3   65   21    260    1   1177   1959   1282    295   1.5648    0.089
A-n65-k9 	BT-3   65   10    130    0   1177   1207   1177    146   0.9368    0.000
A-n65-k9 	BT-3   65   10    130    1   1177   1177   1177    130   0.8392    0.000
A-n65-k9 	BT-3   65    6    130    0   1177   1207   1177    146   0.9505    0.000
A-n65-k9 	BT-3   65    6    130    1   1177   1177   1177    130   0.8652    0.000
A-n65-k9 	BT-3   65   21    260    0   1177   1939   1200    765   4.0722    0.020
A-n65-k9 	BT-3   65   21    260    1   1177   1959   1276    358   2.2161    0.084
A-n65-k9 	BT-3   65   10    130    0   1177   1207   1177    146   1.1695    0.000
A-n65-k9 	BT-3   65   10    130    1   1177   1177   1177    130   0.9399    0.000
A-n65-k9 	BT-3   65    6    130    0   1177   1207   1177    146   1.1205    0.000
A-n65-k9 	BT-3   65    6    130    1   1177   1177   1177    130   0.8844    0.000
A-n65-k9 	BT-3   65   21    260    0   1177   1939   1212    388   2.1328    0.030
A-n65-k9 	BT-3   65   21    260    1   1177   1959   1192    409   2.3061    0.013
A-n65-k9 	BT-3   65   10    130    0   1177   1207   1177    146   0.9556    0.000
A-n65-k9 	BT-3   65   10    130    1   1177   1177   1177    130   0.8545    0.000
A-n65-k9 	BT-3   65    6    130    0   1177   1207   1177    146   0.9864    0.000
A-n65-k9 	BT-3   65    6    130    1   1177   1177   1177    130   0.9818    0.000
A-n65-k9 	BT-3   65   21    260    0   1177   1939   1200    386   2.2521    0.020
A-n65-k9 	BT-3   65   21    260    1   1177   1959   1221    907   5.2642    0.037
A-n65-k9 	BT-3   65   10    130    0   1177   1207   1177    146   1.0013    0.000
A-n65-k9 	BT-3   65   10    130    1   1177   1177   1177    130   0.9256    0.000
A-n65-k9 	BT-3   65    6    130    0   1177   1207   1177    146   1.0309    0.000
A-n65-k9 	BT-3   65    6    130    1   1177   1177   1177    130   0.8914    0.000
A-n65-k9 	BT-3   65   21    260    0   1177   1939   1200    447   2.5042    0.020
A-n65-k9 	BT-3   65   21    260    1   1177   1959   1206    548   3.0357    0.025
A-n65-k9 	BT-3   65   10    130    0   1177   1207   1177    146   0.9248    0.000
A-n65-k9 	BT-3   65   10    130    1   1177   1177   1177    130   0.8583    0.000
A-n65-k9 	BT-3   65    6    130    0   1177   1207   1177    146   1.0384    0.000
A-n65-k9 	BT-3   65    6    130    1   1177   1177   1177    130   0.8913    0.000
A-n65-k9 	BT-3   65   21    260    0   1177   1939   1200    713   3.7321    0.020
A-n65-k9 	BT-3   65   21    260    1   1177   1959   1267    549   3.0544    0.076
A-n65-k9 	BT-3   65   10    130    0   1177   1207   1177    146   0.9633    0.000
A-n65-k9 	BT-3   65   10    130    1   1177   1177   1177    130   0.8540    0.000
A-n65-k9 	BT-3   65    6    130    0   1177   1207   1177    146   0.9534    0.000
A-n65-k9 	BT-3   65    6    130    1   1177   1177   1177    130   0.8573    0.000
A-n65-k9 	BT-3   65   21    260    0   1177   1939   1202    511   2.6611    0.021
A-n65-k9 	BT-3   65   21    260    1   1177   1959   1220    428   2.2461    0.037
A-n65-k9 	BT-3   65   10    130    0   1177   1207   1177    146   0.9546    0.000
A-n65-k9 	BT-3   65   10    130    1   1177   1177   1177    130   0.9008    0.000
A-n65-k9 	BT-3   65    6    130    0   1177   1207   1177    146   0.9332    0.000
A-n65-k9 	BT-3   65    6    130    1   1177   1177   1177    130   0.8976    0.000
A-n65-k9 	BT-3   65   21    260    0   1177   1939   1211    335   1.7626    0.029
A-n65-k9 	BT-3   65   21    260    1   1177   1959   1201    827   4.2947    0.020
A-n65-k9 	BT-3   65   10    130    0   1177   1207   1177    146   0.9941    0.000
A-n65-k9 	BT-3   65   10    130    1   1177   1177   1177    130   0.8596    0.000
A-n65-k9 	BT-3   65    6    130    0   1177   1207   1177    146   0.9412    0.000
A-n65-k9 	BT-3   65    6    130    1   1177   1177   1177    130   0.8528    0.000
