A-n36-k5 	BT-1   36   12    144    0    799   1258    816    157   0.1437    0.021
A-n36-k5 	BT-1   36   12    144    1    799   1153    808    160   0.1456    0.011
A-n36-k5 	BT-1   36    6     72    0    799    995    805     89   0.0846    0.008
A-n36-k5 	BT-1   36    6     72    1    799    808    808     72   0.0897    0.011
A-n36-k5 	BT-1   36    3     72    0    799    813    805     73   0.0726    0.008
A-n36-k5 	BT-1   36    3     72    1    799    805    805     72   0.0750    0.008
A-n36-k5 	BT-2   36   12    144    0    799   1258    816    158   0.1566    0.021
A-n36-k5 	BT-2   36   12    144    1    799   1153    835    209   0.1959    0.045
A-n36-k5 	BT-2   36    6     72    0    799    816    816     72   0.0691    0.021
A-n36-k5 	BT-2   36    6     72    1    799    816    816     72   0.0654    0.021
A-n36-k5 	BT-2   36    3     72    0    799    816    809    106   0.0971    0.013
A-n36-k5 	BT-2   36    3     72    1    799    816    816     72   0.0652    0.021
A-n36-k5 	BT-3   36   12    144    0    799   1258    833    167   0.1508    0.043
A-n36-k5 	BT-3   36   12    144    1    799   1153    805    326   0.2796    0.008
A-n36-k5 	BT-3   36    6     72    0    799    865    805     91   0.0939    0.008
A-n36-k5 	BT-3   36    6     72    1    799    805    805     72   0.0771    0.008
A-n36-k5 	BT-3   36    3     72    0    799    865    815     89   0.0926    0.020
A-n36-k5 	BT-3   36    3     72    1    799    805    805     72   0.0781    0.008
A-n36-k5 	BT-3   36   12    144    0    799   1258    815    329   0.2779    0.020
A-n36-k5 	BT-3   36   12    144    1    799   1153    799    330   0.2826    0.000
A-n36-k5 	BT-3   36    6     72    0    799    799    799     72   0.0734    0.000
A-n36-k5 	BT-3   36    6     72    1    799    799    799     72   0.0722    0.000
A-n36-k5 	BT-3   36    3     72    0    799    799    799     72   0.0724    0.000
A-n36-k5 	BT-3   36    3     72    1    799    799    799     72   0.0724    0.000
A-n36-k5 	BT-3   36   12    144    0    799   1258    833    167   0.1448    0.043
A-n36-k5 	BT-3   36   12    144    1    799   1153    822    240   0.2070    0.029
A-n36-k5 	BT-3   36    6     72    0    799    799    799     72   0.0735    0.000
A-n36-k5 	BT-3   36    6     72    1    799    799    799     72   0.0719    0.000
A-n36-k5 	BT-3   36    3     72    0    799    799    799     72   0.0722    0.000
A-n36-k5 	BT-3   36    3     72    1    799    799    799     72   0.0799    0.000
A-n36-k5 	BT-3   36   12    144    0    799   1258    813    189   0.1648    0.018
A-n36-k5 	BT-3   36   12    144    1    799   1153    799    313   0.2624    0.000
A-n36-k5 	BT-3   36    6     72    0    799    799    799     72   0.0740    0.000
A-n36-k5 	BT-3   36    6     72    1    799    799    799     72   0.0723    0.000
A-n36-k5 	BT-3   36    3     72    0    799    799    799     72   0.0729    0.000
A-n36-k5 	BT-3   36    3     72    1    799    799    799     72   0.0722    0.000
A-n36-k5 	BT-3   36   12    144    0    799   1258    833    167   0.1390    0.043
A-n36-k5 	BT-3   36   12    144    1    799   1153    805    309   0.2505    0.008
A-n36-k5 	BT-3   36    6     72    0    799    799    799     72   0.0731    0.000
A-n36-k5 	BT-3   36    6     72    1    799    799    799     72   0.0730    0.000
A-n36-k5 	BT-3   36    3     72    0    799    799    799     72   0.0727    0.000
A-n36-k5 	BT-3   36    3     72    1    799    799    799     72   0.0723    0.000
A-n36-k5 	BT-3   36   12    144    0    799   1258    833    167   0.1416    0.043
A-n36-k5 	BT-3   36   12    144    1    799   1153    830    349   0.2898    0.039
A-n36-k5 	BT-3   36    6     72    0    799    799    799     72   0.0728    0.000
A-n36-k5 	BT-3   36    6     72    1    799    799    799     72   0.0722    0.000
A-n36-k5 	BT-3   36    3     72    0    799    799    799     72   0.0728    0.000
A-n36-k5 	BT-3   36    3     72    1    799    799    799     72   0.0722    0.000
A-n36-k5 	BT-3   36   12    144    0    799   1258    833    167   0.1454    0.043
A-n36-k5 	BT-3   36   12    144    1    799   1153    799    474   0.3971    0.000
A-n36-k5 	BT-3   36    6     72    0    799    799    799     72   0.0726    0.000
A-n36-k5 	BT-3   36    6     72    1    799    799    799     72   0.0721    0.000
A-n36-k5 	BT-3   36    3     72    0    799    799    799     72   0.0725    0.000
A-n36-k5 	BT-3   36    3     72    1    799    799    799     72   0.0722    0.000
A-n36-k5 	BT-3   36   12    144    0    799   1258    812    304   0.2480    0.016
A-n36-k5 	BT-3   36   12    144    1    799   1153    809    300   0.2541    0.013
A-n36-k5 	BT-3   36    6     72    0    799    799    799     72   0.0724    0.000
A-n36-k5 	BT-3   36    6     72    1    799    799    799     72   0.0721    0.000
A-n36-k5 	BT-3   36    3     72    0    799    799    799     72   0.0723    0.000
A-n36-k5 	BT-3   36    3     72    1    799    799    799     72   0.0727    0.000
A-n36-k5 	BT-3   36   12    144    0    799   1258    813    399   0.3367    0.018
A-n36-k5 	BT-3   36   12    144    1    799   1153    815    271   0.2306    0.020
A-n36-k5 	BT-3   36    6     72    0    799    799    799     72   0.0723    0.000
A-n36-k5 	BT-3   36    6     72    1    799    799    799     72   0.0721    0.000
A-n36-k5 	BT-3   36    3     72    0    799    799    799     72   0.0728    0.000
A-n36-k5 	BT-3   36    3     72    1    799    799    799     72   0.0719    0.000
A-n36-k5 	BT-3   36   12    144    0    799   1258    814    239   0.1928    0.019
A-n36-k5 	BT-3   36   12    144    1    799   1153    814    211   0.1820    0.019
A-n36-k5 	BT-3   36    6     72    0    799    799    799     72   0.0727    0.000
A-n36-k5 	BT-3   36    6     72    1    799    799    799     72   0.0723    0.000
A-n36-k5 	BT-3   36    3     72    0    799    799    799     72   0.0747    0.000
A-n36-k5 	BT-3   36    3     72    1    799    799    799     72   0.0724    0.000
A-n36-k5 	BT-3   36   12    144    0    799   1258    821    352   0.2979    0.028
A-n36-k5 	BT-3   36   12    144    1    799   1153    824    217   0.1818    0.031
A-n36-k5 	BT-3   36    6     72    0    799    799    799     72   0.0773    0.000
A-n36-k5 	BT-3   36    6     72    1    799    799    799     72   0.0727    0.000
A-n36-k5 	BT-3   36    3     72    0    799    799    799     72   0.0722    0.000
A-n36-k5 	BT-3   36    3     72    1    799    799    799     72   0.0723    0.000
A-n36-k5 	BT-3   36   12    144    0    799   1258    833    167   0.1430    0.043
A-n36-k5 	BT-3   36   12    144    1    799   1153    821    192   0.1625    0.028
A-n36-k5 	BT-3   36    6     72    0    799    799    799     72   0.0743    0.000
A-n36-k5 	BT-3   36    6     72    1    799    799    799     72   0.0720    0.000
A-n36-k5 	BT-3   36    3     72    0    799    799    799     72   0.0724    0.000
A-n36-k5 	BT-3   36    3     72    1    799    799    799     72   0.0728    0.000
A-n36-k5 	BT-3   36   12    144    0    799   1258    828    272   0.2268    0.036
A-n36-k5 	BT-3   36   12    144    1    799   1153    815    197   0.1693    0.020
A-n36-k5 	BT-3   36    6     72    0    799    799    799     72   0.0732    0.000
A-n36-k5 	BT-3   36    6     72    1    799    799    799     72   0.0742    0.000
A-n36-k5 	BT-3   36    3     72    0    799    799    799     72   0.0725    0.000
A-n36-k5 	BT-3   36    3     72    1    799    799    799     72   0.0721    0.000
A-n36-k5 	BT-3   36   12    144    0    799   1258    833    167   0.1452    0.043
A-n36-k5 	BT-3   36   12    144    1    799   1153    810    240   0.1989    0.014
A-n36-k5 	BT-3   36    6     72    0    799    799    799     72   0.0750    0.000
A-n36-k5 	BT-3   36    6     72    1    799    799    799     72   0.0720    0.000
A-n36-k5 	BT-3   36    3     72    0    799    799    799     72   0.0727    0.000
A-n36-k5 	BT-3   36    3     72    1    799    799    799     72   0.0723    0.000
A-n36-k5 	BT-3   36   12    144    0    799   1258    833    167   0.1411    0.043
A-n36-k5 	BT-3   36   12    144    1    799   1153    826    390   0.3314    0.034
A-n36-k5 	BT-3   36    6     72    0    799    799    799     72   0.0723    0.000
A-n36-k5 	BT-3   36    6     72    1    799    799    799     72   0.0726    0.000
A-n36-k5 	BT-3   36    3     72    0    799    799    799     72   0.0723    0.000
A-n36-k5 	BT-3   36    3     72    1    799    799    799     72   0.0720    0.000
A-n36-k5 	BT-3   36   12    144    0    799   1258    833    167   0.1416    0.043
A-n36-k5 	BT-3   36   12    144    1    799   1153    819    237   0.1971    0.025
A-n36-k5 	BT-3   36    6     72    0    799    799    799     72   0.0733    0.000
A-n36-k5 	BT-3   36    6     72    1    799    799    799     72   0.0721    0.000
A-n36-k5 	BT-3   36    3     72    0    799    799    799     72   0.0724    0.000
A-n36-k5 	BT-3   36    3     72    1    799    799    799     72   0.0721    0.000
A-n36-k5 	BT-3   36   12    144    0    799   1258    833    167   0.1429    0.043
A-n36-k5 	BT-3   36   12    144    1    799   1153    844    199   0.1708    0.056
A-n36-k5 	BT-3   36    6     72    0    799    799    799     72   0.0725    0.000
A-n36-k5 	BT-3   36    6     72    1    799    799    799     72   0.0720    0.000
A-n36-k5 	BT-3   36    3     72    0    799    799    799     72   0.0727    0.000
A-n36-k5 	BT-3   36    3     72    1    799    799    799     72   0.0720    0.000
A-n36-k5 	BT-3   36   12    144    0    799   1258    827    283   0.2375    0.035
A-n36-k5 	BT-3   36   12    144    1    799   1153    838    294   0.2547    0.049
A-n36-k5 	BT-3   36    6     72    0    799    799    799     72   0.0731    0.000
A-n36-k5 	BT-3   36    6     72    1    799    799    799     72   0.0722    0.000
A-n36-k5 	BT-3   36    3     72    0    799    799    799     72   0.0723    0.000
A-n36-k5 	BT-3   36    3     72    1    799    799    799     72   0.0726    0.000
A-n36-k5 	BT-3   36   12    144    0    799   1258    833    167   0.1394    0.043
A-n36-k5 	BT-3   36   12    144    1    799   1153    808    197   0.1655    0.011
A-n36-k5 	BT-3   36    6     72    0    799    799    799     72   0.0738    0.000
A-n36-k5 	BT-3   36    6     72    1    799    799    799     72   0.0723    0.000
A-n36-k5 	BT-3   36    3     72    0    799    799    799     72   0.0725    0.000
A-n36-k5 	BT-3   36    3     72    1    799    799    799     72   0.0720    0.000
A-n36-k5 	BT-3   36   12    144    0    799   1258    833    167   0.1394    0.043
A-n36-k5 	BT-3   36   12    144    1    799   1153    815    185   0.1592    0.020
A-n36-k5 	BT-3   36    6     72    0    799    799    799     72   0.0747    0.000
A-n36-k5 	BT-3   36    6     72    1    799    799    799     72   0.0719    0.000
A-n36-k5 	BT-3   36    3     72    0    799    799    799     72   0.0729    0.000
A-n36-k5 	BT-3   36    3     72    1    799    799    799     72   0.0724    0.000
A-n36-k5 	BT-3   36   12    144    0    799   1258    833    167   0.1366    0.043
A-n36-k5 	BT-3   36   12    144    1    799   1153    799    514   0.4402    0.000
A-n36-k5 	BT-3   36    6     72    0    799    799    799     72   0.0724    0.000
A-n36-k5 	BT-3   36    6     72    1    799    799    799     72   0.0721    0.000
A-n36-k5 	BT-3   36    3     72    0    799    799    799     72   0.0723    0.000
A-n36-k5 	BT-3   36    3     72    1    799    799    799     72   0.0720    0.000
A-n36-k5 	BT-3   36   12    144    0    799   1258    833    167   0.1389    0.043
A-n36-k5 	BT-3   36   12    144    1    799   1153    799    431   0.3666    0.000
A-n36-k5 	BT-3   36    6     72    0    799    799    799     72   0.0725    0.000
A-n36-k5 	BT-3   36    6     72    1    799    799    799     72   0.0723    0.000
A-n36-k5 	BT-3   36    3     72    0    799    799    799     72   0.0728    0.000
A-n36-k5 	BT-3   36    3     72    1    799    799    799     72   0.0721    0.000
A-n36-k5 	BT-3   36   12    144    0    799   1258    815    365   0.3071    0.020
A-n36-k5 	BT-3   36   12    144    1    799   1153    832    234   0.2056    0.041
A-n36-k5 	BT-3   36    6     72    0    799    799    799     72   0.0750    0.000
A-n36-k5 	BT-3   36    6     72    1    799    799    799     72   0.0721    0.000
A-n36-k5 	BT-3   36    3     72    0    799    799    799     72   0.0767    0.000
A-n36-k5 	BT-3   36    3     72    1    799    799    799     72   0.0720    0.000
A-n36-k5 	BT-3   36   12    144    0    799   1258    824    174   0.1455    0.031
A-n36-k5 	BT-3   36   12    144    1    799   1153    815    322   0.2674    0.020
A-n36-k5 	BT-3   36    6     72    0    799    799    799     72   0.0760    0.000
A-n36-k5 	BT-3   36    6     72    1    799    799    799     72   0.0722    0.000
A-n36-k5 	BT-3   36    3     72    0    799    799    799     72   0.0727    0.000
A-n36-k5 	BT-3   36    3     72    1    799    799    799     72   0.0721    0.000
A-n36-k5 	BT-3   36   12    144    0    799   1258    816    250   0.2013    0.021
A-n36-k5 	BT-3   36   12    144    1    799   1153    816    189   0.1912    0.021
A-n36-k5 	BT-3   36    6     72    0    799    799    799     72   0.0748    0.000
A-n36-k5 	BT-3   36    6     72    1    799    799    799     72   0.0722    0.000
A-n36-k5 	BT-3   36    3     72    0    799    799    799     72   0.0723    0.000
A-n36-k5 	BT-3   36    3     72    1    799    799    799     72   0.0721    0.000
A-n36-k5 	BT-3   36   12    144    0    799   1258    813    201   0.1698    0.018
A-n36-k5 	BT-3   36   12    144    1    799   1153    815    185   0.1571    0.020
A-n36-k5 	BT-3   36    6     72    0    799    799    799     72   0.0726    0.000
A-n36-k5 	BT-3   36    6     72    1    799    799    799     72   0.0721    0.000
A-n36-k5 	BT-3   36    3     72    0    799    799    799     72   0.0725    0.000
A-n36-k5 	BT-3   36    3     72    1    799    799    799     72   0.0721    0.000
A-n36-k5 	BT-3   36   12    144    0    799   1258    833    167   0.1467    0.043
A-n36-k5 	BT-3   36   12    144    1    799   1153    832    200   0.1768    0.041
A-n36-k5 	BT-3   36    6     72    0    799    799    799     72   0.0728    0.000
A-n36-k5 	BT-3   36    6     72    1    799    799    799     72   0.0719    0.000
A-n36-k5 	BT-3   36    3     72    0    799    799    799     72   0.0727    0.000
A-n36-k5 	BT-3   36    3     72    1    799    799    799     72   0.0719    0.000
A-n36-k5 	BT-3   36   12    144    0    799   1258    833    167   0.1873    0.043
A-n36-k5 	BT-3   36   12    144    1    799   1153    816    317   0.2619    0.021
A-n36-k5 	BT-3   36    6     72    0    799    799    799     72   0.0745    0.000
A-n36-k5 	BT-3   36    6     72    1    799    799    799     72   0.0727    0.000
A-n36-k5 	BT-3   36    3     72    0    799    799    799     72   0.0725    0.000
A-n36-k5 	BT-3   36    3     72    1    799    799    799     72   0.0724    0.000
A-n36-k5 	BT-3   36   12    144    0    799   1258    820    222   0.1843    0.026
A-n36-k5 	BT-3   36   12    144    1    799   1153    815    195   0.1674    0.020
A-n36-k5 	BT-3   36    6     72    0    799    799    799     72   0.0733    0.000
A-n36-k5 	BT-3   36    6     72    1    799    799    799     72   0.0721    0.000
A-n36-k5 	BT-3   36    3     72    0    799    799    799     72   0.0724    0.000
A-n36-k5 	BT-3   36    3     72    1    799    799    799     72   0.0721    0.000
A-n36-k5 	BT-3   36   12    144    0    799   1258    831    289   0.2436    0.040
A-n36-k5 	BT-3   36   12    144    1    799   1153    815    278   0.2460    0.020
A-n36-k5 	BT-3   36    6     72    0    799    799    799     72   0.0726    0.000
A-n36-k5 	BT-3   36    6     72    1    799    799    799     72   0.0740    0.000
A-n36-k5 	BT-3   36    3     72    0    799    799    799     72   0.0723    0.000
A-n36-k5 	BT-3   36    3     72    1    799    799    799     72   0.0719    0.000
A-n36-k5 	BT-3   36   12    144    0    799   1258    833    167   0.1373    0.043
A-n36-k5 	BT-3   36   12    144    1    799   1153    811    462   0.3875    0.015
A-n36-k5 	BT-3   36    6     72    0    799    799    799     72   0.0725    0.000
A-n36-k5 	BT-3   36    6     72    1    799    799    799     72   0.0755    0.000
A-n36-k5 	BT-3   36    3     72    0    799    799    799     72   0.0720    0.000
A-n36-k5 	BT-3   36    3     72    1    799    799    799     72   0.0722    0.000
A-n36-k5 	BT-3   36   12    144    0    799   1258    833    167   0.1385    0.043
A-n36-k5 	BT-3   36   12    144    1    799   1153    815    352   0.2991    0.020
A-n36-k5 	BT-3   36    6     72    0    799    799    799     72   0.0731    0.000
A-n36-k5 	BT-3   36    6     72    1    799    799    799     72   0.0722    0.000
A-n36-k5 	BT-3   36    3     72    0    799    799    799     72   0.0723    0.000
A-n36-k5 	BT-3   36    3     72    1    799    799    799     72   0.0718    0.000
A-n36-k5 	BT-3   36   12    144    0    799   1258    833    167   0.1459    0.043
A-n36-k5 	BT-3   36   12    144    1    799   1153    813    189   0.1646    0.018
A-n36-k5 	BT-3   36    6     72    0    799    799    799     72   0.0746    0.000
A-n36-k5 	BT-3   36    6     72    1    799    799    799     72   0.0728    0.000
A-n36-k5 	BT-3   36    3     72    0    799    799    799     72   0.0725    0.000
A-n36-k5 	BT-3   36    3     72    1    799    799    799     72   0.0748    0.000
A-n36-k5 	BT-3   36   12    144    0    799   1258    833    167   0.1414    0.043
A-n36-k5 	BT-3   36   12    144    1    799   1153    799    318   0.2657    0.000
A-n36-k5 	BT-3   36    6     72    0    799    799    799     72   0.0724    0.000
A-n36-k5 	BT-3   36    6     72    1    799    799    799     72   0.0725    0.000
A-n36-k5 	BT-3   36    3     72    0    799    799    799     72   0.0725    0.000
A-n36-k5 	BT-3   36    3     72    1    799    799    799     72   0.0723    0.000
A-n36-k5 	BT-3   36   12    144    0    799   1258    833    167   0.1366    0.043
A-n36-k5 	BT-3   36   12    144    1    799   1153    810    371   0.3151    0.014
A-n36-k5 	BT-3   36    6     72    0    799    799    799     72   0.0737    0.000
A-n36-k5 	BT-3   36    6     72    1    799    799    799     72   0.0721    0.000
A-n36-k5 	BT-3   36    3     72    0    799    799    799     72   0.0725    0.000
A-n36-k5 	BT-3   36    3     72    1    799    799    799     72   0.0728    0.000
A-n36-k5 	BT-3   36   12    144    0    799   1258    833    167   0.1455    0.043
A-n36-k5 	BT-3   36   12    144    1    799   1153    815    455   0.3825    0.020
A-n36-k5 	BT-3   36    6     72    0    799    799    799     72   0.0726    0.000
A-n36-k5 	BT-3   36    6     72    1    799    799    799     72   0.0721    0.000
A-n36-k5 	BT-3   36    3     72    0    799    799    799     72   0.0725    0.000
A-n36-k5 	BT-3   36    3     72    1    799    799    799     72   0.0727    0.000
A-n36-k5 	BT-3   36   12    144    0    799   1258    833    167   0.1435    0.043
A-n36-k5 	BT-3   36   12    144    1    799   1153    815    193   0.1672    0.020
A-n36-k5 	BT-3   36    6     72    0    799    799    799     72   0.0730    0.000
A-n36-k5 	BT-3   36    6     72    1    799    799    799     72   0.0724    0.000
A-n36-k5 	BT-3   36    3     72    0    799    799    799     72   0.0724    0.000
A-n36-k5 	BT-3   36    3     72    1    799    799    799     72   0.0724    0.000
A-n36-k5 	BT-3   36   12    144    0    799   1258    799    482   0.3897    0.000
A-n36-k5 	BT-3   36   12    144    1    799   1153    816    292   0.2464    0.021
A-n36-k5 	BT-3   36    6     72    0    799    799    799     72   0.0750    0.000
A-n36-k5 	BT-3   36    6     72    1    799    799    799     72   0.0721    0.000
A-n36-k5 	BT-3   36    3     72    0    799    799    799     72   0.0765    0.000
A-n36-k5 	BT-3   36    3     72    1    799    799    799     72   0.0721    0.000
A-n36-k5 	BT-3   36   12    144    0    799   1258    833    167   0.1375    0.043
A-n36-k5 	BT-3   36   12    144    1    799   1153    834    338   0.2927    0.044
A-n36-k5 	BT-3   36    6     72    0    799    799    799     72   0.0726    0.000
A-n36-k5 	BT-3   36    6     72    1    799    799    799     72   0.0723    0.000
A-n36-k5 	BT-3   36    3     72    0    799    799    799     72   0.0727    0.000
A-n36-k5 	BT-3   36    3     72    1    799    799    799     72   0.0721    0.000
A-n36-k5 	BT-3   36   12    144    0    799   1258    799    284   0.2338    0.000
A-n36-k5 	BT-3   36   12    144    1    799   1153    815    193   0.1673    0.020
A-n36-k5 	BT-3   36    6     72    0    799    799    799     72   0.0732    0.000
A-n36-k5 	BT-3   36    6     72    1    799    799    799     72   0.0723    0.000
A-n36-k5 	BT-3   36    3     72    0    799    799    799     72   0.0723    0.000
A-n36-k5 	BT-3   36    3     72    1    799    799    799     72   0.0722    0.000
A-n36-k5 	BT-3   36   12    144    0    799   1258    833    167   0.1444    0.043
A-n36-k5 	BT-3   36   12    144    1    799   1153    834    206   0.1781    0.044
A-n36-k5 	BT-3   36    6     72    0    799    799    799     72   0.0726    0.000
A-n36-k5 	BT-3   36    6     72    1    799    799    799     72   0.0722    0.000
A-n36-k5 	BT-3   36    3     72    0    799    799    799     72   0.0725    0.000
A-n36-k5 	BT-3   36    3     72    1    799    799    799     72   0.0723    0.000
A-n36-k5 	BT-3   36   12    144    0    799   1258    833    167   0.1425    0.043
A-n36-k5 	BT-3   36   12    144    1    799   1153    826    187   0.1597    0.034
A-n36-k5 	BT-3   36    6     72    0    799    799    799     72   0.0729    0.000
A-n36-k5 	BT-3   36    6     72    1    799    799    799     72   0.0722    0.000
A-n36-k5 	BT-3   36    3     72    0    799    799    799     72   0.0722    0.000
A-n36-k5 	BT-3   36    3     72    1    799    799    799     72   0.0721    0.000
A-n36-k5 	BT-3   36   12    144    0    799   1258    833    168   0.1418    0.043
A-n36-k5 	BT-3   36   12    144    1    799   1153    805    316   0.2595    0.008
A-n36-k5 	BT-3   36    6     72    0    799    799    799     72   0.0731    0.000
A-n36-k5 	BT-3   36    6     72    1    799    799    799     72   0.0758    0.000
A-n36-k5 	BT-3   36    3     72    0    799    799    799     72   0.0800    0.000
A-n36-k5 	BT-3   36    3     72    1    799    799    799     72   0.0727    0.000
A-n36-k5 	BT-3   36   12    144    0    799   1258    833    167   0.1385    0.043
A-n36-k5 	BT-3   36   12    144    1    799   1153    818    225   0.1878    0.024
A-n36-k5 	BT-3   36    6     72    0    799    799    799     72   0.0733    0.000
A-n36-k5 	BT-3   36    6     72    1    799    799    799     72   0.0719    0.000
A-n36-k5 	BT-3   36    3     72    0    799    799    799     72   0.0725    0.000
A-n36-k5 	BT-3   36    3     72    1    799    799    799     72   0.0720    0.000
A-n36-k5 	BT-3   36   12    144    0    799   1258    833    167   0.1433    0.043
A-n36-k5 	BT-3   36   12    144    1    799   1153    814    193   0.1661    0.019
A-n36-k5 	BT-3   36    6     72    0    799    799    799     72   0.0729    0.000
A-n36-k5 	BT-3   36    6     72    1    799    799    799     72   0.0778    0.000
A-n36-k5 	BT-3   36    3     72    0    799    799    799     72   0.0726    0.000
A-n36-k5 	BT-3   36    3     72    1    799    799    799     72   0.0722    0.000
A-n36-k5 	BT-3   36   12    144    0    799   1258    833    167   0.1387    0.043
A-n36-k5 	BT-3   36   12    144    1    799   1153    805    284   0.2352    0.008
A-n36-k5 	BT-3   36    6     72    0    799    799    799     72   0.0725    0.000
A-n36-k5 	BT-3   36    6     72    1    799    799    799     72   0.0721    0.000
A-n36-k5 	BT-3   36    3     72    0    799    799    799     72   0.0726    0.000
A-n36-k5 	BT-3   36    3     72    1    799    799    799     72   0.0722    0.000
A-n36-k5 	BT-3   36   12    144    0    799   1258    808    451   0.3836    0.011
A-n36-k5 	BT-3   36   12    144    1    799   1153    799    205   0.1703    0.000
A-n36-k5 	BT-3   36    6     72    0    799    799    799     72   0.0728    0.000
A-n36-k5 	BT-3   36    6     72    1    799    799    799     72   0.0721    0.000
A-n36-k5 	BT-3   36    3     72    0    799    799    799     72   0.0724    0.000
A-n36-k5 	BT-3   36    3     72    1    799    799    799     72   0.0728    0.000
A-n36-k5 	BT-3   36   12    144    0    799   1258    833    167   0.1414    0.043
A-n36-k5 	BT-3   36   12    144    1    799   1153    825    270   0.2269    0.033
A-n36-k5 	BT-3   36    6     72    0    799    799    799     72   0.0737    0.000
A-n36-k5 	BT-3   36    6     72    1    799    799    799     72   0.0724    0.000
A-n36-k5 	BT-3   36    3     72    0    799    799    799     72   0.0722    0.000
A-n36-k5 	BT-3   36    3     72    1    799    799    799     72   0.0719    0.000
A-n36-k5 	BT-3   36   12    144    0    799   1258    833    167   0.1431    0.043
A-n36-k5 	BT-3   36   12    144    1    799   1153    813    304   0.2595    0.018
A-n36-k5 	BT-3   36    6     72    0    799    799    799     72   0.0731    0.000
A-n36-k5 	BT-3   36    6     72    1    799    799    799     72   0.0720    0.000
A-n36-k5 	BT-3   36    3     72    0    799    799    799     72   0.0723    0.000
A-n36-k5 	BT-3   36    3     72    1    799    799    799     72   0.0722    0.000
A-n36-k5 	BT-3   36   12    144    0    799   1258    816    346   0.3070    0.021
A-n36-k5 	BT-3   36   12    144    1    799   1153    816    251   0.2106    0.021
A-n36-k5 	BT-3   36    6     72    0    799    799    799     72   0.0731    0.000
A-n36-k5 	BT-3   36    6     72    1    799    799    799     72   0.0722    0.000
A-n36-k5 	BT-3   36    3     72    0    799    799    799     72   0.0728    0.000
A-n36-k5 	BT-3   36    3     72    1    799    799    799     72   0.0722    0.000
A-n36-k5 	BT-3   36   12    144    0    799   1258    833    167   0.1442    0.043
A-n36-k5 	BT-3   36   12    144    1    799   1153    839    310   0.2730    0.050
A-n36-k5 	BT-3   36    6     72    0    799    799    799     72   0.0750    0.000
A-n36-k5 	BT-3   36    6     72    1    799    799    799     72   0.0720    0.000
A-n36-k5 	BT-3   36    3     72    0    799    799    799     72   0.0726    0.000
A-n36-k5 	BT-3   36    3     72    1    799    799    799     72   0.0721    0.000
A-n36-k5 	BT-3   36   12    144    0    799   1258    833    167   0.1421    0.043
A-n36-k5 	BT-3   36   12    144    1    799   1153    831    267   0.2282    0.040
A-n36-k5 	BT-3   36    6     72    0    799    799    799     72   0.0731    0.000
A-n36-k5 	BT-3   36    6     72    1    799    799    799     72   0.0722    0.000
A-n36-k5 	BT-3   36    3     72    0    799    799    799     72   0.0724    0.000
A-n36-k5 	BT-3   36    3     72    1    799    799    799     72   0.0721    0.000
A-n36-k5 	BT-3   36   12    144    0    799   1258    799    291   0.2455    0.000
A-n36-k5 	BT-3   36   12    144    1    799   1153    813    417   0.3514    0.018
A-n36-k5 	BT-3   36    6     72    0    799    799    799     72   0.0729    0.000
A-n36-k5 	BT-3   36    6     72    1    799    799    799     72   0.0728    0.000
A-n36-k5 	BT-3   36    3     72    0    799    799    799     72   0.0724    0.000
A-n36-k5 	BT-3   36    3     72    1    799    799    799     72   0.0723    0.000
A-n36-k5 	BT-3   36   12    144    0    799   1258    833    167   0.1415    0.043
A-n36-k5 	BT-3   36   12    144    1    799   1153    833    190   0.1619    0.043
A-n36-k5 	BT-3   36    6     72    0    799    799    799     72   0.0727    0.000
A-n36-k5 	BT-3   36    6     72    1    799    799    799     72   0.0723    0.000
A-n36-k5 	BT-3   36    3     72    0    799    799    799     72   0.0722    0.000
A-n36-k5 	BT-3   36    3     72    1    799    799    799     72   0.0720    0.000
A-n36-k5 	BT-3   36   12    144    0    799   1258    831    285   0.2508    0.040
A-n36-k5 	BT-3   36   12    144    1    799   1153    816    200   0.1664    0.021
A-n36-k5 	BT-3   36    6     72    0    799    799    799     72   0.0757    0.000
A-n36-k5 	BT-3   36    6     72    1    799    799    799     72   0.0721    0.000
A-n36-k5 	BT-3   36    3     72    0    799    799    799     72   0.0723    0.000
A-n36-k5 	BT-3   36    3     72    1    799    799    799     72   0.0941    0.000
A-n36-k5 	BT-3   36   12    144    0    799   1258    805    297   0.2634    0.008
A-n36-k5 	BT-3   36   12    144    1    799   1153    816    232   0.1987    0.021
A-n36-k5 	BT-3   36    6     72    0    799    799    799     72   0.0775    0.000
A-n36-k5 	BT-3   36    6     72    1    799    799    799     72   0.0720    0.000
A-n36-k5 	BT-3   36    3     72    0    799    799    799     72   0.0726    0.000
A-n36-k5 	BT-3   36    3     72    1    799    799    799     72   0.0723    0.000
A-n36-k5 	BT-3   36   12    144    0    799   1258    824    173   0.1482    0.031
A-n36-k5 	BT-3   36   12    144    1    799   1153    807    260   0.2212    0.010
A-n36-k5 	BT-3   36    6     72    0    799    799    799     72   0.0734    0.000
A-n36-k5 	BT-3   36    6     72    1    799    799    799     72   0.0722    0.000
A-n36-k5 	BT-3   36    3     72    0    799    799    799     72   0.0725    0.000
A-n36-k5 	BT-3   36    3     72    1    799    799    799     72   0.0720    0.000
A-n36-k5 	BT-3   36   12    144    0    799   1258    824    173   0.1434    0.031
A-n36-k5 	BT-3   36   12    144    1    799   1153    832    192   0.1654    0.041
A-n36-k5 	BT-3   36    6     72    0    799    799    799     72   0.0748    0.000
A-n36-k5 	BT-3   36    6     72    1    799    799    799     72   0.0721    0.000
A-n36-k5 	BT-3   36    3     72    0    799    799    799     72   0.0730    0.000
A-n36-k5 	BT-3   36    3     72    1    799    799    799     72   0.0720    0.000
A-n36-k5 	BT-3   36   12    144    0    799   1258    824    173   0.1516    0.031
A-n36-k5 	BT-3   36   12    144    1    799   1153    799    245   0.2039    0.000
A-n36-k5 	BT-3   36    6     72    0    799    799    799     72   0.0728    0.000
A-n36-k5 	BT-3   36    6     72    1    799    799    799     72   0.0719    0.000
A-n36-k5 	BT-3   36    3     72    0    799    799    799     72   0.0722    0.000
A-n36-k5 	BT-3   36    3     72    1    799    799    799     72   0.0723    0.000
A-n36-k5 	BT-3   36   12    144    0    799   1258    833    167   0.1420    0.043
A-n36-k5 	BT-3   36   12    144    1    799   1153    854    382   0.3347    0.069
A-n36-k5 	BT-3   36    6     72    0    799    799    799     72   0.0739    0.000
A-n36-k5 	BT-3   36    6     72    1    799    799    799     72   0.0723    0.000
A-n36-k5 	BT-3   36    3     72    0    799    799    799     72   0.0730    0.000
A-n36-k5 	BT-3   36    3     72    1    799    799    799     72   0.0722    0.000
A-n36-k5 	BT-3   36   12    144    0    799   1258    833    167   0.1401    0.043
A-n36-k5 	BT-3   36   12    144    1    799   1153    813    227   0.1890    0.018
A-n36-k5 	BT-3   36    6     72    0    799    799    799     72   0.0727    0.000
A-n36-k5 	BT-3   36    6     72    1    799    799    799     72   0.0723    0.000
A-n36-k5 	BT-3   36    3     72    0    799    799    799     72   0.0722    0.000
A-n36-k5 	BT-3   36    3     72    1    799    799    799     72   0.0720    0.000
A-n36-k5 	BT-3   36   12    144    0    799   1258    833    167   0.1386    0.043
A-n36-k5 	BT-3   36   12    144    1    799   1153    817    209   0.1768    0.023
A-n36-k5 	BT-3   36    6     72    0    799    799    799     72   0.0732    0.000
A-n36-k5 	BT-3   36    6     72    1    799    799    799     72   0.0721    0.000
A-n36-k5 	BT-3   36    3     72    0    799    799    799     72   0.0724    0.000
A-n36-k5 	BT-3   36    3     72    1    799    799    799     72   0.0720    0.000
A-n36-k5 	BT-3   36   12    144    0    799   1258    815    301   0.2564    0.020
A-n36-k5 	BT-3   36   12    144    1    799   1153    821    259   0.2215    0.028
A-n36-k5 	BT-3   36    6     72    0    799    799    799     72   0.0755    0.000
A-n36-k5 	BT-3   36    6     72    1    799    799    799     72   0.0721    0.000
A-n36-k5 	BT-3   36    3     72    0    799    799    799     72   0.0770    0.000
A-n36-k5 	BT-3   36    3     72    1    799    799    799     72   0.0721    0.000
A-n36-k5 	BT-3   36   12    144    0    799   1258    833    167   0.1395    0.043
A-n36-k5 	BT-3   36   12    144    1    799   1153    828    200   0.1757    0.036
A-n36-k5 	BT-3   36    6     72    0    799    799    799     72   0.0739    0.000
A-n36-k5 	BT-3   36    6     72    1    799    799    799     72   0.0741    0.000
A-n36-k5 	BT-3   36    3     72    0    799    799    799     72   0.0727    0.000
A-n36-k5 	BT-3   36    3     72    1    799    799    799     72   0.0724    0.000
A-n36-k5 	BT-3   36   12    144    0    799   1258    833    167   0.1374    0.043
A-n36-k5 	BT-3   36   12    144    1    799   1153    814    223   0.1871    0.019
A-n36-k5 	BT-3   36    6     72    0    799    799    799     72   0.0754    0.000
A-n36-k5 	BT-3   36    6     72    1    799    799    799     72   0.0727    0.000
A-n36-k5 	BT-3   36    3     72    0    799    799    799     72   0.0728    0.000
A-n36-k5 	BT-3   36    3     72    1    799    799    799     72   0.0721    0.000
A-n36-k5 	BT-3   36   12    144    0    799   1258    812    294   0.2397    0.016
A-n36-k5 	BT-3   36   12    144    1    799   1153    816    293   0.2439    0.021
A-n36-k5 	BT-3   36    6     72    0    799    799    799     72   0.0733    0.000
A-n36-k5 	BT-3   36    6     72    1    799    799    799     72   0.0726    0.000
A-n36-k5 	BT-3   36    3     72    0    799    799    799     72   0.0723    0.000
A-n36-k5 	BT-3   36    3     72    1    799    799    799     72   0.0719    0.000
A-n36-k5 	BT-3   36   12    144    0    799   1258    813    202   0.1764    0.018
A-n36-k5 	BT-3   36   12    144    1    799   1153    831    229   0.1990    0.040
A-n36-k5 	BT-3   36    6     72    0    799    799    799     72   0.0726    0.000
A-n36-k5 	BT-3   36    6     72    1    799    799    799     72   0.0720    0.000
A-n36-k5 	BT-3   36    3     72    0    799    799    799     72   0.0722    0.000
A-n36-k5 	BT-3   36    3     72    1    799    799    799     72   0.0722    0.000
A-n36-k5 	BT-3   36   12    144    0    799   1258    799    296   0.2424    0.000
A-n36-k5 	BT-3   36   12    144    1    799   1153    805    372   0.3026    0.008
A-n36-k5 	BT-3   36    6     72    0    799    799    799     72   0.0740    0.000
A-n36-k5 	BT-3   36    6     72    1    799    799    799     72   0.0719    0.000
A-n36-k5 	BT-3   36    3     72    0    799    799    799     72   0.0724    0.000
A-n36-k5 	BT-3   36    3     72    1    799    799    799     72   0.0720    0.000
A-n36-k5 	BT-3   36   12    144    0    799   1258    814    295   0.2445    0.019
A-n36-k5 	BT-3   36   12    144    1    799   1153    826    216   0.1832    0.034
A-n36-k5 	BT-3   36    6     72    0    799    799    799     72   0.0729    0.000
A-n36-k5 	BT-3   36    6     72    1    799    799    799     72   0.0722    0.000
A-n36-k5 	BT-3   36    3     72    0    799    799    799     72   0.0726    0.000
A-n36-k5 	BT-3   36    3     72    1    799    799    799     72   0.0769    0.000
A-n36-k5 	BT-3   36   12    144    0    799   1258    813    453   0.3961    0.018
A-n36-k5 	BT-3   36   12    144    1    799   1153    827    243   0.2066    0.035
A-n36-k5 	BT-3   36    6     72    0    799    799    799     72   0.0739    0.000
A-n36-k5 	BT-3   36    6     72    1    799    799    799     72   0.0719    0.000
A-n36-k5 	BT-3   36    3     72    0    799    799    799     72   0.0722    0.000
A-n36-k5 	BT-3   36    3     72    1    799    799    799     72   0.0721    0.000
A-n36-k5 	BT-3   36   12    144    0    799   1258    819    279   0.2330    0.025
A-n36-k5 	BT-3   36   12    144    1    799   1153    799    292   0.2387    0.000
A-n36-k5 	BT-3   36    6     72    0    799    799    799     72   0.0728    0.000
A-n36-k5 	BT-3   36    6     72    1    799    799    799     72   0.0719    0.000
A-n36-k5 	BT-3   36    3     72    0    799    799    799     72   0.0725    0.000
A-n36-k5 	BT-3   36    3     72    1    799    799    799     72   0.0722    0.000
A-n36-k5 	BT-3   36   12    144    0    799   1258    799    423   0.3516    0.000
A-n36-k5 	BT-3   36   12    144    1    799   1153    832    190   0.1700    0.041
A-n36-k5 	BT-3   36    6     72    0    799    799    799     72   0.0731    0.000
A-n36-k5 	BT-3   36    6     72    1    799    799    799     72   0.0719    0.000
A-n36-k5 	BT-3   36    3     72    0    799    799    799     72   0.0725    0.000
A-n36-k5 	BT-3   36    3     72    1    799    799    799     72   0.0720    0.000
A-n36-k5 	BT-3   36   12    144    0    799   1258    814    365   0.3080    0.019
A-n36-k5 	BT-3   36   12    144    1    799   1153    805    189   0.1558    0.008
A-n36-k5 	BT-3   36    6     72    0    799    799    799     72   0.0748    0.000
A-n36-k5 	BT-3   36    6     72    1    799    799    799     72   0.0720    0.000
A-n36-k5 	BT-3   36    3     72    0    799    799    799     72   0.0724    0.000
A-n36-k5 	BT-3   36    3     72    1    799    799    799     72   0.0721    0.000
A-n36-k5 	BT-3   36   12    144    0    799   1258    824    173   0.1473    0.031
A-n36-k5 	BT-3   36   12    144    1    799   1153    814    192   0.1615    0.019
A-n36-k5 	BT-3   36    6     72    0    799    799    799     72   0.0729    0.000
A-n36-k5 	BT-3   36    6     72    1    799    799    799     72   0.0720    0.000
A-n36-k5 	BT-3   36    3     72    0    799    799    799     72   0.0725    0.000
A-n36-k5 	BT-3   36    3     72    1    799    799    799     72   0.0721    0.000
A-n36-k5 	BT-3   36   12    144    0    799   1258    807    309   0.2620    0.010
A-n36-k5 	BT-3   36   12    144    1    799   1153    823    254   0.2209    0.030
A-n36-k5 	BT-3   36    6     72    0    799    799    799     72   0.0746    0.000
A-n36-k5 	BT-3   36    6     72    1    799    799    799     72   0.0722    0.000
A-n36-k5 	BT-3   36    3     72    0    799    799    799     72   0.0728    0.000
A-n36-k5 	BT-3   36    3     72    1    799    799    799     72   0.0735    0.000
A-n36-k5 	BT-3   36   12    144    0    799   1258    833    167   0.1401    0.043
A-n36-k5 	BT-3   36   12    144    1    799   1153    799    346   0.2944    0.000
A-n36-k5 	BT-3   36    6     72    0    799    799    799     72   0.0736    0.000
A-n36-k5 	BT-3   36    6     72    1    799    799    799     72   0.0722    0.000
A-n36-k5 	BT-3   36    3     72    0    799    799    799     72   0.0725    0.000
A-n36-k5 	BT-3   36    3     72    1    799    799    799     72   0.0730    0.000
A-n36-k5 	BT-3   36   12    144    0    799   1258    824    174   0.1473    0.031
A-n36-k5 	BT-3   36   12    144    1    799   1153    826    229   0.1927    0.034
A-n36-k5 	BT-3   36    6     72    0    799    799    799     72   0.0729    0.000
A-n36-k5 	BT-3   36    6     72    1    799    799    799     72   0.0722    0.000
A-n36-k5 	BT-3   36    3     72    0    799    799    799     72   0.0724    0.000
A-n36-k5 	BT-3   36    3     72    1    799    799    799     72   0.0722    0.000
A-n36-k5 	BT-3   36   12    144    0    799   1258    819    318   0.2681    0.025
A-n36-k5 	BT-3   36   12    144    1    799   1153    834    194   0.1671    0.044
A-n36-k5 	BT-3   36    6     72    0    799    799    799     72   0.0745    0.000
A-n36-k5 	BT-3   36    6     72    1    799    799    799     72   0.0729    0.000
A-n36-k5 	BT-3   36    3     72    0    799    799    799     72   0.0722    0.000
A-n36-k5 	BT-3   36    3     72    1    799    799    799     72   0.0723    0.000
A-n36-k5 	BT-3   36   12    144    0    799   1258    833    167   0.1464    0.043
A-n36-k5 	BT-3   36   12    144    1    799   1153    810    396   0.3361    0.014
A-n36-k5 	BT-3   36    6     72    0    799    799    799     72   0.0725    0.000
A-n36-k5 	BT-3   36    6     72    1    799    799    799     72   0.0719    0.000
A-n36-k5 	BT-3   36    3     72    0    799    799    799     72   0.0723    0.000
A-n36-k5 	BT-3   36    3     72    1    799    799    799     72   0.0725    0.000
A-n36-k5 	BT-3   36   12    144    0    799   1258    833    167   0.1387    0.043
A-n36-k5 	BT-3   36   12    144    1    799   1153    815    480   0.4075    0.020
A-n36-k5 	BT-3   36    6     72    0    799    799    799     72   0.0723    0.000
A-n36-k5 	BT-3   36    6     72    1    799    799    799     72   0.0736    0.000
A-n36-k5 	BT-3   36    3     72    0    799    799    799     72   0.0724    0.000
A-n36-k5 	BT-3   36    3     72    1    799    799    799     72   0.0720    0.000
A-n36-k5 	BT-3   36   12    144    0    799   1258    833    167   0.1427    0.043
A-n36-k5 	BT-3   36   12    144    1    799   1153    831    356   0.3011    0.040
A-n36-k5 	BT-3   36    6     72    0    799    799    799     72   0.0724    0.000
A-n36-k5 	BT-3   36    6     72    1    799    799    799     72   0.0734    0.000
A-n36-k5 	BT-3   36    3     72    0    799    799    799     72   0.0726    0.000
A-n36-k5 	BT-3   36    3     72    1    799    799    799     72   0.0720    0.000
A-n36-k5 	BT-3   36   12    144    0    799   1258    824    173   0.1482    0.031
A-n36-k5 	BT-3   36   12    144    1    799   1153    815    185   0.1610    0.020
A-n36-k5 	BT-3   36    6     72    0    799    799    799     72   0.0725    0.000
A-n36-k5 	BT-3   36    6     72    1    799    799    799     72   0.0718    0.000
A-n36-k5 	BT-3   36    3     72    0    799    799    799     72   0.0723    0.000
A-n36-k5 	BT-3   36    3     72    1    799    799    799     72   0.0723    0.000
A-n36-k5 	BT-3   36   12    144    0    799   1258    805    316   0.2677    0.008
A-n36-k5 	BT-3   36   12    144    1    799   1153    855    303   0.2653    0.070
A-n36-k5 	BT-3   36    6     72    0    799    799    799     72   0.0728    0.000
A-n36-k5 	BT-3   36    6     72    1    799    799    799     72   0.0725    0.000
A-n36-k5 	BT-3   36    3     72    0    799    799    799     72   0.0726    0.000
A-n36-k5 	BT-3   36    3     72    1    799    799    799     72   0.0721    0.000
A-n36-k5 	BT-3   36   12    144    0    799   1258    806    427   0.3544    0.009
A-n36-k5 	BT-3   36   12    144    1    799   1153    823    206   0.1768    0.030
A-n36-k5 	BT-3   36    6     72    0    799    799    799     72   0.0724    0.000
A-n36-k5 	BT-3   36    6     72    1    799    799    799     72   0.0729    0.000
A-n36-k5 	BT-3   36    3     72    0    799    799    799     72   0.0725    0.000
A-n36-k5 	BT-3   36    3     72    1    799    799    799     72   0.0720    0.000
A-n36-k5 	BT-3   36   12    144    0    799   1258    824    173   0.1475    0.031
A-n36-k5 	BT-3   36   12    144    1    799   1153    832    195   0.1877    0.041
A-n36-k5 	BT-3   36    6     72    0    799    799    799     72   0.0802    0.000
A-n36-k5 	BT-3   36    6     72    1    799    799    799     72   0.0732    0.000
A-n36-k5 	BT-3   36    3     72    0    799    799    799     72   0.0729    0.000
A-n36-k5 	BT-3   36    3     72    1    799    799    799     72   0.0855    0.000
A-n36-k5 	BT-3   36   12    144    0    799   1258    833    167   0.1409    0.043
A-n36-k5 	BT-3   36   12    144    1    799   1153    815    323   0.2711    0.020
A-n36-k5 	BT-3   36    6     72    0    799    799    799     72   0.0733    0.000
A-n36-k5 	BT-3   36    6     72    1    799    799    799     72   0.0719    0.000
A-n36-k5 	BT-3   36    3     72    0    799    799    799     72   0.0726    0.000
A-n36-k5 	BT-3   36    3     72    1    799    799    799     72   0.0722    0.000
A-n36-k5 	BT-3   36   12    144    0    799   1258    833    167   0.1394    0.043
A-n36-k5 	BT-3   36   12    144    1    799   1153    822    220   0.2221    0.029
A-n36-k5 	BT-3   36    6     72    0    799    799    799     72   0.0730    0.000
A-n36-k5 	BT-3   36    6     72    1    799    799    799     72   0.0722    0.000
A-n36-k5 	BT-3   36    3     72    0    799    799    799     72   0.0723    0.000
A-n36-k5 	BT-3   36    3     72    1    799    799    799     72   0.0721    0.000
A-n36-k5 	BT-3   36   12    144    0    799   1258    833    167   0.1413    0.043
A-n36-k5 	BT-3   36   12    144    1    799   1153    811    250   0.2114    0.015
A-n36-k5 	BT-3   36    6     72    0    799    799    799     72   0.0739    0.000
A-n36-k5 	BT-3   36    6     72    1    799    799    799     72   0.0725    0.000
A-n36-k5 	BT-3   36    3     72    0    799    799    799     72   0.0728    0.000
A-n36-k5 	BT-3   36    3     72    1    799    799    799     72   0.0727    0.000
A-n36-k5 	BT-3   36   12    144    0    799   1258    833    167   0.1389    0.043
A-n36-k5 	BT-3   36   12    144    1    799   1153    825    200   0.1682    0.033
A-n36-k5 	BT-3   36    6     72    0    799    799    799     72   0.0729    0.000
A-n36-k5 	BT-3   36    6     72    1    799    799    799     72   0.0721    0.000
A-n36-k5 	BT-3   36    3     72    0    799    799    799     72   0.0721    0.000
A-n36-k5 	BT-3   36    3     72    1    799    799    799     72   0.0719    0.000
A-n36-k5 	BT-3   36   12    144    0    799   1258    823    270   0.2252    0.030
A-n36-k5 	BT-3   36   12    144    1    799   1153    816    186   0.1600    0.021
A-n36-k5 	BT-3   36    6     72    0    799    799    799     72   0.0768    0.000
A-n36-k5 	BT-3   36    6     72    1    799    799    799     72   0.0721    0.000
A-n36-k5 	BT-3   36    3     72    0    799    799    799     72   0.0721    0.000
A-n36-k5 	BT-3   36    3     72    1    799    799    799     72   0.0723    0.000
A-n36-k5 	BT-3   36   12    144    0    799   1258    833    167   0.1429    0.043
A-n36-k5 	BT-3   36   12    144    1    799   1153    833    414   0.3639    0.043
A-n36-k5 	BT-3   36    6     72    0    799    799    799     72   0.0734    0.000
A-n36-k5 	BT-3   36    6     72    1    799    799    799     72   0.0763    0.000
A-n36-k5 	BT-3   36    3     72    0    799    799    799     72   0.0778    0.000
A-n36-k5 	BT-3   36    3     72    1    799    799    799     72   0.0719    0.000
A-n36-k5 	BT-3   36   12    144    0    799   1258    824    173   0.1498    0.031
A-n36-k5 	BT-3   36   12    144    1    799   1153    799    380   0.3171    0.000
A-n36-k5 	BT-3   36    6     72    0    799    799    799     72   0.0731    0.000
A-n36-k5 	BT-3   36    6     72    1    799    799    799     72   0.0723    0.000
A-n36-k5 	BT-3   36    3     72    0    799    799    799     72   0.0727    0.000
A-n36-k5 	BT-3   36    3     72    1    799    799    799     72   0.0720    0.000
A-n36-k5 	BT-3   36   12    144    0    799   1258    833    168   0.1425    0.043
A-n36-k5 	BT-3   36   12    144    1    799   1153    812    208   0.1820    0.016
A-n36-k5 	BT-3   36    6     72    0    799    799    799     72   0.0750    0.000
A-n36-k5 	BT-3   36    6     72    1    799    799    799     72   0.0721    0.000
A-n36-k5 	BT-3   36    3     72    0    799    799    799     72   0.0724    0.000
A-n36-k5 	BT-3   36    3     72    1    799    799    799     72   0.0720    0.000
A-n36-k5 	BT-3   36   12    144    0    799   1258    833    167   0.1368    0.043
A-n36-k5 	BT-3   36   12    144    1    799   1153    833    198   0.1700    0.043
A-n36-k5 	BT-3   36    6     72    0    799    799    799     72   0.0731    0.000
A-n36-k5 	BT-3   36    6     72    1    799    799    799     72   0.0719    0.000
A-n36-k5 	BT-3   36    3     72    0    799    799    799     72   0.0725    0.000
A-n36-k5 	BT-3   36    3     72    1    799    799    799     72   0.0720    0.000
A-n36-k5 	BT-3   36   12    144    0    799   1258    824    173   0.1495    0.031
A-n36-k5 	BT-3   36   12    144    1    799   1153    807    317   0.2688    0.010
A-n36-k5 	BT-3   36    6     72    0    799    799    799     72   0.0739    0.000
A-n36-k5 	BT-3   36    6     72    1    799    799    799     72   0.0720    0.000
A-n36-k5 	BT-3   36    3     72    0    799    799    799     72   0.0724    0.000
A-n36-k5 	BT-3   36    3     72    1    799    799    799     72   0.0720    0.000
A-n36-k5 	BT-3   36   12    144    0    799   1258    815    337   0.2899    0.020
A-n36-k5 	BT-3   36   12    144    1    799   1153    815    201   0.1714    0.020
A-n36-k5 	BT-3   36    6     72    0    799    799    799     72   0.0731    0.000
A-n36-k5 	BT-3   36    6     72    1    799    799    799     72   0.0765    0.000
A-n36-k5 	BT-3   36    3     72    0    799    799    799     72   0.0727    0.000
A-n36-k5 	BT-3   36    3     72    1    799    799    799     72   0.0724    0.000
A-n36-k5 	BT-3   36   12    144    0    799   1258    799    387   0.3203    0.000
A-n36-k5 	BT-3   36   12    144    1    799   1153    799    204   0.1674    0.000
A-n36-k5 	BT-3   36    6     72    0    799    799    799     72   0.0742    0.000
A-n36-k5 	BT-3   36    6     72    1    799    799    799     72   0.0719    0.000
A-n36-k5 	BT-3   36    3     72    0    799    799    799     72   0.0723    0.000
A-n36-k5 	BT-3   36    3     72    1    799    799    799     72   0.0719    0.000
A-n36-k5 	BT-3   36   12    144    0    799   1258    813    200   0.1769    0.018
A-n36-k5 	BT-3   36   12    144    1    799   1153    824    283   0.2360    0.031
A-n36-k5 	BT-3   36    6     72    0    799    799    799     72   0.0724    0.000
A-n36-k5 	BT-3   36    6     72    1    799    799    799     72   0.0720    0.000
A-n36-k5 	BT-3   36    3     72    0    799    799    799     72   0.0743    0.000
A-n36-k5 	BT-3   36    3     72    1    799    799    799     72   0.0719    0.000
A-n36-k5 	BT-3   36   12    144    0    799   1258    828    305   0.2590    0.036
A-n36-k5 	BT-3   36   12    144    1    799   1153    824    207   0.1735    0.031
A-n36-k5 	BT-3   36    6     72    0    799    799    799     72   0.0784    0.000
A-n36-k5 	BT-3   36    6     72    1    799    799    799     72   0.0725    0.000
A-n36-k5 	BT-3   36    3     72    0    799    799    799     72   0.0725    0.000
A-n36-k5 	BT-3   36    3     72    1    799    799    799     72   0.0721    0.000
A-n36-k5 	BT-3   36   12    144    0    799   1258    833    167   0.1390    0.043
A-n36-k5 	BT-3   36   12    144    1    799   1153    832    191   0.1633    0.041
A-n36-k5 	BT-3   36    6     72    0    799    799    799     72   0.0729    0.000
A-n36-k5 	BT-3   36    6     72    1    799    799    799     72   0.0720    0.000
A-n36-k5 	BT-3   36    3     72    0    799    799    799     72   0.0722    0.000
A-n36-k5 	BT-3   36    3     72    1    799    799    799     72   0.0718    0.000
