P-n21-k2 	BT-1   21    7     84    0    211    248    211     91   0.0212    0.000
P-n21-k2 	BT-1   21    7     84    1    211    248    211     89   0.0212    0.000
P-n21-k2 	BT-1   21    3     42    0    211    216    211     55   0.0551    0.000
P-n21-k2 	BT-1   21    3     42    1    211    211    211     42   0.0521    0.000
P-n21-k2 	BT-1   21    4     42    0    211    216    211     50   0.1615    0.000
P-n21-k2 	BT-1   21    4     42    1    211    211    211     42   0.1594    0.000
P-n21-k2 	BT-2   21    7     84    0    211    248    211    101   0.0240    0.000
P-n21-k2 	BT-2   21    7     84    1    211    248    216     87   0.0202    0.024
P-n21-k2 	BT-2   21    3     42    0    211    220    211     48   0.0554    0.000
P-n21-k2 	BT-2   21    3     42    1    211    211    211     42   0.0540    0.000
P-n21-k2 	BT-2   21    4     42    0    211    220    211     48   0.1648    0.000
P-n21-k2 	BT-2   21    4     42    1    211    211    211     42   0.1639    0.000
P-n21-k2 	BT-3   21    7     84    0    211    248    219     76   0.0177    0.038
P-n21-k2 	BT-3   21    7     84    1    211    248    213     98   0.0223    0.009
P-n21-k2 	BT-3   21    3     42    0    211    222    211     33   0.0475    0.000
P-n21-k2 	BT-3   21    3     42    1    211    213    211     31   0.0471    0.000
P-n21-k2 	BT-3   21    4     42    0    211    216    211     32   0.1420    0.000
P-n21-k2 	BT-3   21    4     42    1    211    211    211     30   0.1415    0.000
P-n21-k2 	BT-3   21    7     84    0    211    248    219     76   0.0177    0.038
P-n21-k2 	BT-3   21    7     84    1    211    248    217     83   0.0189    0.028
P-n21-k2 	BT-3   21    3     42    0    211    216    211     30   0.4616    0.000
P-n21-k2 	BT-3   21    3     42    1    211    211    211     29   0.4614    0.000
P-n21-k2 	BT-3   21    4     42    0    211    216    211     28   1.3841    0.000
P-n21-k2 	BT-3   21    4     42    1    211    211    211     26   1.3836    0.000
P-n21-k2 	BT-3   21    7     84    0    211    248    219     75   0.0176    0.038
P-n21-k2 	BT-3   21    7     84    1    211    248    217     69   0.0158    0.028
P-n21-k2 	BT-3   21    3     42    0    211    216    211     32   4.1862    0.000
P-n21-k2 	BT-3   21    3     42    1    211    211    211     29   4.1854    0.000
P-n21-k2 	BT-3   21    4     42    0    211    216    211     28  12.5567    0.000
P-n21-k2 	BT-3   21    4     42    1    211    211    211     26  12.5562    0.000
P-n21-k2 	BT-3   21    7     84    0    211    248    211    124   0.0288    0.000
P-n21-k2 	BT-3   21    7     84    1    211    248    211    130   0.0298    0.000
P-n21-k2 	BT-3   21    3     42    0    211    216    211     32  37.7291    0.000
P-n21-k2 	BT-3   21    3     42    1    211    211    211     31  37.7290    0.000
P-n21-k2 	BT-3   21    4     42    0    211    216    211     32 113.1872    0.000
P-n21-k2 	BT-3   21    4     42    1    211    211    211     31 113.1869    0.000
P-n21-k2 	BT-3   21    7     84    0    211    248    219     73   0.0169    0.038
P-n21-k2 	BT-3   21    7     84    1    211    248    217     69   0.0159    0.028
P-n21-k2 	BT-3   21    3     42    0    211    216    211     32 339.5942    0.000
P-n21-k2 	BT-3   21    3     42    1    211    211    211     30 339.5938    0.000
P-n21-k2 	BT-3   21    4     42    0    211    216    211     31 1018.7819    0.000
P-n21-k2 	BT-3   21    4     42    1    211    211    211     31 1018.7819    0.000
P-n21-k2 	BT-3   21    7     84    0    211    248    211    129   0.0296    0.000
P-n21-k2 	BT-3   21    7     84    1    211    248    217     78   0.0178    0.028
P-n21-k2 	BT-3   21    3     42    0    211    216    211     29 -1238.5746    0.000
P-n21-k2 	BT-3   21    3     42    1    211    211    211     28 -1238.5748    0.000
P-n21-k2 	BT-3   21    4     42    0    211    216    211     32 579.2438    0.000
P-n21-k2 	BT-3   21    4     42    1    211    211    211     31 579.2436    0.000
P-n21-k2 	BT-3   21    7     84    0    211    248    218     98   0.0229    0.033
P-n21-k2 	BT-3   21    7     84    1    211    248    217     75   0.0173    0.028
P-n21-k2 	BT-3   21    3     42    0    211    216    211     30 1737.7710    0.000
P-n21-k2 	BT-3   21    3     42    1    211    211    211     31 1737.7712    0.000
P-n21-k2 	BT-3   21    4     42    0    211    216    211     31 918.3462    0.000
P-n21-k2 	BT-3   21    4     42    1    211    211    211     33 918.3466    0.000
P-n21-k2 	BT-3   21    7     84    0    211    248    218    137   0.0314    0.033
P-n21-k2 	BT-3   21    7     84    1    211    248    211     88   0.0200    0.000
P-n21-k2 	BT-3   21    3     42    0    211    216    211     28 -1539.8776    0.000
P-n21-k2 	BT-3   21    3     42    1    211    211    211     28 -1539.8776    0.000
P-n21-k2 	BT-3   21    4     42    0    211    216    216     30 -324.6650    0.024
P-n21-k2 	BT-3   21    4     42    1    211    211    211     26 -324.6660    0.000
P-n21-k2 	BT-3   21    7     84    0    211    248    219     75   0.0176    0.038
P-n21-k2 	BT-3   21    7     84    1    211    248    217     72   0.0166    0.028
P-n21-k2 	BT-3   21    3     42    0    211    216    211     63 -973.9544    0.000
P-n21-k2 	BT-3   21    3     42    1    211    211    211     28 -973.9623    0.000
P-n21-k2 	BT-3   21    4     42    0    211    216    211     33 1373.0894    0.000
P-n21-k2 	BT-3   21    4     42    1    211    211    211     27 1373.0881    0.000
P-n21-k2 	BT-3   21    7     84    0    211    248    219     75   0.0176    0.038
P-n21-k2 	BT-3   21    7     84    1    211    248    217     71   0.0162    0.028
P-n21-k2 	BT-3   21    3     42    0    211    216    211     34 -175.6663    0.000
P-n21-k2 	BT-3   21    3     42    1    211    211    211     30 -175.6673    0.000
P-n21-k2 	BT-3   21    4     42    0    211    216    211     29 -527.0010    0.000
P-n21-k2 	BT-3   21    4     42    1    211    211    211     29 -527.0010    0.000
P-n21-k2 	BT-3   21    7     84    0    211    248    211    137   0.0315    0.000
P-n21-k2 	BT-3   21    7     84    1    211    248    213     91   0.0207    0.009
P-n21-k2 	BT-3   21    3     42    0    211    216    211     30 -1580.9506    0.000
P-n21-k2 	BT-3   21    3     42    1    211    211    211     29 -1580.9509    0.000
P-n21-k2 	BT-3   21    4     42    0    211    216    211     31 -447.8846    0.000
P-n21-k2 	BT-3   21    4     42    1    211    211    211     32 -447.8844    0.000
P-n21-k2 	BT-3   21    7     84    0    211    248    219     78   0.0181    0.038
P-n21-k2 	BT-3   21    7     84    1    211    248    216     90   0.0211    0.024
P-n21-k2 	BT-3   21    3     42    0    211    216    211     31 -1343.6144    0.000
P-n21-k2 	BT-3   21    3     42    1    211    211    211     31 -1343.6144    0.000
P-n21-k2 	BT-3   21    4     42    0    211    216    211     34 264.1248    0.000
P-n21-k2 	BT-3   21    4     42    1    211    211    211     28 264.1234    0.000
P-n21-k2 	BT-3   21    7     84    0    211    248    219     72   0.0170    0.038
P-n21-k2 	BT-3   21    7     84    1    211    248    216    115   0.0265    0.024
P-n21-k2 	BT-3   21    3     42    0    211    216    211     30 792.4155    0.000
P-n21-k2 	BT-3   21    3     42    1    211    211    211     31 792.4156    0.000
P-n21-k2 	BT-3   21    4     42    0    211    216    211     33 -1917.7200    0.000
P-n21-k2 	BT-3   21    4     42    1    211    211    211     29 -1917.7208    0.000
P-n21-k2 	BT-3   21    7     84    0    211    248    219     75   0.0177    0.038
P-n21-k2 	BT-3   21    7     84    1    211    248    217     73   0.0167    0.028
P-n21-k2 	BT-3   21    3     42    0    211    216    211     28 -1458.1603    0.000
P-n21-k2 	BT-3   21    3     42    1    211    211    211     29 -1458.1600    0.000
P-n21-k2 	BT-3   21    4     42    0    211    216    211     28 -79.5132    0.000
P-n21-k2 	BT-3   21    4     42    1    211    211    211     32 -79.5124    0.000
P-n21-k2 	BT-3   21    7     84    0    211    248    217     90   0.0210    0.028
P-n21-k2 	BT-3   21    7     84    1    211    248    217     72   0.0164    0.028
P-n21-k2 	BT-3   21    3     42    0    211    216    211     30 -238.5010    0.000
P-n21-k2 	BT-3   21    3     42    1    211    211    211     28 -238.5014    0.000
P-n21-k2 	BT-3   21    4     42    0    211    216    211     36 -715.5021    0.000
P-n21-k2 	BT-3   21    4     42    1    211    211    211     30 -715.5034    0.000
P-n21-k2 	BT-3   21    7     84    0    211    248    211    108   0.0246    0.000
P-n21-k2 	BT-3   21    7     84    1    211    248    217     74   0.0169    0.028
P-n21-k2 	BT-3   21    3     42    0    211    216    211     30 -2146.4673    0.000
P-n21-k2 	BT-3   21    3     42    1    211    211    211     30 -2146.4673    0.000
P-n21-k2 	BT-3   21    4     42    0    211    216    211     31 -2144.4343    0.000
P-n21-k2 	BT-3   21    4     42    1    211    211    211     30 -2144.4346    0.000
P-n21-k2 	BT-3   21    7     84    0    211    248    219     75   0.0174    0.038
P-n21-k2 	BT-3   21    7     84    1    211    248    217     73   0.0167    0.028
P-n21-k2 	BT-3   21    3     42    0    211    216    211     32 -2138.3018    0.000
P-n21-k2 	BT-3   21    3     42    1    211    211    211     29 -2138.3025    0.000
P-n21-k2 	BT-3   21    4     42    0    211    216    211     33 -2119.9385    0.000
P-n21-k2 	BT-3   21    4     42    1    211    211    211     29 -2119.9395    0.000
P-n21-k2 	BT-3   21    7     84    0    211    248    217     78   0.0177    0.028
P-n21-k2 	BT-3   21    7     84    1    211    248    217     68   0.0160    0.028
P-n21-k2 	BT-3   21    3     42    0    211    216    211     30 -2064.8159    0.000
P-n21-k2 	BT-3   21    3     42    1    211    211    211     30 -2064.8162    0.000
P-n21-k2 	BT-3   21    4     42    0    211    216    211     36 -1899.4797    0.000
P-n21-k2 	BT-3   21    4     42    1    211    211    211     29 -1899.4812    0.000
P-n21-k2 	BT-3   21    7     84    0    211    248    223     71   0.0162    0.057
P-n21-k2 	BT-3   21    7     84    1    211    248    217     74   0.0170    0.028
P-n21-k2 	BT-3   21    3     42    0    211    216    211     29 -1403.4417    0.000
P-n21-k2 	BT-3   21    3     42    1    211    211    211     33 -1403.4408    0.000
P-n21-k2 	BT-3   21    4     42    0    211    216    211     32  84.6440    0.000
P-n21-k2 	BT-3   21    4     42    1    211    211    211     28  84.6430    0.000
P-n21-k2 	BT-3   21    7     84    0    211    248    219     75   0.0175    0.038
P-n21-k2 	BT-3   21    7     84    1    211    248    217     71   0.0162    0.028
P-n21-k2 	BT-3   21    3     42    0    211    216    211     28 253.9638    0.000
P-n21-k2 	BT-3   21    3     42    1    211    211    211     29 253.9640    0.000
P-n21-k2 	BT-3   21    4     42    0    211    216    211     30 761.8918    0.000
P-n21-k2 	BT-3   21    4     42    1    211    211    211     33 761.8926    0.000
P-n21-k2 	BT-3   21    7     84    0    211    248    219     80   0.0187    0.038
P-n21-k2 	BT-3   21    7     84    1    211    248    223     76   0.0174    0.057
P-n21-k2 	BT-3   21    3     42    0    211    216    211     30 -2009.2548    0.000
P-n21-k2 	BT-3   21    3     42    1    211    211    211     30 -2009.2548    0.000
P-n21-k2 	BT-3   21    4     42    0    211    216    211     32 -1732.7965    0.000
P-n21-k2 	BT-3   21    4     42    1    211    211    211     31 -1732.7966    0.000
P-n21-k2 	BT-3   21    7     84    0    211    248    219     78   0.0184    0.038
P-n21-k2 	BT-3   21    7     84    1    211    248    217     74   0.0170    0.028
P-n21-k2 	BT-3   21    3     42    0    211    216    211     30 -903.3873    0.000
P-n21-k2 	BT-3   21    3     42    1    211    211    211     27 -903.3881    0.000
P-n21-k2 	BT-3   21    4     42    0    211    216    211     34 1584.8057    0.000
P-n21-k2 	BT-3   21    4     42    1    211    211    211     29 1584.8044    0.000
P-n21-k2 	BT-3   21    7     84    0    211    248    219     83   0.0193    0.038
P-n21-k2 	BT-3   21    7     84    1    211    248    217     72   0.0166    0.028
P-n21-k2 	BT-3   21    3     42    0    211    216    211     34 459.4840    0.000
P-n21-k2 	BT-3   21    3     42    1    211    211    211     32 459.4837    0.000
P-n21-k2 	BT-3   21    4     42    0    211    216    211     28 1378.4504    0.000
P-n21-k2 	BT-3   21    4     42    1    211    211    211     32 1378.4514    0.000
P-n21-k2 	BT-3   21    7     84    0    211    248    219     75   0.0174    0.038
P-n21-k2 	BT-3   21    7     84    1    211    248    217     75   0.0173    0.028
P-n21-k2 	BT-3   21    3     42    0    211    216    211     31 -159.5795    0.000
P-n21-k2 	BT-3   21    3     42    1    211    211    211     26 -159.5807    0.000
P-n21-k2 	BT-3   21    4     42    0    211    216    211     32 -478.7397    0.000
P-n21-k2 	BT-3   21    4     42    1    211    211    211     29 -478.7404    0.000
P-n21-k2 	BT-3   21    7     84    0    211    248    219     96   0.0223    0.038
P-n21-k2 	BT-3   21    7     84    1    211    248    211    115   0.0263    0.000
P-n21-k2 	BT-3   21    3     42    0    211    216    211     30 -1436.1715    0.000
P-n21-k2 	BT-3   21    3     42    1    211    211    211     32 -1436.1710    0.000
P-n21-k2 	BT-3   21    4     42    0    211    216    211     28 -13.5472    0.000
P-n21-k2 	BT-3   21    4     42    1    211    211    211     28 -13.5473    0.000
P-n21-k2 	BT-3   21    7     84    0    211    248    219     78   0.0180    0.038
P-n21-k2 	BT-3   21    7     84    1    211    248    211    121   0.0276    0.000
P-n21-k2 	BT-3   21    3     42    0    211    216    211     30 -40.5958    0.000
P-n21-k2 	BT-3   21    3     42    1    211    211    211     31 -40.5956    0.000
P-n21-k2 	BT-3   21    4     42    0    211    216    211     32 -121.7868    0.000
P-n21-k2 	BT-3   21    4     42    1    211    211    211     28 -121.7877    0.000
P-n21-k2 	BT-3   21    7     84    0    211    248    219     78   0.0184    0.038
P-n21-k2 	BT-3   21    7     84    1    211    248    217     75   0.0172    0.028
P-n21-k2 	BT-3   21    3     42    0    211    216    211     35 -365.3249    0.000
P-n21-k2 	BT-3   21    3     42    1    211    211    211     31 -365.3259    0.000
P-n21-k2 	BT-3   21    4     42    0    211    216    211     32 -1095.9764    0.000
P-n21-k2 	BT-3   21    4     42    1    211    211    211     30 -1095.9769    0.000
P-n21-k2 	BT-3   21    7     84    0    211    248    219     73   0.0170    0.038
P-n21-k2 	BT-3   21    7     84    1    211    248    217     75   0.0172    0.028
P-n21-k2 	BT-3   21    3     42    0    211    216    211     33 1007.0718    0.000
P-n21-k2 	BT-3   21    3     42    1    211    211    211     28 1007.0707    0.000
P-n21-k2 	BT-3   21    4     42    0    211    216    211     27 -1273.7543    0.000
P-n21-k2 	BT-3   21    4     42    1    211    211    211     32 -1273.7532    0.000
P-n21-k2 	BT-3   21    7     84    0    211    248    219     81   0.0189    0.038
P-n21-k2 	BT-3   21    7     84    1    211    248    211     85   0.0191    0.000
P-n21-k2 	BT-3   21    3     42    0    211    216    211     31 473.7445    0.000
P-n21-k2 	BT-3   21    3     42    1    211    211    211     30 473.7442    0.000
P-n21-k2 	BT-3   21    4     42    0    211    216    211     28 1421.2324    0.000
P-n21-k2 	BT-3   21    4     42    1    211    211    211     26 1421.2321    0.000
P-n21-k2 	BT-3   21    7     84    0    211    248    216    131   0.0300    0.024
P-n21-k2 	BT-3   21    7     84    1    211    248    217     75   0.0172    0.028
P-n21-k2 	BT-3   21    3     42    0    211    216    211     32 -31.2221    0.000
P-n21-k2 	BT-3   21    3     42    1    211    211    211     26 -31.2235    0.000
P-n21-k2 	BT-3   21    4     42    0    211    216    211     35 -93.6672    0.000
P-n21-k2 	BT-3   21    4     42    1    211    211    211     29 -93.6685    0.000
P-n21-k2 	BT-3   21    7     84    0    211    248    219     78   0.0181    0.038
P-n21-k2 	BT-3   21    7     84    1    211    248    217     74   0.0169    0.028
P-n21-k2 	BT-3   21    3     42    0    211    216    211     27 -280.9698    0.000
P-n21-k2 	BT-3   21    3     42    1    211    211    211     28 -280.9696    0.000
P-n21-k2 	BT-3   21    4     42    0    211    216    211     29 -842.9088    0.000
P-n21-k2 	BT-3   21    4     42    1    211    211    211     27 -842.9093    0.000
P-n21-k2 	BT-3   21    7     84    0    211    248    211    128   0.0295    0.000
P-n21-k2 	BT-3   21    7     84    1    211    248    217     73   0.0166    0.028
P-n21-k2 	BT-3   21    3     42    0    211    216    211     29 1766.2864    0.000
P-n21-k2 	BT-3   21    3     42    1    211    211    211     26 1766.2858    0.000
P-n21-k2 	BT-3   21    4     42    0    211    216    211     29 1003.8912    0.000
P-n21-k2 	BT-3   21    4     42    1    211    211    211     33 1003.8922    0.000
P-n21-k2 	BT-3   21    7     84    0    211    248    219     76   0.0176    0.038
P-n21-k2 	BT-3   21    7     84    1    211    248    217     71   0.0164    0.028
P-n21-k2 	BT-3   21    3     42    0    211    216    211     31 -1283.2582    0.000
P-n21-k2 	BT-3   21    3     42    1    211    211    211     30 -1283.2584    0.000
P-n21-k2 	BT-3   21    4     42    0    211    216    211     33 445.1931    0.000
P-n21-k2 	BT-3   21    4     42    1    211    211    211     27 445.1917    0.000
P-n21-k2 	BT-3   21    7     84    0    211    248    219     77   0.0180    0.038
P-n21-k2 	BT-3   21    7     84    1    211    248    217     67   0.0154    0.028
P-n21-k2 	BT-3   21    3     42    0    211    216    211     33 1335.6112    0.000
P-n21-k2 	BT-3   21    3     42    1    211    211    211     28 1335.6100    0.000
P-n21-k2 	BT-3   21    4     42    0    211    216    211     28 -288.1362    0.000
P-n21-k2 	BT-3   21    4     42    1    211    211    211     30 -288.1357    0.000
P-n21-k2 	BT-3   21    7     84    0    211    248    211    101   0.0235    0.000
P-n21-k2 	BT-3   21    7     84    1    211    248    217     73   0.0168    0.028
P-n21-k2 	BT-3   21    3     42    0    211    216    211     32 -864.3668    0.000
P-n21-k2 	BT-3   21    3     42    1    211    211    211     31 -864.3671    0.000
P-n21-k2 	BT-3   21    4     42    0    211    216    211     31 1701.8663    0.000
P-n21-k2 	BT-3   21    4     42    1    211    211    211     29 1701.8658    0.000
P-n21-k2 	BT-3   21    7     84    0    211    248    219     75   0.0174    0.038
P-n21-k2 	BT-3   21    7     84    1    211    248    217     70   0.0160    0.028
P-n21-k2 	BT-3   21    3     42    0    211    216    211     32 810.6648    0.000
P-n21-k2 	BT-3   21    3     42    1    211    211    211     28 810.6639    0.000
P-n21-k2 	BT-3   21    4     42    0    211    216    211     30 -1862.9742    0.000
P-n21-k2 	BT-3   21    4     42    1    211    211    211     29 -1862.9744    0.000
P-n21-k2 	BT-3   21    7     84    0    211    248    219     77   0.0182    0.038
P-n21-k2 	BT-3   21    7     84    1    211    248    217     73   0.0166    0.028
P-n21-k2 	BT-3   21    3     42    0    211    216    211     33 -1293.9202    0.000
P-n21-k2 	BT-3   21    3     42    1    211    211    211     33 -1293.9202    0.000
P-n21-k2 	BT-3   21    4     42    0    211    216    211     30 413.2063    0.000
P-n21-k2 	BT-3   21    4     42    1    211    211    211     28 413.2057    0.000
P-n21-k2 	BT-3   21    7     84    0    211    248    219     77   0.0181    0.038
P-n21-k2 	BT-3   21    7     84    1    211    248    217     73   0.0168    0.028
P-n21-k2 	BT-3   21    3     42    0    211    216    211     31 1239.6539    0.000
P-n21-k2 	BT-3   21    3     42    1    211    211    211     31 1239.6536    0.000
P-n21-k2 	BT-3   21    4     42    0    211    216    211     30 -576.0064    0.000
P-n21-k2 	BT-3   21    4     42    1    211    211    211     29 -576.0068    0.000
P-n21-k2 	BT-3   21    7     84    0    211    248    211    177   0.0407    0.000
P-n21-k2 	BT-3   21    7     84    1    211    248    217     70   0.0160    0.028
P-n21-k2 	BT-3   21    3     42    0    211    216    211     29 -1727.9634    0.000
P-n21-k2 	BT-3   21    3     42    1    211    211    211     30 -1727.9633    0.000
P-n21-k2 	BT-3   21    4     42    0    211    216    211     30 -888.9225    0.000
P-n21-k2 	BT-3   21    4     42    1    211    211    211     29 -888.9229    0.000
P-n21-k2 	BT-3   21    7     84    0    211    248    225     75   0.0173    0.066
P-n21-k2 	BT-3   21    7     84    1    211    248    211     84   0.0191    0.000
P-n21-k2 	BT-3   21    3     42    0    211    216    211     30 1628.2358    0.000
P-n21-k2 	BT-3   21    3     42    1    211    211    211     25 1628.2346    0.000
P-n21-k2 	BT-3   21    4     42    0    211    216    211     32 589.7394    0.000
P-n21-k2 	BT-3   21    4     42    1    211    211    211     29 589.7386    0.000
P-n21-k2 	BT-3   21    7     84    0    211    248    219     78   0.0181    0.038
P-n21-k2 	BT-3   21    7     84    1    211    248    217     86   0.0197    0.028
P-n21-k2 	BT-3   21    3     42    0    211    216    211     34 1769.2557    0.000
P-n21-k2 	BT-3   21    3     42    1    211    211    211     29 1769.2545    0.000
P-n21-k2 	BT-3   21    4     42    0    211    216    211     29 1012.7975    0.000
P-n21-k2 	BT-3   21    4     42    1    211    211    211     31 1012.7980    0.000
P-n21-k2 	BT-3   21    7     84    0    211    248    217    111   0.0260    0.028
P-n21-k2 	BT-3   21    7     84    1    211    248    217     76   0.0174    0.028
P-n21-k2 	BT-3   21    3     42    0    211    216    211     35 -1256.5295    0.000
P-n21-k2 	BT-3   21    3     42    1    211    211    211     27 -1256.5312    0.000
P-n21-k2 	BT-3   21    4     42    0    211    216    211     29 525.3757    0.000
P-n21-k2 	BT-3   21    4     42    1    211    211    211     31 525.3762    0.000
P-n21-k2 	BT-3   21    7     84    0    211    248    219     75   0.0174    0.038
P-n21-k2 	BT-3   21    7     84    1    211    248    217     74   0.0169    0.028
P-n21-k2 	BT-3   21    3     42    0    211    216    211     31 1576.1622    0.000
P-n21-k2 	BT-3   21    3     42    1    211    211    211     32 1576.1625    0.000
P-n21-k2 	BT-3   21    4     42    0    211    216    211     33 433.5201    0.000
P-n21-k2 	BT-3   21    4     42    1    211    211    211     28 433.5188    0.000
P-n21-k2 	BT-3   21    7     84    0    211    248    219     74   0.0172    0.038
P-n21-k2 	BT-3   21    7     84    1    211    248    217     70   0.0161    0.028
P-n21-k2 	BT-3   21    3     42    0    211    216    211     29 1300.5914    0.000
P-n21-k2 	BT-3   21    3     42    1    211    211    211     31 1300.5917    0.000
P-n21-k2 	BT-3   21    4     42    0    211    216    211     33 -393.1920    0.000
P-n21-k2 	BT-3   21    4     42    1    211    211    211     31 -393.1924    0.000
P-n21-k2 	BT-3   21    7     84    0    211    248    219     76   0.0180    0.038
P-n21-k2 	BT-3   21    7     84    1    211    248    217     75   0.0171    0.028
P-n21-k2 	BT-3   21    3     42    0    211    216    211     29 -1179.5422    0.000
P-n21-k2 	BT-3   21    3     42    1    211    211    211     31 -1179.5417    0.000
P-n21-k2 	BT-3   21    4     42    0    211    216    211     29 756.3411    0.000
P-n21-k2 	BT-3   21    4     42    1    211    211    211     27 756.3406    0.000
P-n21-k2 	BT-3   21    7     84    0    211    248    217    134   0.0313    0.028
P-n21-k2 	BT-3   21    7     84    1    211    248    217     78   0.0179    0.028
P-n21-k2 	BT-3   21    3     42    0    211    216    211     30 -2025.8950    0.000
P-n21-k2 	BT-3   21    3     42    1    211    211    211     34 -2025.8940    0.000
P-n21-k2 	BT-3   21    4     42    0    211    216    211     29 -1782.7169    0.000
P-n21-k2 	BT-3   21    4     42    1    211    211    211     32 -1782.7164    0.000
P-n21-k2 	BT-3   21    7     84    0    211    248    219     79   0.0184    0.038
P-n21-k2 	BT-3   21    7     84    1    211    248    217     74   0.0169    0.028
P-n21-k2 	BT-3   21    3     42    0    211    216    211     34 -1053.1466    0.000
P-n21-k2 	BT-3   21    3     42    1    211    211    211     27 -1053.1482    0.000
P-n21-k2 	BT-3   21    4     42    0    211    216    211     33 1135.5253    0.000
P-n21-k2 	BT-3   21    4     42    1    211    211    211     29 1135.5245    0.000
P-n21-k2 	BT-3   21    7     84    0    211    248    219     78   0.0182    0.038
P-n21-k2 	BT-3   21    7     84    1    211    248    217     70   0.0161    0.028
P-n21-k2 	BT-3   21    3     42    0    211    216    211     31 -888.3580    0.000
P-n21-k2 	BT-3   21    3     42    1    211    211    211     32 -888.3579    0.000
P-n21-k2 	BT-3   21    4     42    0    211    216    211     30 1629.8931    0.000
P-n21-k2 	BT-3   21    4     42    1    211    211    211     27 1629.8927    0.000
P-n21-k2 	BT-3   21    7     84    0    211    248    219     78   0.0185    0.038
P-n21-k2 	BT-3   21    7     84    1    211    248    217     69   0.0157    0.028
P-n21-k2 	BT-3   21    3     42    0    211    216    211     32 594.7462    0.000
P-n21-k2 	BT-3   21    3     42    1    211    211    211     32 594.7462    0.000
P-n21-k2 	BT-3   21    4     42    0    211    216    211     32 1784.2385    0.000
P-n21-k2 	BT-3   21    4     42    1    211    211    211     27 1784.2374    0.000
P-n21-k2 	BT-3   21    7     84    0    211    248    219     82   0.0192    0.038
P-n21-k2 	BT-3   21    7     84    1    211    248    217     73   0.0169    0.028
P-n21-k2 	BT-3   21    3     42    0    211    216    211     31 1057.7832    0.000
P-n21-k2 	BT-3   21    3     42    1    211    211    211     29 1057.7827    0.000
P-n21-k2 	BT-3   21    4     42    0    211    216    211     29 -1121.6188    0.000
P-n21-k2 	BT-3   21    4     42    1    211    211    211     30 -1121.6185    0.000
P-n21-k2 	BT-3   21    7     84    0    211    248    211    135   0.0310    0.000
P-n21-k2 	BT-3   21    7     84    1    211    248    217     74   0.0172    0.028
P-n21-k2 	BT-3   21    3     42    0    211    216    211     31 930.1597    0.000
P-n21-k2 	BT-3   21    3     42    1    211    211    211     33 930.1603    0.000
P-n21-k2 	BT-3   21    4     42    0    211    216    211     33 -1504.4872    0.000
P-n21-k2 	BT-3   21    4     42    1    211    211    211     26 -1504.4889    0.000
P-n21-k2 	BT-3   21    7     84    0    211    248    217    116   0.0267    0.028
P-n21-k2 	BT-3   21    7     84    1    211    248    217     68   0.0156    0.028
P-n21-k2 	BT-3   21    3     42    0    211    216    211     30 -218.4543    0.000
P-n21-k2 	BT-3   21    3     42    1    211    211    211     34 -218.4534    0.000
P-n21-k2 	BT-3   21    4     42    0    211    216    211     31 -655.3617    0.000
P-n21-k2 	BT-3   21    4     42    1    211    211    211     29 -655.3622    0.000
P-n21-k2 	BT-3   21    7     84    0    211    248    219     73   0.0171    0.038
P-n21-k2 	BT-3   21    7     84    1    211    248    217     68   0.0156    0.028
P-n21-k2 	BT-3   21    3     42    0    211    216    211     26 -1966.0540    0.000
P-n21-k2 	BT-3   21    3     42    1    211    211    211     28 -1966.0536    0.000
P-n21-k2 	BT-3   21    4     42    0    211    216    211     33 -1603.1929    0.000
P-n21-k2 	BT-3   21    4     42    1    211    211    211     28 -1603.1940    0.000
P-n21-k2 	BT-3   21    7     84    0    211    248    217    140   0.0329    0.028
P-n21-k2 	BT-3   21    7     84    1    211    248    216    121   0.0278    0.024
P-n21-k2 	BT-3   21    3     42    0    211    216    211     33 -514.5515    0.000
P-n21-k2 	BT-3   21    3     42    1    211    211    211     29 -514.5524    0.000
P-n21-k2 	BT-3   21    4     42    0    211    216    211     30 -1543.6564    0.000
P-n21-k2 	BT-3   21    4     42    1    211    211    211     30 -1543.6562    0.000
P-n21-k2 	BT-3   21    7     84    0    211    248    219     76   0.0174    0.038
P-n21-k2 	BT-3   21    7     84    1    211    248    217     73   0.0168    0.028
P-n21-k2 	BT-3   21    3     42    0    211    216    211     28 -335.9676    0.000
P-n21-k2 	BT-3   21    3     42    1    211    211    211     29 -335.9674    0.000
P-n21-k2 	BT-3   21    4     42    0    211    216    211     30 -1007.9021    0.000
P-n21-k2 	BT-3   21    4     42    1    211    211    211     27 -1007.9028    0.000
P-n21-k2 	BT-3   21    7     84    0    211    248    219     77   0.0180    0.038
P-n21-k2 	BT-3   21    7     84    1    211    248    217     68   0.0156    0.028
P-n21-k2 	BT-3   21    3     42    0    211    216    211     34 1271.2948    0.000
P-n21-k2 	BT-3   21    3     42    1    211    211    211     30 1271.2939    0.000
P-n21-k2 	BT-3   21    4     42    0    211    216    211     32 -481.0842    0.000
P-n21-k2 	BT-3   21    4     42    1    211    211    211     32 -481.0842    0.000
P-n21-k2 	BT-3   21    7     84    0    211    248    211     90   0.0208    0.000
P-n21-k2 	BT-3   21    7     84    1    211    248    217     67   0.0152    0.028
P-n21-k2 	BT-3   21    3     42    0    211    216    211     30 -1443.2170    0.000
P-n21-k2 	BT-3   21    3     42    1    211    211    211     28 -1443.2175    0.000
P-n21-k2 	BT-3   21    4     42    0    211    216    211     29 -34.6846    0.000
P-n21-k2 	BT-3   21    4     42    1    211    211    211     29 -34.6847    0.000
P-n21-k2 	BT-3   21    7     84    0    211    248    219     76   0.0176    0.038
P-n21-k2 	BT-3   21    7     84    1    211    248    211    120   0.0276    0.000
P-n21-k2 	BT-3   21    3     42    0    211    216    211     31 -104.0083    0.000
P-n21-k2 	BT-3   21    3     42    1    211    211    211     31 -104.0082    0.000
P-n21-k2 	BT-3   21    4     42    0    211    216    211     31 -312.0247    0.000
P-n21-k2 	BT-3   21    4     42    1    211    211    211     33 -312.0243    0.000
P-n21-k2 	BT-3   21    7     84    0    211    248    219     77   0.0179    0.038
P-n21-k2 	BT-3   21    7     84    1    211    248    217     66   0.0151    0.028
P-n21-k2 	BT-3   21    3     42    0    211    216    211     28 -936.0415    0.000
P-n21-k2 	BT-3   21    3     42    1    211    211    211     28 -936.0415    0.000
P-n21-k2 	BT-3   21    4     42    0    211    216    211     28 1486.8427    0.000
P-n21-k2 	BT-3   21    4     42    1    211    211    211     29 1486.8430    0.000
P-n21-k2 	BT-3   21    7     84    0    211    248    211    131   0.0300    0.000
P-n21-k2 	BT-3   21    7     84    1    211    248    217     71   0.0163    0.028
P-n21-k2 	BT-3   21    3     42    0    211    216    211     30 165.6079    0.000
P-n21-k2 	BT-3   21    3     42    1    211    211    211     30 165.6078    0.000
P-n21-k2 	BT-3   21    4     42    0    211    216    211     31 496.8238    0.000
P-n21-k2 	BT-3   21    4     42    1    211    211    211     28 496.8230    0.000
P-n21-k2 	BT-3   21    7     84    0    211    248    216    125   0.0289    0.024
P-n21-k2 	BT-3   21    7     84    1    211    248    217     74   0.0171    0.028
P-n21-k2 	BT-3   21    3     42    0    211    216    211     28 1490.5159    0.000
P-n21-k2 	BT-3   21    3     42    1    211    211    211     29 1490.5161    0.000
P-n21-k2 	BT-3   21    4     42    0    211    216    211     31 176.5813    0.000
P-n21-k2 	BT-3   21    4     42    1    211    211    211     34 176.5820    0.000
P-n21-k2 	BT-3   21    7     84    0    211    248    219     85   0.0198    0.038
P-n21-k2 	BT-3   21    7     84    1    211    248    217     71   0.0162    0.028
P-n21-k2 	BT-3   21    3     42    0    211    216    211     27 529.7798    0.000
P-n21-k2 	BT-3   21    3     42    1    211    211    211     31 529.7808    0.000
P-n21-k2 	BT-3   21    4     42    0    211    216    211     32 1589.3416    0.000
P-n21-k2 	BT-3   21    4     42    1    211    211    211     30 1589.3411    0.000
P-n21-k2 	BT-3   21    7     84    0    211    248    211    115   0.0262    0.000
P-n21-k2 	BT-3   21    7     84    1    211    248    217     70   0.0158    0.028
P-n21-k2 	BT-3   21    3     42    0    211    216    211     35 473.0996    0.000
P-n21-k2 	BT-3   21    3     42    1    211    211    211     26 473.0975    0.000
P-n21-k2 	BT-3   21    4     42    0    211    216    211     30 1419.2957    0.000
P-n21-k2 	BT-3   21    4     42    1    211    211    211     32 1419.2961    0.000
P-n21-k2 	BT-3   21    7     84    0    211    248    212     87   0.0196    0.005
P-n21-k2 	BT-3   21    7     84    1    211    248    217     69   0.0158    0.028
P-n21-k2 	BT-3   21    3     42    0    211    216    211     31 -37.0443    0.000
P-n21-k2 	BT-3   21    3     42    1    211    211    211     29 -37.0448    0.000
P-n21-k2 	BT-3   21    4     42    0    211    216    211     27 -111.1344    0.000
P-n21-k2 	BT-3   21    4     42    1    211    211    211     29 -111.1340    0.000
P-n21-k2 	BT-3   21    7     84    0    211    248    219     71   0.0165    0.038
P-n21-k2 	BT-3   21    7     84    1    211    248    217     72   0.0166    0.028
P-n21-k2 	BT-3   21    3     42    0    211    216    211     32 -333.3686    0.000
P-n21-k2 	BT-3   21    3     42    1    211    211    211     30 -333.3691    0.000
P-n21-k2 	BT-3   21    4     42    0    211    216    211     33 -1000.1061    0.000
P-n21-k2 	BT-3   21    4     42    1    211    211    211     31 -1000.1066    0.000
P-n21-k2 	BT-3   21    7     84    0    211    248    219     77   0.0179    0.038
P-n21-k2 	BT-3   21    7     84    1    211    248    217     72   0.0166    0.028
P-n21-k2 	BT-3   21    3     42    0    211    216    211     32 1294.6827    0.000
P-n21-k2 	BT-3   21    3     42    1    211    211    211     28 1294.6818    0.000
P-n21-k2 	BT-3   21    4     42    0    211    216    211     30 -410.9201    0.000
P-n21-k2 	BT-3   21    4     42    1    211    211    211     31 -410.9200    0.000
P-n21-k2 	BT-3   21    7     84    0    211    248    219     79   0.0184    0.038
P-n21-k2 	BT-3   21    7     84    1    211    248    217     71   0.0163    0.028
P-n21-k2 	BT-3   21    3     42    0    211    216    211     31 -1232.7256    0.000
P-n21-k2 	BT-3   21    3     42    1    211    211    211     28 -1232.7263    0.000
P-n21-k2 	BT-3   21    4     42    0    211    216    211     38 596.7912    0.000
P-n21-k2 	BT-3   21    4     42    1    211    211    211     33 596.7902    0.000
P-n21-k2 	BT-3   21    7     84    0    211    248    225     70   0.0164    0.066
P-n21-k2 	BT-3   21    7     84    1    211    248    217     73   0.0166    0.028
P-n21-k2 	BT-3   21    3     42    0    211    216    211     28 1790.4034    0.000
P-n21-k2 	BT-3   21    3     42    1    211    211    211     29 1790.4037    0.000
P-n21-k2 	BT-3   21    4     42    0    211    216    211     31 1076.2440    0.000
P-n21-k2 	BT-3   21    4     42    1    211    211    211     28 1076.2433    0.000
P-n21-k2 	BT-3   21    7     84    0    211    248    219     75   0.0176    0.038
P-n21-k2 	BT-3   21    7     84    1    211    248    217     72   0.0165    0.028
P-n21-k2 	BT-3   21    3     42    0    211    216    211     31 -1066.2018    0.000
P-n21-k2 	BT-3   21    3     42    1    211    211    211     32 -1066.2017    0.000
P-n21-k2 	BT-3   21    4     42    0    211    216    211     34 1096.3627    0.000
P-n21-k2 	BT-3   21    4     42    1    211    211    211     30 1096.3617    0.000
P-n21-k2 	BT-3   21    7     84    0    211    248    219     79   0.0184    0.038
P-n21-k2 	BT-3   21    7     84    1    211    248    217     68   0.0156    0.028
P-n21-k2 	BT-3   21    3     42    0    211    216    211     31 -1005.8468    0.000
P-n21-k2 	BT-3   21    3     42    1    211    211    211     26 -1005.8480    0.000
P-n21-k2 	BT-3   21    4     42    0    211    216    211     31 1277.4257    0.000
P-n21-k2 	BT-3   21    4     42    1    211    211    211     32 1277.4259    0.000
P-n21-k2 	BT-3   21    7     84    0    211    248    219     77   0.0182    0.038
P-n21-k2 	BT-3   21    7     84    1    211    248    217     70   0.0160    0.028
P-n21-k2 	BT-3   21    3     42    0    211    216    211     27 -462.6568    0.000
P-n21-k2 	BT-3   21    3     42    1    211    211    211     29 -462.6563    0.000
P-n21-k2 	BT-3   21    4     42    0    211    216    211     32 -1387.9688    0.000
P-n21-k2 	BT-3   21    4     42    1    211    211    211     31 -1387.9690    0.000
P-n21-k2 	BT-3   21    7     84    0    211    248    219     76   0.0176    0.038
P-n21-k2 	BT-3   21    7     84    1    211    248    217     75   0.0172    0.028
P-n21-k2 	BT-3   21    3     42    0    211    216    211     28 131.0946    0.000
P-n21-k2 	BT-3   21    3     42    1    211    211    211     29 131.0948    0.000
P-n21-k2 	BT-3   21    4     42    0    211    216    211     32 393.2850    0.000
P-n21-k2 	BT-3   21    4     42    1    211    211    211     28 393.2840    0.000
P-n21-k2 	BT-3   21    7     84    0    211    248    217    131   0.0307    0.028
P-n21-k2 	BT-3   21    7     84    1    211    248    217     72   0.0166    0.028
P-n21-k2 	BT-3   21    3     42    0    211    216    211     31 1179.9011    0.000
P-n21-k2 	BT-3   21    3     42    1    211    211    211     30 1179.9009    0.000
P-n21-k2 	BT-3   21    4     42    0    211    216    211     32 -755.2642    0.000
P-n21-k2 	BT-3   21    4     42    1    211    211    211     28 -755.2650    0.000
P-n21-k2 	BT-3   21    7     84    0    211    248    219     81   0.0191    0.038
P-n21-k2 	BT-3   21    7     84    1    211    248    215    118   0.0269    0.019
P-n21-k2 	BT-3   21    3     42    0    211    216    211     27 2029.2189    0.000
P-n21-k2 	BT-3   21    3     42    1    211    211    211     29 2029.2194    0.000
P-n21-k2 	BT-3   21    4     42    0    211    216    211     33 1792.6912    0.000
P-n21-k2 	BT-3   21    4     42    1    211    211    211     29 1792.6902    0.000
P-n21-k2 	BT-3   21    7     84    0    211    248    219     75   0.0175    0.038
P-n21-k2 	BT-3   21    7     84    1    211    248    217     75   0.0173    0.028
P-n21-k2 	BT-3   21    3     42    0    211    216    211     32 1083.1396    0.000
P-n21-k2 	BT-3   21    3     42    1    211    211    211     26 1083.1384    0.000
P-n21-k2 	BT-3   21    4     42    0    211    216    211     30 -1045.5499    0.000
P-n21-k2 	BT-3   21    4     42    1    211    211    211     28 -1045.5504    0.000
P-n21-k2 	BT-3   21    7     84    0    211    248    213    184   0.0428    0.009
P-n21-k2 	BT-3   21    7     84    1    211    248    217     73   0.0167    0.028
P-n21-k2 	BT-3   21    3     42    0    211    216    211     30 1158.3766    0.000
P-n21-k2 	BT-3   21    3     42    1    211    211    211     34 1158.3774    0.000
P-n21-k2 	BT-3   21    4     42    0    211    216    211     30 -819.8367    0.000
P-n21-k2 	BT-3   21    4     42    1    211    211    211     29 -819.8370    0.000
P-n21-k2 	BT-3   21    7     84    0    211    248    215    109   0.0253    0.019
P-n21-k2 	BT-3   21    7     84    1    211    248    217     76   0.0175    0.028
P-n21-k2 	BT-3   21    3     42    0    211    216    211     36 1835.5009    0.000
P-n21-k2 	BT-3   21    3     42    1    211    211    211     31 1835.4998    0.000
P-n21-k2 	BT-3   21    4     42    0    211    216    211     31 1211.5330    0.000
P-n21-k2 	BT-3   21    4     42    1    211    211    211     29 1211.5326    0.000
P-n21-k2 	BT-3   21    7     84    0    211    248    219     78   0.0181    0.038
P-n21-k2 	BT-3   21    7     84    1    211    248    211    130   0.0299    0.000
P-n21-k2 	BT-3   21    3     42    0    211    216    211     32 -660.3204    0.000
P-n21-k2 	BT-3   21    3     42    1    211    211    211     29 -660.3211    0.000
P-n21-k2 	BT-3   21    4     42    0    211    216    211     26 -1980.9634    0.000
P-n21-k2 	BT-3   21    4     42    1    211    211    211     28 -1980.9629    0.000
P-n21-k2 	BT-3   21    7     84    0    211    248    219     92   0.0214    0.038
P-n21-k2 	BT-3   21    7     84    1    211    248    217     73   0.0167    0.028
P-n21-k2 	BT-3   21    3     42    0    211    216    211     29 -1647.8835    0.000
P-n21-k2 	BT-3   21    3     42    1    211    211    211     28 -1647.8838    0.000
P-n21-k2 	BT-3   21    4     42    0    211    216    211     30 -648.6832    0.000
P-n21-k2 	BT-3   21    4     42    1    211    211    211     31 -648.6830    0.000
P-n21-k2 	BT-3   21    7     84    0    211    248    219     75   0.0176    0.038
P-n21-k2 	BT-3   21    7     84    1    211    248    217     74   0.0169    0.028
P-n21-k2 	BT-3   21    3     42    0    211    216    211     35 -1946.0139    0.000
P-n21-k2 	BT-3   21    3     42    1    211    211    211     27 -1946.0157    0.000
P-n21-k2 	BT-3   21    4     42    0    211    216    211     33 -1543.0769    0.000
P-n21-k2 	BT-3   21    4     42    1    211    211    211     28 -1543.0780    0.000
P-n21-k2 	BT-3   21    7     84    0    211    248    219     79   0.0183    0.038
P-n21-k2 	BT-3   21    7     84    1    211    248    217     73   0.0167    0.028
P-n21-k2 	BT-3   21    3     42    0    211    216    211     41 -334.2275    0.000
P-n21-k2 	BT-3   21    3     42    1    211    211    211     29 -334.2303    0.000
P-n21-k2 	BT-3   21    4     42    0    211    216    211     30 -1002.6879    0.000
P-n21-k2 	BT-3   21    4     42    1    211    211    211     33 -1002.6871    0.000
P-n21-k2 	BT-3   21    7     84    0    211    248    211    126   0.0288    0.000
P-n21-k2 	BT-3   21    7     84    1    211    248    217     75   0.0173    0.028
P-n21-k2 	BT-3   21    3     42    0    211    216    211     31 1286.9508    0.000
P-n21-k2 	BT-3   21    3     42    1    211    211    211     27 1286.9498    0.000
P-n21-k2 	BT-3   21    4     42    0    211    216    211     31 -434.1159    0.000
P-n21-k2 	BT-3   21    4     42    1    211    211    211     31 -434.1159    0.000
P-n21-k2 	BT-3   21    7     84    0    211    248    219     74   0.0173    0.038
P-n21-k2 	BT-3   21    7     84    1    211    248    217     68   0.0155    0.028
P-n21-k2 	BT-3   21    3     42    0    211    216    211     34 -1302.3142    0.000
P-n21-k2 	BT-3   21    3     42    1    211    211    211     32 -1302.3147    0.000
P-n21-k2 	BT-3   21    4     42    0    211    216    211     25 388.0222    0.000
P-n21-k2 	BT-3   21    4     42    1    211    211    211     32 388.0237    0.000
P-n21-k2 	BT-3   21    7     84    0    211    248    213    132   0.0304    0.009
P-n21-k2 	BT-3   21    7     84    1    211    248    217     73   0.0166    0.028
P-n21-k2 	BT-3   21    3     42    0    211    216    211     29 1164.1160    0.000
P-n21-k2 	BT-3   21    3     42    1    211    211    211     29 1164.1161    0.000
P-n21-k2 	BT-3   21    4     42    0    211    216    211     33 -802.6187    0.000
P-n21-k2 	BT-3   21    4     42    1    211    211    211     30 -802.6191    0.000
P-n21-k2 	BT-3   21    7     84    0    211    248    219     82   0.0193    0.038
P-n21-k2 	BT-3   21    7     84    1    211    248    217     79   0.0180    0.028
P-n21-k2 	BT-3   21    3     42    0    211    216    211     31 1887.1479    0.000
P-n21-k2 	BT-3   21    3     42    1    211    211    211     29 1887.1475    0.000
P-n21-k2 	BT-3   21    4     42    0    211    216    211     28 1366.4753    0.000
P-n21-k2 	BT-3   21    4     42    1    211    211    211     28 1366.4753    0.000
P-n21-k2 	BT-3   21    7     84    0    211    248    211    104   0.0240    0.000
P-n21-k2 	BT-3   21    7     84    1    211    248    217     74   0.0169    0.028
P-n21-k2 	BT-3   21    3     42    0    211    216    211     34 -195.4990    0.000
P-n21-k2 	BT-3   21    3     42    1    211    211    211     28 -195.5004    0.000
P-n21-k2 	BT-3   21    4     42    0    211    216    211     32 -586.4988    0.000
P-n21-k2 	BT-3   21    4     42    1    211    211    211     28 -586.4998    0.000
P-n21-k2 	BT-3   21    7     84    0    211    248    219     80   0.0186    0.038
P-n21-k2 	BT-3   21    7     84    1    211    248    217     70   0.0160    0.028
P-n21-k2 	BT-3   21    3     42    0    211    216    211     28 -1759.4636    0.000
P-n21-k2 	BT-3   21    3     42    1    211    211    211     32 -1759.4628    0.000
P-n21-k2 	BT-3   21    4     42    0    211    216    211     29 -983.4224    0.000
P-n21-k2 	BT-3   21    4     42    1    211    211    211     26 -983.4232    0.000
P-n21-k2 	BT-3   21    7     84    0    211    248    219     83   0.0194    0.038
P-n21-k2 	BT-3   21    7     84    1    211    248    217     69   0.0158    0.028
P-n21-k2 	BT-3   21    3     42    0    211    216    211     33 1344.7354    0.000
P-n21-k2 	BT-3   21    3     42    1    211    211    211     31 1344.7350    0.000
P-n21-k2 	BT-3   21    4     42    0    211    216    211     32 -260.7618    0.000
P-n21-k2 	BT-3   21    4     42    1    211    211    211     25 -260.7634    0.000
P-n21-k2 	BT-3   21    7     84    0    211    248    218     95   0.0220    0.033
P-n21-k2 	BT-3   21    7     84    1    211    248    217     73   0.0166    0.028
P-n21-k2 	BT-3   21    3     42    0    211    216    211     34 -782.2480    0.000
P-n21-k2 	BT-3   21    3     42    1    211    211    211     28 -782.2494    0.000
P-n21-k2 	BT-3   21    4     42    0    211    216    211     36 1948.2223    0.000
P-n21-k2 	BT-3   21    4     42    1    211    211    211     29 1948.2207    0.000
P-n21-k2 	BT-3   21    7     84    0    211    248    219     77   0.0180    0.038
P-n21-k2 	BT-3   21    7     84    1    211    248    217     75   0.0172    0.028
P-n21-k2 	BT-3   21    3     42    0    211    216    211     29 1549.7316    0.000
P-n21-k2 	BT-3   21    3     42    1    211    211    211     31 1549.7321    0.000
P-n21-k2 	BT-3   21    4     42    0    211    216    211     31 354.2286    0.000
P-n21-k2 	BT-3   21    4     42    1    211    211    211     30 354.2283    0.000
P-n21-k2 	BT-3   21    7     84    0    211    248    211    104   0.0239    0.000
P-n21-k2 	BT-3   21    7     84    1    211    248    211    109   0.0248    0.000
P-n21-k2 	BT-3   21    3     42    0    211    216    211     29 1062.7335    0.000
P-n21-k2 	BT-3   21    3     42    1    211    211    211     31 1062.7340    0.000
P-n21-k2 	BT-3   21    4     42    0    211    216    211     32 -1106.7655    0.000
P-n21-k2 	BT-3   21    4     42    1    211    211    211     29 -1106.7662    0.000
P-n21-k2 	BT-3   21    7     84    0    211    248    217    114   0.0266    0.028
P-n21-k2 	BT-3   21    7     84    1    211    248    217     71   0.0163    0.028
P-n21-k2 	BT-3   21    3     42    0    211    216    211     28 974.7119    0.000
P-n21-k2 	BT-3   21    3     42    1    211    211    211     30 974.7125    0.000
P-n21-k2 	BT-3   21    4     42    0    211    216    211     31 -1370.8302    0.000
P-n21-k2 	BT-3   21    4     42    1    211    211    211     32 -1370.8301    0.000
P-n21-k2 	BT-3   21    7     84    0    211    248    219     74   0.0173    0.038
P-n21-k2 	BT-3   21    7     84    1    211    248    217     68   0.0157    0.028
P-n21-k2 	BT-3   21    3     42    0    211    216    211     32 182.5099    0.000
P-n21-k2 	BT-3   21    3     42    1    211    211    211     35 182.5106    0.000
P-n21-k2 	BT-3   21    4     42    0    211    216    211     29 547.5298    0.000
P-n21-k2 	BT-3   21    4     42    1    211    211    211     28 547.5296    0.000
P-n21-k2 	BT-3   21    7     84    0    211    248    219     79   0.0184    0.038
P-n21-k2 	BT-3   21    7     84    1    211    248    217     74   0.0170    0.028
P-n21-k2 	BT-3   21    3     42    0    211    216    211     30 1642.6249    0.000
P-n21-k2 	BT-3   21    3     42    1    211    211    211     29 1642.6246    0.000
P-n21-k2 	BT-3   21    4     42    0    211    216    211     29 632.9069    0.000
P-n21-k2 	BT-3   21    4     42    1    211    211    211     30 632.9070    0.000
P-n21-k2 	BT-3   21    7     84    0    211    248    219     71   0.0166    0.038
P-n21-k2 	BT-3   21    7     84    1    211    248    217     71   0.0163    0.028
P-n21-k2 	BT-3   21    3     42    0    211    216    211     33 1898.7543    0.000
P-n21-k2 	BT-3   21    3     42    1    211    211    211     31 1898.7539    0.000
P-n21-k2 	BT-3   21    4     42    0    211    216    211     30 1401.2946    0.000
P-n21-k2 	BT-3   21    4     42    1    211    211    211     30 1401.2946    0.000
P-n21-k2 	BT-3   21    7     84    0    211    248    219     73   0.0170    0.038
P-n21-k2 	BT-3   21    7     84    1    211    248    217     73   0.0169    0.028
P-n21-k2 	BT-3   21    3     42    0    211    216    211     33 -91.0490    0.000
P-n21-k2 	BT-3   21    3     42    1    211    211    211     28 -91.0502    0.000
P-n21-k2 	BT-3   21    4     42    0    211    216    211     31 -273.1487    0.000
P-n21-k2 	BT-3   21    4     42    1    211    211    211     30 -273.1490    0.000
P-n21-k2 	BT-3   21    7     84    0    211    248    219     69   0.0164    0.038
P-n21-k2 	BT-3   21    7     84    1    211    248    217     71   0.0165    0.028
P-n21-k2 	BT-3   21    3     42    0    211    216    211     32 -819.4134    0.000
P-n21-k2 	BT-3   21    3     42    1    211    211    211     30 -819.4139    0.000
P-n21-k2 	BT-3   21    4     42    0    211    216    211     28 1836.7257    0.000
P-n21-k2 	BT-3   21    4     42    1    211    211    211     30 1836.7262    0.000
P-n21-k2 	BT-3   21    7     84    0    211    248    219     78   0.0180    0.038
P-n21-k2 	BT-3   21    7     84    1    211    248    213    128   0.0293    0.009
P-n21-k2 	BT-3   21    3     42    0    211    216    211     32 1215.2584    0.000
P-n21-k2 	BT-3   21    3     42    1    211    211    211     29 1215.2578    0.000
P-n21-k2 	BT-3   21    4     42    0    211    216    211     29 -649.1932    0.000
P-n21-k2 	BT-3   21    4     42    1    211    211    211     34 -649.1921    0.000
P-n21-k2 	BT-3   21    7     84    0    211    248    211    102   0.0241    0.000
P-n21-k2 	BT-3   21    7     84    1    211    248    217     69   0.0158    0.028
P-n21-k2 	BT-3   21    3     42    0    211    216    211     31 -1947.5381    0.000
P-n21-k2 	BT-3   21    3     42    1    211    211    211     32 -1947.5378    0.000
P-n21-k2 	BT-3   21    4     42    0    211    216    211     31 -1547.6467    0.000
P-n21-k2 	BT-3   21    4     42    1    211    211    211     32 -1547.6464    0.000
P-n21-k2 	BT-3   21    7     84    0    211    248    219     80   0.0186    0.038
P-n21-k2 	BT-3   21    7     84    1    211    248    217     76   0.0174    0.028
P-n21-k2 	BT-3   21    3     42    0    211    216    211     30 -347.9366    0.000
P-n21-k2 	BT-3   21    3     42    1    211    211    211     28 -347.9370    0.000
P-n21-k2 	BT-3   21    4     42    0    211    216    211     32 -1043.8098    0.000
P-n21-k2 	BT-3   21    4     42    1    211    211    211     28 -1043.8109    0.000
