A-n63-k9 	BT-1   63   21    252    0   1634   2262   1695    500   2.5370    0.037
A-n63-k9 	BT-1   63   21    252    1   1634   2245   1683    358   1.7511    0.030
A-n63-k9 	BT-1   63   10    126    0   1634   1702   1683    128   0.6986    0.030
A-n63-k9 	BT-1   63   10    126    1   1634   1683   1683    126   0.6811    0.030
A-n63-k9 	BT-1   63    6    126    0   1634   1702   1683    128   0.6915    0.030
A-n63-k9 	BT-1   63    6    126    1   1634   1683   1681    143   0.7613    0.029
A-n63-k9 	BT-2   63   21    252    0   1634   2262   1740    295   1.5126    0.065
A-n63-k9 	BT-2   63   21    252    1   1634   2245   1801    272   1.4837    0.102
A-n63-k9 	BT-2   63   10    126    0   1634   1760   1738    176   0.9524    0.064
A-n63-k9 	BT-2   63   10    126    1   1634   1740   1732    162   0.9338    0.060
A-n63-k9 	BT-2   63    6    126    0   1634   1826   1718    149   0.8585    0.051
A-n63-k9 	BT-2   63    6    126    1   1634   1732   1732    126   0.8539    0.060
A-n63-k9 	BT-3   63   21    252    0   1634   2262   1710    512   2.5124    0.047
A-n63-k9 	BT-3   63   21    252    1   1634   2245   1652    963   4.7435    0.011
A-n63-k9 	BT-3   63   10    126    0   1634   1659   1649    197   1.1406    0.009
A-n63-k9 	BT-3   63   10    126    1   1634   1652   1649    176   1.0515    0.009
A-n63-k9 	BT-3   63    6    126    0   1634   1651   1649    243   1.4331    0.009
A-n63-k9 	BT-3   63    6    126    1   1634   1649   1649    126   0.8002    0.009
A-n63-k9 	BT-3   63   21    252    0   1634   2262   1647    747   3.6272    0.008
A-n63-k9 	BT-3   63   21    252    1   1634   2245   1726    459   2.3016    0.056
A-n63-k9 	BT-3   63   10    126    0   1634   1652   1643    167   1.0083    0.006
A-n63-k9 	BT-3   63   10    126    1   1634   1647   1643    166   0.9994    0.006
A-n63-k9 	BT-3   63    6    126    0   1634   1660   1647    147   0.9017    0.008
A-n63-k9 	BT-3   63    6    126    1   1634   1643   1643    126   0.8192    0.006
A-n63-k9 	BT-3   63   21    252    0   1634   2262   1652    831   4.0332    0.011
A-n63-k9 	BT-3   63   21    252    1   1634   2245   1678    551   2.7372    0.027
A-n63-k9 	BT-3   63   10    126    0   1634   1660   1632    206   1.1854   -0.001
A-n63-k9 	BT-3   63   10    126    1   1634   1643   1643    126   0.8009    0.006
A-n63-k9 	BT-3   63    6    126    0   1634   1635   1634    149   0.9145    0.000
A-n63-k9 	BT-3   63    6    126    1   1634   1632   1632    126   0.8108   -0.001
A-n63-k9 	BT-3   63   21    252    0   1634   2262   1645    724   3.5205    0.007
A-n63-k9 	BT-3   63   21    252    1   1634   2245   1703    491   2.6141    0.042
A-n63-k9 	BT-3   63   10    126    0   1634   1635   1635    126   0.8221    0.001
A-n63-k9 	BT-3   63   10    126    1   1634   1632   1632    126   0.8117   -0.001
A-n63-k9 	BT-3   63    6    126    0   1634   1635   1635    126   0.8187    0.001
A-n63-k9 	BT-3   63    6    126    1   1634   1632   1632    126   0.8142   -0.001
A-n63-k9 	BT-3   63   21    252    0   1634   2262   1668    656   3.2127    0.021
A-n63-k9 	BT-3   63   21    252    1   1634   2245   1729    408   2.1360    0.058
A-n63-k9 	BT-3   63   10    126    0   1634   1635   1635    126   0.8661    0.001
A-n63-k9 	BT-3   63   10    126    1   1634   1632   1632    126   0.8566   -0.001
A-n63-k9 	BT-3   63    6    126    0   1634   1635   1634    149   0.9940    0.000
A-n63-k9 	BT-3   63    6    126    1   1634   1632   1632    126   0.9330   -0.001
A-n63-k9 	BT-3   63   21    252    0   1634   2262   1748    310   1.7328    0.070
A-n63-k9 	BT-3   63   21    252    1   1634   2245   1745    386   2.0850    0.068
A-n63-k9 	BT-3   63   10    126    0   1634   1635   1632    155   0.9764   -0.001
A-n63-k9 	BT-3   63   10    126    1   1634   1632   1632    126   0.8470   -0.001
A-n63-k9 	BT-3   63    6    126    0   1634   1635   1635    126   0.8195    0.001
A-n63-k9 	BT-3   63    6    126    1   1634   1632   1632    126   0.8247   -0.001
A-n63-k9 	BT-3   63   21    252    0   1634   2262   1668   1004   5.1037    0.021
A-n63-k9 	BT-3   63   21    252    1   1634   2245   1698    354   1.8280    0.039
A-n63-k9 	BT-3   63   10    126    0   1634   1635   1632    159   0.9590   -0.001
A-n63-k9 	BT-3   63   10    126    1   1634   1632   1632    126   0.8144   -0.001
A-n63-k9 	BT-3   63    6    126    0   1634   1635   1632    157   0.9846   -0.001
A-n63-k9 	BT-3   63    6    126    1   1634   1632   1632    126   0.8019   -0.001
A-n63-k9 	BT-3   63   21    252    0   1634   2262   1696    989   4.8396    0.038
A-n63-k9 	BT-3   63   21    252    1   1634   2245   1672    607   2.8814    0.023
A-n63-k9 	BT-3   63   10    126    0   1634   1635   1635    126   0.7714    0.001
A-n63-k9 	BT-3   63   10    126    1   1634   1632   1632    126   0.8811   -0.001
A-n63-k9 	BT-3   63    6    126    0   1634   1635   1635    126   0.8136    0.001
A-n63-k9 	BT-3   63    6    126    1   1634   1632   1632    126   0.8771   -0.001
A-n63-k9 	BT-3   63   21    252    0   1634   2262   1653    468   2.4080    0.012
A-n63-k9 	BT-3   63   21    252    1   1634   2245   1649    617   3.7650    0.009
A-n63-k9 	BT-3   63   10    126    0   1634   1635   1634    184   1.0977    0.000
A-n63-k9 	BT-3   63   10    126    1   1634   1632   1632    126   0.8231   -0.001
A-n63-k9 	BT-3   63    6    126    0   1634   1635   1634    149   0.8764    0.000
A-n63-k9 	BT-3   63    6    126    1   1634   1632   1632    126   0.7982   -0.001
A-n63-k9 	BT-3   63   21    252    0   1634   2262   1706    526   2.5945    0.044
A-n63-k9 	BT-3   63   21    252    1   1634   2245   1723    344   1.7069    0.054
A-n63-k9 	BT-3   63   10    126    0   1634   1635   1633    180   1.0888   -0.001
A-n63-k9 	BT-3   63   10    126    1   1634   1632   1632    126   0.9713   -0.001
A-n63-k9 	BT-3   63    6    126    0   1634   1635   1634    149   1.0305    0.000
A-n63-k9 	BT-3   63    6    126    1   1634   1632   1632    126   0.9863   -0.001
A-n63-k9 	BT-3   63   21    252    0   1634   2262   1748    310   1.6930    0.070
A-n63-k9 	BT-3   63   21    252    1   1634   2245   1674    901   4.6238    0.024
A-n63-k9 	BT-3   63   10    126    0   1634   1635   1633    187   1.2228   -0.001
A-n63-k9 	BT-3   63   10    126    1   1634   1632   1632    126   0.7725   -0.001
A-n63-k9 	BT-3   63    6    126    0   1634   1635   1634    159   1.0293    0.000
A-n63-k9 	BT-3   63    6    126    1   1634   1632   1632    126   0.8134   -0.001
A-n63-k9 	BT-3   63   21    252    0   1634   2262   1701    628   3.0325    0.041
A-n63-k9 	BT-3   63   21    252    1   1634   2245   1670    764   3.7391    0.022
A-n63-k9 	BT-3   63   10    126    0   1634   1635   1632    225   1.3185   -0.001
A-n63-k9 	BT-3   63   10    126    1   1634   1632   1632    126   0.7970   -0.001
A-n63-k9 	BT-3   63    6    126    0   1634   1635   1633    252   1.3634   -0.001
A-n63-k9 	BT-3   63    6    126    1   1634   1632   1632    126   0.7716   -0.001
A-n63-k9 	BT-3   63   21    252    0   1634   2262   1678    692   3.2567    0.027
A-n63-k9 	BT-3   63   21    252    1   1634   2245   1661    930   4.4164    0.017
A-n63-k9 	BT-3   63   10    126    0   1634   1635   1634    167   0.9723    0.000
A-n63-k9 	BT-3   63   10    126    1   1634   1632   1632    126   0.7895   -0.001
A-n63-k9 	BT-3   63    6    126    0   1634   1635   1635    126   0.8484    0.001
A-n63-k9 	BT-3   63    6    126    1   1634   1632   1632    126   0.7943   -0.001
A-n63-k9 	BT-3   63   21    252    0   1634   2262   1654    573   2.7219    0.012
A-n63-k9 	BT-3   63   21    252    1   1634   2245   1660    725   3.4020    0.016
A-n63-k9 	BT-3   63   10    126    0   1634   1635   1635    126   0.8108    0.001
A-n63-k9 	BT-3   63   10    126    1   1634   1632   1632    126   0.7866   -0.001
A-n63-k9 	BT-3   63    6    126    0   1634   1635   1633    249   1.4349   -0.001
A-n63-k9 	BT-3   63    6    126    1   1634   1632   1632    126   0.7830   -0.001
A-n63-k9 	BT-3   63   21    252    0   1634   2262   1694    548   2.5785    0.037
A-n63-k9 	BT-3   63   21    252    1   1634   2245   1676    414   2.0023    0.026
A-n63-k9 	BT-3   63   10    126    0   1634   1635   1635    126   0.7750    0.001
A-n63-k9 	BT-3   63   10    126    1   1634   1632   1632    126   0.7681   -0.001
A-n63-k9 	BT-3   63    6    126    0   1634   1635   1632    209   1.2146   -0.001
A-n63-k9 	BT-3   63    6    126    1   1634   1632   1632    126   0.7852   -0.001
A-n63-k9 	BT-3   63   21    252    0   1634   2262   1668    534   2.5397    0.021
A-n63-k9 	BT-3   63   21    252    1   1634   2245   1665   1035   4.8870    0.019
A-n63-k9 	BT-3   63   10    126    0   1634   1635   1634    183   1.0518    0.000
A-n63-k9 	BT-3   63   10    126    1   1634   1632   1632    126   0.7768   -0.001
A-n63-k9 	BT-3   63    6    126    0   1634   1635   1632    157   0.9433   -0.001
A-n63-k9 	BT-3   63    6    126    1   1634   1632   1632    126   0.8017   -0.001
A-n63-k9 	BT-3   63   21    252    0   1634   2262   1663    411   2.0344    0.018
A-n63-k9 	BT-3   63   21    252    1   1634   2245   1686    590   2.8874    0.032
A-n63-k9 	BT-3   63   10    126    0   1634   1635   1635    126   0.7692    0.001
A-n63-k9 	BT-3   63   10    126    1   1634   1632   1632    126   0.8205   -0.001
A-n63-k9 	BT-3   63    6    126    0   1634   1635   1635    126   0.8749    0.001
A-n63-k9 	BT-3   63    6    126    1   1634   1632   1632    126   0.7751   -0.001
A-n63-k9 	BT-3   63   21    252    0   1634   2262   1747    312   1.5699    0.069
A-n63-k9 	BT-3   63   21    252    1   1634   2245   1668    423   2.1368    0.021
A-n63-k9 	BT-3   63   10    126    0   1634   1635   1634    188   1.0492    0.000
A-n63-k9 	BT-3   63   10    126    1   1634   1632   1632    126   0.7706   -0.001
A-n63-k9 	BT-3   63    6    126    0   1634   1635   1635    126   0.7787    0.001
A-n63-k9 	BT-3   63    6    126    1   1634   1632   1632    126   0.7709   -0.001
A-n63-k9 	BT-3   63   21    252    0   1634   2262   1640    613   2.8390    0.004
A-n63-k9 	BT-3   63   21    252    1   1634   2245   1697    786   3.7084    0.039
A-n63-k9 	BT-3   63   10    126    0   1634   1635   1635    126   0.7786    0.001
A-n63-k9 	BT-3   63   10    126    1   1634   1632   1632    126   0.7690   -0.001
A-n63-k9 	BT-3   63    6    126    0   1634   1635   1634    167   0.9634    0.000
A-n63-k9 	BT-3   63    6    126    1   1634   1632   1632    126   0.7767   -0.001
A-n63-k9 	BT-3   63   21    252    0   1634   2262   1707    421   1.9850    0.045
A-n63-k9 	BT-3   63   21    252    1   1634   2245   1657    706   3.3377    0.014
A-n63-k9 	BT-3   63   10    126    0   1634   1635   1633    184   1.0687   -0.001
A-n63-k9 	BT-3   63   10    126    1   1634   1632   1632    126   0.7662   -0.001
A-n63-k9 	BT-3   63    6    126    0   1634   1635   1632    191   1.0695   -0.001
A-n63-k9 	BT-3   63    6    126    1   1634   1632   1632    126   0.7726   -0.001
A-n63-k9 	BT-3   63   21    252    0   1634   2262   1686    631   3.1515    0.032
A-n63-k9 	BT-3   63   21    252    1   1634   2245   1691    607   3.0934    0.035
A-n63-k9 	BT-3   63   10    126    0   1634   1635   1633    195   1.1000   -0.001
A-n63-k9 	BT-3   63   10    126    1   1634   1632   1632    126   0.7805   -0.001
A-n63-k9 	BT-3   63    6    126    0   1634   1635   1634    147   0.8699    0.000
A-n63-k9 	BT-3   63    6    126    1   1634   1632   1632    126   0.7734   -0.001
A-n63-k9 	BT-3   63   21    252    0   1634   2262   1697    598   2.7791    0.039
A-n63-k9 	BT-3   63   21    252    1   1634   2245   1750    474   2.2636    0.071
A-n63-k9 	BT-3   63   10    126    0   1634   1635   1635    126   0.7756    0.001
A-n63-k9 	BT-3   63   10    126    1   1634   1632   1632    126   0.7789   -0.001
A-n63-k9 	BT-3   63    6    126    0   1634   1635   1633    236   1.2859   -0.001
A-n63-k9 	BT-3   63    6    126    1   1634   1632   1632    126   0.8007   -0.001
A-n63-k9 	BT-3   63   21    252    0   1634   2262   1719    356   1.7138    0.052
A-n63-k9 	BT-3   63   21    252    1   1634   2245   1721    571   2.6768    0.053
A-n63-k9 	BT-3   63   10    126    0   1634   1635   1633    222   1.2234   -0.001
A-n63-k9 	BT-3   63   10    126    1   1634   1632   1632    126   0.7776   -0.001
A-n63-k9 	BT-3   63    6    126    0   1634   1635   1635    126   0.7821    0.001
A-n63-k9 	BT-3   63    6    126    1   1634   1632   1632    126   0.7786   -0.001
A-n63-k9 	BT-3   63   21    252    0   1634   2262   1747    312   1.5392    0.069
A-n63-k9 	BT-3   63   21    252    1   1634   2245   1653    435   2.0819    0.012
A-n63-k9 	BT-3   63   10    126    0   1634   1635   1635    126   0.7684    0.001
A-n63-k9 	BT-3   63   10    126    1   1634   1632   1632    126   0.7689   -0.001
A-n63-k9 	BT-3   63    6    126    0   1634   1635   1635    126   0.7882    0.001
A-n63-k9 	BT-3   63    6    126    1   1634   1632   1632    126   0.7714   -0.001
A-n63-k9 	BT-3   63   21    252    0   1634   2262   1668    825   3.8898    0.021
A-n63-k9 	BT-3   63   21    252    1   1634   2245   1718    364   1.7894    0.051
A-n63-k9 	BT-3   63   10    126    0   1634   1635   1633    229   1.2471   -0.001
A-n63-k9 	BT-3   63   10    126    1   1634   1632   1632    126   0.8070   -0.001
A-n63-k9 	BT-3   63    6    126    0   1634   1635   1632    218   1.1945   -0.001
A-n63-k9 	BT-3   63    6    126    1   1634   1632   1632    126   0.7746   -0.001
A-n63-k9 	BT-3   63   21    252    0   1634   2262   1668    522   2.4290    0.021
A-n63-k9 	BT-3   63   21    252    1   1634   2245   1690    486   2.3178    0.034
A-n63-k9 	BT-3   63   10    126    0   1634   1635   1635    126   0.7850    0.001
A-n63-k9 	BT-3   63   10    126    1   1634   1632   1632    126   0.8045   -0.001
A-n63-k9 	BT-3   63    6    126    0   1634   1635   1634    150   0.8901    0.000
A-n63-k9 	BT-3   63    6    126    1   1634   1632   1632    126   0.7858   -0.001
A-n63-k9 	BT-3   63   21    252    0   1634   2262   1701    506   2.4106    0.041
A-n63-k9 	BT-3   63   21    252    1   1634   2245   1677    839   4.0018    0.026
A-n63-k9 	BT-3   63   10    126    0   1634   1635   1635    126   0.7933    0.001
A-n63-k9 	BT-3   63   10    126    1   1634   1632   1632    126   0.8486   -0.001
A-n63-k9 	BT-3   63    6    126    0   1634   1635   1635    126   0.8192    0.001
A-n63-k9 	BT-3   63    6    126    1   1634   1632   1632    126   0.8359   -0.001
A-n63-k9 	BT-3   63   21    252    0   1634   2262   1681    736   3.6283    0.029
A-n63-k9 	BT-3   63   21    252    1   1634   2245   1697    426   2.2839    0.039
A-n63-k9 	BT-3   63   10    126    0   1634   1635   1635    126   0.8598    0.001
A-n63-k9 	BT-3   63   10    126    1   1634   1632   1632    126   0.7947   -0.001
A-n63-k9 	BT-3   63    6    126    0   1634   1635   1632    223   1.2483   -0.001
A-n63-k9 	BT-3   63    6    126    1   1634   1632   1632    126   0.7886   -0.001
A-n63-k9 	BT-3   63   21    252    0   1634   2262   1745    313   1.5419    0.068
A-n63-k9 	BT-3   63   21    252    1   1634   2245   1745    349   1.7604    0.068
A-n63-k9 	BT-3   63   10    126    0   1634   1635   1632    165   1.0155   -0.001
A-n63-k9 	BT-3   63   10    126    1   1634   1632   1632    126   0.8634   -0.001
A-n63-k9 	BT-3   63    6    126    0   1634   1635   1633    234   1.3125   -0.001
A-n63-k9 	BT-3   63    6    126    1   1634   1632   1632    126   0.8280   -0.001
A-n63-k9 	BT-3   63   21    252    0   1634   2262   1747    313   1.5413    0.069
A-n63-k9 	BT-3   63   21    252    1   1634   2245   1670   1238   5.8618    0.022
A-n63-k9 	BT-3   63   10    126    0   1634   1635   1632    179   1.0181   -0.001
A-n63-k9 	BT-3   63   10    126    1   1634   1632   1630    174   0.9879   -0.002
A-n63-k9 	BT-3   63    6    126    0   1634   1633   1633    126   0.7722   -0.001
A-n63-k9 	BT-3   63    6    126    1   1634   1630   1630    126   0.7738   -0.002
A-n63-k9 	BT-3   63   21    252    0   1634   2262   1640    468   2.1579    0.004
A-n63-k9 	BT-3   63   21    252    1   1634   2245   1721    389   1.8559    0.053
A-n63-k9 	BT-3   63   10    126    0   1634   1633   1633    126   0.7783   -0.001
A-n63-k9 	BT-3   63   10    126    1   1634   1630   1630    126   0.7787   -0.002
A-n63-k9 	BT-3   63    6    126    0   1634   1633   1633    126   0.8369   -0.001
A-n63-k9 	BT-3   63    6    126    1   1634   1630   1630    126   0.7831   -0.002
A-n63-k9 	BT-3   63   21    252    0   1634   2262   1744    404   1.9149    0.067
A-n63-k9 	BT-3   63   21    252    1   1634   2245   1690    491   2.3441    0.034
A-n63-k9 	BT-3   63   10    126    0   1634   1633   1633    126   0.7654   -0.001
A-n63-k9 	BT-3   63   10    126    1   1634   1630   1630    126   0.7799   -0.002
A-n63-k9 	BT-3   63    6    126    0   1634   1633   1633    126   0.8685   -0.001
A-n63-k9 	BT-3   63    6    126    1   1634   1630   1630    126   0.8756   -0.002
A-n63-k9 	BT-3   63   21    252    0   1634   2262   1677    506   2.4786    0.026
A-n63-k9 	BT-3   63   21    252    1   1634   2245   1746    438   2.2623    0.069
A-n63-k9 	BT-3   63   10    126    0   1634   1633   1633    126   0.7843   -0.001
A-n63-k9 	BT-3   63   10    126    1   1634   1630   1630    126   0.7855   -0.002
A-n63-k9 	BT-3   63    6    126    0   1634   1633   1633    126   0.8318   -0.001
A-n63-k9 	BT-3   63    6    126    1   1634   1630   1630    126   0.8079   -0.002
A-n63-k9 	BT-3   63   21    252    0   1634   2262   1734    327   1.6450    0.061
A-n63-k9 	BT-3   63   21    252    1   1634   2245   1664    608   2.8498    0.018
A-n63-k9 	BT-3   63   10    126    0   1634   1633   1633    126   0.7739   -0.001
A-n63-k9 	BT-3   63   10    126    1   1634   1630   1630    126   0.7775   -0.002
A-n63-k9 	BT-3   63    6    126    0   1634   1633   1633    126   0.7822   -0.001
A-n63-k9 	BT-3   63    6    126    1   1634   1630   1630    126   0.7744   -0.002
A-n63-k9 	BT-3   63   21    252    0   1634   2262   1664    503   2.3407    0.018
A-n63-k9 	BT-3   63   21    252    1   1634   2245   1717    456   2.2288    0.051
A-n63-k9 	BT-3   63   10    126    0   1634   1633   1633    126   0.7748   -0.001
A-n63-k9 	BT-3   63   10    126    1   1634   1630   1630    126   0.7744   -0.002
A-n63-k9 	BT-3   63    6    126    0   1634   1633   1633    126   0.8078   -0.001
A-n63-k9 	BT-3   63    6    126    1   1634   1630   1630    126   0.7899   -0.002
A-n63-k9 	BT-3   63   21    252    0   1634   2262   1686    479   2.2505    0.032
A-n63-k9 	BT-3   63   21    252    1   1634   2245   1788    325   1.5752    0.094
A-n63-k9 	BT-3   63   10    126    0   1634   1633   1633    126   0.7919   -0.001
A-n63-k9 	BT-3   63   10    126    1   1634   1630   1630    126   0.7825   -0.002
A-n63-k9 	BT-3   63    6    126    0   1634   1633   1633    126   0.7794   -0.001
A-n63-k9 	BT-3   63    6    126    1   1634   1630   1630    126   0.7783   -0.002
A-n63-k9 	BT-3   63   21    252    0   1634   2262   1713    348   1.6376    0.048
A-n63-k9 	BT-3   63   21    252    1   1634   2245   1751    454   2.2333    0.072
A-n63-k9 	BT-3   63   10    126    0   1634   1633   1633    126   0.7883   -0.001
A-n63-k9 	BT-3   63   10    126    1   1634   1630   1630    126   0.7746   -0.002
A-n63-k9 	BT-3   63    6    126    0   1634   1633   1633    126   0.8051   -0.001
A-n63-k9 	BT-3   63    6    126    1   1634   1630   1630    126   0.7797   -0.002
A-n63-k9 	BT-3   63   21    252    0   1634   2262   1666    545   2.6205    0.020
A-n63-k9 	BT-3   63   21    252    1   1634   2245   1676    437   2.1537    0.026
A-n63-k9 	BT-3   63   10    126    0   1634   1633   1633    126   0.7800   -0.001
A-n63-k9 	BT-3   63   10    126    1   1634   1630   1630    126   0.7741   -0.002
A-n63-k9 	BT-3   63    6    126    0   1634   1633   1633    126   0.8171   -0.001
A-n63-k9 	BT-3   63    6    126    1   1634   1630   1630    126   0.8101   -0.002
A-n63-k9 	BT-3   63   21    252    0   1634   2262   1679    448   2.0977    0.028
A-n63-k9 	BT-3   63   21    252    1   1634   2245   1731    693   3.3000    0.059
A-n63-k9 	BT-3   63   10    126    0   1634   1633   1633    126   0.7925   -0.001
A-n63-k9 	BT-3   63   10    126    1   1634   1630   1630    126   0.7927   -0.002
A-n63-k9 	BT-3   63    6    126    0   1634   1633   1633    126   0.8165   -0.001
A-n63-k9 	BT-3   63    6    126    1   1634   1630   1630    126   0.8201   -0.002
A-n63-k9 	BT-3   63   21    252    0   1634   2262   1649    816   3.9820    0.009
A-n63-k9 	BT-3   63   21    252    1   1634   2245   1676    851   4.0714    0.026
A-n63-k9 	BT-3   63   10    126    0   1634   1633   1633    126   0.7777   -0.001
A-n63-k9 	BT-3   63   10    126    1   1634   1630   1630    126   0.8134   -0.002
A-n63-k9 	BT-3   63    6    126    0   1634   1633   1633    126   0.8361   -0.001
A-n63-k9 	BT-3   63    6    126    1   1634   1630   1630    126   0.8201   -0.002
A-n63-k9 	BT-3   63   21    252    0   1634   2262   1675    565   2.7223    0.025
A-n63-k9 	BT-3   63   21    252    1   1634   2245   1678    734   3.7133    0.027
A-n63-k9 	BT-3   63   10    126    0   1634   1633   1633    126   0.7738   -0.001
A-n63-k9 	BT-3   63   10    126    1   1634   1630   1630    126   0.7756   -0.002
A-n63-k9 	BT-3   63    6    126    0   1634   1633   1633    126   0.8478   -0.001
A-n63-k9 	BT-3   63    6    126    1   1634   1630   1630    126   0.8737   -0.002
A-n63-k9 	BT-3   63   21    252    0   1634   2262   1648    501   2.6555    0.009
A-n63-k9 	BT-3   63   21    252    1   1634   2245   1636    629   3.2584    0.001
A-n63-k9 	BT-3   63   10    126    0   1634   1633   1633    126   0.8391   -0.001
A-n63-k9 	BT-3   63   10    126    1   1634   1630   1630    126   0.8191   -0.002
A-n63-k9 	BT-3   63    6    126    0   1634   1633   1633    126   0.8287   -0.001
A-n63-k9 	BT-3   63    6    126    1   1634   1630   1630    126   0.7836   -0.002
A-n63-k9 	BT-3   63   21    252    0   1634   2262   1690    514   2.5328    0.034
A-n63-k9 	BT-3   63   21    252    1   1634   2245   1662    603   2.9762    0.017
A-n63-k9 	BT-3   63   10    126    0   1634   1633   1633    126   0.8672   -0.001
A-n63-k9 	BT-3   63   10    126    1   1634   1630   1630    126   0.8217   -0.002
A-n63-k9 	BT-3   63    6    126    0   1634   1633   1633    126   0.8773   -0.001
A-n63-k9 	BT-3   63    6    126    1   1634   1630   1630    126   0.8303   -0.002
A-n63-k9 	BT-3   63   21    252    0   1634   2262   1699    439   2.2161    0.040
A-n63-k9 	BT-3   63   21    252    1   1634   2245   1682    491   2.5585    0.029
A-n63-k9 	BT-3   63   10    126    0   1634   1633   1633    126   0.8124   -0.001
A-n63-k9 	BT-3   63   10    126    1   1634   1630   1630    126   0.8173   -0.002
A-n63-k9 	BT-3   63    6    126    0   1634   1633   1633    126   0.9016   -0.001
A-n63-k9 	BT-3   63    6    126    1   1634   1630   1630    126   0.7828   -0.002
A-n63-k9 	BT-3   63   21    252    0   1634   2262   1690    685   3.3376    0.034
A-n63-k9 	BT-3   63   21    252    1   1634   2245   1642    854   3.9323    0.005
A-n63-k9 	BT-3   63   10    126    0   1634   1633   1633    126   0.7917   -0.001
A-n63-k9 	BT-3   63   10    126    1   1634   1630   1630    126   0.7682   -0.002
A-n63-k9 	BT-3   63    6    126    0   1634   1633   1633    126   0.7891   -0.001
A-n63-k9 	BT-3   63    6    126    1   1634   1630   1630    126   0.7814   -0.002
A-n63-k9 	BT-3   63   21    252    0   1634   2262   1688    692   3.3271    0.033
A-n63-k9 	BT-3   63   21    252    1   1634   2245   1746    536   2.6323    0.069
A-n63-k9 	BT-3   63   10    126    0   1634   1633   1633    126   0.7823   -0.001
A-n63-k9 	BT-3   63   10    126    1   1634   1630   1630    126   0.7792   -0.002
A-n63-k9 	BT-3   63    6    126    0   1634   1633   1633    126   0.7870   -0.001
A-n63-k9 	BT-3   63    6    126    1   1634   1630   1630    126   0.8342   -0.002
A-n63-k9 	BT-3   63   21    252    0   1634   2262   1654    944   4.3521    0.012
A-n63-k9 	BT-3   63   21    252    1   1634   2245   1750    507   2.4002    0.071
A-n63-k9 	BT-3   63   10    126    0   1634   1633   1633    126   0.7759   -0.001
A-n63-k9 	BT-3   63   10    126    1   1634   1630   1630    126   0.7750   -0.002
A-n63-k9 	BT-3   63    6    126    0   1634   1633   1633    126   0.7941   -0.001
A-n63-k9 	BT-3   63    6    126    1   1634   1630   1630    126   0.7989   -0.002
A-n63-k9 	BT-3   63   21    252    0   1634   2262   1657    566   2.7166    0.014
A-n63-k9 	BT-3   63   21    252    1   1634   2245   1710    406   1.9423    0.047
A-n63-k9 	BT-3   63   10    126    0   1634   1633   1633    126   0.7728   -0.001
A-n63-k9 	BT-3   63   10    126    1   1634   1630   1630    126   0.7752   -0.002
A-n63-k9 	BT-3   63    6    126    0   1634   1633   1633    126   0.7716   -0.001
A-n63-k9 	BT-3   63    6    126    1   1634   1630   1630    126   0.7839   -0.002
A-n63-k9 	BT-3   63   21    252    0   1634   2262   1654    715   3.3629    0.012
A-n63-k9 	BT-3   63   21    252    1   1634   2245   1698    637   3.0119    0.039
A-n63-k9 	BT-3   63   10    126    0   1634   1633   1633    126   0.7803   -0.001
A-n63-k9 	BT-3   63   10    126    1   1634   1630   1630    126   0.7905   -0.002
A-n63-k9 	BT-3   63    6    126    0   1634   1633   1633    126   0.8058   -0.001
A-n63-k9 	BT-3   63    6    126    1   1634   1630   1630    126   0.7852   -0.002
A-n63-k9 	BT-3   63   21    252    0   1634   2262   1659    971   4.6559    0.015
A-n63-k9 	BT-3   63   21    252    1   1634   2245   1775    405   1.9485    0.086
A-n63-k9 	BT-3   63   10    126    0   1634   1633   1633    126   0.7800   -0.001
A-n63-k9 	BT-3   63   10    126    1   1634   1630   1630    126   0.7696   -0.002
A-n63-k9 	BT-3   63    6    126    0   1634   1633   1633    126   0.7857   -0.001
A-n63-k9 	BT-3   63    6    126    1   1634   1630   1630    126   0.7999   -0.002
A-n63-k9 	BT-3   63   21    252    0   1634   2262   1748    312   1.4979    0.070
A-n63-k9 	BT-3   63   21    252    1   1634   2245   1709    467   2.2716    0.046
A-n63-k9 	BT-3   63   10    126    0   1634   1633   1633    126   0.7718   -0.001
A-n63-k9 	BT-3   63   10    126    1   1634   1630   1630    126   0.7737   -0.002
A-n63-k9 	BT-3   63    6    126    0   1634   1633   1633    126   0.7908   -0.001
A-n63-k9 	BT-3   63    6    126    1   1634   1630   1630    126   0.7774   -0.002
A-n63-k9 	BT-3   63   21    252    0   1634   2262   1654    875   4.1012    0.012
A-n63-k9 	BT-3   63   21    252    1   1634   2245   1720    455   2.3071    0.053
A-n63-k9 	BT-3   63   10    126    0   1634   1633   1633    126   0.7982   -0.001
A-n63-k9 	BT-3   63   10    126    1   1634   1630   1630    126   0.7966   -0.002
A-n63-k9 	BT-3   63    6    126    0   1634   1633   1633    126   0.8398   -0.001
A-n63-k9 	BT-3   63    6    126    1   1634   1630   1630    126   0.7861   -0.002
A-n63-k9 	BT-3   63   21    252    0   1634   2262   1738    348   1.8411    0.064
A-n63-k9 	BT-3   63   21    252    1   1634   2245   1700    401   2.0123    0.040
A-n63-k9 	BT-3   63   10    126    0   1634   1633   1633    126   0.7835   -0.001
A-n63-k9 	BT-3   63   10    126    1   1634   1630   1630    126   0.7973   -0.002
A-n63-k9 	BT-3   63    6    126    0   1634   1633   1633    126   0.8026   -0.001
A-n63-k9 	BT-3   63    6    126    1   1634   1630   1630    126   0.8185   -0.002
A-n63-k9 	BT-3   63   21    252    0   1634   2262   1677    817   4.1913    0.026
A-n63-k9 	BT-3   63   21    252    1   1634   2245   1653    998   5.0491    0.012
A-n63-k9 	BT-3   63   10    126    0   1634   1633   1633    126   0.8111   -0.001
A-n63-k9 	BT-3   63   10    126    1   1634   1630   1630    126   0.8158   -0.002
A-n63-k9 	BT-3   63    6    126    0   1634   1633   1633    126   0.8069   -0.001
A-n63-k9 	BT-3   63    6    126    1   1634   1630   1630    126   0.7983   -0.002
A-n63-k9 	BT-3   63   21    252    0   1634   2262   1705    386   1.8596    0.043
A-n63-k9 	BT-3   63   21    252    1   1634   2245   1692    681   3.5494    0.035
A-n63-k9 	BT-3   63   10    126    0   1634   1633   1633    126   0.8142   -0.001
A-n63-k9 	BT-3   63   10    126    1   1634   1630   1630    126   0.8065   -0.002
A-n63-k9 	BT-3   63    6    126    0   1634   1633   1633    126   0.8244   -0.001
A-n63-k9 	BT-3   63    6    126    1   1634   1630   1630    126   0.8108   -0.002
A-n63-k9 	BT-3   63   21    252    0   1634   2262   1659    614   3.0651    0.015
A-n63-k9 	BT-3   63   21    252    1   1634   2245   1671    489   2.4059    0.023
A-n63-k9 	BT-3   63   10    126    0   1634   1633   1633    126   0.8028   -0.001
A-n63-k9 	BT-3   63   10    126    1   1634   1630   1630    126   0.7785   -0.002
A-n63-k9 	BT-3   63    6    126    0   1634   1633   1633    126   0.7955   -0.001
A-n63-k9 	BT-3   63    6    126    1   1634   1630   1630    126   0.8190   -0.002
A-n63-k9 	BT-3   63   21    252    0   1634   2262   1716    344   1.6988    0.050
A-n63-k9 	BT-3   63   21    252    1   1634   2245   1645    672   3.3661    0.007
A-n63-k9 	BT-3   63   10    126    0   1634   1633   1633    126   0.9302   -0.001
A-n63-k9 	BT-3   63   10    126    1   1634   1630   1630    126   0.8831   -0.002
A-n63-k9 	BT-3   63    6    126    0   1634   1633   1633    126   0.8969   -0.001
A-n63-k9 	BT-3   63    6    126    1   1634   1630   1630    126   0.8951   -0.002
A-n63-k9 	BT-3   63   21    252    0   1634   2262   1722    365   1.8721    0.054
A-n63-k9 	BT-3   63   21    252    1   1634   2245   1669    439   2.2487    0.021
A-n63-k9 	BT-3   63   10    126    0   1634   1633   1633    126   0.8384   -0.001
A-n63-k9 	BT-3   63   10    126    1   1634   1630   1630    126   0.8577   -0.002
A-n63-k9 	BT-3   63    6    126    0   1634   1633   1633    126   0.8636   -0.001
A-n63-k9 	BT-3   63    6    126    1   1634   1630   1630    126   0.8309   -0.002
A-n63-k9 	BT-3   63   21    252    0   1634   2262   1709    583   2.9866    0.046
A-n63-k9 	BT-3   63   21    252    1   1634   2245   1691    633   3.2116    0.035
A-n63-k9 	BT-3   63   10    126    0   1634   1633   1633    126   0.7857   -0.001
A-n63-k9 	BT-3   63   10    126    1   1634   1630   1630    126   0.8171   -0.002
A-n63-k9 	BT-3   63    6    126    0   1634   1633   1633    126   0.7972   -0.001
A-n63-k9 	BT-3   63    6    126    1   1634   1630   1630    126   0.7824   -0.002
A-n63-k9 	BT-3   63   21    252    0   1634   2262   1719    493   2.4140    0.052
A-n63-k9 	BT-3   63   21    252    1   1634   2245   1717    466   2.3406    0.051
A-n63-k9 	BT-3   63   10    126    0   1634   1633   1633    126   0.7886   -0.001
A-n63-k9 	BT-3   63   10    126    1   1634   1630   1630    126   0.7940   -0.002
A-n63-k9 	BT-3   63    6    126    0   1634   1633   1633    126   0.7855   -0.001
A-n63-k9 	BT-3   63    6    126    1   1634   1630   1630    126   0.7873   -0.002
A-n63-k9 	BT-3   63   21    252    0   1634   2262   1691    437   2.0820    0.035
A-n63-k9 	BT-3   63   21    252    1   1634   2245   1658    711   3.5191    0.015
A-n63-k9 	BT-3   63   10    126    0   1634   1633   1633    126   0.7931   -0.001
A-n63-k9 	BT-3   63   10    126    1   1634   1630   1630    126   0.7676   -0.002
A-n63-k9 	BT-3   63    6    126    0   1634   1633   1633    126   0.7890   -0.001
A-n63-k9 	BT-3   63    6    126    1   1634   1630   1630    126   0.7659   -0.002
A-n63-k9 	BT-3   63   21    252    0   1634   2262   1683    444   2.0472    0.030
A-n63-k9 	BT-3   63   21    252    1   1634   2245   1715    781   3.6826    0.050
A-n63-k9 	BT-3   63   10    126    0   1634   1633   1633    126   0.7795   -0.001
A-n63-k9 	BT-3   63   10    126    1   1634   1630   1630    126   0.7659   -0.002
A-n63-k9 	BT-3   63    6    126    0   1634   1633   1633    126   0.7939   -0.001
A-n63-k9 	BT-3   63    6    126    1   1634   1630   1630    126   0.7735   -0.002
A-n63-k9 	BT-3   63   21    252    0   1634   2262   1679    591   2.7573    0.028
A-n63-k9 	BT-3   63   21    252    1   1634   2245   1718    437   2.0970    0.051
A-n63-k9 	BT-3   63   10    126    0   1634   1633   1633    126   0.7705   -0.001
A-n63-k9 	BT-3   63   10    126    1   1634   1630   1630    126   0.7670   -0.002
A-n63-k9 	BT-3   63    6    126    0   1634   1633   1633    126   0.7773   -0.001
A-n63-k9 	BT-3   63    6    126    1   1634   1630   1630    126   0.7747   -0.002
A-n63-k9 	BT-3   63   21    252    0   1634   2262   1674    494   2.3107    0.024
A-n63-k9 	BT-3   63   21    252    1   1634   2245   1651    609   2.8598    0.010
A-n63-k9 	BT-3   63   10    126    0   1634   1633   1633    126   0.7625   -0.001
A-n63-k9 	BT-3   63   10    126    1   1634   1630   1630    126   0.7660   -0.002
A-n63-k9 	BT-3   63    6    126    0   1634   1633   1633    126   0.7808   -0.001
A-n63-k9 	BT-3   63    6    126    1   1634   1630   1630    126   0.7786   -0.002
A-n63-k9 	BT-3   63   21    252    0   1634   2262   1642   1088   5.1705    0.005
A-n63-k9 	BT-3   63   21    252    1   1634   2245   1649    497   2.4453    0.009
A-n63-k9 	BT-3   63   10    126    0   1634   1633   1633    126   0.8075   -0.001
A-n63-k9 	BT-3   63   10    126    1   1634   1630   1630    126   0.8221   -0.002
A-n63-k9 	BT-3   63    6    126    0   1634   1633   1633    126   0.8047   -0.001
A-n63-k9 	BT-3   63    6    126    1   1634   1630   1630    126   0.7957   -0.002
A-n63-k9 	BT-3   63   21    252    0   1634   2262   1681    436   2.2319    0.029
A-n63-k9 	BT-3   63   21    252    1   1634   2245   1691    504   2.5903    0.035
A-n63-k9 	BT-3   63   10    126    0   1634   1633   1633    126   0.8969   -0.001
A-n63-k9 	BT-3   63   10    126    1   1634   1630   1630    126   0.9243   -0.002
A-n63-k9 	BT-3   63    6    126    0   1634   1633   1633    126   0.9646   -0.001
A-n63-k9 	BT-3   63    6    126    1   1634   1630   1630    126   0.7905   -0.002
A-n63-k9 	BT-3   63   21    252    0   1634   2262   1668    782   3.8306    0.021
A-n63-k9 	BT-3   63   21    252    1   1634   2245   1691    639   3.1856    0.035
A-n63-k9 	BT-3   63   10    126    0   1634   1633   1633    126   0.7918   -0.001
A-n63-k9 	BT-3   63   10    126    1   1634   1630   1630    126   0.7813   -0.002
A-n63-k9 	BT-3   63    6    126    0   1634   1633   1633    126   0.7928   -0.001
A-n63-k9 	BT-3   63    6    126    1   1634   1630   1630    126   0.7823   -0.002
A-n63-k9 	BT-3   63   21    252    0   1634   2262   1688    408   1.9184    0.033
A-n63-k9 	BT-3   63   21    252    1   1634   2245   1696    940   4.4320    0.038
A-n63-k9 	BT-3   63   10    126    0   1634   1633   1633    126   0.7869   -0.001
A-n63-k9 	BT-3   63   10    126    1   1634   1630   1630    126   0.7772   -0.002
A-n63-k9 	BT-3   63    6    126    0   1634   1633   1633    126   0.7875   -0.001
A-n63-k9 	BT-3   63    6    126    1   1634   1630   1630    126   0.7805   -0.002
A-n63-k9 	BT-3   63   21    252    0   1634   2262   1747    313   1.4886    0.069
A-n63-k9 	BT-3   63   21    252    1   1634   2245   1703    460   2.1924    0.042
A-n63-k9 	BT-3   63   10    126    0   1634   1633   1633    126   0.7682   -0.001
A-n63-k9 	BT-3   63   10    126    1   1634   1630   1630    126   0.7667   -0.002
A-n63-k9 	BT-3   63    6    126    0   1634   1633   1633    126   0.7986   -0.001
A-n63-k9 	BT-3   63    6    126    1   1634   1630   1630    126   0.7964   -0.002
A-n63-k9 	BT-3   63   21    252    0   1634   2262   1714    349   1.6652    0.049
A-n63-k9 	BT-3   63   21    252    1   1634   2245   1717    449   2.1683    0.051
A-n63-k9 	BT-3   63   10    126    0   1634   1633   1633    126   0.7702   -0.001
A-n63-k9 	BT-3   63   10    126    1   1634   1630   1630    126   0.7635   -0.002
A-n63-k9 	BT-3   63    6    126    0   1634   1633   1633    126   0.7824   -0.001
A-n63-k9 	BT-3   63    6    126    1   1634   1630   1630    126   0.7743   -0.002
A-n63-k9 	BT-3   63   21    252    0   1634   2262   1695    659   3.0950    0.037
A-n63-k9 	BT-3   63   21    252    1   1634   2245   1680    880   4.3191    0.028
A-n63-k9 	BT-3   63   10    126    0   1634   1633   1633    126   0.7990   -0.001
A-n63-k9 	BT-3   63   10    126    1   1634   1630   1630    126   0.8002   -0.002
A-n63-k9 	BT-3   63    6    126    0   1634   1633   1633    126   0.8070   -0.001
A-n63-k9 	BT-3   63    6    126    1   1634   1630   1630    126   0.8069   -0.002
A-n63-k9 	BT-3   63   21    252    0   1634   2262   1717    345   1.8348    0.051
A-n63-k9 	BT-3   63   21    252    1   1634   2245   1718    353   1.7937    0.051
A-n63-k9 	BT-3   63   10    126    0   1634   1633   1633    126   0.8377   -0.001
A-n63-k9 	BT-3   63   10    126    1   1634   1630   1630    126   0.8660   -0.002
A-n63-k9 	BT-3   63    6    126    0   1634   1633   1633    126   0.8164   -0.001
A-n63-k9 	BT-3   63    6    126    1   1634   1630   1630    126   0.8560   -0.002
A-n63-k9 	BT-3   63   21    252    0   1634   2262   1689    862   4.2508    0.034
A-n63-k9 	BT-3   63   21    252    1   1634   2245   1773    555   2.8179    0.085
A-n63-k9 	BT-3   63   10    126    0   1634   1633   1633    126   0.8218   -0.001
A-n63-k9 	BT-3   63   10    126    1   1634   1630   1630    126   0.7946   -0.002
A-n63-k9 	BT-3   63    6    126    0   1634   1633   1633    126   0.8524   -0.001
A-n63-k9 	BT-3   63    6    126    1   1634   1630   1630    126   0.8210   -0.002
A-n63-k9 	BT-3   63   21    252    0   1634   2262   1737    373   1.8186    0.063
A-n63-k9 	BT-3   63   21    252    1   1634   2245   1676    930   4.5485    0.026
A-n63-k9 	BT-3   63   10    126    0   1634   1633   1633    126   0.8161   -0.001
A-n63-k9 	BT-3   63   10    126    1   1634   1630   1630    126   0.8782   -0.002
A-n63-k9 	BT-3   63    6    126    0   1634   1633   1633    126   0.8376   -0.001
A-n63-k9 	BT-3   63    6    126    1   1634   1630   1630    126   0.8175   -0.002
A-n63-k9 	BT-3   63   21    252    0   1634   2262   1658    592   2.8948    0.015
A-n63-k9 	BT-3   63   21    252    1   1634   2245   1681    703   3.7525    0.029
A-n63-k9 	BT-3   63   10    126    0   1634   1633   1633    126   0.7901   -0.001
A-n63-k9 	BT-3   63   10    126    1   1634   1630   1630    126   0.7862   -0.002
A-n63-k9 	BT-3   63    6    126    0   1634   1633   1633    126   0.7938   -0.001
A-n63-k9 	BT-3   63    6    126    1   1634   1630   1630    126   0.8175   -0.002
A-n63-k9 	BT-3   63   21    252    0   1634   2262   1736    433   2.1854    0.062
A-n63-k9 	BT-3   63   21    252    1   1634   2245   1703    354   1.7939    0.042
A-n63-k9 	BT-3   63   10    126    0   1634   1633   1633    126   0.7975   -0.001
A-n63-k9 	BT-3   63   10    126    1   1634   1630   1630    126   0.8322   -0.002
A-n63-k9 	BT-3   63    6    126    0   1634   1633   1633    126   0.8330   -0.001
A-n63-k9 	BT-3   63    6    126    1   1634   1630   1630    126   0.8006   -0.002
A-n63-k9 	BT-3   63   21    252    0   1634   2262   1681    855   4.1054    0.029
A-n63-k9 	BT-3   63   21    252    1   1634   2245   1663    502   2.4016    0.018
A-n63-k9 	BT-3   63   10    126    0   1634   1633   1633    126   0.7984   -0.001
A-n63-k9 	BT-3   63   10    126    1   1634   1630   1630    126   0.7914   -0.002
A-n63-k9 	BT-3   63    6    126    0   1634   1633   1633    126   0.8012   -0.001
A-n63-k9 	BT-3   63    6    126    1   1634   1630   1630    126   0.7957   -0.002
A-n63-k9 	BT-3   63   21    252    0   1634   2262   1679    506   2.5784    0.028
A-n63-k9 	BT-3   63   21    252    1   1634   2245   1753    360   2.0019    0.073
A-n63-k9 	BT-3   63   10    126    0   1634   1633   1633    126   0.8823   -0.001
A-n63-k9 	BT-3   63   10    126    1   1634   1630   1630    126   0.8948   -0.002
A-n63-k9 	BT-3   63    6    126    0   1634   1633   1633    126   0.8366   -0.001
A-n63-k9 	BT-3   63    6    126    1   1634   1630   1630    126   0.8268   -0.002
A-n63-k9 	BT-3   63   21    252    0   1634   2262   1719    339   1.7120    0.052
A-n63-k9 	BT-3   63   21    252    1   1634   2245   1654    846   4.2406    0.012
A-n63-k9 	BT-3   63   10    126    0   1634   1633   1633    126   0.7993   -0.001
A-n63-k9 	BT-3   63   10    126    1   1634   1630   1630    126   0.8426   -0.002
A-n63-k9 	BT-3   63    6    126    0   1634   1633   1633    126   0.9282   -0.001
A-n63-k9 	BT-3   63    6    126    1   1634   1630   1630    126   0.8353   -0.002
A-n63-k9 	BT-3   63   21    252    0   1634   2262   1694    445   2.2436    0.037
A-n63-k9 	BT-3   63   21    252    1   1634   2245   1750    476   2.3242    0.071
A-n63-k9 	BT-3   63   10    126    0   1634   1633   1633    126   0.7946   -0.001
A-n63-k9 	BT-3   63   10    126    1   1634   1630   1630    126   0.7806   -0.002
A-n63-k9 	BT-3   63    6    126    0   1634   1633   1633    126   0.7976   -0.001
A-n63-k9 	BT-3   63    6    126    1   1634   1630   1630    126   0.8039   -0.002
A-n63-k9 	BT-3   63   21    252    0   1634   2262   1720    462   2.3735    0.053
A-n63-k9 	BT-3   63   21    252    1   1634   2245   1668   1142   5.7669    0.021
A-n63-k9 	BT-3   63   10    126    0   1634   1633   1633    126   0.7932   -0.001
A-n63-k9 	BT-3   63   10    126    1   1634   1630   1630    126   0.7916   -0.002
A-n63-k9 	BT-3   63    6    126    0   1634   1633   1633    126   0.8145   -0.001
A-n63-k9 	BT-3   63    6    126    1   1634   1630   1630    126   0.8139   -0.002
A-n63-k9 	BT-3   63   21    252    0   1634   2262   1686    487   2.3942    0.032
A-n63-k9 	BT-3   63   21    252    1   1634   2245   1728    528   2.6601    0.058
A-n63-k9 	BT-3   63   10    126    0   1634   1633   1633    126   0.8916   -0.001
A-n63-k9 	BT-3   63   10    126    1   1634   1630   1630    126   0.8697   -0.002
A-n63-k9 	BT-3   63    6    126    0   1634   1633   1633    126   0.8756   -0.001
A-n63-k9 	BT-3   63    6    126    1   1634   1630   1630    126   0.9004   -0.002
A-n63-k9 	BT-3   63   21    252    0   1634   2262   1683    770   4.0528    0.030
A-n63-k9 	BT-3   63   21    252    1   1634   2245   1698    685   3.4879    0.039
A-n63-k9 	BT-3   63   10    126    0   1634   1633   1633    126   0.7984   -0.001
A-n63-k9 	BT-3   63   10    126    1   1634   1630   1630    126   0.8231   -0.002
A-n63-k9 	BT-3   63    6    126    0   1634   1633   1633    126   0.8140   -0.001
A-n63-k9 	BT-3   63    6    126    1   1634   1630   1630    126   0.8046   -0.002
A-n63-k9 	BT-3   63   21    252    0   1634   2262   1660    682   3.5437    0.016
A-n63-k9 	BT-3   63   21    252    1   1634   2245   1719    707   3.6958    0.052
A-n63-k9 	BT-3   63   10    126    0   1634   1633   1633    126   0.8327   -0.001
A-n63-k9 	BT-3   63   10    126    1   1634   1630   1630    126   0.7983   -0.002
A-n63-k9 	BT-3   63    6    126    0   1634   1633   1633    126   0.8348   -0.001
A-n63-k9 	BT-3   63    6    126    1   1634   1630   1630    126   0.8350   -0.002
A-n63-k9 	BT-3   63   21    252    0   1634   2262   1683    568   2.9011    0.030
A-n63-k9 	BT-3   63   21    252    1   1634   2245   1697   1023   5.0591    0.039
A-n63-k9 	BT-3   63   10    126    0   1634   1633   1633    126   0.7865   -0.001
A-n63-k9 	BT-3   63   10    126    1   1634   1630   1630    126   0.7855   -0.002
A-n63-k9 	BT-3   63    6    126    0   1634   1633   1633    126   0.7814   -0.001
A-n63-k9 	BT-3   63    6    126    1   1634   1630   1630    126   0.7915   -0.002
A-n63-k9 	BT-3   63   21    252    0   1634   2262   1747    313   1.5866    0.069
A-n63-k9 	BT-3   63   21    252    1   1634   2245   1725    627   3.0845    0.056
A-n63-k9 	BT-3   63   10    126    0   1634   1633   1633    126   0.8762   -0.001
A-n63-k9 	BT-3   63   10    126    1   1634   1630   1630    126   0.7748   -0.002
A-n63-k9 	BT-3   63    6    126    0   1634   1633   1633    126   0.8241   -0.001
A-n63-k9 	BT-3   63    6    126    1   1634   1630   1630    126   0.8401   -0.002
A-n63-k9 	BT-3   63   21    252    0   1634   2262   1675    768   3.7867    0.025
A-n63-k9 	BT-3   63   21    252    1   1634   2245   1645    696   3.5578    0.007
A-n63-k9 	BT-3   63   10    126    0   1634   1633   1633    126   0.8181   -0.001
A-n63-k9 	BT-3   63   10    126    1   1634   1630   1630    126   0.8069   -0.002
A-n63-k9 	BT-3   63    6    126    0   1634   1633   1633    126   0.7991   -0.001
A-n63-k9 	BT-3   63    6    126    1   1634   1630   1630    126   0.8240   -0.002
A-n63-k9 	BT-3   63   21    252    0   1634   2262   1651    608   2.9271    0.010
A-n63-k9 	BT-3   63   21    252    1   1634   2245   1702    511   2.6328    0.042
A-n63-k9 	BT-3   63   10    126    0   1634   1633   1633    126   0.8403   -0.001
A-n63-k9 	BT-3   63   10    126    1   1634   1630   1630    126   0.8109   -0.002
A-n63-k9 	BT-3   63    6    126    0   1634   1633   1633    126   0.8541   -0.001
A-n63-k9 	BT-3   63    6    126    1   1634   1630   1630    126   0.8794   -0.002
A-n63-k9 	BT-3   63   21    252    0   1634   2262   1664    436   2.2033    0.018
A-n63-k9 	BT-3   63   21    252    1   1634   2245   1707    672   3.3639    0.045
A-n63-k9 	BT-3   63   10    126    0   1634   1633   1633    126   0.8012   -0.001
A-n63-k9 	BT-3   63   10    126    1   1634   1630   1630    126   0.7936   -0.002
A-n63-k9 	BT-3   63    6    126    0   1634   1633   1633    126   0.8285   -0.001
A-n63-k9 	BT-3   63    6    126    1   1634   1630   1630    126   0.8118   -0.002
A-n63-k9 	BT-3   63   21    252    0   1634   2262   1692    667   3.2843    0.035
A-n63-k9 	BT-3   63   21    252    1   1634   2245   1686    444   2.3010    0.032
A-n63-k9 	BT-3   63   10    126    0   1634   1633   1633    126   0.8944   -0.001
A-n63-k9 	BT-3   63   10    126    1   1634   1630   1630    126   0.8238   -0.002
A-n63-k9 	BT-3   63    6    126    0   1634   1633   1633    126   0.8036   -0.001
A-n63-k9 	BT-3   63    6    126    1   1634   1630   1630    126   0.8621   -0.002
A-n63-k9 	BT-3   63   21    252    0   1634   2262   1717    343   1.7571    0.051
A-n63-k9 	BT-3   63   21    252    1   1634   2245   1708    446   2.4113    0.045
A-n63-k9 	BT-3   63   10    126    0   1634   1633   1633    126   0.8098   -0.001
A-n63-k9 	BT-3   63   10    126    1   1634   1630   1630    126   0.7985   -0.002
A-n63-k9 	BT-3   63    6    126    0   1634   1633   1633    126   0.8038   -0.001
A-n63-k9 	BT-3   63    6    126    1   1634   1630   1630    126   0.8139   -0.002
A-n63-k9 	BT-3   63   21    252    0   1634   2262   1681    741   3.6013    0.029
A-n63-k9 	BT-3   63   21    252    1   1634   2245   1705    459   2.2721    0.043
A-n63-k9 	BT-3   63   10    126    0   1634   1633   1633    126   0.7942   -0.001
A-n63-k9 	BT-3   63   10    126    1   1634   1630   1630    126   0.7844   -0.002
A-n63-k9 	BT-3   63    6    126    0   1634   1633   1633    126   0.8021   -0.001
A-n63-k9 	BT-3   63    6    126    1   1634   1630   1630    126   0.8065   -0.002
A-n63-k9 	BT-3   63   21    252    0   1634   2262   1736    431   2.3703    0.062
A-n63-k9 	BT-3   63   21    252    1   1634   2245   1694    450   2.4170    0.037
A-n63-k9 	BT-3   63   10    126    0   1634   1633   1633    126   0.8520   -0.001
A-n63-k9 	BT-3   63   10    126    1   1634   1630   1630    126   0.7901   -0.002
A-n63-k9 	BT-3   63    6    126    0   1634   1633   1633    126   0.8190   -0.001
A-n63-k9 	BT-3   63    6    126    1   1634   1630   1630    126   0.8065   -0.002
A-n63-k9 	BT-3   63   21    252    0   1634   2262   1713    501   2.5279    0.048
A-n63-k9 	BT-3   63   21    252    1   1634   2245   1687    477   2.3537    0.032
A-n63-k9 	BT-3   63   10    126    0   1634   1633   1633    126   0.8167   -0.001
A-n63-k9 	BT-3   63   10    126    1   1634   1630   1630    126   0.8060   -0.002
A-n63-k9 	BT-3   63    6    126    0   1634   1633   1633    126   0.7969   -0.001
A-n63-k9 	BT-3   63    6    126    1   1634   1630   1630    126   0.8387   -0.002
A-n63-k9 	BT-3   63   21    252    0   1634   2262   1665    602   2.9856    0.019
A-n63-k9 	BT-3   63   21    252    1   1634   2245   1675    679   3.3184    0.025
A-n63-k9 	BT-3   63   10    126    0   1634   1633   1633    126   0.8534   -0.001
A-n63-k9 	BT-3   63   10    126    1   1634   1630   1630    126   0.8007   -0.002
A-n63-k9 	BT-3   63    6    126    0   1634   1633   1633    126   0.8112   -0.001
A-n63-k9 	BT-3   63    6    126    1   1634   1630   1630    126   0.8315   -0.002
A-n63-k9 	BT-3   63   21    252    0   1634   2262   1737    428   2.1074    0.063
A-n63-k9 	BT-3   63   21    252    1   1634   2245   1683    540   2.6504    0.030
A-n63-k9 	BT-3   63   10    126    0   1634   1633   1633    126   0.7958   -0.001
A-n63-k9 	BT-3   63   10    126    1   1634   1630   1630    126   0.7857   -0.002
A-n63-k9 	BT-3   63    6    126    0   1634   1633   1633    126   0.8407   -0.001
A-n63-k9 	BT-3   63    6    126    1   1634   1630   1630    126   0.8243   -0.002
A-n63-k9 	BT-3   63   21    252    0   1634   2262   1674    756   4.0818    0.024
A-n63-k9 	BT-3   63   21    252    1   1634   2245   1683   1035   5.0566    0.030
A-n63-k9 	BT-3   63   10    126    0   1634   1633   1633    126   0.8124   -0.001
A-n63-k9 	BT-3   63   10    126    1   1634   1630   1630    126   0.8108   -0.002
A-n63-k9 	BT-3   63    6    126    0   1634   1633   1633    126   0.8121   -0.001
A-n63-k9 	BT-3   63    6    126    1   1634   1630   1630    126   0.8134   -0.002
A-n63-k9 	BT-3   63   21    252    0   1634   2262   1659    855   4.3383    0.015
A-n63-k9 	BT-3   63   21    252    1   1634   2245   1788    325   1.7721    0.094
A-n63-k9 	BT-3   63   10    126    0   1634   1633   1633    126   0.8216   -0.001
A-n63-k9 	BT-3   63   10    126    1   1634   1630   1630    126   0.8016   -0.002
A-n63-k9 	BT-3   63    6    126    0   1634   1633   1633    126   0.8268   -0.001
A-n63-k9 	BT-3   63    6    126    1   1634   1630   1630    126   0.8237   -0.002
A-n63-k9 	BT-3   63   21    252    0   1634   2262   1678    661   3.2561    0.027
A-n63-k9 	BT-3   63   21    252    1   1634   2245   1664    801   3.9130    0.018
A-n63-k9 	BT-3   63   10    126    0   1634   1633   1633    126   0.7986   -0.001
A-n63-k9 	BT-3   63   10    126    1   1634   1630   1630    126   0.8021   -0.002
A-n63-k9 	BT-3   63    6    126    0   1634   1633   1633    126   0.8116   -0.001
A-n63-k9 	BT-3   63    6    126    1   1634   1630   1630    126   0.8104   -0.002
A-n63-k9 	BT-3   63   21    252    0   1634   2262   1723    358   1.8121    0.054
A-n63-k9 	BT-3   63   21    252    1   1634   2245   1735    394   1.9877    0.062
A-n63-k9 	BT-3   63   10    126    0   1634   1633   1633    126   0.8073   -0.001
A-n63-k9 	BT-3   63   10    126    1   1634   1630   1630    126   0.8098   -0.002
A-n63-k9 	BT-3   63    6    126    0   1634   1633   1633    126   0.8153   -0.001
A-n63-k9 	BT-3   63    6    126    1   1634   1630   1630    126   0.8100   -0.002
