P-n40-k5 	BT-1   40   13    160    0    458    716    464    203   0.4081    0.013
P-n40-k5 	BT-1   40   13    160    1    458    626    459    219   0.4340    0.002
P-n40-k5 	BT-1   40    6     80    0    458    492    459     81   1.0001    0.002
P-n40-k5 	BT-1   40    6     80    1    458    459    459     80   1.0022    0.002
P-n40-k5 	BT-1   40   16     80    0    458    492    459     81   3.0065    0.002
P-n40-k5 	BT-1   40   16     80    1    458    459    459     80   2.9990    0.002
P-n40-k5 	BT-2   40   13    160    0    458    716    473    305   0.5925    0.033
P-n40-k5 	BT-2   40   13    160    1    458    626    479    175   0.3449    0.046
P-n40-k5 	BT-2   40    6     80    0    458    473    470     93   1.1154    0.026
P-n40-k5 	BT-2   40    6     80    1    458    473    469    121   1.1660    0.024
P-n40-k5 	BT-2   40   16     80    0    458    536    472     88   3.3949    0.031
P-n40-k5 	BT-2   40   16     80    1    458    469    469     80   3.3696    0.024
P-n40-k5 	BT-3   40   13    160    0    458    716    464    153   0.2751    0.013
P-n40-k5 	BT-3   40   13    160    1    458    626    466    163   0.2910    0.017
P-n40-k5 	BT-3   40    6     80    0    458    464    461     65   0.6947    0.007
P-n40-k5 	BT-3   40    6     80    1    458    464    461     59   0.6784    0.007
P-n40-k5 	BT-3   40   16     80    0    458    461    461     54   2.0424    0.007
P-n40-k5 	BT-3   40   16     80    1    458    461    461     52   2.0463    0.007
P-n40-k5 	BT-3   40   13    160    0    458    716    464    155   0.2781    0.013
P-n40-k5 	BT-3   40   13    160    1    458    626    468    165   0.3102    0.022
P-n40-k5 	BT-3   40    6     80    0    458    461    461     60   6.7303    0.007
P-n40-k5 	BT-3   40    6     80    1    458    461    461     51   6.7145    0.007
P-n40-k5 	BT-3   40   16     80    0    458    461    461     57  20.1742    0.007
P-n40-k5 	BT-3   40   16     80    1    458    461    461     58  20.1750    0.007
P-n40-k5 	BT-3   40   13    160    0    458    716    464    153   0.2783    0.013
P-n40-k5 	BT-3   40   13    160    1    458    626    466    169   0.3146    0.017
P-n40-k5 	BT-3   40    6     80    0    458    461    461     56  61.1101    0.007
P-n40-k5 	BT-3   40    6     80    1    458    461    461     56  61.1150    0.007
P-n40-k5 	BT-3   40   16     80    0    458    461    461     58 183.3396    0.007
P-n40-k5 	BT-3   40   16     80    1    458    461    461     59 183.3459    0.007
P-n40-k5 	BT-3   40   13    160    0    458    716    464    156   0.2883    0.013
P-n40-k5 	BT-3   40   13    160    1    458    626    466    151   0.2790    0.017
P-n40-k5 	BT-3   40    6     80    0    458    461    461     59 550.5963    0.007
P-n40-k5 	BT-3   40    6     80    1    458    461    461     57 550.5992    0.007
P-n40-k5 	BT-3   40   16     80    0    458    461    461     55 1651.7802    0.007
P-n40-k5 	BT-3   40   16     80    1    458    461    461     53 1651.7800    0.007
P-n40-k5 	BT-3   40   13    160    0    458    716    464    145   0.2712    0.013
P-n40-k5 	BT-3   40   13    160    1    458    626    466    159   0.2879    0.017
P-n40-k5 	BT-3   40    6     80    0    458    461    461     61 660.9476    0.007
P-n40-k5 	BT-3   40    6     80    1    458    461    461     54 660.9381    0.007
P-n40-k5 	BT-3   40   16     80    0    458    461    461     53 1982.8191    0.007
P-n40-k5 	BT-3   40   16     80    1    458    461    461     56 1982.8306    0.007
P-n40-k5 	BT-3   40   13    160    0    458    716    464    158   0.2995    0.013
P-n40-k5 	BT-3   40   13    160    1    458    626    474    187   0.3419    0.035
P-n40-k5 	BT-3   40    6     80    0    458    461    458     90 1654.2109    0.000
P-n40-k5 	BT-3   40    6     80    1    458    461    458     74 1654.1813    0.000
P-n40-k5 	BT-3   40   16     80    0    458    458    458     55 667.5691    0.000
P-n40-k5 	BT-3   40   16     80    1    458    458    458     55 667.5715    0.000
P-n40-k5 	BT-3   40   13    160    0    458    716    464    144   0.2684    0.013
P-n40-k5 	BT-3   40   13    160    1    458    626    466    166   0.2912    0.017
P-n40-k5 	BT-3   40    6     80    0    458    458    458     52 2003.2695    0.000
P-n40-k5 	BT-3   40    6     80    1    458    458    458     54 2003.2653    0.000
P-n40-k5 	BT-3   40   16     80    0    458    458    458     54 1714.8405    0.000
P-n40-k5 	BT-3   40   16     80    1    458    458    458     57 1714.8394    0.000
P-n40-k5 	BT-3   40   13    160    0    458    716    464    153   0.2810    0.013
P-n40-k5 	BT-3   40   13    160    1    458    626    466    165   0.2971    0.017
P-n40-k5 	BT-3   40    6     80    0    458    458    458     54 850.1259    0.000
P-n40-k5 	BT-3   40    6     80    1    458    458    458     58 850.1305    0.000
P-n40-k5 	BT-3   40   16     80    0    458    458    458     53 -1744.5853    0.000
P-n40-k5 	BT-3   40   16     80    1    458    458    458     56 -1744.5833    0.000
P-n40-k5 	BT-3   40   13    160    0    458    716    464    151   0.2709    0.013
P-n40-k5 	BT-3   40   13    160    1    458    626    466    157   0.2865    0.017
P-n40-k5 	BT-3   40    6     80    0    458    458    458     54 -938.2241    0.000
P-n40-k5 	BT-3   40    6     80    1    458    458    458     60 -938.2217    0.000
P-n40-k5 	BT-3   40   16     80    0    458    458    458     56 1480.3047    0.000
P-n40-k5 	BT-3   40   16     80    1    458    458    458     56 1480.2947    0.000
P-n40-k5 	BT-3   40   13    160    0    458    716    468    152   0.2710    0.022
P-n40-k5 	BT-3   40   13    160    1    458    626    466    161   0.2903    0.017
P-n40-k5 	BT-3   40    6     80    0    458    458    458     55 146.4961    0.000
P-n40-k5 	BT-3   40    6     80    1    458    458    458     57 146.4888    0.000
P-n40-k5 	BT-3   40   16     80    0    458    458    458     58 439.4807    0.000
P-n40-k5 	BT-3   40   16     80    1    458    458    458     52 439.4666    0.000
P-n40-k5 	BT-3   40   13    160    0    458    716    464    150   0.2772    0.013
P-n40-k5 	BT-3   40   13    160    1    458    626    468    163   0.2958    0.022
P-n40-k5 	BT-3   40    6     80    0    458    458    458     54 1318.9982    0.000
P-n40-k5 	BT-3   40    6     80    1    458    458    458     56 1318.9969    0.000
P-n40-k5 	BT-3   40   16     80    0    458    458    458     55 -337.9789    0.000
P-n40-k5 	BT-3   40   16     80    1    458    458    458     55 -337.9775    0.000
P-n40-k5 	BT-3   40   13    160    0    458    716    464    139   0.2520    0.013
P-n40-k5 	BT-3   40   13    160    1    458    626    466    164   0.2925    0.017
P-n40-k5 	BT-3   40    6     80    0    458    458    458     57 -1013.3835    0.000
P-n40-k5 	BT-3   40    6     80    1    458    458    458     58 -1013.3855    0.000
P-n40-k5 	BT-3   40   16     80    0    458    458    458     55 1254.8077    0.000
P-n40-k5 	BT-3   40   16     80    1    458    458    458     58 1254.8103    0.000
P-n40-k5 	BT-3   40   13    160    0    458    716    464    155   0.2830    0.013
P-n40-k5 	BT-3   40   13    160    1    458    626    466    163   0.2940    0.017
P-n40-k5 	BT-3   40    6     80    0    458    458    458     60 -529.9467    0.000
P-n40-k5 	BT-3   40    6     80    1    458    458    458     54 -529.9654    0.000
P-n40-k5 	BT-3   40   16     80    0    458    458    458     53 -1589.8811    0.000
P-n40-k5 	BT-3   40   16     80    1    458    458    458     57 -1589.8739    0.000
P-n40-k5 	BT-3   40   13    160    0    458    716    464    151   0.2740    0.013
P-n40-k5 	BT-3   40   13    160    1    458    626    466    162   0.2878    0.017
P-n40-k5 	BT-3   40    6     80    0    458    458    458     57 -474.0942    0.000
P-n40-k5 	BT-3   40    6     80    1    458    458    458     52 -474.1123    0.000
P-n40-k5 	BT-3   40   16     80    0    458    458    458     51 -1422.3158    0.000
P-n40-k5 	BT-3   40   16     80    1    458    458    458     49 -1422.3225    0.000
P-n40-k5 	BT-3   40   13    160    0    458    716    464    157   0.2894    0.013
P-n40-k5 	BT-3   40   13    160    1    458    626    466    156   0.2790    0.017
P-n40-k5 	BT-3   40    6     80    0    458    458    458     57  28.5996    0.000
P-n40-k5 	BT-3   40    6     80    1    458    458    458     56  28.5891    0.000
P-n40-k5 	BT-3   40   16     80    0    458    458    458     57  85.7862    0.000
P-n40-k5 	BT-3   40   16     80    1    458    458    458     58  85.7793    0.000
P-n40-k5 	BT-3   40   13    160    0    458    716    464    151   0.2737    0.013
P-n40-k5 	BT-3   40   13    160    1    458    626    466    156   0.2815    0.017
P-n40-k5 	BT-3   40    6     80    0    458    458    458     57 257.9049    0.000
P-n40-k5 	BT-3   40    6     80    1    458    458    458     52 257.8890    0.000
P-n40-k5 	BT-3   40   16     80    0    458    458    458     53 773.6889    0.000
P-n40-k5 	BT-3   40   16     80    1    458    458    458     56 773.6905    0.000
P-n40-k5 	BT-3   40   13    160    0    458    716    464    147   0.2618    0.013
P-n40-k5 	BT-3   40   13    160    1    458    626    476    186   0.3419    0.039
P-n40-k5 	BT-3   40    6     80    0    458    458    458     52 -1973.2939    0.000
P-n40-k5 	BT-3   40    6     80    1    458    458    458     53 -1973.2985    0.000
P-n40-k5 	BT-3   40   16     80    0    458    458    458     57 -1624.9095    0.000
P-n40-k5 	BT-3   40   16     80    1    458    458    458     57 -1624.9153    0.000
P-n40-k5 	BT-3   40   13    160    0    458    716    464    147   0.2668    0.013
P-n40-k5 	BT-3   40   13    160    1    458    626    466    160   0.2880    0.017
P-n40-k5 	BT-3   40    6     80    0    458    458    458     54 -579.2168    0.000
P-n40-k5 	BT-3   40    6     80    1    458    458    458     61 -579.2047    0.000
P-n40-k5 	BT-3   40   16     80    0    458    458    458     59 -1737.6318    0.000
P-n40-k5 	BT-3   40   16     80    1    458    458    458     54 -1737.6469    0.000
P-n40-k5 	BT-3   40   13    160    0    458    716    464    150   0.2703    0.013
P-n40-k5 	BT-3   40   13    160    1    458    626    466    162   0.2889    0.017
P-n40-k5 	BT-3   40    6     80    0    458    458    458     57 -917.3835    0.000
P-n40-k5 	BT-3   40    6     80    1    458    458    458     59 -917.3895    0.000
P-n40-k5 	BT-3   40   16     80    0    458    458    458     57 1542.8047    0.000
P-n40-k5 	BT-3   40   16     80    1    458    458    458     59 1542.8059    0.000
P-n40-k5 	BT-3   40   13    160    0    458    716    464    150   0.2717    0.013
P-n40-k5 	BT-3   40   13    160    1    458    626    492    149   0.2694    0.074
P-n40-k5 	BT-3   40    6     80    0    458    458    458     60 334.0023    0.000
P-n40-k5 	BT-3   40    6     80    1    458    458    458     55 333.9841    0.000
P-n40-k5 	BT-3   40   16     80    0    458    458    458     54 1001.9711    0.000
P-n40-k5 	BT-3   40   16     80    1    458    458    458     54 1001.9670    0.000
P-n40-k5 	BT-3   40   13    160    0    458    716    464    156   0.2867    0.013
P-n40-k5 	BT-3   40   13    160    1    458    626    466    161   0.2854    0.017
P-n40-k5 	BT-3   40    6     80    0    458    458    458     54 -1288.4802    0.000
P-n40-k5 	BT-3   40    6     80    1    458    458    458     58 -1288.4818    0.000
P-n40-k5 	BT-3   40   16     80    0    458    458    458     58 429.5289    0.000
P-n40-k5 	BT-3   40   16     80    1    458    458    458     56 429.5175    0.000
P-n40-k5 	BT-3   40   13    160    0    458    716    464    151   0.2737    0.013
P-n40-k5 	BT-3   40   13    160    1    458    626    470    169   0.3006    0.026
P-n40-k5 	BT-3   40    6     80    0    458    458    458     58 1289.1528    0.000
P-n40-k5 	BT-3   40    6     80    1    458    458    458     56 1289.1416    0.000
P-n40-k5 	BT-3   40   16     80    0    458    458    458     55 -427.5284    0.000
P-n40-k5 	BT-3   40   16     80    1    458    458    458     51 -427.5428    0.000
P-n40-k5 	BT-3   40   13    160    0    458    716    464    150   0.2759    0.013
P-n40-k5 	BT-3   40   13    160    1    458    626    504    143   0.2622    0.100
P-n40-k5 	BT-3   40    6     80    0    458    458    458     60 -1282.0505    0.000
P-n40-k5 	BT-3   40    6     80    1    458    458    458     60 -1282.0593    0.000
P-n40-k5 	BT-3   40   16     80    0    458    458    458     55 448.7934    0.000
P-n40-k5 	BT-3   40   16     80    1    458    458    458     56 448.7961    0.000
P-n40-k5 	BT-3   40   13    160    0    458    716    464    151   0.2770    0.013
P-n40-k5 	BT-3   40   13    160    1    458    626    466    164   0.2946    0.017
P-n40-k5 	BT-3   40    6     80    0    458    458    458     55 1346.9606    0.000
P-n40-k5 	BT-3   40    6     80    1    458    458    458     55 1346.9491    0.000
P-n40-k5 	BT-3   40   16     80    0    458    458    458     58 -254.0993    0.000
P-n40-k5 	BT-3   40   16     80    1    458    458    458     54 -254.1074    0.000
P-n40-k5 	BT-3   40   13    160    0    458    716    464    156   0.2811    0.013
P-n40-k5 	BT-3   40   13    160    1    458    626    466    163   0.2940    0.017
P-n40-k5 	BT-3   40    6     80    0    458    458    458     57 -761.7304    0.000
P-n40-k5 	BT-3   40    6     80    1    458    458    458     55 -761.7388    0.000
P-n40-k5 	BT-3   40   16     80    0    458    458    458     57 2009.7692    0.000
P-n40-k5 	BT-3   40   16     80    1    458    458    458     59 2009.7681    0.000
P-n40-k5 	BT-3   40   13    160    0    458    716    464    141   0.2548    0.013
P-n40-k5 	BT-3   40   13    160    1    458    626    466    158   0.2904    0.017
P-n40-k5 	BT-3   40    6     80    0    458    458    458     55 1734.8777    0.000
P-n40-k5 	BT-3   40    6     80    1    458    458    458     55 1734.8719    0.000
P-n40-k5 	BT-3   40   16     80    0    458    458    458     58 909.6687    0.000
P-n40-k5 	BT-3   40   16     80    1    458    458    458     54 909.6570    0.000
P-n40-k5 	BT-3   40   13    160    0    458    716    464    145   0.2694    0.013
P-n40-k5 	BT-3   40   13    160    1    458    626    466    161   0.2929    0.017
P-n40-k5 	BT-3   40    6     80    0    458    458    458     55 -1565.4213    0.000
P-n40-k5 	BT-3   40    6     80    1    458    458    458     54 -1565.4215    0.000
P-n40-k5 	BT-3   40   16     80    0    458    458    458     61 -401.2791    0.000
P-n40-k5 	BT-3   40   16     80    1    458    458    458     57 -401.2956    0.000
P-n40-k5 	BT-3   40   13    160    0    458    716    464    149   0.2754    0.013
P-n40-k5 	BT-3   40   13    160    1    458    626    466    164   0.2918    0.017
P-n40-k5 	BT-3   40    6     80    0    458    458    458     53 -1203.3019    0.000
P-n40-k5 	BT-3   40    6     80    1    458    458    458     57 -1203.3005    0.000
P-n40-k5 	BT-3   40   16     80    0    458    458    458     50 685.0543    0.000
P-n40-k5 	BT-3   40   16     80    1    458    458    458     55 685.0578    0.000
P-n40-k5 	BT-3   40   13    160    0    458    716    464    150   0.2736    0.013
P-n40-k5 	BT-3   40   13    160    1    458    626    466    164   0.3038    0.017
P-n40-k5 	BT-3   40    6     80    0    458    458    458     58 2055.7639    0.000
P-n40-k5 	BT-3   40    6     80    1    458    458    458     57 2055.7595    0.000
P-n40-k5 	BT-3   40   16     80    0    458    458    458     56 1872.3110    0.000
P-n40-k5 	BT-3   40   16     80    1    458    458    458     54 1872.3052    0.000
P-n40-k5 	BT-3   40   13    160    0    458    716    464    148   0.2688    0.013
P-n40-k5 	BT-3   40   13    160    1    458    626    466    158   0.2914    0.017
P-n40-k5 	BT-3   40    6     80    0    458    458    458     58 1322.5270    0.000
P-n40-k5 	BT-3   40    6     80    1    458    458    458     59 1322.5255    0.000
P-n40-k5 	BT-3   40   16     80    0    458    458    458     55 -327.3980    0.000
P-n40-k5 	BT-3   40   16     80    1    458    458    458     56 -327.4019    0.000
P-n40-k5 	BT-3   40   13    160    0    458    716    464    153   0.2798    0.013
P-n40-k5 	BT-3   40   13    160    1    458    626    487    195   0.3559    0.063
P-n40-k5 	BT-3   40    6     80    0    458    458    458     54 -981.5599    0.000
P-n40-k5 	BT-3   40    6     80    1    458    458    458     54 -981.5692    0.000
P-n40-k5 	BT-3   40   16     80    0    458    458    458     58 1350.2859    0.000
P-n40-k5 	BT-3   40   16     80    1    458    458    458     60 1350.2810    0.000
P-n40-k5 	BT-3   40   13    160    0    458    716    464    149   0.2709    0.013
P-n40-k5 	BT-3   40   13    160    1    458    626    485    152   0.2789    0.059
P-n40-k5 	BT-3   40    6     80    0    458    458    458     58 -243.5621    0.000
P-n40-k5 	BT-3   40    6     80    1    458    458    458     56 -243.5766    0.000
P-n40-k5 	BT-3   40   16     80    0    458    458    458     54 -730.7136    0.000
P-n40-k5 	BT-3   40   16     80    1    458    458    458     59 -730.7077    0.000
P-n40-k5 	BT-3   40   13    160    0    458    716    464    146   0.2653    0.013
P-n40-k5 	BT-3   40   13    160    1    458    626    466    163   0.2961    0.017
P-n40-k5 	BT-3   40    6     80    0    458    458    458     56 2103.4016    0.000
P-n40-k5 	BT-3   40    6     80    1    458    458    458     58 2103.3962    0.000
P-n40-k5 	BT-3   40   16     80    0    458    458    458     53 2015.2197    0.000
P-n40-k5 	BT-3   40   16     80    1    458    458    458     56 2015.2251    0.000
P-n40-k5 	BT-3   40   13    160    0    458    716    464    154   0.2815    0.013
P-n40-k5 	BT-3   40   13    160    1    458    626    466    164   0.3017    0.017
P-n40-k5 	BT-3   40    6     80    0    458    458    458     59 1751.3000    0.000
P-n40-k5 	BT-3   40    6     80    1    458    458    458     48 1751.2670    0.000
P-n40-k5 	BT-3   40   16     80    0    458    458    458     61 958.8970    0.000
P-n40-k5 	BT-3   40   16     80    1    458    458    458     54 958.8832    0.000
P-n40-k5 	BT-3   40   13    160    0    458    716    464    152   0.2783    0.013
P-n40-k5 	BT-3   40   13    160    1    458    626    487    207   0.3786    0.063
P-n40-k5 	BT-3   40    6     80    0    458    458    458     57 -1417.6398    0.000
P-n40-k5 	BT-3   40    6     80    1    458    458    458     58 -1417.6412    0.000
P-n40-k5 	BT-3   40   16     80    0    458    458    458     61  42.0531    0.000
P-n40-k5 	BT-3   40   16     80    1    458    458    458     58  42.0446    0.000
P-n40-k5 	BT-3   40   13    160    0    458    716    464    148   0.2716    0.013
P-n40-k5 	BT-3   40   13    160    1    458    626    466    160   0.2909    0.017
P-n40-k5 	BT-3   40    6     80    0    458    458    458     58 126.7110    0.000
P-n40-k5 	BT-3   40    6     80    1    458    458    458     62 126.7094    0.000
P-n40-k5 	BT-3   40   16     80    0    458    458    458     55 380.1208    0.000
P-n40-k5 	BT-3   40   16     80    1    458    458    458     61 380.1315    0.000
P-n40-k5 	BT-3   40   13    160    0    458    716    464    154   0.2780    0.013
P-n40-k5 	BT-3   40   13    160    1    458    626    466    161   0.2881    0.017
P-n40-k5 	BT-3   40    6     80    0    458    458    458     58 1140.9539    0.000
P-n40-k5 	BT-3   40    6     80    1    458    458    458     61 1140.9475    0.000
P-n40-k5 	BT-3   40   16     80    0    458    458    458     65 -872.1054    0.000
P-n40-k5 	BT-3   40   16     80    1    458    458    458     58 -872.1242    0.000
P-n40-k5 	BT-3   40   13    160    0    458    716    464    157   0.2842    0.013
P-n40-k5 	BT-3   40   13    160    1    458    626    468    155   0.2835    0.022
P-n40-k5 	BT-3   40    6     80    0    458    458    458     53 1679.1798    0.000
P-n40-k5 	BT-3   40    6     80    1    458    458    458     54 1679.1747    0.000
P-n40-k5 	BT-3   40   16     80    0    458    458    458     55 742.5720    0.000
P-n40-k5 	BT-3   40   16     80    1    458    458    458     50 742.5543    0.000
P-n40-k5 	BT-3   40   13    160    0    458    716    464    154   0.2812    0.013
P-n40-k5 	BT-3   40   13    160    1    458    626    475    166   0.2996    0.037
P-n40-k5 	BT-3   40    6     80    0    458    458    458     55 -2066.6899    0.000
P-n40-k5 	BT-3   40    6     80    1    458    458    458     55 -2066.6941    0.000
P-n40-k5 	BT-3   40   16     80    0    458    458    458     54 -1905.1100    0.000
P-n40-k5 	BT-3   40   16     80    1    458    458    458     57 -1905.1107    0.000
P-n40-k5 	BT-3   40   13    160    0    458    716    464    152   0.2754    0.013
P-n40-k5 	BT-3   40   13    160    1    458    626    466    160   0.2864    0.017
P-n40-k5 	BT-3   40    6     80    0    458    458    458     57 -1419.7999    0.000
P-n40-k5 	BT-3   40    6     80    1    458    458    458     58 -1419.7939    0.000
P-n40-k5 	BT-3   40   16     80    0    458    458    458     55  35.5756    0.000
P-n40-k5 	BT-3   40   16     80    1    458    458    458     58  35.5720    0.000
P-n40-k5 	BT-3   40   13    160    0    458    716    479    166   0.3045    0.046
P-n40-k5 	BT-3   40   13    160    1    458    626    466    155   0.2826    0.017
P-n40-k5 	BT-3   40    6     80    0    458    458    458     58 107.3186    0.000
P-n40-k5 	BT-3   40    6     80    1    458    458    458     54 107.3045    0.000
P-n40-k5 	BT-3   40   16     80    0    458    458    458     56 321.9372    0.000
P-n40-k5 	BT-3   40   16     80    1    458    458    458     56 321.9293    0.000
P-n40-k5 	BT-3   40   13    160    0    458    716    464    150   0.2766    0.013
P-n40-k5 	BT-3   40   13    160    1    458    626    466    158   0.2859    0.017
P-n40-k5 	BT-3   40    6     80    0    458    458    458     54 966.3624    0.000
P-n40-k5 	BT-3   40    6     80    1    458    458    458     58 966.3616    0.000
P-n40-k5 	BT-3   40   16     80    0    458    458    458     59 -1395.8755    0.000
P-n40-k5 	BT-3   40   16     80    1    458    458    458     54 -1395.8883    0.000
P-n40-k5 	BT-3   40   13    160    0    458    716    464    148   0.2748    0.013
P-n40-k5 	BT-3   40   13    160    1    458    626    466    160   0.2869    0.017
P-n40-k5 	BT-3   40    6     80    0    458    458    458     54 107.8797    0.000
P-n40-k5 	BT-3   40    6     80    1    458    458    458     54 107.8746    0.000
P-n40-k5 	BT-3   40   16     80    0    458    458    458     58 323.6443    0.000
P-n40-k5 	BT-3   40   16     80    1    458    458    458     58 323.6412    0.000
P-n40-k5 	BT-3   40   13    160    0    458    716    488    158   0.2831    0.066
P-n40-k5 	BT-3   40   13    160    1    458    626    466    164   0.2959    0.017
P-n40-k5 	BT-3   40    6     80    0    458    458    458     56 971.5063    0.000
P-n40-k5 	BT-3   40    6     80    1    458    458    458     55 971.4946    0.000
P-n40-k5 	BT-3   40   16     80    0    458    458    458     57 -1380.4595    0.000
P-n40-k5 	BT-3   40   16     80    1    458    458    458     49 -1380.4801    0.000
P-n40-k5 	BT-3   40   13    160    0    458    716    464    150   0.2777    0.013
P-n40-k5 	BT-3   40   13    160    1    458    626    466    161   0.3013    0.017
P-n40-k5 	BT-3   40    6     80    0    458    458    458     56 154.1491    0.000
P-n40-k5 	BT-3   40    6     80    1    458    458    458     54 154.1356    0.000
P-n40-k5 	BT-3   40   16     80    0    458    458    458     56 462.4258    0.000
P-n40-k5 	BT-3   40   16     80    1    458    458    458     55 462.4196    0.000
P-n40-k5 	BT-3   40   13    160    0    458    716    464    148   0.2718    0.013
P-n40-k5 	BT-3   40   13    160    1    458    626    466    157   0.2793    0.017
P-n40-k5 	BT-3   40    6     80    0    458    458    458     57 1387.8318    0.000
P-n40-k5 	BT-3   40    6     80    1    458    458    458     53 1387.8132    0.000
P-n40-k5 	BT-3   40   16     80    0    458    458    458     57 -131.4967    0.000
P-n40-k5 	BT-3   40   16     80    1    458    458    458     53 -131.5090    0.000
P-n40-k5 	BT-3   40   13    160    0    458    716    464    150   0.2700    0.013
P-n40-k5 	BT-3   40   13    160    1    458    626    464    251   0.4747    0.013
P-n40-k5 	BT-3   40    6     80    0    458    458    458     56 -393.7573    0.000
P-n40-k5 	BT-3   40    6     80    1    458    458    458     51 -393.7746    0.000
P-n40-k5 	BT-3   40   16     80    0    458    458    458     55 -1181.2958    0.000
P-n40-k5 	BT-3   40   16     80    1    458    458    458     50 -1181.3066    0.000
P-n40-k5 	BT-3   40   13    160    0    458    716    464    153   0.2885    0.013
P-n40-k5 	BT-3   40   13    160    1    458    626    474    152   0.2876    0.035
P-n40-k5 	BT-3   40    6     80    0    458    458    458     60 751.6631    0.000
P-n40-k5 	BT-3   40    6     80    1    458    458    458     54 751.6399    0.000
P-n40-k5 	BT-3   40   16     80    0    458    458    458     56 -2040.0148    0.000
P-n40-k5 	BT-3   40   16     80    1    458    458    458     58 -2040.0148    0.000
P-n40-k5 	BT-3   40   13    160    0    458    716    464    148   0.2707    0.013
P-n40-k5 	BT-3   40   13    160    1    458    626    466    161   0.2862    0.017
P-n40-k5 	BT-3   40    6     80    0    458    458    458     54 -1824.5217    0.000
P-n40-k5 	BT-3   40    6     80    1    458    458    458     54 -1824.5276    0.000
P-n40-k5 	BT-3   40   16     80    0    458    458    458     60 -1178.5906    0.000
P-n40-k5 	BT-3   40   16     80    1    458    458    458     52 -1178.6152    0.000
P-n40-k5 	BT-3   40   13    160    0    458    716    464    153   0.2768    0.013
P-n40-k5 	BT-3   40   13    160    1    458    626    466    168   0.3034    0.017
P-n40-k5 	BT-3   40    6     80    0    458    458    458     52 759.7341    0.000
P-n40-k5 	BT-3   40    6     80    1    458    458    458     54 759.7297    0.000
P-n40-k5 	BT-3   40   16     80    0    458    458    458     57 -2015.7601    0.000
P-n40-k5 	BT-3   40   16     80    1    458    458    458     58 -2015.7645    0.000
P-n40-k5 	BT-3   40   13    160    0    458    716    464    154   0.2854    0.013
P-n40-k5 	BT-3   40   13    160    1    458    626    492    149   0.2700    0.074
P-n40-k5 	BT-3   40    6     80    0    458    458    458     54 -1751.7725    0.000
P-n40-k5 	BT-3   40    6     80    1    458    458    458     57 -1751.7705    0.000
P-n40-k5 	BT-3   40   16     80    0    458    458    458     61 -960.3306    0.000
P-n40-k5 	BT-3   40   16     80    1    458    458    458     54 -960.3497    0.000
P-n40-k5 	BT-3   40   13    160    0    458    716    464    149   0.2690    0.013
P-n40-k5 	BT-3   40   13    160    1    458    626    466    165   0.3029    0.017
P-n40-k5 	BT-3   40    6     80    0    458    458    458     61 1414.5331    0.000
P-n40-k5 	BT-3   40    6     80    1    458    458    458     56 1414.5161    0.000
P-n40-k5 	BT-3   40   16     80    0    458    458    458     56 -51.4012    0.000
P-n40-k5 	BT-3   40   16     80    1    458    458    458     57 -51.4042    0.000
P-n40-k5 	BT-3   40   13    160    0    458    716    464    151   0.2755    0.013
P-n40-k5 	BT-3   40   13    160    1    458    626    466    160   0.2867    0.017
P-n40-k5 	BT-3   40    6     80    0    458    458    458     58 -153.6344    0.000
P-n40-k5 	BT-3   40    6     80    1    458    458    458     55 -153.6515    0.000
P-n40-k5 	BT-3   40   16     80    0    458    458    458     53 -460.9361    0.000
P-n40-k5 	BT-3   40   16     80    1    458    458    458     59 -460.9284    0.000
P-n40-k5 	BT-3   40   13    160    0    458    716    464    153   0.2849    0.013
P-n40-k5 	BT-3   40   13    160    1    458    626    466    158   0.2781    0.017
P-n40-k5 	BT-3   40    6     80    0    458    458    458     59 -1382.2164    0.000
P-n40-k5 	BT-3   40    6     80    1    458    458    458     59 -1382.2295    0.000
P-n40-k5 	BT-3   40   16     80    0    458    458    458     55 148.2867    0.000
P-n40-k5 	BT-3   40   16     80    1    458    458    458     53 148.2782    0.000
P-n40-k5 	BT-3   40   13    160    0    458    716    464    152   0.2800    0.013
P-n40-k5 	BT-3   40   13    160    1    458    626    492    152   0.2705    0.074
P-n40-k5 	BT-3   40    6     80    0    458    458    458     53 445.4050    0.000
P-n40-k5 	BT-3   40    6     80    1    458    458    458     56 445.4000    0.000
P-n40-k5 	BT-3   40   16     80    0    458    458    458     55 1336.2094    0.000
P-n40-k5 	BT-3   40   16     80    1    458    458    458     52 1336.1975    0.000
P-n40-k5 	BT-3   40   13    160    0    458    716    464    150   0.2720    0.013
P-n40-k5 	BT-3   40   13    160    1    458    626    466    161   0.2955    0.017
P-n40-k5 	BT-3   40    6     80    0    458    458    458     54 -285.7888    0.000
P-n40-k5 	BT-3   40    6     80    1    458    458    458     54 -285.7930    0.000
P-n40-k5 	BT-3   40   16     80    0    458    458    458     55 -857.3651    0.000
P-n40-k5 	BT-3   40   16     80    1    458    458    458     53 -857.3747    0.000
P-n40-k5 	BT-3   40   13    160    0    458    716    464    147   0.2658    0.013
P-n40-k5 	BT-3   40   13    160    1    458    626    466    164   0.3007    0.017
P-n40-k5 	BT-3   40    6     80    0    458    458    458     58 1723.4404    0.000
P-n40-k5 	BT-3   40    6     80    1    458    458    458     59 1723.4327    0.000
P-n40-k5 	BT-3   40   16     80    0    458    458    458     55 875.3331    0.000
P-n40-k5 	BT-3   40   16     80    1    458    458    458     58 875.3342    0.000
P-n40-k5 	BT-3   40   13    160    0    458    716    464    149   0.2711    0.013
P-n40-k5 	BT-3   40   13    160    1    458    626    466    163   0.2918    0.017
P-n40-k5 	BT-3   40    6     80    0    458    458    458     59 -1668.3883    0.000
P-n40-k5 	BT-3   40    6     80    1    458    458    458     55 -1668.4072    0.000
P-n40-k5 	BT-3   40   16     80    0    458    458    458     62 -710.2186    0.000
P-n40-k5 	BT-3   40   16     80    1    458    458    458     55 -710.2358    0.000
P-n40-k5 	BT-3   40   13    160    0    458    716    464    146   0.2680    0.013
P-n40-k5 	BT-3   40   13    160    1    458    626    466    161   0.2943    0.017
P-n40-k5 	BT-3   40    6     80    0    458    458    458     55 -2130.1255    0.000
P-n40-k5 	BT-3   40    6     80    1    458    458    458     56 -2130.1255    0.000
P-n40-k5 	BT-3   40   16     80    0    458    458    458     58 -2095.3997    0.000
P-n40-k5 	BT-3   40   16     80    1    458    458    458     55 -2095.4114    0.000
P-n40-k5 	BT-3   40   13    160    0    458    716    464    149   0.2707    0.013
P-n40-k5 	BT-3   40   13    160    1    458    626    466    157   0.2866    0.017
P-n40-k5 	BT-3   40    6     80    0    458    458    458     55 -1990.6924    0.000
P-n40-k5 	BT-3   40    6     80    1    458    458    458     62 -1990.6831    0.000
P-n40-k5 	BT-3   40   16     80    0    458    458    458     63 -1677.0826    0.000
P-n40-k5 	BT-3   40   16     80    1    458    458    458     52 -1677.1113    0.000
P-n40-k5 	BT-3   40   13    160    0    458    716    464    151   0.2766    0.013
P-n40-k5 	BT-3   40   13    160    1    458    626    468    162   0.2900    0.022
P-n40-k5 	BT-3   40    6     80    0    458    458    458     51 -735.7687    0.000
P-n40-k5 	BT-3   40    6     80    1    458    458    458     55 -735.7673    0.000
P-n40-k5 	BT-3   40   16     80    0    458    458    458     51 2087.6577    0.000
P-n40-k5 	BT-3   40   16     80    1    458    458    458     58 2087.6699    0.000
P-n40-k5 	BT-3   40   13    160    0    458    716    464    148   0.2657    0.013
P-n40-k5 	BT-3   40   13    160    1    458    626    466    167   0.3097    0.017
P-n40-k5 	BT-3   40    6     80    0    458    458    458     51 1968.5977    0.000
P-n40-k5 	BT-3   40    6     80    1    458    458    458     50 1968.5909    0.000
P-n40-k5 	BT-3   40   16     80    0    458    458    458     57 1610.8322    0.000
P-n40-k5 	BT-3   40   16     80    1    458    458    458     59 1610.8341    0.000
P-n40-k5 	BT-3   40   13    160    0    458    716    464    150   0.2794    0.013
P-n40-k5 	BT-3   40   13    160    1    458    626    466    163   0.3058    0.017
P-n40-k5 	BT-3   40    6     80    0    458    458    458     56 538.1152    0.000
P-n40-k5 	BT-3   40    6     80    1    458    458    458     53 538.1020    0.000
P-n40-k5 	BT-3   40   16     80    0    458    458    458     59 1614.3396    0.000
P-n40-k5 	BT-3   40   16     80    1    458    458    458     58 1614.3295    0.000
P-n40-k5 	BT-3   40   13    160    0    458    716    464    154   0.2777    0.013
P-n40-k5 	BT-3   40   13    160    1    458    626    463    155   0.2816    0.011
P-n40-k5 	BT-3   40    6     80    0    458    458    458     57 548.5975    0.000
P-n40-k5 	BT-3   40    6     80    1    458    458    458     54 548.5834    0.000
P-n40-k5 	BT-3   40   16     80    0    458    458    458     58 1645.7744    0.000
P-n40-k5 	BT-3   40   16     80    1    458    458    458     57 1645.7694    0.000
P-n40-k5 	BT-3   40   13    160    0    458    716    464    144   0.2683    0.013
P-n40-k5 	BT-3   40   13    160    1    458    626    468    155   0.2825    0.022
P-n40-k5 	BT-3   40    6     80    0    458    458    458     58 642.9063    0.000
P-n40-k5 	BT-3   40    6     80    1    458    458    458     52 642.8855    0.000
P-n40-k5 	BT-3   40   16     80    0    458    458    458     58 1928.6959    0.000
P-n40-k5 	BT-3   40   16     80    1    458    458    458     57 1928.6893    0.000
P-n40-k5 	BT-3   40   13    160    0    458    716    464    151   0.2722    0.013
P-n40-k5 	BT-3   40   13    160    1    458    626    466    161   0.2888    0.017
P-n40-k5 	BT-3   40    6     80    0    458    458    458     57 1491.6770    0.000
P-n40-k5 	BT-3   40    6     80    1    458    458    458     52 1491.6617    0.000
P-n40-k5 	BT-3   40   16     80    0    458    458    458     57 180.0466    0.000
P-n40-k5 	BT-3   40   16     80    1    458    458    458     58 180.0376    0.000
P-n40-k5 	BT-3   40   13    160    0    458    716    464    148   0.2673    0.013
P-n40-k5 	BT-3   40   13    160    1    458    626    492    154   0.2788    0.074
P-n40-k5 	BT-3   40    6     80    0    458    458    458     55 540.6718    0.000
P-n40-k5 	BT-3   40    6     80    1    458    458    458     58 540.6693    0.000
P-n40-k5 	BT-3   40   16     80    0    458    458    458     53 1622.0024    0.000
P-n40-k5 	BT-3   40   16     80    1    458    458    458     62 1622.0161    0.000
P-n40-k5 	BT-3   40   13    160    0    458    716    464    157   0.2880    0.013
P-n40-k5 	BT-3   40   13    160    1    458    626    466    159   0.2857    0.017
P-n40-k5 	BT-3   40    6     80    0    458    458    458     59 571.6477    0.000
P-n40-k5 	BT-3   40    6     80    1    458    458    458     55 571.6342    0.000
P-n40-k5 	BT-3   40   16     80    0    458    458    458     54 1714.9141    0.000
P-n40-k5 	BT-3   40   16     80    1    458    458    458     60 1714.9199    0.000
P-n40-k5 	BT-3   40   13    160    0    458    716    464    158   0.2931    0.013
P-n40-k5 	BT-3   40   13    160    1    458    626    466    163   0.2899    0.017
P-n40-k5 	BT-3   40    6     80    0    458    458    458     61 850.3806    0.000
P-n40-k5 	BT-3   40    6     80    1    458    458    458     53 850.3578    0.000
P-n40-k5 	BT-3   40   16     80    0    458    458    458     51 -1743.8713    0.000
P-n40-k5 	BT-3   40   16     80    1    458    458    458     61 -1743.8531    0.000
P-n40-k5 	BT-3   40   13    160    0    458    716    464    155   0.2848    0.013
P-n40-k5 	BT-3   40   13    160    1    458    626    466    164   0.2927    0.017
P-n40-k5 	BT-3   40    6     80    0    458    458    458     54 -936.0430    0.000
P-n40-k5 	BT-3   40    6     80    1    458    458    458     57 -936.0429    0.000
P-n40-k5 	BT-3   40   16     80    0    458    458    458     61 1486.8510    0.000
P-n40-k5 	BT-3   40   16     80    1    458    458    458     58 1486.8407    0.000
P-n40-k5 	BT-3   40   13    160    0    458    716    464    148   0.2749    0.013
P-n40-k5 	BT-3   40   13    160    1    458    626    466    169   0.3220    0.017
P-n40-k5 	BT-3   40    6     80    0    458    458    458     54 166.1589    0.000
P-n40-k5 	BT-3   40    6     80    1    458    458    458     58 166.1718    0.000
P-n40-k5 	BT-3   40   16     80    0    458    458    458     58 498.4980    0.000
P-n40-k5 	BT-3   40   16     80    1    458    458    458     57 498.4913    0.000
P-n40-k5 	BT-3   40   13    160    0    458    716    464    153   0.2750    0.013
P-n40-k5 	BT-3   40   13    160    1    458    626    461    161   0.2864    0.007
P-n40-k5 	BT-3   40    6     80    0    458    458    458     51 1496.0386    0.000
P-n40-k5 	BT-3   40    6     80    1    458    458    458     58 1496.0437    0.000
P-n40-k5 	BT-3   40   16     80    0    458    458    458     54 193.1545    0.000
P-n40-k5 	BT-3   40   16     80    1    458    458    458     56 193.1561    0.000
P-n40-k5 	BT-3   40   13    160    0    458    716    464    147   0.2678    0.013
P-n40-k5 	BT-3   40   13    160    1    458    626    468    151   0.2672    0.022
P-n40-k5 	BT-3   40    6     80    0    458    458    458     61 580.0184    0.000
P-n40-k5 	BT-3   40    6     80    1    458    458    458     60 580.0065    0.000
P-n40-k5 	BT-3   40   16     80    0    458    458    458     55 1740.0245    0.000
P-n40-k5 	BT-3   40   16     80    1    458    458    458     59 1740.0308    0.000
P-n40-k5 	BT-3   40   13    160    0    458    716    464    155   0.2845    0.013
P-n40-k5 	BT-3   40   13    160    1    458    626    466    160   0.2924    0.017
P-n40-k5 	BT-3   40    6     80    0    458    458    458     56 925.6911    0.000
P-n40-k5 	BT-3   40    6     80    1    458    458    458     55 925.6880    0.000
P-n40-k5 	BT-3   40   16     80    0    458    458    458     58 -1517.8921    0.000
P-n40-k5 	BT-3   40   16     80    1    458    458    458     58 -1517.8944    0.000
P-n40-k5 	BT-3   40   13    160    0    458    716    464    148   0.2705    0.013
P-n40-k5 	BT-3   40   13    160    1    458    626    466    158   0.2851    0.017
P-n40-k5 	BT-3   40    6     80    0    458    458    458     54 -258.1572    0.000
P-n40-k5 	BT-3   40    6     80    1    458    458    458     58 -258.1534    0.000
P-n40-k5 	BT-3   40   16     80    0    458    458    458     57 -774.4663    0.000
P-n40-k5 	BT-3   40   16     80    1    458    458    458     59 -774.4680    0.000
P-n40-k5 	BT-3   40   13    160    0    458    716    464    151   0.2742    0.013
P-n40-k5 	BT-3   40   13    160    1    458    626    466    161   0.2890    0.017
P-n40-k5 	BT-3   40    6     80    0    458    458    458     57 1972.1338    0.000
P-n40-k5 	BT-3   40    6     80    1    458    458    458     51 1972.1119    0.000
P-n40-k5 	BT-3   40   16     80    0    458    458    458     57 1621.4080    0.000
P-n40-k5 	BT-3   40   16     80    1    458    458    458     52 1621.3967    0.000
P-n40-k5 	BT-3   40   13    160    0    458    716    464    148   0.2662    0.013
P-n40-k5 	BT-3   40   13    160    1    458    626    466    161   0.2925    0.017
P-n40-k5 	BT-3   40    6     80    0    458    458    458     54 569.7975    0.000
P-n40-k5 	BT-3   40    6     80    1    458    458    458     55 569.7951    0.000
P-n40-k5 	BT-3   40   16     80    0    458    458    458     53 1709.3888    0.000
P-n40-k5 	BT-3   40   16     80    1    458    458    458     58 1709.3943    0.000
P-n40-k5 	BT-3   40   13    160    0    458    716    464    154   0.2820    0.013
P-n40-k5 	BT-3   40   13    160    1    458    626    466    164   0.3057    0.017
P-n40-k5 	BT-3   40    6     80    0    458    458    458     57 833.8073    0.000
P-n40-k5 	BT-3   40    6     80    1    458    458    458     62 833.8054    0.000
P-n40-k5 	BT-3   40   16     80    0    458    458    458     60 -1793.5485    0.000
P-n40-k5 	BT-3   40   16     80    1    458    458    458     57 -1793.5591    0.000
P-n40-k5 	BT-3   40   13    160    0    458    716    464    149   0.2662    0.013
P-n40-k5 	BT-3   40   13    160    1    458    626    492    154   0.2829    0.074
P-n40-k5 	BT-3   40    6     80    0    458    458    458     55 -1085.1429    0.000
P-n40-k5 	BT-3   40    6     80    1    458    458    458     57 -1085.1482    0.000
P-n40-k5 	BT-3   40   16     80    0    458    458    458     58 1039.5310    0.000
P-n40-k5 	BT-3   40   16     80    1    458    458    458     54 1039.5200    0.000
P-n40-k5 	BT-3   40   13    160    0    458    716    482    148   0.2707    0.052
P-n40-k5 	BT-3   40   13    160    1    458    626    466    162   0.2931    0.017
P-n40-k5 	BT-3   40    6     80    0    458    458    458     60 -1175.8168    0.000
P-n40-k5 	BT-3   40    6     80    1    458    458    458     54 -1175.8297    0.000
P-n40-k5 	BT-3   40   16     80    0    458    458    458     55 767.4919    0.000
P-n40-k5 	BT-3   40   16     80    1    458    458    458     54 767.4865    0.000
P-n40-k5 	BT-3   40   13    160    0    458    716    464    144   0.2630    0.013
P-n40-k5 	BT-3   40   13    160    1    458    626    466    157   0.2847    0.017
P-n40-k5 	BT-3   40    6     80    0    458    458    458     55 -1991.9413    0.000
P-n40-k5 	BT-3   40    6     80    1    458    458    458     55 -1991.9513    0.000
P-n40-k5 	BT-3   40   16     80    0    458    458    458     60 -1680.8600    0.000
P-n40-k5 	BT-3   40   16     80    1    458    458    458     53 -1680.8746    0.000
P-n40-k5 	BT-3   40   13    160    0    458    716    464    152   0.2774    0.013
P-n40-k5 	BT-3   40   13    160    1    458    626    471    212   0.3824    0.028
P-n40-k5 	BT-3   40    6     80    0    458    458    458     56 -746.9739    0.000
P-n40-k5 	BT-3   40    6     80    1    458    458    458     54 -746.9864    0.000
P-n40-k5 	BT-3   40   16     80    0    458    458    458     56 2054.0295    0.000
P-n40-k5 	BT-3   40   16     80    1    458    458    458     57 2054.0264    0.000
P-n40-k5 	BT-3   40   13    160    0    458    716    464    147   0.2684    0.013
P-n40-k5 	BT-3   40   13    160    1    458    626    466    160   0.2851    0.017
P-n40-k5 	BT-3   40    6     80    0    458    458    458     54 1867.6719    0.000
P-n40-k5 	BT-3   40    6     80    1    458    458    458     53 1867.6642    0.000
P-n40-k5 	BT-3   40   16     80    0    458    458    458     56 1308.0420    0.000
P-n40-k5 	BT-3   40   16     80    1    458    458    458     57 1308.0435    0.000
P-n40-k5 	BT-3   40   13    160    0    458    716    464    151   0.2763    0.013
P-n40-k5 	BT-3   40   13    160    1    458    626    466    157   0.2883    0.017
P-n40-k5 	BT-3   40    6     80    0    458    458    458     57 -370.2738    0.000
P-n40-k5 	BT-3   40    6     80    1    458    458    458     57 -370.2796    0.000
P-n40-k5 	BT-3   40   16     80    0    458    458    458     54 -1110.8339    0.000
P-n40-k5 	BT-3   40   16     80    1    458    458    458     57 -1110.8308    0.000
P-n40-k5 	BT-3   40   13    160    0    458    716    464    147   0.2666    0.013
P-n40-k5 	BT-3   40   13    160    1    458    626    466    162   0.2935    0.017
P-n40-k5 	BT-3   40    6     80    0    458    458    458     58 963.0452    0.000
P-n40-k5 	BT-3   40    6     80    1    458    458    458     58 963.0336    0.000
P-n40-k5 	BT-3   40   16     80    0    458    458    458     59 -1405.8436    0.000
P-n40-k5 	BT-3   40   16     80    1    458    458    458     57 -1405.8550    0.000
P-n40-k5 	BT-3   40   13    160    0    458    716    487    141   0.2504    0.063
P-n40-k5 	BT-3   40   13    160    1    458    626    495    151   0.2734    0.081
P-n40-k5 	BT-3   40    6     80    0    458    458    458     57  77.9445    0.000
P-n40-k5 	BT-3   40    6     80    1    458    458    458     57  77.9346    0.000
P-n40-k5 	BT-3   40   16     80    0    458    458    458     60 233.8226    0.000
P-n40-k5 	BT-3   40   16     80    1    458    458    458     57 233.8148    0.000
P-n40-k5 	BT-3   40   13    160    0    458    716    464    153   0.2805    0.013
P-n40-k5 	BT-3   40   13    160    1    458    626    466    159   0.2791    0.017
P-n40-k5 	BT-3   40    6     80    0    458    458    458     55 702.0128    0.000
P-n40-k5 	BT-3   40    6     80    1    458    458    458     52 702.0015    0.000
P-n40-k5 	BT-3   40   16     80    0    458    458    458     66 2106.0432    0.000
P-n40-k5 	BT-3   40   16     80    1    458    458    458     50 2106.0132    0.000
P-n40-k5 	BT-3   40   13    160    0    458    716    464    146   0.2678    0.013
P-n40-k5 	BT-3   40   13    160    1    458    626    477    285   0.5186    0.041
P-n40-k5 	BT-3   40    6     80    0    458    458    458     55 2023.9041    0.000
P-n40-k5 	BT-3   40    6     80    1    458    458    458     53 2023.8920    0.000
P-n40-k5 	BT-3   40   16     80    0    458    458    458     51 1776.7236    0.000
P-n40-k5 	BT-3   40   16     80    1    458    458    458     55 1776.7280    0.000
P-n40-k5 	BT-3   40   13    160    0    458    716    464    151   0.2758    0.013
P-n40-k5 	BT-3   40   13    160    1    458    626    466    153   0.2741    0.017
P-n40-k5 	BT-3   40    6     80    0    458    458    458     57 1035.7678    0.000
P-n40-k5 	BT-3   40    6     80    1    458    458    458     55 1035.7640    0.000
P-n40-k5 	BT-3   40   16     80    0    458    458    458     61 -1187.6570    0.000
P-n40-k5 	BT-3   40   16     80    1    458    458    458     58 -1187.6718    0.000
P-n40-k5 	BT-3   40   13    160    0    458    716    464    154   0.2846    0.013
P-n40-k5 	BT-3   40   13    160    1    458    626    466    160   0.2832    0.017
P-n40-k5 	BT-3   40    6     80    0    458    458    458     55 732.5416    0.000
P-n40-k5 	BT-3   40    6     80    1    458    458    458     59 732.5414    0.000
P-n40-k5 	BT-3   40   16     80    0    458    458    458     55 -2097.3474    0.000
P-n40-k5 	BT-3   40   16     80    1    458    458    458     63 -2097.3381    0.000
P-n40-k5 	BT-3   40   13    160    0    458    716    464    143   0.2646    0.013
P-n40-k5 	BT-3   40   13    160    1    458    626    466    156   0.2767    0.017
P-n40-k5 	BT-3   40    6     80    0    458    458    458     54 -1996.5253    0.000
P-n40-k5 	BT-3   40    6     80    1    458    458    458     57 -1996.5261    0.000
P-n40-k5 	BT-3   40   16     80    0    458    458    458     57 -1694.6074    0.000
P-n40-k5 	BT-3   40   16     80    1    458    458    458     56 -1694.6118    0.000
P-n40-k5 	BT-3   40   13    160    0    458    716    464    154   0.2806    0.013
P-n40-k5 	BT-3   40   13    160    1    458    626    466    164   0.3011    0.017
P-n40-k5 	BT-3   40    6     80    0    458    458    458     58 -788.2705    0.000
P-n40-k5 	BT-3   40    6     80    1    458    458    458     59 -788.2766    0.000
P-n40-k5 	BT-3   40   16     80    0    458    458    458     55 1930.1409    0.000
P-n40-k5 	BT-3   40   16     80    1    458    458    458     55 1930.1340    0.000
P-n40-k5 	BT-3   40   13    160    0    458    716    464    160   0.2961    0.013
P-n40-k5 	BT-3   40   13    160    1    458    626    469    215   0.3947    0.024
P-n40-k5 	BT-3   40    6     80    0    458    458    458     55 1496.1417    0.000
P-n40-k5 	BT-3   40    6     80    1    458    458    458     55 1496.1362    0.000
P-n40-k5 	BT-3   40   16     80    0    458    458    458     56 193.4504    0.000
P-n40-k5 	BT-3   40   16     80    1    458    458    458     57 193.4499    0.000
P-n40-k5 	BT-3   40   13    160    0    458    716    464    150   0.2751    0.013
P-n40-k5 	BT-3   40   13    160    1    458    626    466    166   0.3062    0.017
P-n40-k5 	BT-3   40    6     80    0    458    458    458     60 580.9413    0.000
P-n40-k5 	BT-3   40    6     80    1    458    458    458     59 580.9323    0.000
P-n40-k5 	BT-3   40   16     80    0    458    458    458     55 1742.7999    0.000
P-n40-k5 	BT-3   40   16     80    1    458    458    458     56 1742.8060    0.000
P-n40-k5 	BT-3   40   13    160    0    458    716    464    148   0.2726    0.013
P-n40-k5 	BT-3   40   13    160    1    458    626    483    167   0.3043    0.055
P-n40-k5 	BT-3   40    6     80    0    458    458    458     55 934.0218    0.000
P-n40-k5 	BT-3   40    6     80    1    458    458    458     55 934.0149    0.000
P-n40-k5 	BT-3   40   16     80    0    458    458    458     61 -1492.9014    0.000
P-n40-k5 	BT-3   40   16     80    1    458    458    458     59 -1492.9077    0.000
P-n40-k5 	BT-3   40   13    160    0    458    716    464    150   0.2748    0.013
P-n40-k5 	BT-3   40   13    160    1    458    626    466    164   0.3011    0.017
P-n40-k5 	BT-3   40    6     80    0    458    458    458     52 -183.1809    0.000
P-n40-k5 	BT-3   40    6     80    1    458    458    458     57 -183.1769    0.000
P-n40-k5 	BT-3   40   16     80    0    458    458    458     55 -549.5345    0.000
P-n40-k5 	BT-3   40   16     80    1    458    458    458     49 -549.5510    0.000
P-n40-k5 	BT-3   40   13    160    0    458    716    464    156   0.2852    0.013
P-n40-k5 	BT-3   40   13    160    1    458    626    466    153   0.2711    0.017
P-n40-k5 	BT-3   40    6     80    0    458    458    458     57 -1648.0552    0.000
P-n40-k5 	BT-3   40    6     80    1    458    458    458     58 -1648.0609    0.000
P-n40-k5 	BT-3   40   16     80    0    458    458    458     57 -649.2114    0.000
P-n40-k5 	BT-3   40   16     80    1    458    458    458     53 -649.2222    0.000
P-n40-k5 	BT-3   40   13    160    0    458    716    464    154   0.2804    0.013
P-n40-k5 	BT-3   40   13    160    1    458    626    466    161   0.2920    0.017
P-n40-k5 	BT-3   40    6     80    0    458    458    458     53 -1947.0779    0.000
P-n40-k5 	BT-3   40    6     80    1    458    458    458     54 -1947.0806    0.000
P-n40-k5 	BT-3   40   16     80    0    458    458    458     55 -1546.2646    0.000
P-n40-k5 	BT-3   40   16     80    1    458    458    458     53 -1546.2728    0.000
P-n40-k5 	BT-3   40   13    160    0    458    716    464    152   0.2782    0.013
P-n40-k5 	BT-3   40   13    160    1    458    626    466    164   0.3018    0.017
P-n40-k5 	BT-3   40    6     80    0    458    458    458     57 -343.2506    0.000
P-n40-k5 	BT-3   40    6     80    1    458    458    458     60 -343.2501    0.000
P-n40-k5 	BT-3   40   16     80    0    458    458    458     59 -1029.7451    0.000
P-n40-k5 	BT-3   40   16     80    1    458    458    458     56 -1029.7594    0.000
P-n40-k5 	BT-3   40   13    160    0    458    716    464    153   0.2811    0.013
P-n40-k5 	BT-3   40   13    160    1    458    626    466    166   0.3007    0.017
P-n40-k5 	BT-3   40    6     80    0    458    458    458     56 1206.2932    0.000
P-n40-k5 	BT-3   40    6     80    1    458    458    458     57 1206.2867    0.000
P-n40-k5 	BT-3   40   16     80    0    458    458    458     56 -676.0920    0.000
P-n40-k5 	BT-3   40   16     80    1    458    458    458     55 -676.1028    0.000
