B-n50-k7 	BT-1   50   16    200    0    741   1159    772    211   0.5126    0.042
B-n50-k7 	BT-1   50   16    200    1    741    985    758    231   0.5803    0.023
B-n50-k7 	BT-1   50   10    100    0    741    758    741    109   0.2816    0.000
B-n50-k7 	BT-1   50   10    100    1    741    758    758    100   0.2700    0.023
B-n50-k7 	BT-1   50    5     50    0    741   1062    741     51   0.1526    0.000
B-n50-k7 	BT-1   50    5     50    1    741    741    741     50   0.1438    0.000
B-n50-k7 	BT-2   50   16    200    0    741   1159    766    236   0.5689    0.034
B-n50-k7 	BT-2   50   16    200    1    741    985    752    339   0.8162    0.015
B-n50-k7 	BT-2   50   10    100    0    741    752    741    144   0.3846    0.000
B-n50-k7 	BT-2   50   10    100    1    741    752    752    100   0.2605    0.015
B-n50-k7 	BT-2   50    5     50    0    741    881    741     54   0.1559    0.000
B-n50-k7 	BT-2   50    5     50    1    741    741    741     50   0.1563    0.000
B-n50-k7 	BT-3   50   16    200    0    741   1159    760    229   1.0491    0.026
B-n50-k7 	BT-3   50   16    200    1    741    985    742    302   1.2104    0.001
B-n50-k7 	BT-3   50   10    100    0    741    900    754    104   0.6445    0.018
B-n50-k7 	BT-3   50   10    100    1    741    742    742    100   0.6022    0.001
B-n50-k7 	BT-3   50    5     50    0    741    900    754     54   0.3513    0.018
B-n50-k7 	BT-3   50    5     50    1    741    742    742     50   0.3300    0.001
B-n50-k7 	BT-3   50   16    200    0    741   1159    753    226   1.0277    0.016
B-n50-k7 	BT-3   50   16    200    1    741    985    784    232   1.0578    0.058
B-n50-k7 	BT-3   50   10    100    0    741    900    754    104   0.6180    0.018
B-n50-k7 	BT-3   50   10    100    1    741    742    742    100   0.6066    0.001
B-n50-k7 	BT-3   50    5     50    0    741    900    741     67   0.3496    0.000
B-n50-k7 	BT-3   50    5     50    1    741    742    742     50   0.3307    0.001
B-n50-k7 	BT-3   50   16    200    0    741   1159    744    297   1.1994    0.004
B-n50-k7 	BT-3   50   16    200    1    741    985    741    257   1.1320    0.000
B-n50-k7 	BT-3   50   10    100    0    741    741    741    100   0.6127    0.000
B-n50-k7 	BT-3   50   10    100    1    741    741    741    100   0.6002    0.000
B-n50-k7 	BT-3   50    5     50    0    741    741    741     50   0.3404    0.000
B-n50-k7 	BT-3   50    5     50    1    741    741    741     50   0.3555    0.000
B-n50-k7 	BT-3   50   16    200    0    741   1159    753    226   1.0410    0.016
B-n50-k7 	BT-3   50   16    200    1    741    985    752    262   1.1444    0.015
B-n50-k7 	BT-3   50   10    100    0    741    741    741    100   0.6139    0.000
B-n50-k7 	BT-3   50   10    100    1    741    741    741    100   0.6084    0.000
B-n50-k7 	BT-3   50    5     50    0    741    741    741     50   0.3398    0.000
B-n50-k7 	BT-3   50    5     50    1    741    741    741     50   0.3341    0.000
B-n50-k7 	BT-3   50   16    200    0    741   1159    762    225   1.0473    0.028
B-n50-k7 	BT-3   50   16    200    1    741    985    754    276   1.1549    0.018
B-n50-k7 	BT-3   50   10    100    0    741    741    741    100   0.6206    0.000
B-n50-k7 	BT-3   50   10    100    1    741    741    741    100   0.6075    0.000
B-n50-k7 	BT-3   50    5     50    0    741    741    741     50   0.3413    0.000
B-n50-k7 	BT-3   50    5     50    1    741    741    741     50   0.3366    0.000
B-n50-k7 	BT-3   50   16    200    0    741   1159    753    226   1.0315    0.016
B-n50-k7 	BT-3   50   16    200    1    741    985    779    223   1.0578    0.051
B-n50-k7 	BT-3   50   10    100    0    741    741    741    100   0.6220    0.000
B-n50-k7 	BT-3   50   10    100    1    741    741    741    100   0.6181    0.000
B-n50-k7 	BT-3   50    5     50    0    741    741    741     50   0.3396    0.000
B-n50-k7 	BT-3   50    5     50    1    741    741    741     50   0.3356    0.000
B-n50-k7 	BT-3   50   16    200    0    741   1159    741    245   1.1122    0.000
B-n50-k7 	BT-3   50   16    200    1    741    985    742    253   1.1336    0.001
B-n50-k7 	BT-3   50   10    100    0    741    741    741    100   0.6202    0.000
B-n50-k7 	BT-3   50   10    100    1    741    741    741    100   0.6255    0.000
B-n50-k7 	BT-3   50    5     50    0    741    741    741     50   0.3452    0.000
B-n50-k7 	BT-3   50    5     50    1    741    741    741     50   0.3367    0.000
B-n50-k7 	BT-3   50   16    200    0    741   1159    753    226   1.0336    0.016
B-n50-k7 	BT-3   50   16    200    1    741    985    741    257   1.1492    0.000
B-n50-k7 	BT-3   50   10    100    0    741    741    741    100   0.6188    0.000
B-n50-k7 	BT-3   50   10    100    1    741    741    741    100   0.6141    0.000
B-n50-k7 	BT-3   50    5     50    0    741    741    741     50   0.3388    0.000
B-n50-k7 	BT-3   50    5     50    1    741    741    741     50   0.3354    0.000
B-n50-k7 	BT-3   50   16    200    0    741   1159    753    226   1.0507    0.016
B-n50-k7 	BT-3   50   16    200    1    741    985    744    236   1.1148    0.004
B-n50-k7 	BT-3   50   10    100    0    741    741    741    100   0.6147    0.000
B-n50-k7 	BT-3   50   10    100    1    741    741    741    100   0.6057    0.000
B-n50-k7 	BT-3   50    5     50    0    741    741    741     50   0.3498    0.000
B-n50-k7 	BT-3   50    5     50    1    741    741    741     50   0.3347    0.000
B-n50-k7 	BT-3   50   16    200    0    741   1159    753    226   1.0317    0.016
B-n50-k7 	BT-3   50   16    200    1    741    985    741    257   1.1382    0.000
B-n50-k7 	BT-3   50   10    100    0    741    741    741    100   0.6203    0.000
B-n50-k7 	BT-3   50   10    100    1    741    741    741    100   0.6010    0.000
B-n50-k7 	BT-3   50    5     50    0    741    741    741     50   0.3415    0.000
B-n50-k7 	BT-3   50    5     50    1    741    741    741     50   0.3348    0.000
B-n50-k7 	BT-3   50   16    200    0    741   1159    753    226   1.0272    0.016
B-n50-k7 	BT-3   50   16    200    1    741    985    744    316   1.2430    0.004
B-n50-k7 	BT-3   50   10    100    0    741    741    741    100   0.6493    0.000
B-n50-k7 	BT-3   50   10    100    1    741    741    741    100   0.6021    0.000
B-n50-k7 	BT-3   50    5     50    0    741    741    741     50   0.3443    0.000
B-n50-k7 	BT-3   50    5     50    1    741    741    741     50   0.3339    0.000
B-n50-k7 	BT-3   50   16    200    0    741   1159    753    226   1.0328    0.016
B-n50-k7 	BT-3   50   16    200    1    741    985    749    252   1.1122    0.011
B-n50-k7 	BT-3   50   10    100    0    741    741    741    100   0.6154    0.000
B-n50-k7 	BT-3   50   10    100    1    741    741    741    100   0.6037    0.000
B-n50-k7 	BT-3   50    5     50    0    741    741    741     50   0.3392    0.000
B-n50-k7 	BT-3   50    5     50    1    741    741    741     50   0.3353    0.000
B-n50-k7 	BT-3   50   16    200    0    741   1159    753    226   1.0319    0.016
B-n50-k7 	BT-3   50   16    200    1    741    985    741    257   1.1170    0.000
B-n50-k7 	BT-3   50   10    100    0    741    741    741    100   0.6112    0.000
B-n50-k7 	BT-3   50   10    100    1    741    741    741    100   0.6040    0.000
B-n50-k7 	BT-3   50    5     50    0    741    741    741     50   0.3421    0.000
B-n50-k7 	BT-3   50    5     50    1    741    741    741     50   0.3378    0.000
B-n50-k7 	BT-3   50   16    200    0    741   1159    753    226   1.0256    0.016
B-n50-k7 	BT-3   50   16    200    1    741    985    741    254   1.1493    0.000
B-n50-k7 	BT-3   50   10    100    0    741    741    741    100   0.6149    0.000
B-n50-k7 	BT-3   50   10    100    1    741    741    741    100   0.6069    0.000
B-n50-k7 	BT-3   50    5     50    0    741    741    741     50   0.3417    0.000
B-n50-k7 	BT-3   50    5     50    1    741    741    741     50   0.3335    0.000
B-n50-k7 	BT-3   50   16    200    0    741   1159    753    226   1.0451    0.016
B-n50-k7 	BT-3   50   16    200    1    741    985    756    238   1.0661    0.020
B-n50-k7 	BT-3   50   10    100    0    741    741    741    100   0.6323    0.000
B-n50-k7 	BT-3   50   10    100    1    741    741    741    100   0.6007    0.000
B-n50-k7 	BT-3   50    5     50    0    741    741    741     50   0.3413    0.000
B-n50-k7 	BT-3   50    5     50    1    741    741    741     50   0.3345    0.000
B-n50-k7 	BT-3   50   16    200    0    741   1159    753    226   1.0257    0.016
B-n50-k7 	BT-3   50   16    200    1    741    985    741    257   1.1336    0.000
B-n50-k7 	BT-3   50   10    100    0    741    741    741    100   0.6167    0.000
B-n50-k7 	BT-3   50   10    100    1    741    741    741    100   0.6137    0.000
B-n50-k7 	BT-3   50    5     50    0    741    741    741     50   0.3391    0.000
B-n50-k7 	BT-3   50    5     50    1    741    741    741     50   0.3359    0.000
B-n50-k7 	BT-3   50   16    200    0    741   1159    744    258   1.1358    0.004
B-n50-k7 	BT-3   50   16    200    1    741    985    741    257   1.1359    0.000
B-n50-k7 	BT-3   50   10    100    0    741    741    741    100   0.6138    0.000
B-n50-k7 	BT-3   50   10    100    1    741    741    741    100   0.6156    0.000
B-n50-k7 	BT-3   50    5     50    0    741    741    741     50   0.3417    0.000
B-n50-k7 	BT-3   50    5     50    1    741    741    741     50   0.3343    0.000
B-n50-k7 	BT-3   50   16    200    0    741   1159    755    244   1.0848    0.019
B-n50-k7 	BT-3   50   16    200    1    741    985    774    344   1.3068    0.045
B-n50-k7 	BT-3   50   10    100    0    741    741    741    100   0.6130    0.000
B-n50-k7 	BT-3   50   10    100    1    741    741    741    100   0.6029    0.000
B-n50-k7 	BT-3   50    5     50    0    741    741    741     50   0.3391    0.000
B-n50-k7 	BT-3   50    5     50    1    741    741    741     50   0.3367    0.000
B-n50-k7 	BT-3   50   16    200    0    741   1159    753    257   1.1147    0.016
B-n50-k7 	BT-3   50   16    200    1    741    985    746    261   1.1425    0.007
B-n50-k7 	BT-3   50   10    100    0    741    741    741    100   0.6223    0.000
B-n50-k7 	BT-3   50   10    100    1    741    741    741    100   0.6105    0.000
B-n50-k7 	BT-3   50    5     50    0    741    741    741     50   0.3410    0.000
B-n50-k7 	BT-3   50    5     50    1    741    741    741     50   0.3359    0.000
B-n50-k7 	BT-3   50   16    200    0    741   1159    753    226   1.0298    0.016
B-n50-k7 	BT-3   50   16    200    1    741    985    741    257   1.1451    0.000
B-n50-k7 	BT-3   50   10    100    0    741    741    741    100   0.6213    0.000
B-n50-k7 	BT-3   50   10    100    1    741    741    741    100   0.6101    0.000
B-n50-k7 	BT-3   50    5     50    0    741    741    741     50   0.3404    0.000
B-n50-k7 	BT-3   50    5     50    1    741    741    741     50   0.3338    0.000
B-n50-k7 	BT-3   50   16    200    0    741   1159    744    238   1.0816    0.004
B-n50-k7 	BT-3   50   16    200    1    741    985    753    237   1.0430    0.016
B-n50-k7 	BT-3   50   10    100    0    741    741    741    100   0.6151    0.000
B-n50-k7 	BT-3   50   10    100    1    741    741    741    100   0.6028    0.000
B-n50-k7 	BT-3   50    5     50    0    741    741    741     50   0.3391    0.000
B-n50-k7 	BT-3   50    5     50    1    741    741    741     50   0.3337    0.000
B-n50-k7 	BT-3   50   16    200    0    741   1159    753    226   1.0325    0.016
B-n50-k7 	BT-3   50   16    200    1    741    985    769    243   1.0975    0.038
B-n50-k7 	BT-3   50   10    100    0    741    741    741    100   0.6171    0.000
B-n50-k7 	BT-3   50   10    100    1    741    741    741    100   0.6011    0.000
B-n50-k7 	BT-3   50    5     50    0    741    741    741     50   0.3364    0.000
B-n50-k7 	BT-3   50    5     50    1    741    741    741     50   0.3345    0.000
B-n50-k7 	BT-3   50   16    200    0    741   1159    753    226   1.0509    0.016
B-n50-k7 	BT-3   50   16    200    1    741    985    759    317   1.2926    0.024
B-n50-k7 	BT-3   50   10    100    0    741    741    741    100   0.6183    0.000
B-n50-k7 	BT-3   50   10    100    1    741    741    741    100   0.6035    0.000
B-n50-k7 	BT-3   50    5     50    0    741    741    741     50   0.3475    0.000
B-n50-k7 	BT-3   50    5     50    1    741    741    741     50   0.3337    0.000
B-n50-k7 	BT-3   50   16    200    0    741   1159    753    226   1.0603    0.016
B-n50-k7 	BT-3   50   16    200    1    741    985    764    239   1.0840    0.031
B-n50-k7 	BT-3   50   10    100    0    741    741    741    100   0.6195    0.000
B-n50-k7 	BT-3   50   10    100    1    741    741    741    100   0.6082    0.000
B-n50-k7 	BT-3   50    5     50    0    741    741    741     50   0.3399    0.000
B-n50-k7 	BT-3   50    5     50    1    741    741    741     50   0.3356    0.000
B-n50-k7 	BT-3   50   16    200    0    741   1159    753    226   1.0438    0.016
B-n50-k7 	BT-3   50   16    200    1    741    985    741    303   1.2301    0.000
B-n50-k7 	BT-3   50   10    100    0    741    741    741    100   0.6188    0.000
B-n50-k7 	BT-3   50   10    100    1    741    741    741    100   0.6169    0.000
B-n50-k7 	BT-3   50    5     50    0    741    741    741     50   0.3407    0.000
B-n50-k7 	BT-3   50    5     50    1    741    741    741     50   0.3373    0.000
B-n50-k7 	BT-3   50   16    200    0    741   1159    753    226   1.0534    0.016
B-n50-k7 	BT-3   50   16    200    1    741    985    746    409   1.4845    0.007
B-n50-k7 	BT-3   50   10    100    0    741    741    741    100   0.6112    0.000
B-n50-k7 	BT-3   50   10    100    1    741    741    741    100   0.6032    0.000
B-n50-k7 	BT-3   50    5     50    0    741    741    741     50   0.3400    0.000
B-n50-k7 	BT-3   50    5     50    1    741    741    741     50   0.3343    0.000
B-n50-k7 	BT-3   50   16    200    0    741   1159    753    226   1.0659    0.016
B-n50-k7 	BT-3   50   16    200    1    741    985    741    257   1.1280    0.000
B-n50-k7 	BT-3   50   10    100    0    741    741    741    100   0.6160    0.000
B-n50-k7 	BT-3   50   10    100    1    741    741    741    100   0.6036    0.000
B-n50-k7 	BT-3   50    5     50    0    741    741    741     50   0.3377    0.000
B-n50-k7 	BT-3   50    5     50    1    741    741    741     50   0.3346    0.000
B-n50-k7 	BT-3   50   16    200    0    741   1159    753    226   1.0334    0.016
B-n50-k7 	BT-3   50   16    200    1    741    985    741    257   1.1409    0.000
B-n50-k7 	BT-3   50   10    100    0    741    741    741    100   0.6166    0.000
B-n50-k7 	BT-3   50   10    100    1    741    741    741    100   0.6196    0.000
B-n50-k7 	BT-3   50    5     50    0    741    741    741     50   0.3432    0.000
B-n50-k7 	BT-3   50    5     50    1    741    741    741     50   0.3348    0.000
B-n50-k7 	BT-3   50   16    200    0    741   1159    755    279   1.1857    0.019
B-n50-k7 	BT-3   50   16    200    1    741    985    769    243   1.0880    0.038
B-n50-k7 	BT-3   50   10    100    0    741    741    741    100   0.6108    0.000
B-n50-k7 	BT-3   50   10    100    1    741    741    741    100   0.6072    0.000
B-n50-k7 	BT-3   50    5     50    0    741    741    741     50   0.3404    0.000
B-n50-k7 	BT-3   50    5     50    1    741    741    741     50   0.3337    0.000
B-n50-k7 	BT-3   50   16    200    0    741   1159    753    226   1.0406    0.016
B-n50-k7 	BT-3   50   16    200    1    741    985    741    264   1.1228    0.000
B-n50-k7 	BT-3   50   10    100    0    741    741    741    100   0.6218    0.000
B-n50-k7 	BT-3   50   10    100    1    741    741    741    100   0.6058    0.000
B-n50-k7 	BT-3   50    5     50    0    741    741    741     50   0.3421    0.000
B-n50-k7 	BT-3   50    5     50    1    741    741    741     50   0.3349    0.000
B-n50-k7 	BT-3   50   16    200    0    741   1159    741    232   1.0555    0.000
B-n50-k7 	BT-3   50   16    200    1    741    985    742    253   1.1348    0.001
B-n50-k7 	BT-3   50   10    100    0    741    741    741    100   0.6190    0.000
B-n50-k7 	BT-3   50   10    100    1    741    741    741    100   0.6126    0.000
B-n50-k7 	BT-3   50    5     50    0    741    741    741     50   0.3394    0.000
B-n50-k7 	BT-3   50    5     50    1    741    741    741     50   0.3362    0.000
B-n50-k7 	BT-3   50   16    200    0    741   1159    753    226   1.0938    0.016
B-n50-k7 	BT-3   50   16    200    1    741    985    745    236   1.0576    0.005
B-n50-k7 	BT-3   50   10    100    0    741    741    741    100   0.6176    0.000
B-n50-k7 	BT-3   50   10    100    1    741    741    741    100   0.6006    0.000
B-n50-k7 	BT-3   50    5     50    0    741    741    741     50   0.3379    0.000
B-n50-k7 	BT-3   50    5     50    1    741    741    741     50   0.3348    0.000
B-n50-k7 	BT-3   50   16    200    0    741   1159    753    226   1.0282    0.016
B-n50-k7 	BT-3   50   16    200    1    741    985    744    303   1.2421    0.004
B-n50-k7 	BT-3   50   10    100    0    741    741    741    100   0.6178    0.000
B-n50-k7 	BT-3   50   10    100    1    741    741    741    100   0.6039    0.000
B-n50-k7 	BT-3   50    5     50    0    741    741    741     50   0.3428    0.000
B-n50-k7 	BT-3   50    5     50    1    741    741    741     50   0.3343    0.000
B-n50-k7 	BT-3   50   16    200    0    741   1159    750    410   1.4806    0.012
B-n50-k7 	BT-3   50   16    200    1    741    985    755    244   1.0741    0.019
B-n50-k7 	BT-3   50   10    100    0    741    741    741    100   0.6192    0.000
B-n50-k7 	BT-3   50   10    100    1    741    741    741    100   0.6136    0.000
B-n50-k7 	BT-3   50    5     50    0    741    741    741     50   0.3390    0.000
B-n50-k7 	BT-3   50    5     50    1    741    741    741     50   0.3341    0.000
B-n50-k7 	BT-3   50   16    200    0    741   1159    741    371   1.3875    0.000
B-n50-k7 	BT-3   50   16    200    1    741    985    741    257   1.1300    0.000
B-n50-k7 	BT-3   50   10    100    0    741    741    741    100   0.6268    0.000
B-n50-k7 	BT-3   50   10    100    1    741    741    741    100   0.6067    0.000
B-n50-k7 	BT-3   50    5     50    0    741    741    741     50   0.3401    0.000
B-n50-k7 	BT-3   50    5     50    1    741    741    741     50   0.3463    0.000
B-n50-k7 	BT-3   50   16    200    0    741   1159    753    226   1.0870    0.016
B-n50-k7 	BT-3   50   16    200    1    741    985    741    257   1.1795    0.000
B-n50-k7 	BT-3   50   10    100    0    741    741    741    100   0.6169    0.000
B-n50-k7 	BT-3   50   10    100    1    741    741    741    100   0.6052    0.000
B-n50-k7 	BT-3   50    5     50    0    741    741    741     50   0.3414    0.000
B-n50-k7 	BT-3   50    5     50    1    741    741    741     50   0.3335    0.000
B-n50-k7 	BT-3   50   16    200    0    741   1159    753    226   1.0586    0.016
B-n50-k7 	BT-3   50   16    200    1    741    985    763    273   1.1465    0.030
B-n50-k7 	BT-3   50   10    100    0    741    741    741    100   0.6175    0.000
B-n50-k7 	BT-3   50   10    100    1    741    741    741    100   0.6090    0.000
B-n50-k7 	BT-3   50    5     50    0    741    741    741     50   0.3379    0.000
B-n50-k7 	BT-3   50    5     50    1    741    741    741     50   0.3345    0.000
B-n50-k7 	BT-3   50   16    200    0    741   1159    741    280   1.1715    0.000
B-n50-k7 	BT-3   50   16    200    1    741    985    744    329   1.2957    0.004
B-n50-k7 	BT-3   50   10    100    0    741    741    741    100   0.6216    0.000
B-n50-k7 	BT-3   50   10    100    1    741    741    741    100   0.6044    0.000
B-n50-k7 	BT-3   50    5     50    0    741    741    741     50   0.3378    0.000
B-n50-k7 	BT-3   50    5     50    1    741    741    741     50   0.3336    0.000
B-n50-k7 	BT-3   50   16    200    0    741   1159    753    226   1.0336    0.016
B-n50-k7 	BT-3   50   16    200    1    741    985    752    459   1.6326    0.015
B-n50-k7 	BT-3   50   10    100    0    741    741    741    100   0.6250    0.000
B-n50-k7 	BT-3   50   10    100    1    741    741    741    100   0.6124    0.000
B-n50-k7 	BT-3   50    5     50    0    741    741    741     50   0.3619    0.000
B-n50-k7 	BT-3   50    5     50    1    741    741    741     50   0.3424    0.000
B-n50-k7 	BT-3   50   16    200    0    741   1159    753    226   1.0341    0.016
B-n50-k7 	BT-3   50   16    200    1    741    985    744    365   1.3925    0.004
B-n50-k7 	BT-3   50   10    100    0    741    741    741    100   0.6188    0.000
B-n50-k7 	BT-3   50   10    100    1    741    741    741    100   0.6115    0.000
B-n50-k7 	BT-3   50    5     50    0    741    741    741     50   0.3358    0.000
B-n50-k7 	BT-3   50    5     50    1    741    741    741     50   0.3382    0.000
B-n50-k7 	BT-3   50   16    200    0    741   1159    753    226   1.0345    0.016
B-n50-k7 	BT-3   50   16    200    1    741    985    741    257   1.1496    0.000
B-n50-k7 	BT-3   50   10    100    0    741    741    741    100   0.6179    0.000
B-n50-k7 	BT-3   50   10    100    1    741    741    741    100   0.6067    0.000
B-n50-k7 	BT-3   50    5     50    0    741    741    741     50   0.3380    0.000
B-n50-k7 	BT-3   50    5     50    1    741    741    741     50   0.3373    0.000
B-n50-k7 	BT-3   50   16    200    0    741   1159    753    231   1.0611    0.016
B-n50-k7 	BT-3   50   16    200    1    741    985    747    262   1.1139    0.008
B-n50-k7 	BT-3   50   10    100    0    741    741    741    100   0.6211    0.000
B-n50-k7 	BT-3   50   10    100    1    741    741    741    100   0.6081    0.000
B-n50-k7 	BT-3   50    5     50    0    741    741    741     50   0.3388    0.000
B-n50-k7 	BT-3   50    5     50    1    741    741    741     50   0.3335    0.000
B-n50-k7 	BT-3   50   16    200    0    741   1159    753    226   1.0500    0.016
B-n50-k7 	BT-3   50   16    200    1    741    985    741    257   1.1433    0.000
B-n50-k7 	BT-3   50   10    100    0    741    741    741    100   0.6190    0.000
B-n50-k7 	BT-3   50   10    100    1    741    741    741    100   0.6206    0.000
B-n50-k7 	BT-3   50    5     50    0    741    741    741     50   0.3417    0.000
B-n50-k7 	BT-3   50    5     50    1    741    741    741     50   0.3372    0.000
B-n50-k7 	BT-3   50   16    200    0    741   1159    762    220   1.0280    0.028
B-n50-k7 	BT-3   50   16    200    1    741    985    784    232   1.0540    0.058
B-n50-k7 	BT-3   50   10    100    0    741    741    741    100   0.6394    0.000
B-n50-k7 	BT-3   50   10    100    1    741    741    741    100   0.6071    0.000
B-n50-k7 	BT-3   50    5     50    0    741    741    741     50   0.3374    0.000
B-n50-k7 	BT-3   50    5     50    1    741    741    741     50   0.3343    0.000
B-n50-k7 	BT-3   50   16    200    0    741   1159    753    226   1.0534    0.016
B-n50-k7 	BT-3   50   16    200    1    741    985    745    236   1.0658    0.005
B-n50-k7 	BT-3   50   10    100    0    741    741    741    100   0.6265    0.000
B-n50-k7 	BT-3   50   10    100    1    741    741    741    100   0.6005    0.000
B-n50-k7 	BT-3   50    5     50    0    741    741    741     50   0.3360    0.000
B-n50-k7 	BT-3   50    5     50    1    741    741    741     50   0.3351    0.000
B-n50-k7 	BT-3   50   16    200    0    741   1159    741    350   1.3137    0.000
B-n50-k7 	BT-3   50   16    200    1    741    985    750    255   1.0850    0.012
B-n50-k7 	BT-3   50   10    100    0    741    741    741    100   0.6210    0.000
B-n50-k7 	BT-3   50   10    100    1    741    741    741    100   0.6040    0.000
B-n50-k7 	BT-3   50    5     50    0    741    741    741     50   0.3402    0.000
B-n50-k7 	BT-3   50    5     50    1    741    741    741     50   0.3346    0.000
B-n50-k7 	BT-3   50   16    200    0    741   1159    753    226   1.0607    0.016
B-n50-k7 	BT-3   50   16    200    1    741    985    741    257   1.1382    0.000
B-n50-k7 	BT-3   50   10    100    0    741    741    741    100   0.6251    0.000
B-n50-k7 	BT-3   50   10    100    1    741    741    741    100   0.6093    0.000
B-n50-k7 	BT-3   50    5     50    0    741    741    741     50   0.3416    0.000
B-n50-k7 	BT-3   50    5     50    1    741    741    741     50   0.3359    0.000
B-n50-k7 	BT-3   50   16    200    0    741   1159    751    227   1.0584    0.013
B-n50-k7 	BT-3   50   16    200    1    741    985    764    239   1.0762    0.031
B-n50-k7 	BT-3   50   10    100    0    741    741    741    100   0.6202    0.000
B-n50-k7 	BT-3   50   10    100    1    741    741    741    100   0.6055    0.000
B-n50-k7 	BT-3   50    5     50    0    741    741    741     50   0.3396    0.000
B-n50-k7 	BT-3   50    5     50    1    741    741    741     50   0.3341    0.000
B-n50-k7 	BT-3   50   16    200    0    741   1159    746    258   1.1054    0.007
B-n50-k7 	BT-3   50   16    200    1    741    985    748    267   1.1345    0.009
B-n50-k7 	BT-3   50   10    100    0    741    741    741    100   0.6187    0.000
B-n50-k7 	BT-3   50   10    100    1    741    741    741    100   0.6072    0.000
B-n50-k7 	BT-3   50    5     50    0    741    741    741     50   0.3368    0.000
B-n50-k7 	BT-3   50    5     50    1    741    741    741     50   0.3348    0.000
B-n50-k7 	BT-3   50   16    200    0    741   1159    744    225   1.0268    0.004
B-n50-k7 	BT-3   50   16    200    1    741    985    742    260   1.1395    0.001
B-n50-k7 	BT-3   50   10    100    0    741    741    741    100   0.6206    0.000
B-n50-k7 	BT-3   50   10    100    1    741    741    741    100   0.6111    0.000
B-n50-k7 	BT-3   50    5     50    0    741    741    741     50   0.3414    0.000
B-n50-k7 	BT-3   50    5     50    1    741    741    741     50   0.3350    0.000
B-n50-k7 	BT-3   50   16    200    0    741   1159    745    278   1.1391    0.005
B-n50-k7 	BT-3   50   16    200    1    741    985    784    232   1.0645    0.058
B-n50-k7 	BT-3   50   10    100    0    741    741    741    100   0.6144    0.000
B-n50-k7 	BT-3   50   10    100    1    741    741    741    100   0.6077    0.000
B-n50-k7 	BT-3   50    5     50    0    741    741    741     50   0.3403    0.000
B-n50-k7 	BT-3   50    5     50    1    741    741    741     50   0.3337    0.000
B-n50-k7 	BT-3   50   16    200    0    741   1159    761    307   1.2193    0.027
B-n50-k7 	BT-3   50   16    200    1    741    985    742    294   1.2283    0.001
B-n50-k7 	BT-3   50   10    100    0    741    741    741    100   0.6210    0.000
B-n50-k7 	BT-3   50   10    100    1    741    741    741    100   0.6084    0.000
B-n50-k7 	BT-3   50    5     50    0    741    741    741     50   0.3385    0.000
B-n50-k7 	BT-3   50    5     50    1    741    741    741     50   0.3347    0.000
B-n50-k7 	BT-3   50   16    200    0    741   1159    753    226   1.0327    0.016
B-n50-k7 	BT-3   50   16    200    1    741    985    742    253   1.1341    0.001
B-n50-k7 	BT-3   50   10    100    0    741    741    741    100   0.6151    0.000
B-n50-k7 	BT-3   50   10    100    1    741    741    741    100   0.6044    0.000
B-n50-k7 	BT-3   50    5     50    0    741    741    741     50   0.3404    0.000
B-n50-k7 	BT-3   50    5     50    1    741    741    741     50   0.3377    0.000
B-n50-k7 	BT-3   50   16    200    0    741   1159    753    226   1.0243    0.016
B-n50-k7 	BT-3   50   16    200    1    741    985    770    231   1.0701    0.039
B-n50-k7 	BT-3   50   10    100    0    741    741    741    100   0.6184    0.000
B-n50-k7 	BT-3   50   10    100    1    741    741    741    100   0.6067    0.000
B-n50-k7 	BT-3   50    5     50    0    741    741    741     50   0.3684    0.000
B-n50-k7 	BT-3   50    5     50    1    741    741    741     50   0.3337    0.000
B-n50-k7 	BT-3   50   16    200    0    741   1159    753    226   1.0360    0.016
B-n50-k7 	BT-3   50   16    200    1    741    985    741    257   1.1341    0.000
B-n50-k7 	BT-3   50   10    100    0    741    741    741    100   0.6239    0.000
B-n50-k7 	BT-3   50   10    100    1    741    741    741    100   0.6071    0.000
B-n50-k7 	BT-3   50    5     50    0    741    741    741     50   0.3461    0.000
B-n50-k7 	BT-3   50    5     50    1    741    741    741     50   0.3405    0.000
B-n50-k7 	BT-3   50   16    200    0    741   1159    753    226   1.0454    0.016
B-n50-k7 	BT-3   50   16    200    1    741    985    753    237   1.0637    0.016
B-n50-k7 	BT-3   50   10    100    0    741    741    741    100   0.6178    0.000
B-n50-k7 	BT-3   50   10    100    1    741    741    741    100   0.6085    0.000
B-n50-k7 	BT-3   50    5     50    0    741    741    741     50   0.3372    0.000
B-n50-k7 	BT-3   50    5     50    1    741    741    741     50   0.3375    0.000
B-n50-k7 	BT-3   50   16    200    0    741   1159    753    226   1.0213    0.016
B-n50-k7 	BT-3   50   16    200    1    741    985    752    433   1.5299    0.015
B-n50-k7 	BT-3   50   10    100    0    741    741    741    100   0.6171    0.000
B-n50-k7 	BT-3   50   10    100    1    741    741    741    100   0.6047    0.000
B-n50-k7 	BT-3   50    5     50    0    741    741    741     50   0.3467    0.000
B-n50-k7 	BT-3   50    5     50    1    741    741    741     50   0.3358    0.000
B-n50-k7 	BT-3   50   16    200    0    741   1159    777    231   1.0663    0.049
B-n50-k7 	BT-3   50   16    200    1    741    985    757    321   1.3099    0.022
B-n50-k7 	BT-3   50   10    100    0    741    741    741    100   0.6065    0.000
B-n50-k7 	BT-3   50   10    100    1    741    741    741    100   0.6027    0.000
B-n50-k7 	BT-3   50    5     50    0    741    741    741     50   0.3516    0.000
B-n50-k7 	BT-3   50    5     50    1    741    741    741     50   0.3374    0.000
B-n50-k7 	BT-3   50   16    200    0    741   1159    755    225   1.0355    0.019
B-n50-k7 	BT-3   50   16    200    1    741    985    747    250   1.1257    0.008
B-n50-k7 	BT-3   50   10    100    0    741    741    741    100   0.6168    0.000
B-n50-k7 	BT-3   50   10    100    1    741    741    741    100   0.6074    0.000
B-n50-k7 	BT-3   50    5     50    0    741    741    741     50   0.3570    0.000
B-n50-k7 	BT-3   50    5     50    1    741    741    741     50   0.3342    0.000
B-n50-k7 	BT-3   50   16    200    0    741   1159    741    288   1.1954    0.000
B-n50-k7 	BT-3   50   16    200    1    741    985    784    232   1.0704    0.058
B-n50-k7 	BT-3   50   10    100    0    741    741    741    100   0.6154    0.000
B-n50-k7 	BT-3   50   10    100    1    741    741    741    100   0.6085    0.000
B-n50-k7 	BT-3   50    5     50    0    741    741    741     50   0.3418    0.000
B-n50-k7 	BT-3   50    5     50    1    741    741    741     50   0.3415    0.000
B-n50-k7 	BT-3   50   16    200    0    741   1159    753    226   1.0311    0.016
B-n50-k7 	BT-3   50   16    200    1    741    985    745    239   1.0664    0.005
B-n50-k7 	BT-3   50   10    100    0    741    741    741    100   0.6104    0.000
B-n50-k7 	BT-3   50   10    100    1    741    741    741    100   0.6059    0.000
B-n50-k7 	BT-3   50    5     50    0    741    741    741     50   0.3405    0.000
B-n50-k7 	BT-3   50    5     50    1    741    741    741     50   0.3371    0.000
B-n50-k7 	BT-3   50   16    200    0    741   1159    753    226   1.0280    0.016
B-n50-k7 	BT-3   50   16    200    1    741    985    745    355   1.3562    0.005
B-n50-k7 	BT-3   50   10    100    0    741    741    741    100   0.6219    0.000
B-n50-k7 	BT-3   50   10    100    1    741    741    741    100   0.6046    0.000
B-n50-k7 	BT-3   50    5     50    0    741    741    741     50   0.3401    0.000
B-n50-k7 	BT-3   50    5     50    1    741    741    741     50   0.3360    0.000
B-n50-k7 	BT-3   50   16    200    0    741   1159    753    226   1.0287    0.016
B-n50-k7 	BT-3   50   16    200    1    741    985    741    257   1.1294    0.000
B-n50-k7 	BT-3   50   10    100    0    741    741    741    100   0.6218    0.000
B-n50-k7 	BT-3   50   10    100    1    741    741    741    100   0.6095    0.000
B-n50-k7 	BT-3   50    5     50    0    741    741    741     50   0.3391    0.000
B-n50-k7 	BT-3   50    5     50    1    741    741    741     50   0.3361    0.000
B-n50-k7 	BT-3   50   16    200    0    741   1159    753    226   1.0329    0.016
B-n50-k7 	BT-3   50   16    200    1    741    985    741    276   1.1681    0.000
B-n50-k7 	BT-3   50   10    100    0    741    741    741    100   0.6252    0.000
B-n50-k7 	BT-3   50   10    100    1    741    741    741    100   0.6041    0.000
B-n50-k7 	BT-3   50    5     50    0    741    741    741     50   0.3404    0.000
B-n50-k7 	BT-3   50    5     50    1    741    741    741     50   0.3413    0.000
B-n50-k7 	BT-3   50   16    200    0    741   1159    757    255   1.1139    0.022
B-n50-k7 	BT-3   50   16    200    1    741    985    749    264   1.1363    0.011
B-n50-k7 	BT-3   50   10    100    0    741    741    741    100   0.6106    0.000
B-n50-k7 	BT-3   50   10    100    1    741    741    741    100   0.6047    0.000
B-n50-k7 	BT-3   50    5     50    0    741    741    741     50   0.3366    0.000
B-n50-k7 	BT-3   50    5     50    1    741    741    741     50   0.3373    0.000
B-n50-k7 	BT-3   50   16    200    0    741   1159    753    226   1.0476    0.016
B-n50-k7 	BT-3   50   16    200    1    741    985    741    257   1.1349    0.000
B-n50-k7 	BT-3   50   10    100    0    741    741    741    100   0.6081    0.000
B-n50-k7 	BT-3   50   10    100    1    741    741    741    100   0.6136    0.000
B-n50-k7 	BT-3   50    5     50    0    741    741    741     50   0.3402    0.000
B-n50-k7 	BT-3   50    5     50    1    741    741    741     50   0.3359    0.000
B-n50-k7 	BT-3   50   16    200    0    741   1159    753    226   1.0581    0.016
B-n50-k7 	BT-3   50   16    200    1    741    985    741    256   1.1089    0.000
B-n50-k7 	BT-3   50   10    100    0    741    741    741    100   0.6205    0.000
B-n50-k7 	BT-3   50   10    100    1    741    741    741    100   0.6098    0.000
B-n50-k7 	BT-3   50    5     50    0    741    741    741     50   0.3425    0.000
B-n50-k7 	BT-3   50    5     50    1    741    741    741     50   0.3358    0.000
B-n50-k7 	BT-3   50   16    200    0    741   1159    750    410   1.4728    0.012
B-n50-k7 	BT-3   50   16    200    1    741    985    741    257   1.1357    0.000
B-n50-k7 	BT-3   50   10    100    0    741    741    741    100   0.6126    0.000
B-n50-k7 	BT-3   50   10    100    1    741    741    741    100   0.6015    0.000
B-n50-k7 	BT-3   50    5     50    0    741    741    741     50   0.3385    0.000
B-n50-k7 	BT-3   50    5     50    1    741    741    741     50   0.3370    0.000
B-n50-k7 	BT-3   50   16    200    0    741   1159    743    242   1.0907    0.003
B-n50-k7 	BT-3   50   16    200    1    741    985    741    253   1.1272    0.000
B-n50-k7 	BT-3   50   10    100    0    741    741    741    100   0.6147    0.000
B-n50-k7 	BT-3   50   10    100    1    741    741    741    100   0.6051    0.000
B-n50-k7 	BT-3   50    5     50    0    741    741    741     50   0.3419    0.000
B-n50-k7 	BT-3   50    5     50    1    741    741    741     50   0.3385    0.000
B-n50-k7 	BT-3   50   16    200    0    741   1159    753    226   1.0283    0.016
B-n50-k7 	BT-3   50   16    200    1    741    985    745    259   1.1065    0.005
B-n50-k7 	BT-3   50   10    100    0    741    741    741    100   0.6153    0.000
B-n50-k7 	BT-3   50   10    100    1    741    741    741    100   0.6114    0.000
B-n50-k7 	BT-3   50    5     50    0    741    741    741     50   0.3394    0.000
B-n50-k7 	BT-3   50    5     50    1    741    741    741     50   0.3350    0.000
B-n50-k7 	BT-3   50   16    200    0    741   1159    758    233   1.0327    0.023
B-n50-k7 	BT-3   50   16    200    1    741    985    749    267   1.1460    0.011
B-n50-k7 	BT-3   50   10    100    0    741    741    741    100   0.6145    0.000
B-n50-k7 	BT-3   50   10    100    1    741    741    741    100   0.6380    0.000
B-n50-k7 	BT-3   50    5     50    0    741    741    741     50   0.3401    0.000
B-n50-k7 	BT-3   50    5     50    1    741    741    741     50   0.3343    0.000
B-n50-k7 	BT-3   50   16    200    0    741   1159    745    436   1.5576    0.005
B-n50-k7 	BT-3   50   16    200    1    741    985    746    346   1.3440    0.007
B-n50-k7 	BT-3   50   10    100    0    741    741    741    100   0.6247    0.000
B-n50-k7 	BT-3   50   10    100    1    741    741    741    100   0.6085    0.000
B-n50-k7 	BT-3   50    5     50    0    741    741    741     50   0.3377    0.000
B-n50-k7 	BT-3   50    5     50    1    741    741    741     50   0.3341    0.000
B-n50-k7 	BT-3   50   16    200    0    741   1159    751    228   1.0357    0.013
B-n50-k7 	BT-3   50   16    200    1    741    985    784    232   1.0635    0.058
B-n50-k7 	BT-3   50   10    100    0    741    741    741    100   0.6171    0.000
B-n50-k7 	BT-3   50   10    100    1    741    741    741    100   0.6045    0.000
B-n50-k7 	BT-3   50    5     50    0    741    741    741     50   0.3408    0.000
B-n50-k7 	BT-3   50    5     50    1    741    741    741     50   0.3378    0.000
B-n50-k7 	BT-3   50   16    200    0    741   1159    753    226   1.0732    0.016
B-n50-k7 	BT-3   50   16    200    1    741    985    741    257   1.1183    0.000
B-n50-k7 	BT-3   50   10    100    0    741    741    741    100   0.6171    0.000
B-n50-k7 	BT-3   50   10    100    1    741    741    741    100   0.6087    0.000
B-n50-k7 	BT-3   50    5     50    0    741    741    741     50   0.3362    0.000
B-n50-k7 	BT-3   50    5     50    1    741    741    741     50   0.3350    0.000
B-n50-k7 	BT-3   50   16    200    0    741   1159    753    226   1.0360    0.016
B-n50-k7 	BT-3   50   16    200    1    741    985    741    257   1.1349    0.000
B-n50-k7 	BT-3   50   10    100    0    741    741    741    100   0.6087    0.000
B-n50-k7 	BT-3   50   10    100    1    741    741    741    100   0.6111    0.000
B-n50-k7 	BT-3   50    5     50    0    741    741    741     50   0.3407    0.000
B-n50-k7 	BT-3   50    5     50    1    741    741    741     50   0.3345    0.000
B-n50-k7 	BT-3   50   16    200    0    741   1159    753    226   1.0367    0.016
B-n50-k7 	BT-3   50   16    200    1    741    985    748    457   1.6030    0.009
B-n50-k7 	BT-3   50   10    100    0    741    741    741    100   0.6212    0.000
B-n50-k7 	BT-3   50   10    100    1    741    741    741    100   0.6059    0.000
B-n50-k7 	BT-3   50    5     50    0    741    741    741     50   0.3416    0.000
B-n50-k7 	BT-3   50    5     50    1    741    741    741     50   0.3342    0.000
B-n50-k7 	BT-3   50   16    200    0    741   1159    750    300   1.2104    0.012
B-n50-k7 	BT-3   50   16    200    1    741    985    741    257   1.1338    0.000
B-n50-k7 	BT-3   50   10    100    0    741    741    741    100   0.6076    0.000
B-n50-k7 	BT-3   50   10    100    1    741    741    741    100   0.6120    0.000
B-n50-k7 	BT-3   50    5     50    0    741    741    741     50   0.3442    0.000
B-n50-k7 	BT-3   50    5     50    1    741    741    741     50   0.3345    0.000
B-n50-k7 	BT-3   50   16    200    0    741   1159    753    226   1.0345    0.016
B-n50-k7 	BT-3   50   16    200    1    741    985    744    259   1.1258    0.004
B-n50-k7 	BT-3   50   10    100    0    741    741    741    100   0.6179    0.000
B-n50-k7 	BT-3   50   10    100    1    741    741    741    100   0.6036    0.000
B-n50-k7 	BT-3   50    5     50    0    741    741    741     50   0.3406    0.000
B-n50-k7 	BT-3   50    5     50    1    741    741    741     50   0.3350    0.000
B-n50-k7 	BT-3   50   16    200    0    741   1159    749    317   1.3427    0.011
B-n50-k7 	BT-3   50   16    200    1    741    985    755    243   1.0810    0.019
B-n50-k7 	BT-3   50   10    100    0    741    741    741    100   0.6186    0.000
B-n50-k7 	BT-3   50   10    100    1    741    741    741    100   0.6049    0.000
B-n50-k7 	BT-3   50    5     50    0    741    741    741     50   0.3410    0.000
B-n50-k7 	BT-3   50    5     50    1    741    741    741     50   0.3345    0.000
B-n50-k7 	BT-3   50   16    200    0    741   1159    752    444   1.5750    0.015
B-n50-k7 	BT-3   50   16    200    1    741    985    749    300   1.2164    0.011
B-n50-k7 	BT-3   50   10    100    0    741    741    741    100   0.6236    0.000
B-n50-k7 	BT-3   50   10    100    1    741    741    741    100   0.6020    0.000
B-n50-k7 	BT-3   50    5     50    0    741    741    741     50   0.3414    0.000
B-n50-k7 	BT-3   50    5     50    1    741    741    741     50   0.3366    0.000
B-n50-k7 	BT-3   50   16    200    0    741   1159    747    241   1.0820    0.008
B-n50-k7 	BT-3   50   16    200    1    741    985    746    267   1.1608    0.007
B-n50-k7 	BT-3   50   10    100    0    741    741    741    100   0.6311    0.000
B-n50-k7 	BT-3   50   10    100    1    741    741    741    100   0.6030    0.000
B-n50-k7 	BT-3   50    5     50    0    741    741    741     50   0.3397    0.000
B-n50-k7 	BT-3   50    5     50    1    741    741    741     50   0.3347    0.000
B-n50-k7 	BT-3   50   16    200    0    741   1159    753    226   1.0273    0.016
B-n50-k7 	BT-3   50   16    200    1    741    985    745    347   1.3317    0.005
B-n50-k7 	BT-3   50   10    100    0    741    741    741    100   0.6121    0.000
B-n50-k7 	BT-3   50   10    100    1    741    741    741    100   0.6121    0.000
B-n50-k7 	BT-3   50    5     50    0    741    741    741     50   0.3400    0.000
B-n50-k7 	BT-3   50    5     50    1    741    741    741     50   0.3370    0.000
B-n50-k7 	BT-3   50   16    200    0    741   1159    753    226   1.0388    0.016
B-n50-k7 	BT-3   50   16    200    1    741    985    755    276   1.2377    0.019
B-n50-k7 	BT-3   50   10    100    0    741    741    741    100   0.6175    0.000
B-n50-k7 	BT-3   50   10    100    1    741    741    741    100   0.6190    0.000
B-n50-k7 	BT-3   50    5     50    0    741    741    741     50   0.3411    0.000
B-n50-k7 	BT-3   50    5     50    1    741    741    741     50   0.3376    0.000
B-n50-k7 	BT-3   50   16    200    0    741   1159    753    226   1.0446    0.016
B-n50-k7 	BT-3   50   16    200    1    741    985    762    279   1.1664    0.028
B-n50-k7 	BT-3   50   10    100    0    741    741    741    100   0.6131    0.000
B-n50-k7 	BT-3   50   10    100    1    741    741    741    100   0.6114    0.000
B-n50-k7 	BT-3   50    5     50    0    741    741    741     50   0.3382    0.000
B-n50-k7 	BT-3   50    5     50    1    741    741    741     50   0.3349    0.000
B-n50-k7 	BT-3   50   16    200    0    741   1159    753    226   1.0337    0.016
B-n50-k7 	BT-3   50   16    200    1    741    985    746    287   1.2189    0.007
B-n50-k7 	BT-3   50   10    100    0    741    741    741    100   0.6142    0.000
B-n50-k7 	BT-3   50   10    100    1    741    741    741    100   0.6135    0.000
B-n50-k7 	BT-3   50    5     50    0    741    741    741     50   0.3375    0.000
B-n50-k7 	BT-3   50    5     50    1    741    741    741     50   0.3353    0.000
B-n50-k7 	BT-3   50   16    200    0    741   1159    750    410   1.4769    0.012
B-n50-k7 	BT-3   50   16    200    1    741    985    745    295   1.2126    0.005
B-n50-k7 	BT-3   50   10    100    0    741    741    741    100   0.6080    0.000
B-n50-k7 	BT-3   50   10    100    1    741    741    741    100   0.6199    0.000
B-n50-k7 	BT-3   50    5     50    0    741    741    741     50   0.3378    0.000
B-n50-k7 	BT-3   50    5     50    1    741    741    741     50   0.3343    0.000
B-n50-k7 	BT-3   50   16    200    0    741   1159    753    226   1.0569    0.016
B-n50-k7 	BT-3   50   16    200    1    741    985    741    257   1.1498    0.000
B-n50-k7 	BT-3   50   10    100    0    741    741    741    100   0.6209    0.000
B-n50-k7 	BT-3   50   10    100    1    741    741    741    100   0.6076    0.000
B-n50-k7 	BT-3   50    5     50    0    741    741    741     50   0.3394    0.000
B-n50-k7 	BT-3   50    5     50    1    741    741    741     50   0.3339    0.000
B-n50-k7 	BT-3   50   16    200    0    741   1159    753    226   1.0482    0.016
B-n50-k7 	BT-3   50   16    200    1    741    985    741    257   1.1325    0.000
B-n50-k7 	BT-3   50   10    100    0    741    741    741    100   0.6280    0.000
B-n50-k7 	BT-3   50   10    100    1    741    741    741    100   0.6024    0.000
B-n50-k7 	BT-3   50    5     50    0    741    741    741     50   0.3428    0.000
B-n50-k7 	BT-3   50    5     50    1    741    741    741     50   0.3347    0.000
B-n50-k7 	BT-3   50   16    200    0    741   1159    753    226   1.0676    0.016
B-n50-k7 	BT-3   50   16    200    1    741    985    745    239   1.0815    0.005
B-n50-k7 	BT-3   50   10    100    0    741    741    741    100   0.6222    0.000
B-n50-k7 	BT-3   50   10    100    1    741    741    741    100   0.6058    0.000
B-n50-k7 	BT-3   50    5     50    0    741    741    741     50   0.3374    0.000
B-n50-k7 	BT-3   50    5     50    1    741    741    741     50   0.3345    0.000
B-n50-k7 	BT-3   50   16    200    0    741   1159    753    226   1.0326    0.016
B-n50-k7 	BT-3   50   16    200    1    741    985    748    341   1.2976    0.009
B-n50-k7 	BT-3   50   10    100    0    741    741    741    100   0.6126    0.000
B-n50-k7 	BT-3   50   10    100    1    741    741    741    100   0.6024    0.000
B-n50-k7 	BT-3   50    5     50    0    741    741    741     50   0.3404    0.000
B-n50-k7 	BT-3   50    5     50    1    741    741    741     50   0.3350    0.000
B-n50-k7 	BT-3   50   16    200    0    741   1159    764    223   1.0322    0.031
B-n50-k7 	BT-3   50   16    200    1    741    985    741    344   1.3768    0.000
B-n50-k7 	BT-3   50   10    100    0    741    741    741    100   0.6202    0.000
B-n50-k7 	BT-3   50   10    100    1    741    741    741    100   0.6074    0.000
B-n50-k7 	BT-3   50    5     50    0    741    741    741     50   0.3430    0.000
B-n50-k7 	BT-3   50    5     50    1    741    741    741     50   0.3352    0.000
B-n50-k7 	BT-3   50   16    200    0    741   1159    741    430   1.5415    0.000
B-n50-k7 	BT-3   50   16    200    1    741    985    752    277   1.1558    0.015
B-n50-k7 	BT-3   50   10    100    0    741    741    741    100   0.6152    0.000
B-n50-k7 	BT-3   50   10    100    1    741    741    741    100   0.6016    0.000
B-n50-k7 	BT-3   50    5     50    0    741    741    741     50   0.3365    0.000
B-n50-k7 	BT-3   50    5     50    1    741    741    741     50   0.3325    0.000
B-n50-k7 	BT-3   50   16    200    0    741   1159    753    226   1.0606    0.016
B-n50-k7 	BT-3   50   16    200    1    741    985    745    239   1.0506    0.005
B-n50-k7 	BT-3   50   10    100    0    741    741    741    100   0.6111    0.000
B-n50-k7 	BT-3   50   10    100    1    741    741    741    100   0.6012    0.000
B-n50-k7 	BT-3   50    5     50    0    741    741    741     50   0.3432    0.000
B-n50-k7 	BT-3   50    5     50    1    741    741    741     50   0.3340    0.000
B-n50-k7 	BT-3   50   16    200    0    741   1159    753    226   1.0276    0.016
B-n50-k7 	BT-3   50   16    200    1    741    985    741    257   1.1430    0.000
B-n50-k7 	BT-3   50   10    100    0    741    741    741    100   0.6153    0.000
B-n50-k7 	BT-3   50   10    100    1    741    741    741    100   0.6068    0.000
B-n50-k7 	BT-3   50    5     50    0    741    741    741     50   0.3397    0.000
B-n50-k7 	BT-3   50    5     50    1    741    741    741     50   0.3348    0.000
B-n50-k7 	BT-3   50   16    200    0    741   1159    753    226   1.0272    0.016
B-n50-k7 	BT-3   50   16    200    1    741    985    741    266   1.1403    0.000
B-n50-k7 	BT-3   50   10    100    0    741    741    741    100   0.6138    0.000
B-n50-k7 	BT-3   50   10    100    1    741    741    741    100   0.6085    0.000
B-n50-k7 	BT-3   50    5     50    0    741    741    741     50   0.3427    0.000
B-n50-k7 	BT-3   50    5     50    1    741    741    741     50   0.3348    0.000
B-n50-k7 	BT-3   50   16    200    0    741   1159    753    226   1.0340    0.016
B-n50-k7 	BT-3   50   16    200    1    741    985    753    289   1.2201    0.016
B-n50-k7 	BT-3   50   10    100    0    741    741    741    100   0.6187    0.000
B-n50-k7 	BT-3   50   10    100    1    741    741    741    100   0.6207    0.000
B-n50-k7 	BT-3   50    5     50    0    741    741    741     50   0.3378    0.000
B-n50-k7 	BT-3   50    5     50    1    741    741    741     50   0.3350    0.000
B-n50-k7 	BT-3   50   16    200    0    741   1159    753    226   1.0452    0.016
B-n50-k7 	BT-3   50   16    200    1    741    985    750    358   1.3647    0.012
B-n50-k7 	BT-3   50   10    100    0    741    741    741    100   0.6104    0.000
B-n50-k7 	BT-3   50   10    100    1    741    741    741    100   0.5987    0.000
B-n50-k7 	BT-3   50    5     50    0    741    741    741     50   0.3426    0.000
B-n50-k7 	BT-3   50    5     50    1    741    741    741     50   0.3404    0.000
B-n50-k7 	BT-3   50   16    200    0    741   1159    753    226   1.0347    0.016
B-n50-k7 	BT-3   50   16    200    1    741    985    741    266   1.1502    0.000
B-n50-k7 	BT-3   50   10    100    0    741    741    741    100   0.6141    0.000
B-n50-k7 	BT-3   50   10    100    1    741    741    741    100   0.6144    0.000
B-n50-k7 	BT-3   50    5     50    0    741    741    741     50   0.3382    0.000
B-n50-k7 	BT-3   50    5     50    1    741    741    741     50   0.3347    0.000
B-n50-k7 	BT-3   50   16    200    0    741   1159    753    226   1.0388    0.016
B-n50-k7 	BT-3   50   16    200    1    741    985    741    257   1.1454    0.000
B-n50-k7 	BT-3   50   10    100    0    741    741    741    100   0.6247    0.000
B-n50-k7 	BT-3   50   10    100    1    741    741    741    100   0.6020    0.000
B-n50-k7 	BT-3   50    5     50    0    741    741    741     50   0.3381    0.000
B-n50-k7 	BT-3   50    5     50    1    741    741    741     50   0.3350    0.000
B-n50-k7 	BT-3   50   16    200    0    741   1159    753    226   1.0239    0.016
B-n50-k7 	BT-3   50   16    200    1    741    985    747    360   1.3440    0.008
B-n50-k7 	BT-3   50   10    100    0    741    741    741    100   0.6151    0.000
B-n50-k7 	BT-3   50   10    100    1    741    741    741    100   0.6107    0.000
B-n50-k7 	BT-3   50    5     50    0    741    741    741     50   0.3399    0.000
B-n50-k7 	BT-3   50    5     50    1    741    741    741     50   0.3416    0.000
