B-n68-k9 	BT-1   68   22    272    0   1304   1513   1308    328   1.9969    0.003
B-n68-k9 	BT-1   68   22    272    1   1304   1513   1305    650   3.8064    0.001
B-n68-k9 	BT-1   68   13    136    0   1304   1305   1305    136   0.8822    0.001
B-n68-k9 	BT-1   68   13    136    1   1304   1305   1304    239   1.4673    0.000
B-n68-k9 	BT-1   68    6     68    0   1304   1304   1304     68   0.4983    0.000
B-n68-k9 	BT-1   68    6     68    1   1304   1304   1304     68   0.5087    0.000
B-n68-k9 	BT-2   68   22    272    0   1304   1513   1305    784   4.5285    0.001
B-n68-k9 	BT-2   68   22    272    1   1304   1513   1314    318   1.8645    0.008
B-n68-k9 	BT-2   68   13    136    0   1304   1330   1305    171   1.0875    0.001
B-n68-k9 	BT-2   68   13    136    1   1304   1305   1305    136   0.8893    0.001
B-n68-k9 	BT-2   68    6     68    0   1304   1330   1306     72   0.5222    0.002
B-n68-k9 	BT-2   68    6     68    1   1304   1305   1305     68   0.4984    0.001
B-n68-k9 	BT-3   68   22    272    0   1304   1513   1303    309   4.5247   -0.001
B-n68-k9 	BT-3   68   22    272    1   1304   1513   1308    313   4.4687    0.003
B-n68-k9 	BT-3   68   13    136    0   1304   1303   1300    139   2.4374   -0.003
B-n68-k9 	BT-3   68   13    136    1   1304   1303   1293    158   2.6096   -0.008
B-n68-k9 	BT-3   68    6     68    0   1304   1293   1290     79   1.3514   -0.011
B-n68-k9 	BT-3   68    6     68    1   1304   1293   1293     68   1.2904   -0.008
B-n68-k9 	BT-3   68   22    272    0   1304   1513   1303    309   4.3578   -0.001
B-n68-k9 	BT-3   68   22    272    1   1304   1513   1307    314   4.3679    0.002
B-n68-k9 	BT-3   68   13    136    0   1304   1290   1290    136   2.4584   -0.011
B-n68-k9 	BT-3   68   13    136    1   1304   1290   1290    136   2.4640   -0.011
B-n68-k9 	BT-3   68    6     68    0   1304   1290   1290     68   1.2915   -0.011
B-n68-k9 	BT-3   68    6     68    1   1304   1290   1290     68   1.2975   -0.011
B-n68-k9 	BT-3   68   22    272    0   1304   1513   1303    309   4.3254   -0.001
B-n68-k9 	BT-3   68   22    272    1   1304   1513   1307    314   4.3536    0.002
B-n68-k9 	BT-3   68   13    136    0   1304   1290   1290    136   2.4693   -0.011
B-n68-k9 	BT-3   68   13    136    1   1304   1290   1290    136   2.4442   -0.011
B-n68-k9 	BT-3   68    6     68    0   1304   1290   1290     68   1.3029   -0.011
B-n68-k9 	BT-3   68    6     68    1   1304   1290   1290     68   1.2932   -0.011
B-n68-k9 	BT-3   68   22    272    0   1304   1513   1303    309   4.3733   -0.001
B-n68-k9 	BT-3   68   22    272    1   1304   1513   1296    454   5.0932   -0.006
B-n68-k9 	BT-3   68   13    136    0   1304   1290   1290    136   2.4806   -0.011
B-n68-k9 	BT-3   68   13    136    1   1304   1290   1290    136   2.4537   -0.011
B-n68-k9 	BT-3   68    6     68    0   1304   1290   1290     68   1.2865   -0.011
B-n68-k9 	BT-3   68    6     68    1   1304   1290   1290     68   1.2902   -0.011
B-n68-k9 	BT-3   68   22    272    0   1304   1513   1303    309   4.3872   -0.001
B-n68-k9 	BT-3   68   22    272    1   1304   1513   1307    314   4.3828    0.002
B-n68-k9 	BT-3   68   13    136    0   1304   1290   1290    136   2.4503   -0.011
B-n68-k9 	BT-3   68   13    136    1   1304   1290   1290    136   2.4572   -0.011
B-n68-k9 	BT-3   68    6     68    0   1304   1290   1290     68   1.2978   -0.011
B-n68-k9 	BT-3   68    6     68    1   1304   1290   1290     68   1.3184   -0.011
B-n68-k9 	BT-3   68   22    272    0   1304   1513   1303    309   4.3613   -0.001
B-n68-k9 	BT-3   68   22    272    1   1304   1513   1307    314   4.3848    0.002
B-n68-k9 	BT-3   68   13    136    0   1304   1290   1290    136   2.4977   -0.011
B-n68-k9 	BT-3   68   13    136    1   1304   1290   1290    136   2.4622   -0.011
B-n68-k9 	BT-3   68    6     68    0   1304   1290   1290     68   1.2906   -0.011
B-n68-k9 	BT-3   68    6     68    1   1304   1290   1290     68   1.2858   -0.011
B-n68-k9 	BT-3   68   22    272    0   1304   1513   1297    325   4.4084   -0.005
B-n68-k9 	BT-3   68   22    272    1   1304   1513   1307    314   4.3703    0.002
B-n68-k9 	BT-3   68   13    136    0   1304   1290   1290    136   2.4620   -0.011
B-n68-k9 	BT-3   68   13    136    1   1304   1290   1290    136   2.4903   -0.011
B-n68-k9 	BT-3   68    6     68    0   1304   1290   1290     68   1.2843   -0.011
B-n68-k9 	BT-3   68    6     68    1   1304   1290   1290     68   1.2909   -0.011
B-n68-k9 	BT-3   68   22    272    0   1304   1513   1303    309   4.3643   -0.001
B-n68-k9 	BT-3   68   22    272    1   1304   1513   1297    407   4.9558   -0.005
B-n68-k9 	BT-3   68   13    136    0   1304   1290   1290    136   2.4639   -0.011
B-n68-k9 	BT-3   68   13    136    1   1304   1290   1290    136   2.4619   -0.011
B-n68-k9 	BT-3   68    6     68    0   1304   1290   1290     68   1.2878   -0.011
B-n68-k9 	BT-3   68    6     68    1   1304   1290   1290     68   1.2903   -0.011
B-n68-k9 	BT-3   68   22    272    0   1304   1513   1303    309   4.3695   -0.001
B-n68-k9 	BT-3   68   22    272    1   1304   1513   1307    314   4.4097    0.002
B-n68-k9 	BT-3   68   13    136    0   1304   1290   1290    136   2.4618   -0.011
B-n68-k9 	BT-3   68   13    136    1   1304   1290   1290    136   2.4667   -0.011
B-n68-k9 	BT-3   68    6     68    0   1304   1290   1290     68   1.2923   -0.011
B-n68-k9 	BT-3   68    6     68    1   1304   1290   1290     68   1.3107   -0.011
B-n68-k9 	BT-3   68   22    272    0   1304   1513   1303    309   4.3798   -0.001
B-n68-k9 	BT-3   68   22    272    1   1304   1513   1302    311   4.3851   -0.002
B-n68-k9 	BT-3   68   13    136    0   1304   1290   1290    136   2.4646   -0.011
B-n68-k9 	BT-3   68   13    136    1   1304   1290   1290    136   2.4596   -0.011
B-n68-k9 	BT-3   68    6     68    0   1304   1290   1290     68   1.3009   -0.011
B-n68-k9 	BT-3   68    6     68    1   1304   1290   1290     68   1.2921   -0.011
B-n68-k9 	BT-3   68   22    272    0   1304   1513   1303    309   4.3655   -0.001
B-n68-k9 	BT-3   68   22    272    1   1304   1513   1307    314   4.3865    0.002
B-n68-k9 	BT-3   68   13    136    0   1304   1290   1290    136   2.4522   -0.011
B-n68-k9 	BT-3   68   13    136    1   1304   1290   1290    136   2.4549   -0.011
B-n68-k9 	BT-3   68    6     68    0   1304   1290   1290     68   1.2894   -0.011
B-n68-k9 	BT-3   68    6     68    1   1304   1290   1290     68   1.2879   -0.011
B-n68-k9 	BT-3   68   22    272    0   1304   1513   1303    309   4.3652   -0.001
B-n68-k9 	BT-3   68   22    272    1   1304   1513   1307    314   4.4156    0.002
B-n68-k9 	BT-3   68   13    136    0   1304   1290   1290    136   2.4603   -0.011
B-n68-k9 	BT-3   68   13    136    1   1304   1290   1290    136   2.4692   -0.011
B-n68-k9 	BT-3   68    6     68    0   1304   1290   1290     68   1.2926   -0.011
B-n68-k9 	BT-3   68    6     68    1   1304   1290   1290     68   1.2895   -0.011
B-n68-k9 	BT-3   68   22    272    0   1304   1513   1303    309   4.4059   -0.001
B-n68-k9 	BT-3   68   22    272    1   1304   1513   1307    314   4.3700    0.002
B-n68-k9 	BT-3   68   13    136    0   1304   1290   1290    136   2.4660   -0.011
B-n68-k9 	BT-3   68   13    136    1   1304   1290   1290    136   2.4474   -0.011
B-n68-k9 	BT-3   68    6     68    0   1304   1290   1290     68   1.3001   -0.011
B-n68-k9 	BT-3   68    6     68    1   1304   1290   1290     68   1.2886   -0.011
B-n68-k9 	BT-3   68   22    272    0   1304   1513   1303    309   4.3641   -0.001
B-n68-k9 	BT-3   68   22    272    1   1304   1513   1307    314   4.4239    0.002
B-n68-k9 	BT-3   68   13    136    0   1304   1290   1290    136   2.4682   -0.011
B-n68-k9 	BT-3   68   13    136    1   1304   1290   1290    136   2.4540   -0.011
B-n68-k9 	BT-3   68    6     68    0   1304   1290   1290     68   1.3799   -0.011
B-n68-k9 	BT-3   68    6     68    1   1304   1290   1290     68   1.2905   -0.011
B-n68-k9 	BT-3   68   22    272    0   1304   1513   1303    309   4.3887   -0.001
B-n68-k9 	BT-3   68   22    272    1   1304   1513   1298    377   4.7258   -0.005
B-n68-k9 	BT-3   68   13    136    0   1304   1290   1290    136   2.4645   -0.011
B-n68-k9 	BT-3   68   13    136    1   1304   1290   1290    136   2.4792   -0.011
B-n68-k9 	BT-3   68    6     68    0   1304   1290   1290     68   1.2888   -0.011
B-n68-k9 	BT-3   68    6     68    1   1304   1290   1290     68   1.3068   -0.011
B-n68-k9 	BT-3   68   22    272    0   1304   1513   1303    309   4.3490   -0.001
B-n68-k9 	BT-3   68   22    272    1   1304   1513   1307    314   4.4201    0.002
B-n68-k9 	BT-3   68   13    136    0   1304   1290   1290    136   2.4480   -0.011
B-n68-k9 	BT-3   68   13    136    1   1304   1290   1290    136   2.4551   -0.011
B-n68-k9 	BT-3   68    6     68    0   1304   1290   1290     68   1.2952   -0.011
B-n68-k9 	BT-3   68    6     68    1   1304   1290   1290     68   1.2910   -0.011
B-n68-k9 	BT-3   68   22    272    0   1304   1513   1303    309   4.3531   -0.001
B-n68-k9 	BT-3   68   22    272    1   1304   1513   1307    314   4.3666    0.002
B-n68-k9 	BT-3   68   13    136    0   1304   1290   1290    136   2.4583   -0.011
B-n68-k9 	BT-3   68   13    136    1   1304   1290   1290    136   2.4887   -0.011
B-n68-k9 	BT-3   68    6     68    0   1304   1290   1290     68   1.2911   -0.011
B-n68-k9 	BT-3   68    6     68    1   1304   1290   1290     68   1.2931   -0.011
B-n68-k9 	BT-3   68   22    272    0   1304   1513   1303    309   4.3492   -0.001
B-n68-k9 	BT-3   68   22    272    1   1304   1513   1307    313   4.4141    0.002
B-n68-k9 	BT-3   68   13    136    0   1304   1290   1290    136   2.4601   -0.011
B-n68-k9 	BT-3   68   13    136    1   1304   1290   1290    136   2.4525   -0.011
B-n68-k9 	BT-3   68    6     68    0   1304   1290   1290     68   1.2981   -0.011
B-n68-k9 	BT-3   68    6     68    1   1304   1290   1290     68   1.3047   -0.011
B-n68-k9 	BT-3   68   22    272    0   1304   1513   1302    310   4.3044   -0.002
B-n68-k9 	BT-3   68   22    272    1   1304   1513   1307    314   4.4044    0.002
B-n68-k9 	BT-3   68   13    136    0   1304   1290   1290    136   2.4563   -0.011
B-n68-k9 	BT-3   68   13    136    1   1304   1290   1290    136   2.4662   -0.011
B-n68-k9 	BT-3   68    6     68    0   1304   1290   1290     68   1.2915   -0.011
B-n68-k9 	BT-3   68    6     68    1   1304   1290   1290     68   1.2951   -0.011
B-n68-k9 	BT-3   68   22    272    0   1304   1513   1303    309   4.3528   -0.001
B-n68-k9 	BT-3   68   22    272    1   1304   1513   1307    314   4.3878    0.002
B-n68-k9 	BT-3   68   13    136    0   1304   1290   1290    136   2.4706   -0.011
B-n68-k9 	BT-3   68   13    136    1   1304   1290   1290    136   2.4996   -0.011
B-n68-k9 	BT-3   68    6     68    0   1304   1290   1290     68   1.2942   -0.011
B-n68-k9 	BT-3   68    6     68    1   1304   1290   1290     68   1.2956   -0.011
B-n68-k9 	BT-3   68   22    272    0   1304   1513   1294    321   4.4019   -0.008
B-n68-k9 	BT-3   68   22    272    1   1304   1513   1307    314   4.4165    0.002
B-n68-k9 	BT-3   68   13    136    0   1304   1290   1290    136   2.4541   -0.011
B-n68-k9 	BT-3   68   13    136    1   1304   1290   1290    136   2.4535   -0.011
B-n68-k9 	BT-3   68    6     68    0   1304   1290   1290     68   1.2968   -0.011
B-n68-k9 	BT-3   68    6     68    1   1304   1290   1290     68   1.2921   -0.011
B-n68-k9 	BT-3   68   22    272    0   1304   1513   1303    309   4.3779   -0.001
B-n68-k9 	BT-3   68   22    272    1   1304   1513   1297    565   5.8239   -0.005
B-n68-k9 	BT-3   68   13    136    0   1304   1290   1290    136   2.4703   -0.011
B-n68-k9 	BT-3   68   13    136    1   1304   1290   1290    136   2.4667   -0.011
B-n68-k9 	BT-3   68    6     68    0   1304   1290   1290     68   1.2902   -0.011
B-n68-k9 	BT-3   68    6     68    1   1304   1290   1290     68   1.2892   -0.011
B-n68-k9 	BT-3   68   22    272    0   1304   1513   1301    311   4.3557   -0.002
B-n68-k9 	BT-3   68   22    272    1   1304   1513   1292    443   5.0986   -0.009
B-n68-k9 	BT-3   68   13    136    0   1304   1290   1290    136   2.4552   -0.011
B-n68-k9 	BT-3   68   13    136    1   1304   1290   1290    136   2.4508   -0.011
B-n68-k9 	BT-3   68    6     68    0   1304   1290   1290     68   1.2912   -0.011
B-n68-k9 	BT-3   68    6     68    1   1304   1290   1290     68   1.2916   -0.011
B-n68-k9 	BT-3   68   22    272    0   1304   1513   1297    329   4.4128   -0.005
B-n68-k9 	BT-3   68   22    272    1   1304   1513   1307    314   4.4242    0.002
B-n68-k9 	BT-3   68   13    136    0   1304   1290   1290    136   2.4756   -0.011
B-n68-k9 	BT-3   68   13    136    1   1304   1290   1290    136   2.4593   -0.011
B-n68-k9 	BT-3   68    6     68    0   1304   1290   1290     68   1.2936   -0.011
B-n68-k9 	BT-3   68    6     68    1   1304   1290   1290     68   1.2909   -0.011
B-n68-k9 	BT-3   68   22    272    0   1304   1513   1303    309   4.3630   -0.001
B-n68-k9 	BT-3   68   22    272    1   1304   1513   1295    551   5.6554   -0.007
B-n68-k9 	BT-3   68   13    136    0   1304   1290   1290    136   2.4927   -0.011
B-n68-k9 	BT-3   68   13    136    1   1304   1290   1290    136   2.4487   -0.011
B-n68-k9 	BT-3   68    6     68    0   1304   1290   1290     68   1.2932   -0.011
B-n68-k9 	BT-3   68    6     68    1   1304   1290   1290     68   1.2893   -0.011
B-n68-k9 	BT-3   68   22    272    0   1304   1513   1303    309   4.3601   -0.001
B-n68-k9 	BT-3   68   22    272    1   1304   1513   1307    314   4.3976    0.002
B-n68-k9 	BT-3   68   13    136    0   1304   1290   1290    136   2.4751   -0.011
B-n68-k9 	BT-3   68   13    136    1   1304   1290   1290    136   2.4612   -0.011
B-n68-k9 	BT-3   68    6     68    0   1304   1290   1290     68   1.2880   -0.011
B-n68-k9 	BT-3   68    6     68    1   1304   1290   1290     68   1.3025   -0.011
B-n68-k9 	BT-3   68   22    272    0   1304   1513   1303    330   4.4457   -0.001
B-n68-k9 	BT-3   68   22    272    1   1304   1513   1310    381   4.7682    0.005
B-n68-k9 	BT-3   68   13    136    0   1304   1290   1290    136   2.4739   -0.011
B-n68-k9 	BT-3   68   13    136    1   1304   1290   1290    136   2.4520   -0.011
B-n68-k9 	BT-3   68    6     68    0   1304   1290   1290     68   1.3012   -0.011
B-n68-k9 	BT-3   68    6     68    1   1304   1290   1290     68   1.2910   -0.011
B-n68-k9 	BT-3   68   22    272    0   1304   1513   1288    634   6.0622   -0.012
B-n68-k9 	BT-3   68   22    272    1   1304   1513   1306    340   4.5289    0.002
B-n68-k9 	BT-3   68   13    136    0   1304   1288   1288    136   2.5530   -0.012
B-n68-k9 	BT-3   68   13    136    1   1304   1288   1288    136   2.4910   -0.012
B-n68-k9 	BT-3   68    6     68    0   1304   1288   1288     68   1.2858   -0.012
B-n68-k9 	BT-3   68    6     68    1   1304   1288   1288     68   1.2659   -0.012
B-n68-k9 	BT-3   68   22    272    0   1304   1513   1303    309   4.3457   -0.001
B-n68-k9 	BT-3   68   22    272    1   1304   1513   1307    314   4.3940    0.002
B-n68-k9 	BT-3   68   13    136    0   1304   1288   1288    136   2.4516   -0.012
B-n68-k9 	BT-3   68   13    136    1   1304   1288   1288    136   2.4234   -0.012
B-n68-k9 	BT-3   68    6     68    0   1304   1288   1288     68   1.2876   -0.012
B-n68-k9 	BT-3   68    6     68    1   1304   1288   1288     68   1.2616   -0.012
B-n68-k9 	BT-3   68   22    272    0   1304   1513   1303    309   4.5076   -0.001
B-n68-k9 	BT-3   68   22    272    1   1304   1513   1300    396   5.0010   -0.003
B-n68-k9 	BT-3   68   13    136    0   1304   1288   1288    136   2.4550   -0.012
B-n68-k9 	BT-3   68   13    136    1   1304   1288   1288    136   2.3932   -0.012
B-n68-k9 	BT-3   68    6     68    0   1304   1288   1288     68   1.2926   -0.012
B-n68-k9 	BT-3   68    6     68    1   1304   1288   1288     68   1.2606   -0.012
B-n68-k9 	BT-3   68   22    272    0   1304   1513   1297    308   4.3441   -0.005
B-n68-k9 	BT-3   68   22    272    1   1304   1513   1307    314   4.3789    0.002
B-n68-k9 	BT-3   68   13    136    0   1304   1288   1288    136   2.4552   -0.012
B-n68-k9 	BT-3   68   13    136    1   1304   1288   1288    136   2.4213   -0.012
B-n68-k9 	BT-3   68    6     68    0   1304   1288   1288     68   1.3277   -0.012
B-n68-k9 	BT-3   68    6     68    1   1304   1288   1288     68   1.3056   -0.012
B-n68-k9 	BT-3   68   22    272    0   1304   1513   1303    309   4.3500   -0.001
B-n68-k9 	BT-3   68   22    272    1   1304   1513   1307    314   4.3926    0.002
B-n68-k9 	BT-3   68   13    136    0   1304   1288   1288    136   2.4591   -0.012
B-n68-k9 	BT-3   68   13    136    1   1304   1288   1288    136   2.3938   -0.012
B-n68-k9 	BT-3   68    6     68    0   1304   1288   1288     68   1.2839   -0.012
B-n68-k9 	BT-3   68    6     68    1   1304   1288   1288     68   1.2583   -0.012
B-n68-k9 	BT-3   68   22    272    0   1304   1513   1303    309   4.3478   -0.001
B-n68-k9 	BT-3   68   22    272    1   1304   1513   1307    314   4.3768    0.002
B-n68-k9 	BT-3   68   13    136    0   1304   1288   1288    136   2.5662   -0.012
B-n68-k9 	BT-3   68   13    136    1   1304   1288   1288    136   2.5286   -0.012
B-n68-k9 	BT-3   68    6     68    0   1304   1288   1288     68   1.2919   -0.012
B-n68-k9 	BT-3   68    6     68    1   1304   1288   1288     68   1.2606   -0.012
B-n68-k9 	BT-3   68   22    272    0   1304   1513   1296    398   4.8461   -0.006
B-n68-k9 	BT-3   68   22    272    1   1304   1513   1305    590   6.0612    0.001
B-n68-k9 	BT-3   68   13    136    0   1304   1288   1288    136   2.4725   -0.012
B-n68-k9 	BT-3   68   13    136    1   1304   1288   1288    136   2.4084   -0.012
B-n68-k9 	BT-3   68    6     68    0   1304   1288   1288     68   1.3068   -0.012
B-n68-k9 	BT-3   68    6     68    1   1304   1288   1288     68   1.2862   -0.012
B-n68-k9 	BT-3   68   22    272    0   1304   1513   1303    309   4.5043   -0.001
B-n68-k9 	BT-3   68   22    272    1   1304   1513   1296    526   5.8121   -0.006
B-n68-k9 	BT-3   68   13    136    0   1304   1288   1288    136   2.4550   -0.012
B-n68-k9 	BT-3   68   13    136    1   1304   1288   1288    136   2.3928   -0.012
B-n68-k9 	BT-3   68    6     68    0   1304   1288   1288     68   1.2842   -0.012
B-n68-k9 	BT-3   68    6     68    1   1304   1288   1288     68   1.2625   -0.012
B-n68-k9 	BT-3   68   22    272    0   1304   1513   1303    309   4.3601   -0.001
B-n68-k9 	BT-3   68   22    272    1   1304   1513   1307    314   4.3855    0.002
B-n68-k9 	BT-3   68   13    136    0   1304   1288   1288    136   2.4534   -0.012
B-n68-k9 	BT-3   68   13    136    1   1304   1288   1288    136   2.4067   -0.012
B-n68-k9 	BT-3   68    6     68    0   1304   1288   1288     68   1.3344   -0.012
B-n68-k9 	BT-3   68    6     68    1   1304   1288   1288     68   1.3063   -0.012
B-n68-k9 	BT-3   68   22    272    0   1304   1513   1305    364   4.5736    0.001
B-n68-k9 	BT-3   68   22    272    1   1304   1513   1297    335   4.5683   -0.005
B-n68-k9 	BT-3   68   13    136    0   1304   1288   1288    136   2.4429   -0.012
B-n68-k9 	BT-3   68   13    136    1   1304   1288   1288    136   2.3989   -0.012
B-n68-k9 	BT-3   68    6     68    0   1304   1288   1288     68   1.3128   -0.012
B-n68-k9 	BT-3   68    6     68    1   1304   1288   1288     68   1.2614   -0.012
B-n68-k9 	BT-3   68   22    272    0   1304   1513   1303    309   4.3390   -0.001
B-n68-k9 	BT-3   68   22    272    1   1304   1513   1294    490   5.3445   -0.008
B-n68-k9 	BT-3   68   13    136    0   1304   1288   1288    136   2.4669   -0.012
B-n68-k9 	BT-3   68   13    136    1   1304   1288   1288    136   2.3922   -0.012
B-n68-k9 	BT-3   68    6     68    0   1304   1288   1288     68   1.2945   -0.012
B-n68-k9 	BT-3   68    6     68    1   1304   1288   1288     68   1.2665   -0.012
B-n68-k9 	BT-3   68   22    272    0   1304   1513   1303    309   4.5376   -0.001
B-n68-k9 	BT-3   68   22    272    1   1304   1513   1283    566   6.0557   -0.016
B-n68-k9 	BT-3   68   13    136    0   1304   1283   1283    136   2.4508   -0.016
B-n68-k9 	BT-3   68   13    136    1   1304   1283   1283    136   2.4792   -0.016
B-n68-k9 	BT-3   68    6     68    0   1304   1283   1283     68   1.2908   -0.016
B-n68-k9 	BT-3   68    6     68    1   1304   1283   1283     68   1.3044   -0.016
B-n68-k9 	BT-3   68   22    272    0   1304   1513   1296    309   4.4276   -0.006
B-n68-k9 	BT-3   68   22    272    1   1304   1513   1307    314   4.4142    0.002
B-n68-k9 	BT-3   68   13    136    0   1304   1283   1283    136   2.4701   -0.016
B-n68-k9 	BT-3   68   13    136    1   1304   1283   1283    136   2.4534   -0.016
B-n68-k9 	BT-3   68    6     68    0   1304   1283   1283     68   1.3383   -0.016
B-n68-k9 	BT-3   68    6     68    1   1304   1283   1283     68   1.3471   -0.016
B-n68-k9 	BT-3   68   22    272    0   1304   1513   1303    309   4.3649   -0.001
B-n68-k9 	BT-3   68   22    272    1   1304   1513   1307    314   4.3796    0.002
B-n68-k9 	BT-3   68   13    136    0   1304   1283   1283    136   2.4823   -0.016
B-n68-k9 	BT-3   68   13    136    1   1304   1283   1283    136   2.4674   -0.016
B-n68-k9 	BT-3   68    6     68    0   1304   1283   1283     68   1.2934   -0.016
B-n68-k9 	BT-3   68    6     68    1   1304   1283   1283     68   1.3034   -0.016
B-n68-k9 	BT-3   68   22    272    0   1304   1513   1303    309   4.3439   -0.001
B-n68-k9 	BT-3   68   22    272    1   1304   1513   1307    314   4.4226    0.002
B-n68-k9 	BT-3   68   13    136    0   1304   1283   1283    136   2.5389   -0.016
B-n68-k9 	BT-3   68   13    136    1   1304   1283   1283    136   2.5672   -0.016
B-n68-k9 	BT-3   68    6     68    0   1304   1283   1283     68   1.3151   -0.016
B-n68-k9 	BT-3   68    6     68    1   1304   1283   1283     68   1.3020   -0.016
B-n68-k9 	BT-3   68   22    272    0   1304   1513   1303    309   4.3800   -0.001
B-n68-k9 	BT-3   68   22    272    1   1304   1513   1307    314   4.3957    0.002
B-n68-k9 	BT-3   68   13    136    0   1304   1283   1283    136   2.4836   -0.016
B-n68-k9 	BT-3   68   13    136    1   1304   1283   1283    136   2.4752   -0.016
B-n68-k9 	BT-3   68    6     68    0   1304   1283   1283     68   1.2882   -0.016
B-n68-k9 	BT-3   68    6     68    1   1304   1283   1283     68   1.3051   -0.016
B-n68-k9 	BT-3   68   22    272    0   1304   1513   1301    308   4.5479   -0.002
B-n68-k9 	BT-3   68   22    272    1   1304   1513   1308    313   4.5185    0.003
B-n68-k9 	BT-3   68   13    136    0   1304   1283   1283    136   2.4658   -0.016
B-n68-k9 	BT-3   68   13    136    1   1304   1283   1283    136   2.4585   -0.016
B-n68-k9 	BT-3   68    6     68    0   1304   1283   1283     68   1.3231   -0.016
B-n68-k9 	BT-3   68    6     68    1   1304   1283   1283     68   1.3054   -0.016
B-n68-k9 	BT-3   68   22    272    0   1304   1513   1303    309   4.3258   -0.001
B-n68-k9 	BT-3   68   22    272    1   1304   1513   1307    314   4.4024    0.002
B-n68-k9 	BT-3   68   13    136    0   1304   1283   1283    136   2.4698   -0.016
B-n68-k9 	BT-3   68   13    136    1   1304   1283   1283    136   2.4808   -0.016
B-n68-k9 	BT-3   68    6     68    0   1304   1283   1283     68   1.3363   -0.016
B-n68-k9 	BT-3   68    6     68    1   1304   1283   1283     68   1.3841   -0.016
B-n68-k9 	BT-3   68   22    272    0   1304   1513   1294    433   5.0330   -0.008
B-n68-k9 	BT-3   68   22    272    1   1304   1513   1307    314   4.3851    0.002
B-n68-k9 	BT-3   68   13    136    0   1304   1283   1283    136   2.4527   -0.016
B-n68-k9 	BT-3   68   13    136    1   1304   1283   1283    136   2.5036   -0.016
B-n68-k9 	BT-3   68    6     68    0   1304   1283   1283     68   1.2905   -0.016
B-n68-k9 	BT-3   68    6     68    1   1304   1283   1283     68   1.3068   -0.016
B-n68-k9 	BT-3   68   22    272    0   1304   1513   1290    505   5.4480   -0.011
B-n68-k9 	BT-3   68   22    272    1   1304   1513   1331    300   4.2990    0.021
B-n68-k9 	BT-3   68   13    136    0   1304   1283   1283    136   2.5590   -0.016
B-n68-k9 	BT-3   68   13    136    1   1304   1283   1283    136   2.5716   -0.016
B-n68-k9 	BT-3   68    6     68    0   1304   1283   1283     68   1.2840   -0.016
B-n68-k9 	BT-3   68    6     68    1   1304   1283   1283     68   1.3018   -0.016
B-n68-k9 	BT-3   68   22    272    0   1304   1513   1303    309   4.3593   -0.001
B-n68-k9 	BT-3   68   22    272    1   1304   1513   1307    314   4.3805    0.002
B-n68-k9 	BT-3   68   13    136    0   1304   1283   1283    136   2.4808   -0.016
B-n68-k9 	BT-3   68   13    136    1   1304   1283   1283    136   2.4682   -0.016
B-n68-k9 	BT-3   68    6     68    0   1304   1283   1283     68   1.2900   -0.016
B-n68-k9 	BT-3   68    6     68    1   1304   1283   1283     68   1.3065   -0.016
B-n68-k9 	BT-3   68   22    272    0   1304   1513   1303    309   4.5317   -0.001
B-n68-k9 	BT-3   68   22    272    1   1304   1513   1299    332   4.6711   -0.004
B-n68-k9 	BT-3   68   13    136    0   1304   1283   1283    136   2.4735   -0.016
B-n68-k9 	BT-3   68   13    136    1   1304   1283   1283    136   2.4601   -0.016
B-n68-k9 	BT-3   68    6     68    0   1304   1283   1283     68   1.2927   -0.016
B-n68-k9 	BT-3   68    6     68    1   1304   1283   1283     68   1.3125   -0.016
B-n68-k9 	BT-3   68   22    272    0   1304   1513   1303    309   4.3589   -0.001
B-n68-k9 	BT-3   68   22    272    1   1304   1513   1297    311   4.4228   -0.005
B-n68-k9 	BT-3   68   13    136    0   1304   1283   1283    136   2.5039   -0.016
B-n68-k9 	BT-3   68   13    136    1   1304   1283   1282    173   2.6822   -0.017
B-n68-k9 	BT-3   68    6     68    0   1304   1689   1297     91   1.3357   -0.005
B-n68-k9 	BT-3   68    6     68    1   1304   1282   1282     68   1.3213   -0.017
B-n68-k9 	BT-3   68   22    272    0   1304   1513   1311    303   4.3846    0.005
B-n68-k9 	BT-3   68   22    272    1   1304   1513   1307    314   4.3754    0.002
B-n68-k9 	BT-3   68   13    136    0   1304   1689   1309    152   2.5454    0.004
B-n68-k9 	BT-3   68   13    136    1   1304   1282   1282    136   2.4815   -0.017
B-n68-k9 	BT-3   68    6     68    0   1304   1689   1298    100   1.3829   -0.005
B-n68-k9 	BT-3   68    6     68    1   1304   1282   1282     68   1.2980   -0.017
B-n68-k9 	BT-3   68   22    272    0   1304   1513   1316    306   4.4699    0.009
B-n68-k9 	BT-3   68   22    272    1   1304   1513   1307    361   4.8183    0.002
B-n68-k9 	BT-3   68   13    136    0   1304   1689   1300    157   2.5095   -0.003
B-n68-k9 	BT-3   68   13    136    1   1304   1282   1282    136   2.5195   -0.017
B-n68-k9 	BT-3   68    6     68    0   1304   1689   1304     96   1.3581    0.000
B-n68-k9 	BT-3   68    6     68    1   1304   1282   1282     68   1.3017   -0.017
B-n68-k9 	BT-3   68   22    272    0   1304   1513   1303    309   4.3645   -0.001
B-n68-k9 	BT-3   68   22    272    1   1304   1513   1297    313   4.4378   -0.005
B-n68-k9 	BT-3   68   13    136    0   1304   1689   1300    192   2.6961   -0.003
B-n68-k9 	BT-3   68   13    136    1   1304   1282   1282    136   2.4629   -0.017
B-n68-k9 	BT-3   68    6     68    0   1304   1689   1301    124   1.5284   -0.002
B-n68-k9 	BT-3   68    6     68    1   1304   1282   1282     68   1.3005   -0.017
B-n68-k9 	BT-3   68   22    272    0   1304   1513   1303    309   4.3619   -0.001
B-n68-k9 	BT-3   68   22    272    1   1304   1513   1294    460   5.2305   -0.008
B-n68-k9 	BT-3   68   13    136    0   1304   1689   1303    281   3.2969   -0.001
B-n68-k9 	BT-3   68   13    136    1   1304   1282   1282    136   2.4761   -0.017
B-n68-k9 	BT-3   68    6     68    0   1304   1689   1306    118   1.5039    0.002
B-n68-k9 	BT-3   68    6     68    1   1304   1282   1282     68   1.3152   -0.017
B-n68-k9 	BT-3   68   22    272    0   1304   1513   1303    309   4.3698   -0.001
B-n68-k9 	BT-3   68   22    272    1   1304   1513   1307    314   4.4037    0.002
B-n68-k9 	BT-3   68   13    136    0   1304   1689   1303    168   2.6838   -0.001
B-n68-k9 	BT-3   68   13    136    1   1304   1282   1282    136   2.5383   -0.017
B-n68-k9 	BT-3   68    6     68    0   1304   1689   1298     94   1.3491   -0.005
B-n68-k9 	BT-3   68    6     68    1   1304   1282   1282     68   1.2982   -0.017
B-n68-k9 	BT-3   68   22    272    0   1304   1513   1298    558   5.8050   -0.005
B-n68-k9 	BT-3   68   22    272    1   1304   1513   1307    314   4.4102    0.002
B-n68-k9 	BT-3   68   13    136    0   1304   1689   1301    152   2.4700   -0.002
B-n68-k9 	BT-3   68   13    136    1   1304   1282   1282    136   2.4699   -0.017
B-n68-k9 	BT-3   68    6     68    0   1304   1689   1299     93   1.3504   -0.004
B-n68-k9 	BT-3   68    6     68    1   1304   1282   1282     68   1.2991   -0.017
B-n68-k9 	BT-3   68   22    272    0   1304   1513   1300    305   4.4102   -0.003
B-n68-k9 	BT-3   68   22    272    1   1304   1513   1307    314   4.3880    0.002
B-n68-k9 	BT-3   68   13    136    0   1304   1689   1303    201   2.7285   -0.001
B-n68-k9 	BT-3   68   13    136    1   1304   1282   1282    136   2.4811   -0.017
B-n68-k9 	BT-3   68    6     68    0   1304   1689   1305    101   1.4071    0.001
B-n68-k9 	BT-3   68    6     68    1   1304   1282   1282     68   1.2970   -0.017
B-n68-k9 	BT-3   68   22    272    0   1304   1513   1303    309   4.3397   -0.001
B-n68-k9 	BT-3   68   22    272    1   1304   1513   1293    423   5.0520   -0.008
B-n68-k9 	BT-3   68   13    136    0   1304   1689   1309    152   2.5133    0.004
B-n68-k9 	BT-3   68   13    136    1   1304   1282   1282    136   2.4909   -0.017
B-n68-k9 	BT-3   68    6     68    0   1304   1689   1310     84   1.3323    0.005
B-n68-k9 	BT-3   68    6     68    1   1304   1282   1282     68   1.3337   -0.017
B-n68-k9 	BT-3   68   22    272    0   1304   1513   1292    498   5.4211   -0.009
B-n68-k9 	BT-3   68   22    272    1   1304   1513   1295    321   4.3926   -0.007
B-n68-k9 	BT-3   68   13    136    0   1304   1689   1302    165   2.5545   -0.002
B-n68-k9 	BT-3   68   13    136    1   1304   1282   1282    136   2.4861   -0.017
B-n68-k9 	BT-3   68    6     68    0   1304   1689   1300     97   1.4258   -0.003
B-n68-k9 	BT-3   68    6     68    1   1304   1282   1282     68   1.2941   -0.017
B-n68-k9 	BT-3   68   22    272    0   1304   1513   1303    309   4.3632   -0.001
B-n68-k9 	BT-3   68   22    272    1   1304   1513   1307    314   4.3838    0.002
B-n68-k9 	BT-3   68   13    136    0   1304   1689   1309    152   2.6245    0.004
B-n68-k9 	BT-3   68   13    136    1   1304   1282   1282    136   2.5705   -0.017
B-n68-k9 	BT-3   68    6     68    0   1304   1689   1301    129   1.5875   -0.002
B-n68-k9 	BT-3   68    6     68    1   1304   1282   1282     68   1.3008   -0.017
B-n68-k9 	BT-3   68   22    272    0   1304   1513   1303    309   4.3555   -0.001
B-n68-k9 	BT-3   68   22    272    1   1304   1513   1307    314   4.4078    0.002
B-n68-k9 	BT-3   68   13    136    0   1304   1689   1305    180   2.6713    0.001
B-n68-k9 	BT-3   68   13    136    1   1304   1282   1282    136   2.4690   -0.017
B-n68-k9 	BT-3   68    6     68    0   1304   1689   1297     91   1.3426   -0.005
B-n68-k9 	BT-3   68    6     68    1   1304   1282   1282     68   1.3059   -0.017
B-n68-k9 	BT-3   68   22    272    0   1304   1513   1303    309   4.3661   -0.001
B-n68-k9 	BT-3   68   22    272    1   1304   1513   1307    314   4.3627    0.002
B-n68-k9 	BT-3   68   13    136    0   1304   1689   1310    148   2.4629    0.005
B-n68-k9 	BT-3   68   13    136    1   1304   1282   1282    136   2.5191   -0.017
B-n68-k9 	BT-3   68    6     68    0   1304   1689   1297     95   1.3709   -0.005
B-n68-k9 	BT-3   68    6     68    1   1304   1282   1282     68   1.3103   -0.017
B-n68-k9 	BT-3   68   22    272    0   1304   1513   1303    309   4.3534   -0.001
B-n68-k9 	BT-3   68   22    272    1   1304   1513   1295    363   4.6717   -0.007
B-n68-k9 	BT-3   68   13    136    0   1304   1689   1309    152   2.5005    0.004
B-n68-k9 	BT-3   68   13    136    1   1304   1282   1282    136   2.4829   -0.017
B-n68-k9 	BT-3   68    6     68    0   1304   1689   1298    106   1.4905   -0.005
B-n68-k9 	BT-3   68    6     68    1   1304   1282   1282     68   1.3347   -0.017
B-n68-k9 	BT-3   68   22    272    0   1304   1513   1303    309   4.3578   -0.001
B-n68-k9 	BT-3   68   22    272    1   1304   1513   1307    314   4.3892    0.002
B-n68-k9 	BT-3   68   13    136    0   1304   1689   1310    176   2.5614    0.005
B-n68-k9 	BT-3   68   13    136    1   1304   1282   1282    136   2.4891   -0.017
B-n68-k9 	BT-3   68    6     68    0   1304   1689   1305     92   1.3722    0.001
B-n68-k9 	BT-3   68    6     68    1   1304   1282   1282     68   1.2998   -0.017
B-n68-k9 	BT-3   68   22    272    0   1304   1513   1303    309   4.3652   -0.001
B-n68-k9 	BT-3   68   22    272    1   1304   1513   1297    306   4.4832   -0.005
B-n68-k9 	BT-3   68   13    136    0   1304   1689   1302    178   2.6524   -0.002
B-n68-k9 	BT-3   68   13    136    1   1304   1282   1282    136   2.4685   -0.017
B-n68-k9 	BT-3   68    6     68    0   1304   1689   1306    111   1.4680    0.002
B-n68-k9 	BT-3   68    6     68    1   1304   1282   1282     68   1.3119   -0.017
B-n68-k9 	BT-3   68   22    272    0   1304   1513   1295    341   4.5050   -0.007
B-n68-k9 	BT-3   68   22    272    1   1304   1513   1307    314   4.3841    0.002
B-n68-k9 	BT-3   68   13    136    0   1304   1689   1299    289   4.1796   -0.004
B-n68-k9 	BT-3   68   13    136    1   1304   1282   1282    136   2.4795   -0.017
B-n68-k9 	BT-3   68    6     68    0   1304   1689   1310     84   1.3290    0.005
B-n68-k9 	BT-3   68    6     68    1   1304   1282   1282     68   1.2999   -0.017
B-n68-k9 	BT-3   68   22    272    0   1304   1513   1303    309   4.3515   -0.001
B-n68-k9 	BT-3   68   22    272    1   1304   1513   1307    314   4.3822    0.002
B-n68-k9 	BT-3   68   13    136    0   1304   1689   1293    234   2.9489   -0.008
B-n68-k9 	BT-3   68   13    136    1   1304   1282   1282    136   2.5912   -0.017
B-n68-k9 	BT-3   68    6     68    0   1304   1689   1303     90   1.3400   -0.001
B-n68-k9 	BT-3   68    6     68    1   1304   1282   1282     68   1.3046   -0.017
B-n68-k9 	BT-3   68   22    272    0   1304   1513   1303    309   4.3379   -0.001
B-n68-k9 	BT-3   68   22    272    1   1304   1513   1307    314   4.3972    0.002
B-n68-k9 	BT-3   68   13    136    0   1304   1689   1302    422   4.1413   -0.002
B-n68-k9 	BT-3   68   13    136    1   1304   1282   1282    136   2.4810   -0.017
B-n68-k9 	BT-3   68    6     68    0   1304   1689   1297     97   1.3715   -0.005
B-n68-k9 	BT-3   68    6     68    1   1304   1282   1282     68   1.3344   -0.017
B-n68-k9 	BT-3   68   22    272    0   1304   1513   1298    694   6.5239   -0.005
B-n68-k9 	BT-3   68   22    272    1   1304   1513   1304    319   4.5330    0.000
B-n68-k9 	BT-3   68   13    136    0   1304   1689   1309    152   2.7165    0.004
B-n68-k9 	BT-3   68   13    136    1   1304   1282   1282    136   2.4518   -0.017
B-n68-k9 	BT-3   68    6     68    0   1304   1689   1306    110   1.4563    0.002
B-n68-k9 	BT-3   68    6     68    1   1304   1282   1282     68   1.3026   -0.017
B-n68-k9 	BT-3   68   22    272    0   1304   1513   1303    309   4.4027   -0.001
B-n68-k9 	BT-3   68   22    272    1   1304   1513   1293    582   6.7691   -0.008
B-n68-k9 	BT-3   68   13    136    0   1304   1689   1300    210   2.7382   -0.003
B-n68-k9 	BT-3   68   13    136    1   1304   1282   1282    136   2.5178   -0.017
B-n68-k9 	BT-3   68    6     68    0   1304   1689   1301     91   1.3391   -0.002
B-n68-k9 	BT-3   68    6     68    1   1304   1282   1282     68   1.3076   -0.017
B-n68-k9 	BT-3   68   22    272    0   1304   1513   1302    310   4.3031   -0.002
B-n68-k9 	BT-3   68   22    272    1   1304   1513   1307    314   4.4029    0.002
B-n68-k9 	BT-3   68   13    136    0   1304   1689   1309    152   2.5261    0.004
B-n68-k9 	BT-3   68   13    136    1   1304   1282   1282    136   2.4623   -0.017
B-n68-k9 	BT-3   68    6     68    0   1304   1689   1301     93   1.3846   -0.002
B-n68-k9 	BT-3   68    6     68    1   1304   1282   1282     68   1.3083   -0.017
B-n68-k9 	BT-3   68   22    272    0   1304   1513   1303    309   4.3950   -0.001
B-n68-k9 	BT-3   68   22    272    1   1304   1513   1307    314   4.4037    0.002
B-n68-k9 	BT-3   68   13    136    0   1304   1689   1299    216   2.8725   -0.004
B-n68-k9 	BT-3   68   13    136    1   1304   1282   1282    136   2.5473   -0.017
B-n68-k9 	BT-3   68    6     68    0   1304   1689   1300    102   1.4085   -0.003
B-n68-k9 	BT-3   68    6     68    1   1304   1282   1282     68   1.2956   -0.017
B-n68-k9 	BT-3   68   22    272    0   1304   1513   1303    309   4.3451   -0.001
B-n68-k9 	BT-3   68   22    272    1   1304   1513   1310    352   4.5965    0.005
B-n68-k9 	BT-3   68   13    136    0   1304   1689   1301    152   2.4688   -0.002
B-n68-k9 	BT-3   68   13    136    1   1304   1282   1282    136   2.4951   -0.017
B-n68-k9 	BT-3   68    6     68    0   1304   1689   1297     96   1.4158   -0.005
B-n68-k9 	BT-3   68    6     68    1   1304   1282   1282     68   1.3213   -0.017
B-n68-k9 	BT-3   68   22    272    0   1304   1513   1300    312   4.3552   -0.003
B-n68-k9 	BT-3   68   22    272    1   1304   1513   1307    314   4.3820    0.002
B-n68-k9 	BT-3   68   13    136    0   1304   1689   1309    152   2.5115    0.004
B-n68-k9 	BT-3   68   13    136    1   1304   1282   1282    136   2.4722   -0.017
B-n68-k9 	BT-3   68    6     68    0   1304   1689   1301     98   1.3871   -0.002
B-n68-k9 	BT-3   68    6     68    1   1304   1282   1282     68   1.3117   -0.017
B-n68-k9 	BT-3   68   22    272    0   1304   1513   1303    309   4.3383   -0.001
B-n68-k9 	BT-3   68   22    272    1   1304   1513   1292    332   4.5316   -0.009
B-n68-k9 	BT-3   68   13    136    0   1304   1689   1309    152   2.5084    0.004
B-n68-k9 	BT-3   68   13    136    1   1304   1282   1282    136   2.4605   -0.017
B-n68-k9 	BT-3   68    6     68    0   1304   1689   1317    122   1.4805    0.010
B-n68-k9 	BT-3   68    6     68    1   1304   1282   1282     68   1.2894   -0.017
B-n68-k9 	BT-3   68   22    272    0   1304   1513   1303    309   4.3587   -0.001
B-n68-k9 	BT-3   68   22    272    1   1304   1513   1296    594   6.1249   -0.006
B-n68-k9 	BT-3   68   13    136    0   1304   1689   1310    148   2.4787    0.005
B-n68-k9 	BT-3   68   13    136    1   1304   1282   1282    136   2.4922   -0.017
B-n68-k9 	BT-3   68    6     68    0   1304   1689   1301     95   1.3734   -0.002
B-n68-k9 	BT-3   68    6     68    1   1304   1282   1282     68   1.3139   -0.017
B-n68-k9 	BT-3   68   22    272    0   1304   1513   1303    309   4.4131   -0.001
B-n68-k9 	BT-3   68   22    272    1   1304   1513   1302    697   6.5810   -0.002
B-n68-k9 	BT-3   68   13    136    0   1304   1689   1309    152   2.5096    0.004
B-n68-k9 	BT-3   68   13    136    1   1304   1282   1282    136   2.4831   -0.017
B-n68-k9 	BT-3   68    6     68    0   1304   1689   1301     87   1.3506   -0.002
B-n68-k9 	BT-3   68    6     68    1   1304   1282   1282     68   1.3061   -0.017
B-n68-k9 	BT-3   68   22    272    0   1304   1513   1303    309   4.3586   -0.001
B-n68-k9 	BT-3   68   22    272    1   1304   1513   1307    314   4.3369    0.002
B-n68-k9 	BT-3   68   13    136    0   1304   1689   1298    170   2.5735   -0.005
B-n68-k9 	BT-3   68   13    136    1   1304   1282   1282    136   2.5610   -0.017
B-n68-k9 	BT-3   68    6     68    0   1304   1689   1300    125   1.5253   -0.003
B-n68-k9 	BT-3   68    6     68    1   1304   1282   1282     68   1.2984   -0.017
B-n68-k9 	BT-3   68   22    272    0   1304   1513   1298    325   4.4424   -0.005
B-n68-k9 	BT-3   68   22    272    1   1304   1513   1323    298   4.2788    0.015
B-n68-k9 	BT-3   68   13    136    0   1304   1689   1304    178   2.7600    0.000
B-n68-k9 	BT-3   68   13    136    1   1304   1282   1282    136   2.5490   -0.017
B-n68-k9 	BT-3   68    6     68    0   1304   1689   1287     84   1.3190   -0.013
B-n68-k9 	BT-3   68    6     68    1   1304   1282   1282     68   1.3551   -0.017
B-n68-k9 	BT-3   68   22    272    0   1304   1513   1300    341   4.4925   -0.003
B-n68-k9 	BT-3   68   22    272    1   1304   1513   1306    502   5.3161    0.002
B-n68-k9 	BT-3   68   13    136    0   1304   1689   1301    199   2.7470   -0.002
B-n68-k9 	BT-3   68   13    136    1   1304   1282   1282    136   2.5160   -0.017
B-n68-k9 	BT-3   68    6     68    0   1304   1689   1298    111   1.4627   -0.005
B-n68-k9 	BT-3   68    6     68    1   1304   1282   1282     68   1.3036   -0.017
B-n68-k9 	BT-3   68   22    272    0   1304   1513   1303    309   4.3566   -0.001
B-n68-k9 	BT-3   68   22    272    1   1304   1513   1307    314   4.3283    0.002
B-n68-k9 	BT-3   68   13    136    0   1304   1689   1309    152   2.5177    0.004
B-n68-k9 	BT-3   68   13    136    1   1304   1282   1282    136   2.4982   -0.017
B-n68-k9 	BT-3   68    6     68    0   1304   1689   1306    110   1.4471    0.002
B-n68-k9 	BT-3   68    6     68    1   1304   1282   1282     68   1.2963   -0.017
B-n68-k9 	BT-3   68   22    272    0   1304   1513   1303    309   4.3778   -0.001
B-n68-k9 	BT-3   68   22    272    1   1304   1513   1307    314   4.3367    0.002
B-n68-k9 	BT-3   68   13    136    0   1304   1689   1309    152   2.5991    0.004
B-n68-k9 	BT-3   68   13    136    1   1304   1282   1282    136   2.5713   -0.017
B-n68-k9 	BT-3   68    6     68    0   1304   1689   1300     96   1.3854   -0.003
B-n68-k9 	BT-3   68    6     68    1   1304   1282   1282     68   1.3123   -0.017
B-n68-k9 	BT-3   68   22    272    0   1304   1513   1297    382   4.8058   -0.005
B-n68-k9 	BT-3   68   22    272    1   1304   1513   1307    314   4.3200    0.002
B-n68-k9 	BT-3   68   13    136    0   1304   1689   1282    153   2.4718   -0.017
B-n68-k9 	BT-3   68   13    136    1   1304   1282   1282    136   2.4871   -0.017
B-n68-k9 	BT-3   68    6     68    0   1304   1689   1310     84   1.3347    0.005
B-n68-k9 	BT-3   68    6     68    1   1304   1282   1282     68   1.3071   -0.017
B-n68-k9 	BT-3   68   22    272    0   1304   1513   1296    334   4.4646   -0.006
B-n68-k9 	BT-3   68   22    272    1   1304   1513   1307    314   4.3436    0.002
B-n68-k9 	BT-3   68   13    136    0   1304   1689   1300    260   3.0114   -0.003
B-n68-k9 	BT-3   68   13    136    1   1304   1282   1282    136   2.4705   -0.017
B-n68-k9 	BT-3   68    6     68    0   1304   1689   1283     96   1.3957   -0.016
B-n68-k9 	BT-3   68    6     68    1   1304   1282   1282     68   1.3067   -0.017
B-n68-k9 	BT-3   68   22    272    0   1304   1513   1303    309   4.3561   -0.001
B-n68-k9 	BT-3   68   22    272    1   1304   1513   1307    314   4.3733    0.002
B-n68-k9 	BT-3   68   13    136    0   1304   1689   1309    152   2.6238    0.004
B-n68-k9 	BT-3   68   13    136    1   1304   1282   1282    136   2.5778   -0.017
B-n68-k9 	BT-3   68    6     68    0   1304   1689   1286     84   1.3012   -0.014
B-n68-k9 	BT-3   68    6     68    1   1304   1282   1282     68   1.3024   -0.017
B-n68-k9 	BT-3   68   22    272    0   1304   1513   1303    309   4.3633   -0.001
B-n68-k9 	BT-3   68   22    272    1   1304   1513   1303    587   6.0736   -0.001
B-n68-k9 	BT-3   68   13    136    0   1304   1689   1305    297   3.4321    0.001
B-n68-k9 	BT-3   68   13    136    1   1304   1282   1282    136   2.5067   -0.017
B-n68-k9 	BT-3   68    6     68    0   1304   1689   1306    162   1.8125    0.002
B-n68-k9 	BT-3   68    6     68    1   1304   1282   1282     68   1.3054   -0.017
B-n68-k9 	BT-3   68   22    272    0   1304   1513   1303    309   4.3685   -0.001
B-n68-k9 	BT-3   68   22    272    1   1304   1513   1314    319   4.3866    0.008
B-n68-k9 	BT-3   68   13    136    0   1304   1689   1301    152   2.4587   -0.002
B-n68-k9 	BT-3   68   13    136    1   1304   1282   1282    136   2.4869   -0.017
B-n68-k9 	BT-3   68    6     68    0   1304   1689   1301     92   1.3827   -0.002
B-n68-k9 	BT-3   68    6     68    1   1304   1282   1282     68   1.3002   -0.017
B-n68-k9 	BT-3   68   22    272    0   1304   1513   1303    309   4.3422   -0.001
B-n68-k9 	BT-3   68   22    272    1   1304   1513   1307    314   4.3566    0.002
B-n68-k9 	BT-3   68   13    136    0   1304   1689   1309    152   2.5942    0.004
B-n68-k9 	BT-3   68   13    136    1   1304   1282   1280    226   3.1874   -0.018
B-n68-k9 	BT-3   68    6     68    0   1304   1280   1279     70   1.3062   -0.019
B-n68-k9 	BT-3   68    6     68    1   1304   1280   1280     68   1.2991   -0.018
B-n68-k9 	BT-3   68   22    272    0   1304   1513   1303    309   4.3923   -0.001
B-n68-k9 	BT-3   68   22    272    1   1304   1513   1307    314   4.3365    0.002
B-n68-k9 	BT-3   68   13    136    0   1304   1279   1279    136   2.4830   -0.019
B-n68-k9 	BT-3   68   13    136    1   1304   1279   1279    136   2.4829   -0.019
B-n68-k9 	BT-3   68    6     68    0   1304   1279   1279     68   1.2979   -0.019
B-n68-k9 	BT-3   68    6     68    1   1304   1279   1279     68   1.3202   -0.019
B-n68-k9 	BT-3   68   22    272    0   1304   1513   1303    309   4.5759   -0.001
B-n68-k9 	BT-3   68   22    272    1   1304   1513   1291    591   6.0003   -0.010
B-n68-k9 	BT-3   68   13    136    0   1304   1279   1279    136   2.4907   -0.019
B-n68-k9 	BT-3   68   13    136    1   1304   1279   1279    136   2.5287   -0.019
B-n68-k9 	BT-3   68    6     68    0   1304   1279   1279     68   1.2969   -0.019
B-n68-k9 	BT-3   68    6     68    1   1304   1279   1279     68   1.3176   -0.019
B-n68-k9 	BT-3   68   22    272    0   1304   1513   1303    309   4.3725   -0.001
B-n68-k9 	BT-3   68   22    272    1   1304   1513   1313    320   4.4093    0.007
B-n68-k9 	BT-3   68   13    136    0   1304   1279   1279    136   2.4743   -0.019
B-n68-k9 	BT-3   68   13    136    1   1304   1279   1279    136   2.5200   -0.019
B-n68-k9 	BT-3   68    6     68    0   1304   1279   1279     68   1.3452   -0.019
B-n68-k9 	BT-3   68    6     68    1   1304   1279   1279     68   1.3514   -0.019
B-n68-k9 	BT-3   68   22    272    0   1304   1513   1292    376   4.6766   -0.009
B-n68-k9 	BT-3   68   22    272    1   1304   1513   1306    587   5.8761    0.002
B-n68-k9 	BT-3   68   13    136    0   1304   1279   1279    136   2.4812   -0.019
B-n68-k9 	BT-3   68   13    136    1   1304   1279   1279    136   2.5106   -0.019
B-n68-k9 	BT-3   68    6     68    0   1304   1279   1279     68   1.2963   -0.019
B-n68-k9 	BT-3   68    6     68    1   1304   1279   1279     68   1.3212   -0.019
B-n68-k9 	BT-3   68   22    272    0   1304   1513   1303    309   4.3195   -0.001
B-n68-k9 	BT-3   68   22    272    1   1304   1513   1301    729   6.6318   -0.002
B-n68-k9 	BT-3   68   13    136    0   1304   1279   1279    136   2.4585   -0.019
B-n68-k9 	BT-3   68   13    136    1   1304   1279   1279    136   2.5113   -0.019
B-n68-k9 	BT-3   68    6     68    0   1304   1279   1279     68   1.3029   -0.019
B-n68-k9 	BT-3   68    6     68    1   1304   1279   1279     68   1.3110   -0.019
B-n68-k9 	BT-3   68   22    272    0   1304   1513   1303    309   4.5618   -0.001
B-n68-k9 	BT-3   68   22    272    1   1304   1513   1307    314   4.4995    0.002
B-n68-k9 	BT-3   68   13    136    0   1304   1279   1279    136   2.4641   -0.019
B-n68-k9 	BT-3   68   13    136    1   1304   1279   1279    136   2.5539   -0.019
B-n68-k9 	BT-3   68    6     68    0   1304   1279   1279     68   1.3139   -0.019
B-n68-k9 	BT-3   68    6     68    1   1304   1279   1279     68   1.3042   -0.019
B-n68-k9 	BT-3   68   22    272    0   1304   1513   1303    309   4.3741   -0.001
B-n68-k9 	BT-3   68   22    272    1   1304   1513   1298    312   4.3840   -0.005
B-n68-k9 	BT-3   68   13    136    0   1304   1279   1279    136   2.4707   -0.019
B-n68-k9 	BT-3   68   13    136    1   1304   1279   1279    136   2.5217   -0.019
B-n68-k9 	BT-3   68    6     68    0   1304   1279   1279     68   1.3454   -0.019
B-n68-k9 	BT-3   68    6     68    1   1304   1279   1279     68   1.3633   -0.019
B-n68-k9 	BT-3   68   22    272    0   1304   1513   1303    309   4.3568   -0.001
B-n68-k9 	BT-3   68   22    272    1   1304   1513   1307    314   4.3713    0.002
B-n68-k9 	BT-3   68   13    136    0   1304   1279   1279    136   2.5385   -0.019
B-n68-k9 	BT-3   68   13    136    1   1304   1279   1279    136   2.5146   -0.019
B-n68-k9 	BT-3   68    6     68    0   1304   1279   1279     68   1.2944   -0.019
B-n68-k9 	BT-3   68    6     68    1   1304   1279   1279     68   1.3097   -0.019
B-n68-k9 	BT-3   68   22    272    0   1304   1513   1303    309   4.3629   -0.001
B-n68-k9 	BT-3   68   22    272    1   1304   1513   1307    314   4.3426    0.002
B-n68-k9 	BT-3   68   13    136    0   1304   1279   1279    136   2.5615   -0.019
B-n68-k9 	BT-3   68   13    136    1   1304   1279   1279    136   2.5858   -0.019
B-n68-k9 	BT-3   68    6     68    0   1304   1279   1279     68   1.2936   -0.019
B-n68-k9 	BT-3   68    6     68    1   1304   1279   1279     68   1.3331   -0.019
B-n68-k9 	BT-3   68   22    272    0   1304   1513   1303    309   4.4096   -0.001
B-n68-k9 	BT-3   68   22    272    1   1304   1513   1307    314   4.3381    0.002
B-n68-k9 	BT-3   68   13    136    0   1304   1279   1279    136   2.4934   -0.019
B-n68-k9 	BT-3   68   13    136    1   1304   1279   1279    136   2.5242   -0.019
B-n68-k9 	BT-3   68    6     68    0   1304   1279   1279     68   1.3046   -0.019
B-n68-k9 	BT-3   68    6     68    1   1304   1279   1279     68   1.3160   -0.019
B-n68-k9 	BT-3   68   22    272    0   1304   1513   1288    465   5.4071   -0.012
B-n68-k9 	BT-3   68   22    272    1   1304   1513   1307    314   4.4987    0.002
B-n68-k9 	BT-3   68   13    136    0   1304   1279   1279    136   2.4560   -0.019
B-n68-k9 	BT-3   68   13    136    1   1304   1279   1279    136   2.5318   -0.019
B-n68-k9 	BT-3   68    6     68    0   1304   1279   1279     68   1.3097   -0.019
B-n68-k9 	BT-3   68    6     68    1   1304   1279   1279     68   1.3039   -0.019
B-n68-k9 	BT-3   68   22    272    0   1304   1513   1303    309   4.3360   -0.001
B-n68-k9 	BT-3   68   22    272    1   1304   1513   1295    429   5.0538   -0.007
B-n68-k9 	BT-3   68   13    136    0   1304   1279   1279    136   2.5002   -0.019
B-n68-k9 	BT-3   68   13    136    1   1304   1279   1279    136   2.4767   -0.019
B-n68-k9 	BT-3   68    6     68    0   1304   1279   1279     68   1.3420   -0.019
B-n68-k9 	BT-3   68    6     68    1   1304   1279   1279     68   1.3498   -0.019
