A-n80-k10 	BT-1   80   26    320    0   1764   2935   1875    355   3.7893    0.063
A-n80-k10 	BT-1   80   26    320    1   1764   2765   1861    354   3.7878    0.055
A-n80-k10 	BT-1   80   13    160    0   1764   1861   1861    160   1.8909    0.055
A-n80-k10 	BT-1   80   13    160    1   1764   1861   1825    285   3.1369    0.035
A-n80-k10 	BT-1   80    8    160    0   1764   1825   1825    160   2.1036    0.035
A-n80-k10 	BT-1   80    8    160    1   1764   1825   1825    160   2.0000    0.035
A-n80-k10 	BT-2   80   26    320    0   1764   2935   1903    598   6.1636    0.079
A-n80-k10 	BT-2   80   26    320    1   1764   2765   1926    352   3.6580    0.092
A-n80-k10 	BT-2   80   13    160    0   1764   2066   1985    191   2.1199    0.125
A-n80-k10 	BT-2   80   13    160    1   1764   1903   1903    160   1.8246    0.079
A-n80-k10 	BT-2   80    8    160    0   1764   2066   2002    206   2.2637    0.135
A-n80-k10 	BT-2   80    8    160    1   1764   1903   1903    160   1.7772    0.079
A-n80-k10 	BT-3   80   26    320    0   1764   2935   1873    791   7.6464    0.062
A-n80-k10 	BT-3   80   26    320    1   1764   2765   1905    428   4.3554    0.080
A-n80-k10 	BT-3   80   13    160    0   1764   1873   1806    399   4.2325    0.024
A-n80-k10 	BT-3   80   13    160    1   1764   1873   1873    160   2.0326    0.062
A-n80-k10 	BT-3   80    8    160    0   1764   1806   1776    397   4.5604    0.007
A-n80-k10 	BT-3   80    8    160    1   1764   1806   1805    197   2.5374    0.023
A-n80-k10 	BT-3   80   26    320    0   1764   2935   1856    721   6.8714    0.052
A-n80-k10 	BT-3   80   26    320    1   1764   2765   1888    713   6.8430    0.070
A-n80-k10 	BT-3   80   13    160    0   1764   1776   1776    160   2.1390    0.007
A-n80-k10 	BT-3   80   13    160    1   1764   1776   1776    160   2.0702    0.007
A-n80-k10 	BT-3   80    8    160    0   1764   1776   1776    160   2.0937    0.007
A-n80-k10 	BT-3   80    8    160    1   1764   1776   1776    160   1.9803    0.007
A-n80-k10 	BT-3   80   26    320    0   1764   2935   1876    592   5.6362    0.063
A-n80-k10 	BT-3   80   26    320    1   1764   2765   1889    497   4.7208    0.071
A-n80-k10 	BT-3   80   13    160    0   1764   1776   1776    160   2.1824    0.007
A-n80-k10 	BT-3   80   13    160    1   1764   1776   1776    160   2.1674    0.007
A-n80-k10 	BT-3   80    8    160    0   1764   1776   1776    160   2.1661    0.007
A-n80-k10 	BT-3   80    8    160    1   1764   1776   1776    160   2.0943    0.007
A-n80-k10 	BT-3   80   26    320    0   1764   2935   1814   1353  13.5675    0.028
A-n80-k10 	BT-3   80   26    320    1   1764   2765   1808   1169  10.8691    0.025
A-n80-k10 	BT-3   80   13    160    0   1764   1776   1776    160   2.1930    0.007
A-n80-k10 	BT-3   80   13    160    1   1764   1776   1776    160   2.1907    0.007
A-n80-k10 	BT-3   80    8    160    0   1764   1776   1773    255   3.1019    0.005
A-n80-k10 	BT-3   80    8    160    1   1764   1776   1776    160   2.1240    0.007
A-n80-k10 	BT-3   80   26    320    0   1764   2935   1821    848   8.2918    0.032
A-n80-k10 	BT-3   80   26    320    1   1764   2765   1871    755   7.1511    0.061
A-n80-k10 	BT-3   80   13    160    0   1764   1773   1773    160   2.0582    0.005
A-n80-k10 	BT-3   80   13    160    1   1764   1773   1773    160   2.3272    0.005
A-n80-k10 	BT-3   80    8    160    0   1764   1773   1773    160   2.0946    0.005
A-n80-k10 	BT-3   80    8    160    1   1764   1773   1773    160   2.0766    0.005
A-n80-k10 	BT-3   80   26    320    0   1764   2935   1847    724   7.4135    0.047
A-n80-k10 	BT-3   80   26    320    1   1764   2765   1859    933   9.8194    0.054
A-n80-k10 	BT-3   80   13    160    0   1764   1773   1773    160   2.0127    0.005
A-n80-k10 	BT-3   80   13    160    1   1764   1773   1773    160   2.0634    0.005
A-n80-k10 	BT-3   80    8    160    0   1764   1773   1773    160   1.9917    0.005
A-n80-k10 	BT-3   80    8    160    1   1764   1773   1773    160   2.1241    0.005
A-n80-k10 	BT-3   80   26    320    0   1764   2935   1838    952   9.2579    0.042
A-n80-k10 	BT-3   80   26    320    1   1764   2765   1872    752   7.2036    0.061
A-n80-k10 	BT-3   80   13    160    0   1764   1773   1773    160   2.0686    0.005
A-n80-k10 	BT-3   80   13    160    1   1764   1773   1773    160   2.0956    0.005
A-n80-k10 	BT-3   80    8    160    0   1764   1773   1773    160   2.1920    0.005
A-n80-k10 	BT-3   80    8    160    1   1764   1773   1773    160   2.2153    0.005
A-n80-k10 	BT-3   80   26    320    0   1764   2935   1874    805   7.9771    0.062
A-n80-k10 	BT-3   80   26    320    1   1764   2765   1888    664   6.5486    0.070
A-n80-k10 	BT-3   80   13    160    0   1764   1773   1773    160   2.0400    0.005
A-n80-k10 	BT-3   80   13    160    1   1764   1773   1773    160   2.0770    0.005
A-n80-k10 	BT-3   80    8    160    0   1764   1773   1773    160   2.0904    0.005
A-n80-k10 	BT-3   80    8    160    1   1764   1773   1773    160   2.0647    0.005
A-n80-k10 	BT-3   80   26    320    0   1764   2935   1864    596   5.7374    0.057
A-n80-k10 	BT-3   80   26    320    1   1764   2765   1914    536   5.2055    0.085
A-n80-k10 	BT-3   80   13    160    0   1764   1773   1773    160   2.1749    0.005
A-n80-k10 	BT-3   80   13    160    1   1764   1773   1773    160   2.2196    0.005
A-n80-k10 	BT-3   80    8    160    0   1764   1773   1773    160   2.0469    0.005
A-n80-k10 	BT-3   80    8    160    1   1764   1773   1773    160   2.2666    0.005
A-n80-k10 	BT-3   80   26    320    0   1764   2935   1842   1327  13.6996    0.044
A-n80-k10 	BT-3   80   26    320    1   1764   2765   1844   1312  12.8386    0.045
A-n80-k10 	BT-3   80   13    160    0   1764   1773   1773    160   2.0734    0.005
A-n80-k10 	BT-3   80   13    160    1   1764   1773   1773    160   2.1132    0.005
A-n80-k10 	BT-3   80    8    160    0   1764   1773   1773    160   2.0736    0.005
A-n80-k10 	BT-3   80    8    160    1   1764   1773   1773    160   2.1142    0.005
A-n80-k10 	BT-3   80   26    320    0   1764   2935   1836    909   9.6045    0.041
A-n80-k10 	BT-3   80   26    320    1   1764   2765   1926    504   5.3664    0.092
A-n80-k10 	BT-3   80   13    160    0   1764   1773   1773    160   2.1209    0.005
A-n80-k10 	BT-3   80   13    160    1   1764   1773   1773    160   2.1640    0.005
A-n80-k10 	BT-3   80    8    160    0   1764   1773   1773    160   2.1869    0.005
A-n80-k10 	BT-3   80    8    160    1   1764   1773   1773    160   2.0363    0.005
A-n80-k10 	BT-3   80   26    320    0   1764   2935   1793   1164  11.5602    0.016
A-n80-k10 	BT-3   80   26    320    1   1764   2765   1849    778   7.5505    0.048
A-n80-k10 	BT-3   80   13    160    0   1764   1773   1773    160   1.9976    0.005
A-n80-k10 	BT-3   80   13    160    1   1764   1773   1773    160   2.0319    0.005
A-n80-k10 	BT-3   80    8    160    0   1764   1773   1773    160   2.1751    0.005
A-n80-k10 	BT-3   80    8    160    1   1764   1773   1773    160   2.1843    0.005
A-n80-k10 	BT-3   80   26    320    0   1764   2935   1933    652   6.3844    0.096
A-n80-k10 	BT-3   80   26    320    1   1764   2765   1980    387   4.2071    0.122
A-n80-k10 	BT-3   80   13    160    0   1764   1773   1773    160   2.1103    0.005
A-n80-k10 	BT-3   80   13    160    1   1764   1773   1773    160   2.1781    0.005
A-n80-k10 	BT-3   80    8    160    0   1764   1773   1773    160   2.1124    0.005
A-n80-k10 	BT-3   80    8    160    1   1764   1773   1773    160   2.1083    0.005
A-n80-k10 	BT-3   80   26    320    0   1764   2935   1853    700   6.7879    0.050
A-n80-k10 	BT-3   80   26    320    1   1764   2765   1980    387   3.8906    0.122
A-n80-k10 	BT-3   80   13    160    0   1764   1773   1773    160   2.2573    0.005
A-n80-k10 	BT-3   80   13    160    1   1764   1773   1773    160   2.2939    0.005
A-n80-k10 	BT-3   80    8    160    0   1764   1773   1773    160   2.1279    0.005
A-n80-k10 	BT-3   80    8    160    1   1764   1773   1773    160   2.1630    0.005
A-n80-k10 	BT-3   80   26    320    0   1764   2935   1857    685   6.6159    0.053
A-n80-k10 	BT-3   80   26    320    1   1764   2765   1859    959   9.4568    0.054
A-n80-k10 	BT-3   80   13    160    0   1764   1773   1773    160   2.1011    0.005
A-n80-k10 	BT-3   80   13    160    1   1764   1773   1773    160   2.1487    0.005
A-n80-k10 	BT-3   80    8    160    0   1764   1773   1773    160   2.0849    0.005
A-n80-k10 	BT-3   80    8    160    1   1764   1773   1773    160   2.1197    0.005
A-n80-k10 	BT-3   80   26    320    0   1764   2935   1842   1116  11.8299    0.044
A-n80-k10 	BT-3   80   26    320    1   1764   2765   1863    660   6.8539    0.056
A-n80-k10 	BT-3   80   13    160    0   1764   1773   1773    160   2.1109    0.005
A-n80-k10 	BT-3   80   13    160    1   1764   1773   1773    160   2.1778    0.005
A-n80-k10 	BT-3   80    8    160    0   1764   1773   1773    160   2.0698    0.005
A-n80-k10 	BT-3   80    8    160    1   1764   1773   1773    160   2.1032    0.005
A-n80-k10 	BT-3   80   26    320    0   1764   2935   1890    749   7.3075    0.071
A-n80-k10 	BT-3   80   26    320    1   1764   2765   1857   1453  14.1753    0.053
A-n80-k10 	BT-3   80   13    160    0   1764   1773   1773    160   2.0405    0.005
A-n80-k10 	BT-3   80   13    160    1   1764   1773   1773    160   2.0473    0.005
A-n80-k10 	BT-3   80    8    160    0   1764   1773   1773    160   2.1791    0.005
A-n80-k10 	BT-3   80    8    160    1   1764   1773   1773    160   2.2190    0.005
A-n80-k10 	BT-3   80   26    320    0   1764   2935   1855   1086  10.4462    0.052
A-n80-k10 	BT-3   80   26    320    1   1764   2765   1828   1230  11.8266    0.036
A-n80-k10 	BT-3   80   13    160    0   1764   1773   1773    160   2.1095    0.005
A-n80-k10 	BT-3   80   13    160    1   1764   1773   1773    160   2.2733    0.005
A-n80-k10 	BT-3   80    8    160    0   1764   1773   1773    160   2.0754    0.005
A-n80-k10 	BT-3   80    8    160    1   1764   1773   1773    160   2.1623    0.005
A-n80-k10 	BT-3   80   26    320    0   1764   2935   1801   1194  11.8110    0.021
A-n80-k10 	BT-3   80   26    320    1   1764   2765   1880   1313  13.1334    0.066
A-n80-k10 	BT-3   80   13    160    0   1764   1773   1773    160   2.2697    0.005
A-n80-k10 	BT-3   80   13    160    1   1764   1773   1773    160   2.3111    0.005
A-n80-k10 	BT-3   80    8    160    0   1764   1773   1773    160   2.1070    0.005
A-n80-k10 	BT-3   80    8    160    1   1764   1773   1773    160   2.1600    0.005
A-n80-k10 	BT-3   80   26    320    0   1764   2935   1827   1142  11.3151    0.036
A-n80-k10 	BT-3   80   26    320    1   1764   2765   1886   1056  10.3200    0.069
A-n80-k10 	BT-3   80   13    160    0   1764   1773   1773    160   2.0649    0.005
A-n80-k10 	BT-3   80   13    160    1   1764   1773   1773    160   2.0399    0.005
A-n80-k10 	BT-3   80    8    160    0   1764   1773   1773    160   1.9832    0.005
A-n80-k10 	BT-3   80    8    160    1   1764   1773   1773    160   2.0262    0.005
A-n80-k10 	BT-3   80   26    320    0   1764   2935   1836    902   9.4570    0.041
A-n80-k10 	BT-3   80   26    320    1   1764   2765   1900    522   5.4161    0.077
A-n80-k10 	BT-3   80   13    160    0   1764   1773   1773    160   2.0283    0.005
A-n80-k10 	BT-3   80   13    160    1   1764   1773   1773    160   2.2840    0.005
A-n80-k10 	BT-3   80    8    160    0   1764   1773   1773    160   2.0034    0.005
A-n80-k10 	BT-3   80    8    160    1   1764   1773   1773    160   2.0444    0.005
A-n80-k10 	BT-3   80   26    320    0   1764   2935   1845    642   6.2392    0.046
A-n80-k10 	BT-3   80   26    320    1   1764   2765   1909    589   5.6044    0.082
A-n80-k10 	BT-3   80   13    160    0   1764   1773   1773    160   2.0256    0.005
A-n80-k10 	BT-3   80   13    160    1   1764   1773   1773    160   2.0912    0.005
A-n80-k10 	BT-3   80    8    160    0   1764   1773   1773    160   2.2072    0.005
A-n80-k10 	BT-3   80    8    160    1   1764   1773   1773    160   2.4734    0.005
A-n80-k10 	BT-3   80   26    320    0   1764   2935   1838    771   7.6459    0.042
A-n80-k10 	BT-3   80   26    320    1   1764   2765   1851    968   9.2312    0.049
A-n80-k10 	BT-3   80   13    160    0   1764   1773   1773    160   2.0144    0.005
A-n80-k10 	BT-3   80   13    160    1   1764   1773   1773    160   2.0589    0.005
A-n80-k10 	BT-3   80    8    160    0   1764   1773   1773    160   2.0574    0.005
A-n80-k10 	BT-3   80    8    160    1   1764   1773   1773    160   2.0766    0.005
A-n80-k10 	BT-3   80   26    320    0   1764   2935   1873    645   6.2532    0.062
A-n80-k10 	BT-3   80   26    320    1   1764   2765   1842   1029   9.6326    0.044
A-n80-k10 	BT-3   80   13    160    0   1764   1773   1773    160   2.0496    0.005
A-n80-k10 	BT-3   80   13    160    1   1764   1773   1773    160   2.0663    0.005
A-n80-k10 	BT-3   80    8    160    0   1764   1773   1773    160   2.1906    0.005
A-n80-k10 	BT-3   80    8    160    1   1764   1773   1773    160   2.1434    0.005
A-n80-k10 	BT-3   80   26    320    0   1764   2935   1855    881   9.0983    0.052
A-n80-k10 	BT-3   80   26    320    1   1764   2765   1917    569   5.9605    0.087
A-n80-k10 	BT-3   80   13    160    0   1764   1773   1773    160   1.9736    0.005
A-n80-k10 	BT-3   80   13    160    1   1764   1773   1773    160   2.0413    0.005
A-n80-k10 	BT-3   80    8    160    0   1764   1773   1773    160   1.9657    0.005
A-n80-k10 	BT-3   80    8    160    1   1764   1773   1773    160   2.0097    0.005
A-n80-k10 	BT-3   80   26    320    0   1764   2935   1795   1113  10.7382    0.018
A-n80-k10 	BT-3   80   26    320    1   1764   2765   1836   1137  10.6374    0.041
A-n80-k10 	BT-3   80   13    160    0   1764   1773   1773    160   2.0010    0.005
A-n80-k10 	BT-3   80   13    160    1   1764   1773   1773    160   1.9942    0.005
A-n80-k10 	BT-3   80    8    160    0   1764   1773   1773    160   2.1001    0.005
A-n80-k10 	BT-3   80    8    160    1   1764   1773   1773    160   2.1654    0.005
A-n80-k10 	BT-3   80   26    320    0   1764   2935   1812    909   8.3129    0.027
A-n80-k10 	BT-3   80   26    320    1   1764   2765   1879    800   7.4541    0.065
A-n80-k10 	BT-3   80   13    160    0   1764   1773   1773    160   1.9869    0.005
A-n80-k10 	BT-3   80   13    160    1   1764   1773   1773    160   1.9976    0.005
A-n80-k10 	BT-3   80    8    160    0   1764   1773   1773    160   1.9817    0.005
A-n80-k10 	BT-3   80    8    160    1   1764   1773   1773    160   2.0728    0.005
A-n80-k10 	BT-3   80   26    320    0   1764   2935   1907    401   3.7910    0.081
A-n80-k10 	BT-3   80   26    320    1   1764   2765   1880    730   6.6263    0.066
A-n80-k10 	BT-3   80   13    160    0   1764   1773   1773    160   2.0235    0.005
A-n80-k10 	BT-3   80   13    160    1   1764   1773   1773    160   1.9919    0.005
A-n80-k10 	BT-3   80    8    160    0   1764   1773   1773    160   1.9573    0.005
A-n80-k10 	BT-3   80    8    160    1   1764   1773   1773    160   2.0117    0.005
A-n80-k10 	BT-3   80   26    320    0   1764   2935   1840    954   9.7644    0.043
A-n80-k10 	BT-3   80   26    320    1   1764   2765   1882   1128  11.1492    0.067
A-n80-k10 	BT-3   80   13    160    0   1764   1773   1773    160   1.9680    0.005
A-n80-k10 	BT-3   80   13    160    1   1764   1773   1773    160   2.0312    0.005
A-n80-k10 	BT-3   80    8    160    0   1764   1773   1773    160   2.0264    0.005
A-n80-k10 	BT-3   80    8    160    1   1764   1773   1773    160   2.0286    0.005
A-n80-k10 	BT-3   80   26    320    0   1764   2935   1870    692   6.7163    0.060
A-n80-k10 	BT-3   80   26    320    1   1764   2765   1868    770   7.2106    0.059
A-n80-k10 	BT-3   80   13    160    0   1764   1773   1773    160   2.0187    0.005
A-n80-k10 	BT-3   80   13    160    1   1764   1773   1773    160   2.0423    0.005
A-n80-k10 	BT-3   80    8    160    0   1764   1773   1773    160   2.1440    0.005
A-n80-k10 	BT-3   80    8    160    1   1764   1773   1773    160   2.1988    0.005
A-n80-k10 	BT-3   80   26    320    0   1764   2935   1907    439   4.0815    0.081
A-n80-k10 	BT-3   80   26    320    1   1764   2765   1872    882   8.4182    0.061
A-n80-k10 	BT-3   80   13    160    0   1764   1773   1773    160   2.0596    0.005
A-n80-k10 	BT-3   80   13    160    1   1764   1773   1773    160   2.0640    0.005
A-n80-k10 	BT-3   80    8    160    0   1764   1773   1773    160   2.0561    0.005
A-n80-k10 	BT-3   80    8    160    1   1764   1773   1773    160   2.0256    0.005
A-n80-k10 	BT-3   80   26    320    0   1764   2935   1855    514   4.8142    0.052
A-n80-k10 	BT-3   80   26    320    1   1764   2765   1851   1442  13.5164    0.049
A-n80-k10 	BT-3   80   13    160    0   1764   1773   1773    160   2.0123    0.005
A-n80-k10 	BT-3   80   13    160    1   1764   1773   1773    160   2.1141    0.005
A-n80-k10 	BT-3   80    8    160    0   1764   1773   1773    160   2.0453    0.005
A-n80-k10 	BT-3   80    8    160    1   1764   1773   1773    160   2.0491    0.005
A-n80-k10 	BT-3   80   26    320    0   1764   2935   1835    987   9.9521    0.040
A-n80-k10 	BT-3   80   26    320    1   1764   2765   1897    482   4.9907    0.075
A-n80-k10 	BT-3   80   13    160    0   1764   1773   1773    160   1.9991    0.005
A-n80-k10 	BT-3   80   13    160    1   1764   1773   1773    160   2.0440    0.005
A-n80-k10 	BT-3   80    8    160    0   1764   1773   1773    160   1.9871    0.005
A-n80-k10 	BT-3   80    8    160    1   1764   1773   1773    160   2.0395    0.005
A-n80-k10 	BT-3   80   26    320    0   1764   2935   1852    631   6.2222    0.050
A-n80-k10 	BT-3   80   26    320    1   1764   2765   1885    597   5.6707    0.069
A-n80-k10 	BT-3   80   13    160    0   1764   1773   1773    160   2.0531    0.005
A-n80-k10 	BT-3   80   13    160    1   1764   1773   1773    160   2.1068    0.005
A-n80-k10 	BT-3   80    8    160    0   1764   1773   1773    160   2.2320    0.005
A-n80-k10 	BT-3   80    8    160    1   1764   1773   1773    160   2.2550    0.005
A-n80-k10 	BT-3   80   26    320    0   1764   2935   1868    789   7.7913    0.059
A-n80-k10 	BT-3   80   26    320    1   1764   2765   1871    666   6.4479    0.061
A-n80-k10 	BT-3   80   13    160    0   1764   1773   1773    160   2.0346    0.005
A-n80-k10 	BT-3   80   13    160    1   1764   1773   1773    160   2.0601    0.005
A-n80-k10 	BT-3   80    8    160    0   1764   1773   1773    160   2.0142    0.005
A-n80-k10 	BT-3   80    8    160    1   1764   1773   1773    160   2.1486    0.005
A-n80-k10 	BT-3   80   26    320    0   1764   2935   1874    824   7.8342    0.062
A-n80-k10 	BT-3   80   26    320    1   1764   2765   1891    622   5.8238    0.072
A-n80-k10 	BT-3   80   13    160    0   1764   1773   1773    160   2.1319    0.005
A-n80-k10 	BT-3   80   13    160    1   1764   1773   1773    160   2.1866    0.005
A-n80-k10 	BT-3   80    8    160    0   1764   1773   1773    160   1.9911    0.005
A-n80-k10 	BT-3   80    8    160    1   1764   1773   1773    160   2.0537    0.005
A-n80-k10 	BT-3   80   26    320    0   1764   2935   1848   1161  10.9690    0.048
A-n80-k10 	BT-3   80   26    320    1   1764   2765   1877    629   5.9897    0.064
A-n80-k10 	BT-3   80   13    160    0   1764   1773   1773    160   2.0210    0.005
A-n80-k10 	BT-3   80   13    160    1   1764   1773   1773    160   2.0269    0.005
A-n80-k10 	BT-3   80    8    160    0   1764   1773   1773    160   1.9858    0.005
A-n80-k10 	BT-3   80    8    160    1   1764   1773   1773    160   2.0259    0.005
A-n80-k10 	BT-3   80   26    320    0   1764   2935   1829    766   7.7804    0.037
A-n80-k10 	BT-3   80   26    320    1   1764   2765   1890   1089  11.1225    0.071
A-n80-k10 	BT-3   80   13    160    0   1764   1773   1773    160   1.9939    0.005
A-n80-k10 	BT-3   80   13    160    1   1764   1773   1773    160   2.0725    0.005
A-n80-k10 	BT-3   80    8    160    0   1764   1773   1773    160   1.9930    0.005
A-n80-k10 	BT-3   80    8    160    1   1764   1773   1773    160   2.0330    0.005
A-n80-k10 	BT-3   80   26    320    0   1764   2935   1918    491   4.6466    0.087
A-n80-k10 	BT-3   80   26    320    1   1764   2765   1880    728   6.7895    0.066
A-n80-k10 	BT-3   80   13    160    0   1764   1773   1773    160   1.9940    0.005
A-n80-k10 	BT-3   80   13    160    1   1764   1773   1773    160   2.0138    0.005
A-n80-k10 	BT-3   80    8    160    0   1764   1773   1773    160   2.1402    0.005
A-n80-k10 	BT-3   80    8    160    1   1764   1773   1773    160   2.1907    0.005
A-n80-k10 	BT-3   80   26    320    0   1764   2935   1814    751   7.1202    0.028
A-n80-k10 	BT-3   80   26    320    1   1764   2765   1860    762   7.2382    0.054
A-n80-k10 	BT-3   80   13    160    0   1764   1773   1773    160   1.9861    0.005
A-n80-k10 	BT-3   80   13    160    1   1764   1773   1773    160   2.0278    0.005
A-n80-k10 	BT-3   80    8    160    0   1764   1773   1773    160   2.0353    0.005
A-n80-k10 	BT-3   80    8    160    1   1764   1773   1773    160   2.0519    0.005
A-n80-k10 	BT-3   80   26    320    0   1764   2935   1882    614   5.7759    0.067
A-n80-k10 	BT-3   80   26    320    1   1764   2765   1882    729   6.8698    0.067
A-n80-k10 	BT-3   80   13    160    0   1764   1773   1773    160   2.1412    0.005
A-n80-k10 	BT-3   80   13    160    1   1764   1773   1773    160   2.1551    0.005
A-n80-k10 	BT-3   80    8    160    0   1764   1773   1773    160   2.0425    0.005
A-n80-k10 	BT-3   80    8    160    1   1764   1773   1773    160   2.0693    0.005
A-n80-k10 	BT-3   80   26    320    0   1764   2935   1866    540   5.0505    0.058
A-n80-k10 	BT-3   80   26    320    1   1764   2765   1849    618   5.8235    0.048
A-n80-k10 	BT-3   80   13    160    0   1764   1773   1773    160   2.1516    0.005
A-n80-k10 	BT-3   80   13    160    1   1764   1773   1773    160   2.1830    0.005
A-n80-k10 	BT-3   80    8    160    0   1764   1773   1773    160   1.9885    0.005
A-n80-k10 	BT-3   80    8    160    1   1764   1773   1773    160   2.0658    0.005
A-n80-k10 	BT-3   80   26    320    0   1764   2935   1824    748   7.0026    0.034
A-n80-k10 	BT-3   80   26    320    1   1764   2765   1898    499   4.7376    0.076
A-n80-k10 	BT-3   80   13    160    0   1764   1773   1773    160   2.0539    0.005
A-n80-k10 	BT-3   80   13    160    1   1764   1773   1773    160   2.0611    0.005
A-n80-k10 	BT-3   80    8    160    0   1764   1773   1773    160   2.0066    0.005
A-n80-k10 	BT-3   80    8    160    1   1764   1773   1773    160   2.0465    0.005
A-n80-k10 	BT-3   80   26    320    0   1764   2935   1863    663   6.7507    0.056
A-n80-k10 	BT-3   80   26    320    1   1764   2765   1907    520   5.3031    0.081
A-n80-k10 	BT-3   80   13    160    0   1764   1773   1773    160   1.9856    0.005
A-n80-k10 	BT-3   80   13    160    1   1764   1773   1773    160   2.0485    0.005
A-n80-k10 	BT-3   80    8    160    0   1764   1773   1773    160   2.0214    0.005
A-n80-k10 	BT-3   80    8    160    1   1764   1773   1773    160   2.0351    0.005
A-n80-k10 	BT-3   80   26    320    0   1764   2935   1826    897   8.7642    0.035
A-n80-k10 	BT-3   80   26    320    1   1764   2765   1865    884   8.2963    0.057
A-n80-k10 	BT-3   80   13    160    0   1764   1773   1773    160   2.0266    0.005
A-n80-k10 	BT-3   80   13    160    1   1764   1773   1773    160   2.0214    0.005
A-n80-k10 	BT-3   80    8    160    0   1764   1773   1773    160   2.1556    0.005
A-n80-k10 	BT-3   80    8    160    1   1764   1773   1773    160   2.1879    0.005
A-n80-k10 	BT-3   80   26    320    0   1764   2935   1857    997   9.3074    0.053
A-n80-k10 	BT-3   80   26    320    1   1764   2765   1895    639   6.1249    0.074
A-n80-k10 	BT-3   80   13    160    0   1764   1773   1773    160   2.0348    0.005
A-n80-k10 	BT-3   80   13    160    1   1764   1773   1773    160   2.0446    0.005
A-n80-k10 	BT-3   80    8    160    0   1764   1773   1773    160   2.0247    0.005
A-n80-k10 	BT-3   80    8    160    1   1764   1773   1773    160   2.0525    0.005
A-n80-k10 	BT-3   80   26    320    0   1764   2935   1824    930   8.8382    0.034
A-n80-k10 	BT-3   80   26    320    1   1764   2765   1932    467   4.5984    0.095
A-n80-k10 	BT-3   80   13    160    0   1764   1773   1773    160   2.1779    0.005
A-n80-k10 	BT-3   80   13    160    1   1764   1773   1773    160   2.1753    0.005
A-n80-k10 	BT-3   80    8    160    0   1764   1773   1773    160   1.9833    0.005
A-n80-k10 	BT-3   80    8    160    1   1764   1773   1773    160   2.0705    0.005
A-n80-k10 	BT-3   80   26    320    0   1764   2935   1836   1627  15.5398    0.041
A-n80-k10 	BT-3   80   26    320    1   1764   2765   1852   1899  17.8504    0.050
A-n80-k10 	BT-3   80   13    160    0   1764   1773   1773    160   2.0394    0.005
A-n80-k10 	BT-3   80   13    160    1   1764   1773   1773    160   2.0296    0.005
A-n80-k10 	BT-3   80    8    160    0   1764   1773   1773    160   1.9827    0.005
A-n80-k10 	BT-3   80    8    160    1   1764   1773   1773    160   2.0469    0.005
A-n80-k10 	BT-3   80   26    320    0   1764   2935   1874    702   7.2005    0.062
A-n80-k10 	BT-3   80   26    320    1   1764   2765   1841    571   5.8150    0.044
A-n80-k10 	BT-3   80   13    160    0   1764   1773   1773    160   1.9992    0.005
A-n80-k10 	BT-3   80   13    160    1   1764   1773   1773    160   2.0621    0.005
A-n80-k10 	BT-3   80    8    160    0   1764   1773   1773    160   2.0123    0.005
A-n80-k10 	BT-3   80    8    160    1   1764   1773   1773    160   2.0459    0.005
A-n80-k10 	BT-3   80   26    320    0   1764   2935   1851    625   5.9892    0.049
A-n80-k10 	BT-3   80   26    320    1   1764   2765   1891    837   7.9934    0.072
A-n80-k10 	BT-3   80   13    160    0   1764   1773   1773    160   1.9943    0.005
A-n80-k10 	BT-3   80   13    160    1   1764   1773   1773    160   2.0400    0.005
A-n80-k10 	BT-3   80    8    160    0   1764   1773   1773    160   2.1086    0.005
A-n80-k10 	BT-3   80    8    160    1   1764   1773   1773    160   2.1525    0.005
A-n80-k10 	BT-3   80   26    320    0   1764   2935   1860    980   9.0517    0.054
A-n80-k10 	BT-3   80   26    320    1   1764   2765   1873    710   6.7131    0.062
A-n80-k10 	BT-3   80   13    160    0   1764   1773   1773    160   1.9651    0.005
A-n80-k10 	BT-3   80   13    160    1   1764   1773   1773    160   2.0347    0.005
A-n80-k10 	BT-3   80    8    160    0   1764   1773   1773    160   1.9872    0.005
A-n80-k10 	BT-3   80    8    160    1   1764   1773   1773    160   2.0326    0.005
A-n80-k10 	BT-3   80   26    320    0   1764   2935   1826   1018   9.3543    0.035
A-n80-k10 	BT-3   80   26    320    1   1764   2765   1932    497   5.0638    0.095
A-n80-k10 	BT-3   80   13    160    0   1764   1773   1773    160   2.1779    0.005
A-n80-k10 	BT-3   80   13    160    1   1764   1773   1773    160   2.1982    0.005
A-n80-k10 	BT-3   80    8    160    0   1764   1773   1773    160   2.0560    0.005
A-n80-k10 	BT-3   80    8    160    1   1764   1773   1773    160   2.0772    0.005
A-n80-k10 	BT-3   80   26    320    0   1764   2935   1851    527   5.0353    0.049
A-n80-k10 	BT-3   80   26    320    1   1764   2765   1890    498   4.7765    0.071
A-n80-k10 	BT-3   80   13    160    0   1764   1773   1773    160   2.0590    0.005
A-n80-k10 	BT-3   80   13    160    1   1764   1773   1773    160   2.0707    0.005
A-n80-k10 	BT-3   80    8    160    0   1764   1773   1773    160   2.0116    0.005
A-n80-k10 	BT-3   80    8    160    1   1764   1773   1773    160   2.0610    0.005
A-n80-k10 	BT-3   80   26    320    0   1764   2935   1834   1292  13.1466    0.040
A-n80-k10 	BT-3   80   26    320    1   1764   2765   1889    546   5.6623    0.071
A-n80-k10 	BT-3   80   13    160    0   1764   1773   1773    160   2.0105    0.005
A-n80-k10 	BT-3   80   13    160    1   1764   1773   1773    160   2.1154    0.005
A-n80-k10 	BT-3   80    8    160    0   1764   1773   1773    160   2.0315    0.005
A-n80-k10 	BT-3   80    8    160    1   1764   1773   1773    160   2.0842    0.005
A-n80-k10 	BT-3   80   26    320    0   1764   2935   1803   1460  14.4629    0.022
A-n80-k10 	BT-3   80   26    320    1   1764   2765   1890    476   4.5383    0.071
A-n80-k10 	BT-3   80   13    160    0   1764   1773   1773    160   2.0374    0.005
A-n80-k10 	BT-3   80   13    160    1   1764   1773   1773    160   2.0671    0.005
A-n80-k10 	BT-3   80    8    160    0   1764   1773   1773    160   2.1631    0.005
A-n80-k10 	BT-3   80    8    160    1   1764   1773   1773    160   2.2077    0.005
A-n80-k10 	BT-3   80   26    320    0   1764   2935   1877    595   5.6931    0.064
A-n80-k10 	BT-3   80   26    320    1   1764   2765   1898    968   9.2781    0.076
A-n80-k10 	BT-3   80   13    160    0   1764   1773   1773    160   2.0458    0.005
A-n80-k10 	BT-3   80   13    160    1   1764   1773   1773    160   2.1476    0.005
A-n80-k10 	BT-3   80    8    160    0   1764   1773   1773    160   2.1263    0.005
A-n80-k10 	BT-3   80    8    160    1   1764   1773   1773    160   2.1053    0.005
A-n80-k10 	BT-3   80   26    320    0   1764   2935   1826   1879  18.2218    0.035
A-n80-k10 	BT-3   80   26    320    1   1764   2765   1875    573   5.5189    0.063
A-n80-k10 	BT-3   80   13    160    0   1764   1773   1773    160   2.1915    0.005
A-n80-k10 	BT-3   80   13    160    1   1764   1773   1773    160   2.3077    0.005
A-n80-k10 	BT-3   80    8    160    0   1764   1773   1773    160   2.1411    0.005
A-n80-k10 	BT-3   80    8    160    1   1764   1773   1773    160   2.1501    0.005
A-n80-k10 	BT-3   80   26    320    0   1764   2935   1846   1107  10.8788    0.046
A-n80-k10 	BT-3   80   26    320    1   1764   2765   1966    586   5.6144    0.115
A-n80-k10 	BT-3   80   13    160    0   1764   1773   1773    160   2.0488    0.005
A-n80-k10 	BT-3   80   13    160    1   1764   1773   1773    160   2.0408    0.005
A-n80-k10 	BT-3   80    8    160    0   1764   1773   1773    160   2.0315    0.005
A-n80-k10 	BT-3   80    8    160    1   1764   1773   1773    160   2.0527    0.005
A-n80-k10 	BT-3   80   26    320    0   1764   2935   1852    599   6.2959    0.050
A-n80-k10 	BT-3   80   26    320    1   1764   2765   1889    587   6.1430    0.071
A-n80-k10 	BT-3   80   13    160    0   1764   1773   1773    160   2.2242    0.005
A-n80-k10 	BT-3   80   13    160    1   1764   1773   1773    160   2.0951    0.005
A-n80-k10 	BT-3   80    8    160    0   1764   1773   1773    160   2.1069    0.005
A-n80-k10 	BT-3   80    8    160    1   1764   1773   1773    160   2.0990    0.005
A-n80-k10 	BT-3   80   26    320    0   1764   2935   1850    589   6.2018    0.049
A-n80-k10 	BT-3   80   26    320    1   1764   2765   1879    945   9.6201    0.065
A-n80-k10 	BT-3   80   13    160    0   1764   1773   1773    160   2.0925    0.005
A-n80-k10 	BT-3   80   13    160    1   1764   1773   1772    280   3.1703    0.005
A-n80-k10 	BT-3   80    8    160    0   1764   1772   1772    160   2.3822    0.005
A-n80-k10 	BT-3   80    8    160    1   1764   1772   1772    160   2.5568    0.005
A-n80-k10 	BT-3   80   26    320    0   1764   2935   1853    495   4.8864    0.050
A-n80-k10 	BT-3   80   26    320    1   1764   2765   1892    979  10.7464    0.073
A-n80-k10 	BT-3   80   13    160    0   1764   1772   1772    160   2.6229    0.005
A-n80-k10 	BT-3   80   13    160    1   1764   1772   1772    160   2.4921    0.005
A-n80-k10 	BT-3   80    8    160    0   1764   1772   1772    160   2.0676    0.005
A-n80-k10 	BT-3   80    8    160    1   1764   1772   1772    160   2.0497    0.005
A-n80-k10 	BT-3   80   26    320    0   1764   2935   1820    610   5.8846    0.032
A-n80-k10 	BT-3   80   26    320    1   1764   2765   1940    408   3.9839    0.100
A-n80-k10 	BT-3   80   13    160    0   1764   1772   1772    160   2.1089    0.005
A-n80-k10 	BT-3   80   13    160    1   1764   1772   1772    160   2.2315    0.005
A-n80-k10 	BT-3   80    8    160    0   1764   1772   1772    160   2.1395    0.005
A-n80-k10 	BT-3   80    8    160    1   1764   1772   1772    160   2.0168    0.005
A-n80-k10 	BT-3   80   26    320    0   1764   2935   1928    424   4.5575    0.093
A-n80-k10 	BT-3   80   26    320    1   1764   2765   1968    403   4.5054    0.116
A-n80-k10 	BT-3   80   13    160    0   1764   1772   1772    160   2.0284    0.005
A-n80-k10 	BT-3   80   13    160    1   1764   1772   1772    160   2.0891    0.005
A-n80-k10 	BT-3   80    8    160    0   1764   1772   1772    160   2.0848    0.005
A-n80-k10 	BT-3   80    8    160    1   1764   1772   1772    160   2.2152    0.005
A-n80-k10 	BT-3   80   26    320    0   1764   2935   1859   1022  10.3231    0.054
A-n80-k10 	BT-3   80   26    320    1   1764   2765   1894    597   5.6876    0.074
A-n80-k10 	BT-3   80   13    160    0   1764   1772   1772    160   2.0362    0.005
A-n80-k10 	BT-3   80   13    160    1   1764   1772   1772    160   2.0256    0.005
A-n80-k10 	BT-3   80    8    160    0   1764   1772   1772    160   2.2272    0.005
A-n80-k10 	BT-3   80    8    160    1   1764   1772   1772    160   2.1851    0.005
A-n80-k10 	BT-3   80   26    320    0   1764   2935   1845    736   7.0549    0.046
A-n80-k10 	BT-3   80   26    320    1   1764   2765   1853   1561  15.5220    0.050
A-n80-k10 	BT-3   80   13    160    0   1764   1772   1772    160   2.0884    0.005
A-n80-k10 	BT-3   80   13    160    1   1764   1772   1772    160   2.1279    0.005
A-n80-k10 	BT-3   80    8    160    0   1764   1772   1772    160   2.0405    0.005
A-n80-k10 	BT-3   80    8    160    1   1764   1772   1772    160   2.0237    0.005
A-n80-k10 	BT-3   80   26    320    0   1764   2935   1820   1582  15.5434    0.032
A-n80-k10 	BT-3   80   26    320    1   1764   2765   1833    718   7.2972    0.039
A-n80-k10 	BT-3   80   13    160    0   1764   1772   1772    160   2.3799    0.005
A-n80-k10 	BT-3   80   13    160    1   1764   1772   1772    160   2.3499    0.005
A-n80-k10 	BT-3   80    8    160    0   1764   1772   1772    160   2.0921    0.005
A-n80-k10 	BT-3   80    8    160    1   1764   1772   1772    160   2.1109    0.005
A-n80-k10 	BT-3   80   26    320    0   1764   2935   1882    598   5.7979    0.067
A-n80-k10 	BT-3   80   26    320    1   1764   2765   1882    490   4.6930    0.067
A-n80-k10 	BT-3   80   13    160    0   1764   1772   1772    160   2.0568    0.005
A-n80-k10 	BT-3   80   13    160    1   1764   1772   1772    160   2.0670    0.005
A-n80-k10 	BT-3   80    8    160    0   1764   1772   1772    160   2.1059    0.005
A-n80-k10 	BT-3   80    8    160    1   1764   1772   1772    160   2.1522    0.005
A-n80-k10 	BT-3   80   26    320    0   1764   2935   1864    524   5.5330    0.057
A-n80-k10 	BT-3   80   26    320    1   1764   2765   1861   1187  12.6431    0.055
A-n80-k10 	BT-3   80   13    160    0   1764   1772   1772    160   2.0937    0.005
A-n80-k10 	BT-3   80   13    160    1   1764   1772   1772    160   2.1205    0.005
A-n80-k10 	BT-3   80    8    160    0   1764   1772   1772    160   2.1290    0.005
A-n80-k10 	BT-3   80    8    160    1   1764   1772   1772    160   2.1176    0.005
A-n80-k10 	BT-3   80   26    320    0   1764   2935   1832    643   6.4100    0.039
A-n80-k10 	BT-3   80   26    320    1   1764   2765   1884    858   8.3191    0.068
A-n80-k10 	BT-3   80   13    160    0   1764   1772   1772    160   2.0684    0.005
A-n80-k10 	BT-3   80   13    160    1   1764   1772   1772    160   2.0515    0.005
A-n80-k10 	BT-3   80    8    160    0   1764   1772   1772    160   2.2872    0.005
A-n80-k10 	BT-3   80    8    160    1   1764   1772   1772    160   2.3179    0.005
A-n80-k10 	BT-3   80   26    320    0   1764   2935   1922    459   4.6185    0.090
A-n80-k10 	BT-3   80   26    320    1   1764   2765   1928    470   4.5661    0.093
A-n80-k10 	BT-3   80   13    160    0   1764   1772   1772    160   2.0255    0.005
A-n80-k10 	BT-3   80   13    160    1   1764   1772   1772    160   2.0564    0.005
A-n80-k10 	BT-3   80    8    160    0   1764   1772   1772    160   2.0928    0.005
A-n80-k10 	BT-3   80    8    160    1   1764   1772   1772    160   2.1323    0.005
A-n80-k10 	BT-3   80   26    320    0   1764   2935   1921    405   4.0890    0.089
A-n80-k10 	BT-3   80   26    320    1   1764   2765   1840    964   9.3493    0.043
A-n80-k10 	BT-3   80   13    160    0   1764   1772   1772    160   2.0931    0.005
A-n80-k10 	BT-3   80   13    160    1   1764   1772   1772    160   2.0752    0.005
A-n80-k10 	BT-3   80    8    160    0   1764   1772   1772    160   2.1122    0.005
A-n80-k10 	BT-3   80    8    160    1   1764   1772   1772    160   2.2174    0.005
A-n80-k10 	BT-3   80   26    320    0   1764   2935   1836   1599  16.7876    0.041
A-n80-k10 	BT-3   80   26    320    1   1764   2765   1795   1235  13.3420    0.018
A-n80-k10 	BT-3   80   13    160    0   1764   1772   1772    160   2.1965    0.005
A-n80-k10 	BT-3   80   13    160    1   1764   1772   1772    160   2.3106    0.005
A-n80-k10 	BT-3   80    8    160    0   1764   1772   1772    160   2.3521    0.005
A-n80-k10 	BT-3   80    8    160    1   1764   1772   1772    160   2.0723    0.005
A-n80-k10 	BT-3   80   26    320    0   1764   2935   1850    591   6.2931    0.049
A-n80-k10 	BT-3   80   26    320    1   1764   2765   1849    523   5.0509    0.048
A-n80-k10 	BT-3   80   13    160    0   1764   1772   1772    160   2.0610    0.005
A-n80-k10 	BT-3   80   13    160    1   1764   1772   1772    160   2.0666    0.005
A-n80-k10 	BT-3   80    8    160    0   1764   1772   1772    160   2.2227    0.005
A-n80-k10 	BT-3   80    8    160    1   1764   1772   1772    160   2.1955    0.005
A-n80-k10 	BT-3   80   26    320    0   1764   2935   1879    503   4.7792    0.065
A-n80-k10 	BT-3   80   26    320    1   1764   2765   1869    841   8.1232    0.060
A-n80-k10 	BT-3   80   13    160    0   1764   1772   1772    160   2.0928    0.005
A-n80-k10 	BT-3   80   13    160    1   1764   1772   1772    160   2.0760    0.005
A-n80-k10 	BT-3   80    8    160    0   1764   1772   1772    160   2.0833    0.005
A-n80-k10 	BT-3   80    8    160    1   1764   1772   1772    160   2.0731    0.005
A-n80-k10 	BT-3   80   26    320    0   1764   2935   1837   1054  10.8710    0.041
A-n80-k10 	BT-3   80   26    320    1   1764   2765   1842   1366  14.0807    0.044
A-n80-k10 	BT-3   80   13    160    0   1764   1772   1772    160   2.2864    0.005
A-n80-k10 	BT-3   80   13    160    1   1764   1772   1772    160   2.1859    0.005
A-n80-k10 	BT-3   80    8    160    0   1764   1772   1772    160   2.3356    0.005
A-n80-k10 	BT-3   80    8    160    1   1764   1772   1772    160   2.1622    0.005
A-n80-k10 	BT-3   80   26    320    0   1764   2935   1868    764   7.7057    0.059
A-n80-k10 	BT-3   80   26    320    1   1764   2765   1859    735   7.3810    0.054
A-n80-k10 	BT-3   80   13    160    0   1764   1772   1772    160   2.2100    0.005
A-n80-k10 	BT-3   80   13    160    1   1764   1772   1772    160   2.2416    0.005
A-n80-k10 	BT-3   80    8    160    0   1764   1772   1772    160   2.0442    0.005
A-n80-k10 	BT-3   80    8    160    1   1764   1772   1772    160   2.0840    0.005
A-n80-k10 	BT-3   80   26    320    0   1764   2935   1935    413   4.0220    0.097
A-n80-k10 	BT-3   80   26    320    1   1764   2765   1920    688   6.7507    0.088
A-n80-k10 	BT-3   80   13    160    0   1764   1772   1772    160   2.1393    0.005
A-n80-k10 	BT-3   80   13    160    1   1764   1772   1772    160   2.2057    0.005
A-n80-k10 	BT-3   80    8    160    0   1764   1772   1772    160   2.1109    0.005
A-n80-k10 	BT-3   80    8    160    1   1764   1772   1772    160   2.0599    0.005
A-n80-k10 	BT-3   80   26    320    0   1764   2935   1883    736   7.1982    0.067
A-n80-k10 	BT-3   80   26    320    1   1764   2765   1908    564   5.7450    0.082
A-n80-k10 	BT-3   80   13    160    0   1764   1772   1772    160   2.1813    0.005
A-n80-k10 	BT-3   80   13    160    1   1764   1772   1772    160   2.0855    0.005
A-n80-k10 	BT-3   80    8    160    0   1764   1772   1772    160   2.0693    0.005
A-n80-k10 	BT-3   80    8    160    1   1764   1772   1772    160   2.1004    0.005
A-n80-k10 	BT-3   80   26    320    0   1764   2935   1882    451   4.6913    0.067
A-n80-k10 	BT-3   80   26    320    1   1764   2765   1828   1078  11.3662    0.036
A-n80-k10 	BT-3   80   13    160    0   1764   1772   1772    160   2.1174    0.005
A-n80-k10 	BT-3   80   13    160    1   1764   1772   1772    160   2.2154    0.005
A-n80-k10 	BT-3   80    8    160    0   1764   1772   1772    160   2.0769    0.005
A-n80-k10 	BT-3   80    8    160    1   1764   1772   1772    160   2.1159    0.005
A-n80-k10 	BT-3   80   26    320    0   1764   2935   1851    609   6.0730    0.049
A-n80-k10 	BT-3   80   26    320    1   1764   2765   1874    757   7.7629    0.062
A-n80-k10 	BT-3   80   13    160    0   1764   1772   1772    160   2.0588    0.005
A-n80-k10 	BT-3   80   13    160    1   1764   1772   1772    160   2.1935    0.005
A-n80-k10 	BT-3   80    8    160    0   1764   1772   1772    160   2.2351    0.005
A-n80-k10 	BT-3   80    8    160    1   1764   1772   1772    160   2.2763    0.005
A-n80-k10 	BT-3   80   26    320    0   1764   2935   1840    614   5.9652    0.043
A-n80-k10 	BT-3   80   26    320    1   1764   2765   1888    847   8.3655    0.070
A-n80-k10 	BT-3   80   13    160    0   1764   1772   1772    160   2.3246    0.005
A-n80-k10 	BT-3   80   13    160    1   1764   1772   1772    160   2.0356    0.005
A-n80-k10 	BT-3   80    8    160    0   1764   1772   1772    160   2.1882    0.005
A-n80-k10 	BT-3   80    8    160    1   1764   1772   1772    160   2.3662    0.005
A-n80-k10 	BT-3   80   26    320    0   1764   2935   1882    806   7.8216    0.067
A-n80-k10 	BT-3   80   26    320    1   1764   2765   1883    943   9.0266    0.067
A-n80-k10 	BT-3   80   13    160    0   1764   1772   1772    160   2.1761    0.005
A-n80-k10 	BT-3   80   13    160    1   1764   1772   1772    160   2.2079    0.005
A-n80-k10 	BT-3   80    8    160    0   1764   1772   1772    160   2.0523    0.005
A-n80-k10 	BT-3   80    8    160    1   1764   1772   1772    160   2.0973    0.005
A-n80-k10 	BT-3   80   26    320    0   1764   2935   1850    897   9.0285    0.049
A-n80-k10 	BT-3   80   26    320    1   1764   2765   1887    702   6.6800    0.070
A-n80-k10 	BT-3   80   13    160    0   1764   1772   1772    160   2.0627    0.005
A-n80-k10 	BT-3   80   13    160    1   1764   1772   1772    160   2.0873    0.005
A-n80-k10 	BT-3   80    8    160    0   1764   1772   1772    160   2.0953    0.005
A-n80-k10 	BT-3   80    8    160    1   1764   1772   1772    160   2.1558    0.005
A-n80-k10 	BT-3   80   26    320    0   1764   2935   1866    726   7.7790    0.058
A-n80-k10 	BT-3   80   26    320    1   1764   2765   1890    961   9.9815    0.071
A-n80-k10 	BT-3   80   13    160    0   1764   1772   1772    160   2.0952    0.005
A-n80-k10 	BT-3   80   13    160    1   1764   1772   1772    160   2.1218    0.005
A-n80-k10 	BT-3   80    8    160    0   1764   1772   1772    160   2.0339    0.005
A-n80-k10 	BT-3   80    8    160    1   1764   1772   1772    160   2.0655    0.005
A-n80-k10 	BT-3   80   26    320    0   1764   2935   1867    788   7.9724    0.058
A-n80-k10 	BT-3   80   26    320    1   1764   2765   1887    435   4.1822    0.070
A-n80-k10 	BT-3   80   13    160    0   1764   1772   1772    160   2.1983    0.005
A-n80-k10 	BT-3   80   13    160    1   1764   1772   1772    160   2.0898    0.005
A-n80-k10 	BT-3   80    8    160    0   1764   1772   1772    160   2.2306    0.005
A-n80-k10 	BT-3   80    8    160    1   1764   1772   1772    160   2.2871    0.005
A-n80-k10 	BT-3   80   26    320    0   1764   2935   1882    614   5.9777    0.067
A-n80-k10 	BT-3   80   26    320    1   1764   2765   1853   1265  12.3756    0.050
A-n80-k10 	BT-3   80   13    160    0   1764   1772   1772    160   2.0991    0.005
A-n80-k10 	BT-3   80   13    160    1   1764   1772   1772    160   2.0472    0.005
A-n80-k10 	BT-3   80    8    160    0   1764   1772   1772    160   2.0843    0.005
A-n80-k10 	BT-3   80    8    160    1   1764   1772   1772    160   2.0825    0.005
A-n80-k10 	BT-3   80   26    320    0   1764   2935   1853    871   8.4663    0.050
A-n80-k10 	BT-3   80   26    320    1   1764   2765   1945    403   3.9566    0.103
A-n80-k10 	BT-3   80   13    160    0   1764   1772   1772    160   2.2085    0.005
A-n80-k10 	BT-3   80   13    160    1   1764   1772   1772    160   2.1821    0.005
A-n80-k10 	BT-3   80    8    160    0   1764   1772   1772    160   2.0864    0.005
A-n80-k10 	BT-3   80    8    160    1   1764   1772   1772    160   2.0791    0.005
A-n80-k10 	BT-3   80   26    320    0   1764   2935   1853    823   8.1434    0.050
A-n80-k10 	BT-3   80   26    320    1   1764   2765   1915    517   5.1422    0.086
A-n80-k10 	BT-3   80   13    160    0   1764   1772   1772    160   2.3477    0.005
A-n80-k10 	BT-3   80   13    160    1   1764   1772   1772    160   2.1875    0.005
A-n80-k10 	BT-3   80    8    160    0   1764   1772   1772    160   2.0210    0.005
A-n80-k10 	BT-3   80    8    160    1   1764   1772   1772    160   2.0443    0.005
A-n80-k10 	BT-3   80   26    320    0   1764   2935   1871    708   7.3202    0.061
A-n80-k10 	BT-3   80   26    320    1   1764   2765   1910    584   6.3955    0.083
A-n80-k10 	BT-3   80   13    160    0   1764   1772   1772    160   2.1874    0.005
A-n80-k10 	BT-3   80   13    160    1   1764   1772   1772    160   2.2435    0.005
A-n80-k10 	BT-3   80    8    160    0   1764   1772   1772    160   2.2277    0.005
A-n80-k10 	BT-3   80    8    160    1   1764   1772   1772    160   2.0796    0.005
A-n80-k10 	BT-3   80   26    320    0   1764   2935   1844   1074  10.8442    0.045
A-n80-k10 	BT-3   80   26    320    1   1764   2765   1906    501   4.9520    0.080
A-n80-k10 	BT-3   80   13    160    0   1764   1772   1772    160   2.0694    0.005
A-n80-k10 	BT-3   80   13    160    1   1764   1772   1772    160   2.1710    0.005
A-n80-k10 	BT-3   80    8    160    0   1764   1772   1772    160   2.2660    0.005
A-n80-k10 	BT-3   80    8    160    1   1764   1772   1772    160   2.2592    0.005
A-n80-k10 	BT-3   80   26    320    0   1764   2935   1862    667   6.5095    0.056
A-n80-k10 	BT-3   80   26    320    1   1764   2765   1898    438   4.3698    0.076
A-n80-k10 	BT-3   80   13    160    0   1764   1772   1772    160   2.0763    0.005
A-n80-k10 	BT-3   80   13    160    1   1764   1772   1772    160   2.0420    0.005
A-n80-k10 	BT-3   80    8    160    0   1764   1772   1772    160   2.1102    0.005
A-n80-k10 	BT-3   80    8    160    1   1764   1772   1772    160   2.0523    0.005
A-n80-k10 	BT-3   80   26    320    0   1764   2935   1796   1464  14.0523    0.018
A-n80-k10 	BT-3   80   26    320    1   1764   2765   1850    811   7.7928    0.049
A-n80-k10 	BT-3   80   13    160    0   1764   1772   1772    160   2.2496    0.005
A-n80-k10 	BT-3   80   13    160    1   1764   1772   1772    160   2.2836    0.005
A-n80-k10 	BT-3   80    8    160    0   1764   1772   1772    160   2.1464    0.005
A-n80-k10 	BT-3   80    8    160    1   1764   1772   1772    160   2.1285    0.005
A-n80-k10 	BT-3   80   26    320    0   1764   2935   1856    652   6.3475    0.052
A-n80-k10 	BT-3   80   26    320    1   1764   2765   1887    651   6.3119    0.070
A-n80-k10 	BT-3   80   13    160    0   1764   1772   1772    160   2.1026    0.005
A-n80-k10 	BT-3   80   13    160    1   1764   1772   1772    160   2.0724    0.005
A-n80-k10 	BT-3   80    8    160    0   1764   1772   1772    160   2.0616    0.005
A-n80-k10 	BT-3   80    8    160    1   1764   1772   1772    160   2.0693    0.005
A-n80-k10 	BT-3   80   26    320    0   1764   2935   1858    667   7.0903    0.053
A-n80-k10 	BT-3   80   26    320    1   1764   2765   1832    980  10.4805    0.039
A-n80-k10 	BT-3   80   13    160    0   1764   1772   1772    160   2.0749    0.005
A-n80-k10 	BT-3   80   13    160    1   1764   1772   1772    160   2.1337    0.005
A-n80-k10 	BT-3   80    8    160    0   1764   1772   1772    160   2.0415    0.005
A-n80-k10 	BT-3   80    8    160    1   1764   1772   1772    160   2.0729    0.005
A-n80-k10 	BT-3   80   26    320    0   1764   2935   1935    396   4.0495    0.097
A-n80-k10 	BT-3   80   26    320    1   1764   2765   1906    536   5.2066    0.080
A-n80-k10 	BT-3   80   13    160    0   1764   1772   1772    160   2.0670    0.005
A-n80-k10 	BT-3   80   13    160    1   1764   1772   1772    160   2.0713    0.005
A-n80-k10 	BT-3   80    8    160    0   1764   1772   1772    160   2.2095    0.005
A-n80-k10 	BT-3   80    8    160    1   1764   1772   1772    160   2.2099    0.005
A-n80-k10 	BT-3   80   26    320    0   1764   2935   1897    509   4.9490    0.075
A-n80-k10 	BT-3   80   26    320    1   1764   2765   1937    572   5.5725    0.098
A-n80-k10 	BT-3   80   13    160    0   1764   1772   1772    160   2.0846    0.005
A-n80-k10 	BT-3   80   13    160    1   1764   1772   1772    160   2.0549    0.005
A-n80-k10 	BT-3   80    8    160    0   1764   1772   1772    160   2.1142    0.005
A-n80-k10 	BT-3   80    8    160    1   1764   1772   1772    160   2.0657    0.005
A-n80-k10 	BT-3   80   26    320    0   1764   2935   1892    519   5.5487    0.073
A-n80-k10 	BT-3   80   26    320    1   1764   2765   1883    970   9.5753    0.067
A-n80-k10 	BT-3   80   13    160    0   1764   1772   1772    160   2.0173    0.005
A-n80-k10 	BT-3   80   13    160    1   1764   1772   1772    160   2.0260    0.005
A-n80-k10 	BT-3   80    8    160    0   1764   1772   1772    160   1.9925    0.005
A-n80-k10 	BT-3   80    8    160    1   1764   1772   1772    160   2.0014    0.005
A-n80-k10 	BT-3   80   26    320    0   1764   2935   1876    516   5.1987    0.063
A-n80-k10 	BT-3   80   26    320    1   1764   2765   1905    632   6.3560    0.080
A-n80-k10 	BT-3   80   13    160    0   1764   1772   1772    160   2.0477    0.005
A-n80-k10 	BT-3   80   13    160    1   1764   1772   1772    160   2.0615    0.005
A-n80-k10 	BT-3   80    8    160    0   1764   1772   1772    160   2.0361    0.005
A-n80-k10 	BT-3   80    8    160    1   1764   1772   1772    160   2.0264    0.005
A-n80-k10 	BT-3   80   26    320    0   1764   2935   1873    538   5.0745    0.062
A-n80-k10 	BT-3   80   26    320    1   1764   2765   1896    503   4.8242    0.075
A-n80-k10 	BT-3   80   13    160    0   1764   1772   1772    160   2.0956    0.005
A-n80-k10 	BT-3   80   13    160    1   1764   1772   1772    160   2.2105    0.005
A-n80-k10 	BT-3   80    8    160    0   1764   1772   1772    160   2.3437    0.005
A-n80-k10 	BT-3   80    8    160    1   1764   1772   1772    160   2.2619    0.005
A-n80-k10 	BT-3   80   26    320    0   1764   2935   1861    729   7.4904    0.055
A-n80-k10 	BT-3   80   26    320    1   1764   2765   1821   1367  12.9867    0.032
A-n80-k10 	BT-3   80   13    160    0   1764   1772   1772    160   2.0048    0.005
A-n80-k10 	BT-3   80   13    160    1   1764   1772   1772    160   2.0256    0.005
A-n80-k10 	BT-3   80    8    160    0   1764   1772   1772    160   2.1160    0.005
A-n80-k10 	BT-3   80    8    160    1   1764   1772   1772    160   2.0271    0.005
