P-n45-k5 	BT-1   45   15    180    0    510    803    542    195   0.5417    0.063
P-n45-k5 	BT-1   45   15    180    1    510    707    522    222   0.6210    0.024
P-n45-k5 	BT-1   45    7     90    0    510    541    520    119   1.4909    0.020
P-n45-k5 	BT-1   45    7     90    1    510    522    522     90   1.4034    0.024
P-n45-k5 	BT-1   45   20     90    0    510    537    520     91   4.2944    0.020
P-n45-k5 	BT-1   45   20     90    1    510    520    520     90   4.3015    0.020
P-n45-k5 	BT-2   45   15    180    0    510    803    529    339   0.9115    0.037
P-n45-k5 	BT-2   45   15    180    1    510    707    526    319   0.8573    0.031
P-n45-k5 	BT-2   45    7     90    0    510    550    519    160   2.2297    0.018
P-n45-k5 	BT-2   45    7     90    1    510    526    520    106   2.0679    0.020
P-n45-k5 	BT-2   45   20     90    0    510    546    520     97   6.3314    0.020
P-n45-k5 	BT-2   45   20     90    1    510    519    519     90   6.3101    0.018
P-n45-k5 	BT-3   45   15    180    0    510    803    522    199   0.5447    0.024
P-n45-k5 	BT-3   45   15    180    1    510    707    530    186   0.4764    0.039
P-n45-k5 	BT-3   45    7     90    0    510    535    522     59   1.1734    0.024
P-n45-k5 	BT-3   45    7     90    1    510    522    522     60   1.1939    0.024
P-n45-k5 	BT-3   45   20     90    0    510    535    522     65   3.5582    0.024
P-n45-k5 	BT-3   45   20     90    1    510    522    522     61   3.5572    0.024
P-n45-k5 	BT-3   45   15    180    0    510    803    570    169   0.4313    0.118
P-n45-k5 	BT-3   45   15    180    1    510    707    545    166   0.4316    0.069
P-n45-k5 	BT-3   45    7     90    0    510    535    522     67  11.5439    0.024
P-n45-k5 	BT-3   45    7     90    1    510    522    522     65  11.5482    0.024
P-n45-k5 	BT-3   45   20     90    0    510    535    522     66  34.6342    0.024
P-n45-k5 	BT-3   45   20     90    1    510    522    522     62  34.6258    0.024
P-n45-k5 	BT-3   45   15    180    0    510    803    530    228   0.5719    0.039
P-n45-k5 	BT-3   45   15    180    1    510    707    530    178   0.4635    0.039
P-n45-k5 	BT-3   45    7     90    0    510    535    522     61 104.9152    0.024
P-n45-k5 	BT-3   45    7     90    1    510    522    522     63 104.9352    0.024
P-n45-k5 	BT-3   45   20     90    0    510    535    522     64 314.7735    0.024
P-n45-k5 	BT-3   45   20     90    1    510    522    522     61 314.7778    0.024
P-n45-k5 	BT-3   45   15    180    0    510    803    530    284   0.7322    0.039
P-n45-k5 	BT-3   45   15    180    1    510    707    545    168   0.4334    0.069
P-n45-k5 	BT-3   45    7     90    0    510    535    522     65 945.4902    0.024
P-n45-k5 	BT-3   45    7     90    1    510    522    522     62 945.5042    0.024
P-n45-k5 	BT-3   45   20     90    0    510    535    522     65 -1458.4817    0.024
P-n45-k5 	BT-3   45   20     90    1    510    522    522     65 -1458.4707    0.024
P-n45-k5 	BT-3   45   15    180    0    510    803    525    217   0.5616    0.029
P-n45-k5 	BT-3   45   15    180    1    510    707    545    165   0.4354    0.069
P-n45-k5 	BT-3   45    7     90    0    510    535    522     62 -79.4742    0.024
P-n45-k5 	BT-3   45    7     90    1    510    522    522     62 -79.4633    0.024
P-n45-k5 	BT-3   45   20     90    0    510    535    522     63 -238.4128    0.024
P-n45-k5 	BT-3   45   20     90    1    510    522    522     60 -238.4145    0.024
P-n45-k5 	BT-3   45   15    180    0    510    803    534    255   0.6490    0.047
P-n45-k5 	BT-3   45   15    180    1    510    707    530    184   0.4795    0.039
P-n45-k5 	BT-3   45    7     90    0    510    535    522     66 -714.0896    0.024
P-n45-k5 	BT-3   45    7     90    1    510    522    522     58 -714.1046    0.024
P-n45-k5 	BT-3   45   20     90    0    510    535    522     67 -2142.2964    0.024
P-n45-k5 	BT-3   45   20     90    1    510    522    522     61 -2142.2927    0.024
P-n45-k5 	BT-3   45   15    180    0    510    803    529    308   0.7866    0.037
P-n45-k5 	BT-3   45   15    180    1    510    707    525    258   0.6705    0.029
P-n45-k5 	BT-3   45    7     90    0    510    535    522     60 -2130.4685    0.024
P-n45-k5 	BT-3   45    7     90    1    510    522    522     64 -2130.4451    0.024
P-n45-k5 	BT-3   45   20     90    0    510    535    522     64 -2096.4131    0.024
P-n45-k5 	BT-3   45   20     90    1    510    522    522     64 -2096.3999    0.024
P-n45-k5 	BT-3   45   15    180    0    510    803    529    244   0.6274    0.037
P-n45-k5 	BT-3   45   15    180    1    510    707    530    183   0.4750    0.039
P-n45-k5 	BT-3   45    7     90    0    510    535    522     61 -1993.1654    0.024
P-n45-k5 	BT-3   45    7     90    1    510    522    522     65 -1993.1384    0.024
P-n45-k5 	BT-3   45   20     90    0    510    535    522     64 -1684.4961    0.024
P-n45-k5 	BT-3   45   20     90    1    510    522    522     66 -1684.4817    0.024
P-n45-k5 	BT-3   45   15    180    0    510    803    531    339   0.8831    0.041
P-n45-k5 	BT-3   45   15    180    1    510    707    530    184   0.4712    0.039
P-n45-k5 	BT-3   45    7     90    0    510    535    535     63 -757.1473    0.049
P-n45-k5 	BT-3   45    7     90    1    510    522    522     65 -757.1337    0.024
P-n45-k5 	BT-3   45   20     90    0    510    535    522     65 2023.5375    0.024
P-n45-k5 	BT-3   45   20     90    1    510    522    522     68 2023.5667    0.024
P-n45-k5 	BT-3   45   15    180    0    510    803    522    264   0.6919    0.024
P-n45-k5 	BT-3   45   15    180    1    510    707    545    155   0.4003    0.069
P-n45-k5 	BT-3   45    7     90    0    510    535    522     63 1776.7717    0.024
P-n45-k5 	BT-3   45    7     90    1    510    522    522     64 1776.7748    0.024
P-n45-k5 	BT-3   45   20     90    0    510    535    522     65 1035.3447    0.024
P-n45-k5 	BT-3   45   20     90    1    510    522    522     63 1035.3589    0.024
P-n45-k5 	BT-3   45   15    180    0    510    803    524    235   0.5943    0.027
P-n45-k5 	BT-3   45   15    180    1    510    707    537    178   0.4598    0.053
P-n45-k5 	BT-3   45    7     90    0    510    535    522     64 -1187.8638    0.024
P-n45-k5 	BT-3   45    7     90    1    510    522    522     63 -1187.8593    0.024
P-n45-k5 	BT-3   45   20     90    0    510    535    522     64 731.3784    0.024
P-n45-k5 	BT-3   45   20     90    1    510    522    522     64 731.3874    0.024
P-n45-k5 	BT-3   45   15    180    0    510    803    539    212   0.5375    0.057
P-n45-k5 	BT-3   45   15    180    1    510    707    545    161   0.4124    0.069
P-n45-k5 	BT-3   45    7     90    0    510    535    522     62 -2099.8748    0.024
P-n45-k5 	BT-3   45    7     90    1    510    522    522     62 -2099.8579    0.024
P-n45-k5 	BT-3   45   20     90    0    510    535    522     62 -2004.6449    0.024
P-n45-k5 	BT-3   45   20     90    1    510    522    522     61 -2004.6355    0.024
P-n45-k5 	BT-3   45   15    180    0    510    803    517    234   0.5840    0.014
P-n45-k5 	BT-3   45   15    180    1    510    707    545    162   0.4158    0.069
P-n45-k5 	BT-3   45    7     90    0    510    530    517     66 -1717.9373    0.014
P-n45-k5 	BT-3   45    7     90    1    510    517    517     63 -1717.9557    0.014
P-n45-k5 	BT-3   45   20     90    0    510    530    517     62 -858.8798    0.014
P-n45-k5 	BT-3   45   20     90    1    510    517    517     62 -858.8832    0.014
P-n45-k5 	BT-3   45   15    180    0    510    803    516    252   0.6393    0.012
P-n45-k5 	BT-3   45   15    180    1    510    707    545    161   0.4207    0.069
P-n45-k5 	BT-3   45    7     90    0    510    528    516     63 1719.3899    0.012
P-n45-k5 	BT-3   45    7     90    1    510    516    516     64 1719.3876    0.012
P-n45-k5 	BT-3   45   20     90    0    510    528    516     63 863.1984    0.012
P-n45-k5 	BT-3   45   20     90    1    510    516    516     63 863.1977    0.012
P-n45-k5 	BT-3   45   15    180    0    510    803    529    394   1.0699    0.037
P-n45-k5 	BT-3   45   15    180    1    510    707    530    181   0.4622    0.039
P-n45-k5 	BT-3   45    7     90    0    510    528    516     62 -1703.8373    0.012
P-n45-k5 	BT-3   45    7     90    1    510    516    516     70 -1703.8240    0.012
P-n45-k5 	BT-3   45   20     90    0    510    528    516     61 -816.5432    0.012
P-n45-k5 	BT-3   45   20     90    1    510    516    516     64 -816.5309    0.012
P-n45-k5 	BT-3   45   15    180    0    510    803    525    219   0.5538    0.029
P-n45-k5 	BT-3   45   15    180    1    510    707    530    180   0.4741    0.039
P-n45-k5 	BT-3   45    7     90    0    510    528    516     63 1846.3912    0.012
P-n45-k5 	BT-3   45    7     90    1    510    516    516     63 1846.3857    0.012
P-n45-k5 	BT-3   45   20     90    0    510    528    516     64 1244.1949    0.012
P-n45-k5 	BT-3   45   20     90    1    510    516    516     59 1244.1831    0.012
P-n45-k5 	BT-3   45   15    180    0    510    803    535    165   0.4165    0.049
P-n45-k5 	BT-3   45   15    180    1    510    707    530    182   0.4698    0.039
P-n45-k5 	BT-3   45    7     90    0    510    528    516     64 -561.4990    0.012
P-n45-k5 	BT-3   45    7     90    1    510    516    516     65 -561.4990    0.012
P-n45-k5 	BT-3   45   20     90    0    510    528    516     67 -1684.4941    0.012
P-n45-k5 	BT-3   45   20     90    1    510    516    516     60 -1684.5148    0.012
P-n45-k5 	BT-3   45   15    180    0    510    803    546    329   0.8499    0.071
P-n45-k5 	BT-3   45   15    180    1    510    707    544    172   0.4410    0.067
P-n45-k5 	BT-3   45    7     90    0    510    528    516     66 -757.2407    0.012
P-n45-k5 	BT-3   45    7     90    1    510    516    516     66 -757.2408    0.012
P-n45-k5 	BT-3   45   20     90    0    510    528    516     62 2023.2268    0.012
P-n45-k5 	BT-3   45   20     90    1    510    516    516     68 2023.2429    0.012
P-n45-k5 	BT-3   45   15    180    0    510    803    519    232   0.5946    0.018
P-n45-k5 	BT-3   45   15    180    1    510    707    519    207   0.5398    0.018
P-n45-k5 	BT-3   45    7     90    0    510    528    516     62 1775.8665    0.012
P-n45-k5 	BT-3   45    7     90    1    510    516    515    108 1775.9785    0.010
P-n45-k5 	BT-3   45   20     90    0    510    528    515     67 1032.7620    0.010
P-n45-k5 	BT-3   45   20     90    1    510    515    515     64 1032.7474    0.010
P-n45-k5 	BT-3   45   15    180    0    510    803    524    243   0.6138    0.027
P-n45-k5 	BT-3   45   15    180    1    510    707    545    166   0.4345    0.069
P-n45-k5 	BT-3   45    7     90    0    510    528    515     66 -1195.6458    0.010
P-n45-k5 	BT-3   45    7     90    1    510    515    515     69 -1195.6487    0.010
P-n45-k5 	BT-3   45   20     90    0    510    528    515     62 708.0086    0.010
P-n45-k5 	BT-3   45   20     90    1    510    515    515     67 708.0173    0.010
P-n45-k5 	BT-3   45   15    180    0    510    803    570    168   0.4273    0.118
P-n45-k5 	BT-3   45   15    180    1    510    707    530    182   0.4657    0.039
P-n45-k5 	BT-3   45    7     90    0    510    528    515     65 2124.9448    0.010
P-n45-k5 	BT-3   45    7     90    1    510    515    515     65 2124.9348    0.010
P-n45-k5 	BT-3   45   20     90    0    510    528    515     61 2079.8408    0.010
P-n45-k5 	BT-3   45   20     90    1    510    515    515     62 2079.8345    0.010
P-n45-k5 	BT-3   45   15    180    0    510    803    521    216   0.5464    0.022
P-n45-k5 	BT-3   45   15    180    1    510    707    530    175   0.4457    0.039
P-n45-k5 	BT-3   45    7     90    0    510    528    515     63 1945.5509    0.010
P-n45-k5 	BT-3   45    7     90    1    510    515    515     60 1945.5256    0.010
P-n45-k5 	BT-3   45   20     90    0    510    528    515     64 1541.6514    0.010
P-n45-k5 	BT-3   45   20     90    1    510    515    515     61 1541.6394    0.010
P-n45-k5 	BT-3   45   15    180    0    510    803    538    203   0.5131    0.055
P-n45-k5 	BT-3   45   15    180    1    510    707    530    174   0.4543    0.039
P-n45-k5 	BT-3   45    7     90    0    510    528    515     62 330.9476    0.010
P-n45-k5 	BT-3   45    7     90    1    510    515    515     59 330.9229    0.010
P-n45-k5 	BT-3   45   20     90    0    510    528    515     59 992.8028    0.010
P-n45-k5 	BT-3   45   20     90    1    510    515    515     64 992.8099    0.010
P-n45-k5 	BT-3   45   15    180    0    510    803    533    224   0.5741    0.045
P-n45-k5 	BT-3   45   15    180    1    510    707    544    168   0.4314    0.067
P-n45-k5 	BT-3   45    7     90    0    510    528    515     68 -1315.5160    0.010
P-n45-k5 	BT-3   45    7     90    1    510    515    515     63 -1315.5452    0.010
P-n45-k5 	BT-3   45   20     90    0    510    528    515     66 348.3808    0.010
P-n45-k5 	BT-3   45   20     90    1    510    515    515     67 348.3707    0.010
P-n45-k5 	BT-3   45   15    180    0    510    803    534    257   0.6669    0.047
P-n45-k5 	BT-3   45   15    180    1    510    707    530    177   0.4587    0.039
P-n45-k5 	BT-3   45    7     90    0    510    528    515     67 1046.2665    0.010
P-n45-k5 	BT-3   45    7     90    1    510    515    515     65 1046.2528    0.010
P-n45-k5 	BT-3   45   20     90    0    510    528    515     65 -1156.1918    0.010
P-n45-k5 	BT-3   45   20     90    1    510    515    515     61 -1156.2118    0.010
P-n45-k5 	BT-3   45   15    180    0    510    803    527    276   0.7155    0.033
P-n45-k5 	BT-3   45   15    180    1    510    707    545    166   0.4314    0.069
P-n45-k5 	BT-3   45    7     90    0    510    528    515     65 827.5190    0.010
P-n45-k5 	BT-3   45    7     90    1    510    515    515     68 827.5209    0.010
P-n45-k5 	BT-3   45   20     90    0    510    528    515     62 -1812.4137    0.010
P-n45-k5 	BT-3   45   20     90    1    510    515    515     64 -1812.4241    0.010
P-n45-k5 	BT-3   45   15    180    0    510    803    521    250   0.6289    0.022
P-n45-k5 	BT-3   45   15    180    1    510    707    530    173   0.4388    0.039
P-n45-k5 	BT-3   45    7     90    0    510    528    515     69 -1141.2014    0.010
P-n45-k5 	BT-3   45    7     90    1    510    515    515     63 -1141.2189    0.010
P-n45-k5 	BT-3   45   20     90    0    510    528    515     68 871.3365    0.010
P-n45-k5 	BT-3   45   20     90    1    510    515    515     62 871.3176    0.010
P-n45-k5 	BT-3   45   15    180    0    510    803    536    222   0.5552    0.051
P-n45-k5 	BT-3   45   15    180    1    510    707    523    293   0.7634    0.025
P-n45-k5 	BT-3   45    7     90    0    510    528    515     62 -1679.6641    0.010
P-n45-k5 	BT-3   45    7     90    1    510    515    515     62 -1679.6792    0.010
P-n45-k5 	BT-3   45   20     90    0    510    528    515     59 -744.0461    0.010
P-n45-k5 	BT-3   45   20     90    1    510    515    515     64 -744.0508    0.010
P-n45-k5 	BT-3   45   15    180    0    510    803    520    198   0.4892    0.020
P-n45-k5 	BT-3   45   15    180    1    510    707    530    179   0.4550    0.039
P-n45-k5 	BT-3   45    7     90    0    510    528    515     66 2063.7869    0.010
P-n45-k5 	BT-3   45    7     90    1    510    515    515     61 2063.7595    0.010
P-n45-k5 	BT-3   45   20     90    0    510    528    515     60 1896.3447    0.010
P-n45-k5 	BT-3   45   20     90    1    510    515    515     62 1896.3379    0.010
P-n45-k5 	BT-3   45   15    180    0    510    803    570    168   0.4227    0.118
P-n45-k5 	BT-3   45   15    180    1    510    707    569    164   0.4246    0.116
P-n45-k5 	BT-3   45    7     90    0    510    528    515     62 1394.9143    0.010
P-n45-k5 	BT-3   45    7     90    1    510    515    515     62 1394.9010    0.010
P-n45-k5 	BT-3   45   20     90    0    510    528    515     61 -110.2385    0.010
P-n45-k5 	BT-3   45   20     90    1    510    515    515     63 -110.2481    0.010
P-n45-k5 	BT-3   45   15    180    0    510    803    532    292   0.7494    0.043
P-n45-k5 	BT-3   45   15    180    1    510    707    545    162   0.4110    0.069
P-n45-k5 	BT-3   45    7     90    0    510    528    515     61 -329.5657    0.010
P-n45-k5 	BT-3   45    7     90    1    510    515    515     63 -329.5706    0.010
P-n45-k5 	BT-3   45   20     90    0    510    528    515     64 -988.6940    0.010
P-n45-k5 	BT-3   45   20     90    1    510    515    515     60 -988.7162    0.010
P-n45-k5 	BT-3   45   15    180    0    510    803    529    217   0.5490    0.037
P-n45-k5 	BT-3   45   15    180    1    510    707    530    173   0.4469    0.039
P-n45-k5 	BT-3   45    7     90    0    510    528    515     66 1329.8636    0.010
P-n45-k5 	BT-3   45    7     90    1    510    515    515     64 1329.8444    0.010
P-n45-k5 	BT-3   45   20     90    0    510    528    515     66 -305.3969    0.010
P-n45-k5 	BT-3   45   20     90    1    510    515    515     60 -305.4260    0.010
P-n45-k5 	BT-3   45   15    180    0    510    803    524    274   0.7091    0.027
P-n45-k5 	BT-3   45   15    180    1    510    707    545    160   0.4082    0.069
P-n45-k5 	BT-3   45    7     90    0    510    528    515     69 -915.0893    0.010
P-n45-k5 	BT-3   45    7     90    1    510    515    515     60 -915.1310    0.010
P-n45-k5 	BT-3   45   20     90    0    510    528    515     63 1549.6301    0.010
P-n45-k5 	BT-3   45   20     90    1    510    515    515     64 1549.6282    0.010
P-n45-k5 	BT-3   45   15    180    0    510    803    542    272   0.6973    0.063
P-n45-k5 	BT-3   45   15    180    1    510    707    519    293   0.7551    0.018
P-n45-k5 	BT-3   45    7     90    0    510    528    515     67 355.3935    0.010
P-n45-k5 	BT-3   45    7     90    1    510    515    515     67 355.3876    0.010
P-n45-k5 	BT-3   45   20     90    0    510    528    515     66 1066.1643    0.010
P-n45-k5 	BT-3   45   20     90    1    510    515    515     62 1066.1527    0.010
P-n45-k5 	BT-3   45   15    180    0    510    803    531    248   0.6323    0.041
P-n45-k5 	BT-3   45   15    180    1    510    707    545    170   0.4352    0.069
P-n45-k5 	BT-3   45    7     90    0    510    528    515     65 -1095.4156    0.010
P-n45-k5 	BT-3   45    7     90    1    510    515    515     64 -1095.4235    0.010
P-n45-k5 	BT-3   45   20     90    0    510    528    515     66 1008.7188    0.010
P-n45-k5 	BT-3   45   20     90    1    510    515    515     64 1008.6997    0.010
P-n45-k5 	BT-3   45   15    180    0    510    803    531    251   0.6524    0.041
P-n45-k5 	BT-3   45   15    180    1    510    707    521    239   0.6181    0.022
P-n45-k5 	BT-3   45    7     90    0    510    528    515     64 -1267.5693    0.010
P-n45-k5 	BT-3   45    7     90    1    510    515    515     59 -1267.5940    0.010
P-n45-k5 	BT-3   45   20     90    0    510    528    515     66 492.2399    0.010
P-n45-k5 	BT-3   45   20     90    1    510    515    515     68 492.2329    0.010
P-n45-k5 	BT-3   45   15    180    0    510    803    570    168   0.4268    0.118
P-n45-k5 	BT-3   45   15    180    1    510    707    530    171   0.4330    0.039
P-n45-k5 	BT-3   45    7     90    0    510    528    515     64 1477.5703    0.010
P-n45-k5 	BT-3   45    7     90    1    510    515    515     66 1477.5652    0.010
P-n45-k5 	BT-3   45   20     90    0    510    528    515     57 137.7155    0.010
P-n45-k5 	BT-3   45   20     90    1    510    515    515     59 137.7127    0.010
P-n45-k5 	BT-3   45   15    180    0    510    803    510    253   0.6437    0.000
P-n45-k5 	BT-3   45   15    180    1    510    707    545    163   0.4217    0.069
P-n45-k5 	BT-3   45    7     90    0    510    515    510     69 414.2342    0.000
P-n45-k5 	BT-3   45    7     90    1    510    510    510     61 414.2169    0.000
P-n45-k5 	BT-3   45   20     90    0    510    515    510     62 1242.6709    0.000
P-n45-k5 	BT-3   45   20     90    1    510    510    510     64 1242.6747    0.000
P-n45-k5 	BT-3   45   15    180    0    510    803    529    261   0.6730    0.037
P-n45-k5 	BT-3   45   15    180    1    510    707    538    167   0.4373    0.055
P-n45-k5 	BT-3   45    7     90    0    510    515    510     71 -565.8190    0.000
P-n45-k5 	BT-3   45    7     90    1    510    510    510     61 -565.8425    0.000
P-n45-k5 	BT-3   45   20     90    0    510    515    510     60 -1697.5095    0.000
P-n45-k5 	BT-3   45   20     90    1    510    510    510     62 -1697.5029    0.000
P-n45-k5 	BT-3   45   15    180    0    510    803    521    276   0.6912    0.022
P-n45-k5 	BT-3   45   15    180    1    510    707    530    175   0.4546    0.039
P-n45-k5 	BT-3   45    7     90    0    510    515    510     60 -796.4099    0.000
P-n45-k5 	BT-3   45    7     90    1    510    510    510     60 -796.4081    0.000
P-n45-k5 	BT-3   45   20     90    0    510    515    510     65 1905.7505    0.000
P-n45-k5 	BT-3   45   20     90    1    510    510    510     62 1905.7449    0.000
P-n45-k5 	BT-3   45   15    180    0    510    803    551    276   0.7080    0.080
P-n45-k5 	BT-3   45   15    180    1    510    707    525    258   0.6699    0.029
P-n45-k5 	BT-3   45    7     90    0    510    515    510     66 1423.6600    0.000
P-n45-k5 	BT-3   45    7     90    1    510    510    510     62 1423.6548    0.000
P-n45-k5 	BT-3   45   20     90    0    510    515    510     61 -24.0054    0.000
P-n45-k5 	BT-3   45   20     90    1    510    510    510     65 -23.9960    0.000
P-n45-k5 	BT-3   45   15    180    0    510    803    532    214   0.5504    0.043
P-n45-k5 	BT-3   45   15    180    1    510    707    545    159   0.4154    0.069
P-n45-k5 	BT-3   45    7     90    0    510    515    510     63 -71.0372    0.000
P-n45-k5 	BT-3   45    7     90    1    510    510    510     66 -71.0221    0.000
P-n45-k5 	BT-3   45   20     90    0    510    515    510     65 -213.0910    0.000
P-n45-k5 	BT-3   45   20     90    1    510    510    510     57 -213.1110    0.000
P-n45-k5 	BT-3   45   15    180    0    510    803    524    218   0.5527    0.027
P-n45-k5 	BT-3   45   15    180    1    510    707    530    171   0.4433    0.039
P-n45-k5 	BT-3   45    7     90    0    510    515    510     65 -638.2962    0.000
P-n45-k5 	BT-3   45    7     90    1    510    510    510     62 -638.3019    0.000
P-n45-k5 	BT-3   45   20     90    0    510    515    510     62 -1914.9016    0.000
P-n45-k5 	BT-3   45   20     90    1    510    510    510     65 -1914.8939    0.000
P-n45-k5 	BT-3   45   15    180    0    510    803    517    311   0.7956    0.014
P-n45-k5 	BT-3   45   15    180    1    510    707    530    179   0.4585    0.039
P-n45-k5 	BT-3   45    7     90    0    510    515    510     63 -1448.4723    0.000
P-n45-k5 	BT-3   45    7     90    1    510    510    510     61 -1448.4735    0.000
P-n45-k5 	BT-3   45   20     90    0    510    515    510     58 -50.4653    0.000
P-n45-k5 	BT-3   45   20     90    1    510    510    510     64 -50.4487    0.000
P-n45-k5 	BT-3   45   15    180    0    510    803    570    163   0.4069    0.118
P-n45-k5 	BT-3   45   15    180    1    510    707    540    158   0.3916    0.059
P-n45-k5 	BT-3   45    7     90    0    510    515    510     68 -150.5534    0.000
P-n45-k5 	BT-3   45    7     90    1    510    510    510     63 -150.5639    0.000
P-n45-k5 	BT-3   45   20     90    0    510    515    510     65 -451.6836    0.000
P-n45-k5 	BT-3   45   20     90    1    510    510    510     62 -451.6826    0.000
P-n45-k5 	BT-3   45   15    180    0    510    803    570    162   0.4131    0.118
P-n45-k5 	BT-3   45   15    180    1    510    707    530    183   0.4777    0.039
P-n45-k5 	BT-3   45    7     90    0    510    515    510     67 -1354.1503    0.000
P-n45-k5 	BT-3   45    7     90    1    510    510    510     65 -1354.1506    0.000
P-n45-k5 	BT-3   45   20     90    0    510    515    510     68 232.5191    0.000
P-n45-k5 	BT-3   45   20     90    1    510    510    510     66 232.5199    0.000
P-n45-k5 	BT-3   45   15    180    0    510    803    529    293   0.7501    0.037
P-n45-k5 	BT-3   45   15    180    1    510    707    545    166   0.4301    0.069
P-n45-k5 	BT-3   45    7     90    0    510    515    510     62 698.7245    0.000
P-n45-k5 	BT-3   45    7     90    1    510    510    510     56 698.7075    0.000
P-n45-k5 	BT-3   45   20     90    0    510    515    510     62 2096.1541    0.000
P-n45-k5 	BT-3   45   20     90    1    510    510    510     64 2096.1626    0.000
P-n45-k5 	BT-3   45   15    180    0    510    803    513    286   0.7291    0.006
P-n45-k5 	BT-3   45   15    180    1    510    707    530    179   0.4535    0.039
P-n45-k5 	BT-3   45    7     90    0    510    515    510     64 1994.6925    0.000
P-n45-k5 	BT-3   45    7     90    1    510    510    510     61 1994.6893    0.000
P-n45-k5 	BT-3   45   20     90    0    510    515    510     61 1689.0996    0.000
P-n45-k5 	BT-3   45   20     90    1    510    510    510     65 1689.1108    0.000
P-n45-k5 	BT-3   45   15    180    0    510    803    532    225   0.5709    0.043
P-n45-k5 	BT-3   45   15    180    1    510    707    525    161   0.3957    0.029
P-n45-k5 	BT-3   45    7     90    0    510    515    510     60 773.3099    0.000
P-n45-k5 	BT-3   45    7     90    1    510    510    510     62 773.3145    0.000
P-n45-k5 	BT-3   45   20     90    0    510    515    510     65 -1975.0220    0.000
P-n45-k5 	BT-3   45   20     90    1    510    510    510     60 -1975.0366    0.000
P-n45-k5 	BT-3   45   15    180    0    510    803    549    245   0.6378    0.076
P-n45-k5 	BT-3   45   15    180    1    510    707    530    177   0.4540    0.039
P-n45-k5 	BT-3   45    7     90    0    510    515    510     60 -1629.0370    0.000
P-n45-k5 	BT-3   45    7     90    1    510    510    510     64 -1629.0237    0.000
P-n45-k5 	BT-3   45   20     90    0    510    515    510     65 -592.1191    0.000
P-n45-k5 	BT-3   45   20     90    1    510    510    510     68 -592.1054    0.000
P-n45-k5 	BT-3   45   15    180    0    510    803    530    271   0.6914    0.039
P-n45-k5 	BT-3   45   15    180    1    510    707    545    161   0.4092    0.069
P-n45-k5 	BT-3   45    7     90    0    510    515    510     62 -1775.2496    0.000
P-n45-k5 	BT-3   45    7     90    1    510    510    510     66 -1775.2372    0.000
P-n45-k5 	BT-3   45   20     90    0    510    515    510     61 -1030.7682    0.000
P-n45-k5 	BT-3   45   20     90    1    510    510    510     62 -1030.7689    0.000
P-n45-k5 	BT-3   45   15    180    0    510    803    516    299   0.7779    0.012
P-n45-k5 	BT-3   45   15    180    1    510    707    530    187   0.4843    0.039
P-n45-k5 	BT-3   45    7     90    0    510    515    510     67 1203.9362    0.000
P-n45-k5 	BT-3   45    7     90    1    510    510    510     64 1203.9381    0.000
P-n45-k5 	BT-3   45   20     90    0    510    515    510     64 -683.1630    0.000
P-n45-k5 	BT-3   45   20     90    1    510    510    510     58 -683.1822    0.000
P-n45-k5 	BT-3   45   15    180    0    510    803    528    296   0.7553    0.035
P-n45-k5 	BT-3   45   15    180    1    510    707    530    178   0.4586    0.039
P-n45-k5 	BT-3   45    7     90    0    510    515    510     60 -2048.3018    0.000
P-n45-k5 	BT-3   45    7     90    1    510    510    510     62 -2048.2983    0.000
P-n45-k5 	BT-3   45   20     90    0    510    515    510     65 -1849.9246    0.000
P-n45-k5 	BT-3   45   20     90    1    510    510    510     60 -1849.9392    0.000
P-n45-k5 	BT-3   45   15    180    0    510    803    524    257   0.6542    0.027
P-n45-k5 	BT-3   45   15    180    1    510    707    559    159   0.4035    0.096
P-n45-k5 	BT-3   45    7     90    0    510    515    510     60 -1253.7769    0.000
P-n45-k5 	BT-3   45    7     90    1    510    510    510     66 -1253.7502    0.000
P-n45-k5 	BT-3   45   20     90    0    510    515    510     60 533.6657    0.000
P-n45-k5 	BT-3   45   20     90    1    510    510    510     66 533.6830    0.000
P-n45-k5 	BT-3   45   15    180    0    510    803    570    170   0.4323    0.118
P-n45-k5 	BT-3   45   15    180    1    510    707    530    184   0.4790    0.039
P-n45-k5 	BT-3   45    7     90    0    510    515    510     63 1601.9335    0.000
P-n45-k5 	BT-3   45    7     90    1    510    510    510     63 1601.9384    0.000
P-n45-k5 	BT-3   45   20     90    0    510    515    510     60 510.8278    0.000
P-n45-k5 	BT-3   45   20     90    1    510    510    510     63 510.8382    0.000
P-n45-k5 	BT-3   45   15    180    0    510    803    543    227   0.5844    0.065
P-n45-k5 	BT-3   45   15    180    1    510    707    540    175   0.4501    0.059
P-n45-k5 	BT-3   45    7     90    0    510    515    510     61 1533.5283    0.000
P-n45-k5 	BT-3   45    7     90    1    510    510    510     58 1533.5245    0.000
P-n45-k5 	BT-3   45   20     90    0    510    515    510     64 305.6262    0.000
P-n45-k5 	BT-3   45   20     90    1    510    510    510     64 305.6285    0.000
P-n45-k5 	BT-3   45   15    180    0    510    803    527    258   0.6500    0.033
P-n45-k5 	BT-3   45   15    180    1    510    707    547    158   0.4069    0.073
P-n45-k5 	BT-3   45    7     90    0    510    515    510     59 917.9191    0.000
P-n45-k5 	BT-3   45    7     90    1    510    510    510     62 917.9338    0.000
P-n45-k5 	BT-3   45   20     90    0    510    515    510     64 -1541.1803    0.000
P-n45-k5 	BT-3   45   20     90    1    510    510    510     57 -1541.1969    0.000
P-n45-k5 	BT-3   45   15    180    0    510    803    527    256   0.6537    0.033
P-n45-k5 	BT-3   45   15    180    1    510    707    545    168   0.4381    0.069
P-n45-k5 	BT-3   45    7     90    0    510    515    510     62 -327.5037    0.000
P-n45-k5 	BT-3   45    7     90    1    510    510    510     63 -327.4985    0.000
P-n45-k5 	BT-3   45   20     90    0    510    515    510     60 -982.5040    0.000
P-n45-k5 	BT-3   45   20     90    1    510    510    510     61 -982.5008    0.000
P-n45-k5 	BT-3   45   15    180    0    510    803    544    175   0.4484    0.067
P-n45-k5 	BT-3   45   15    180    1    510    707    519    192   0.4991    0.018
P-n45-k5 	BT-3   45    7     90    0    510    515    510     66 1348.4150    0.000
P-n45-k5 	BT-3   45    7     90    1    510    510    510     62 1348.4072    0.000
P-n45-k5 	BT-3   45   20     90    0    510    515    510     68 -249.7247    0.000
P-n45-k5 	BT-3   45   20     90    1    510    510    510     60 -249.7461    0.000
P-n45-k5 	BT-3   45   15    180    0    510    803    528    234   0.5908    0.035
P-n45-k5 	BT-3   45   15    180    1    510    707    530    181   0.4635    0.039
P-n45-k5 	BT-3   45    7     90    0    510    515    510     67 -748.1431    0.000
P-n45-k5 	BT-3   45    7     90    1    510    510    510     61 -748.1548    0.000
P-n45-k5 	BT-3   45   20     90    0    510    515    510     61 2050.5098    0.000
P-n45-k5 	BT-3   45   20     90    1    510    510    510     63 2050.5186    0.000
P-n45-k5 	BT-3   45   15    180    0    510    803    530    306   0.7911    0.039
P-n45-k5 	BT-3   45   15    180    1    510    707    523    164   0.4204    0.025
P-n45-k5 	BT-3   45    7     90    0    510    515    510     55 1857.7660    0.000
P-n45-k5 	BT-3   45    7     90    1    510    510    510     59 1857.7830    0.000
P-n45-k5 	BT-3   45   20     90    0    510    515    510     66 1278.3749    0.000
P-n45-k5 	BT-3   45   20     90    1    510    510    510     64 1278.3759    0.000
P-n45-k5 	BT-3   45   15    180    0    510    803    529    220   0.5575    0.037
P-n45-k5 	BT-3   45   15    180    1    510    707    530    178   0.4590    0.039
P-n45-k5 	BT-3   45    7     90    0    510    515    510     63 -458.8280    0.000
P-n45-k5 	BT-3   45    7     90    1    510    510    510     62 -458.8213    0.000
P-n45-k5 	BT-3   45   20     90    0    510    515    510     66 -1376.4701    0.000
P-n45-k5 	BT-3   45   20     90    1    510    510    510     62 -1376.4796    0.000
P-n45-k5 	BT-3   45   15    180    0    510    803    570    162   0.4138    0.118
P-n45-k5 	BT-3   45   15    180    1    510    707    530    175   0.4511    0.039
P-n45-k5 	BT-3   45    7     90    0    510    515    510     66 166.4095    0.000
P-n45-k5 	BT-3   45    7     90    1    510    510    510     64 166.4151    0.000
P-n45-k5 	BT-3   45   20     90    0    510    515    510     63 499.2279    0.000
P-n45-k5 	BT-3   45   20     90    1    510    510    510     68 499.2469    0.000
P-n45-k5 	BT-3   45   15    180    0    510    803    529    223   0.5675    0.037
P-n45-k5 	BT-3   45   15    180    1    510    707    530    177   0.4535    0.039
P-n45-k5 	BT-3   45    7     90    0    510    515    515     61 1498.7166    0.010
P-n45-k5 	BT-3   45    7     90    1    510    510    510     60 1498.7201    0.000
P-n45-k5 	BT-3   45   20     90    0    510    515    510     66 201.2019    0.000
P-n45-k5 	BT-3   45   20     90    1    510    510    510     64 201.1980    0.000
P-n45-k5 	BT-3   45   15    180    0    510    803    515    247   0.6261    0.010
P-n45-k5 	BT-3   45   15    180    1    510    707    530    173   0.4503    0.039
P-n45-k5 	BT-3   45    7     90    0    510    515    510     67 604.6797    0.000
P-n45-k5 	BT-3   45    7     90    1    510    510    510     68 604.6842    0.000
P-n45-k5 	BT-3   45   20     90    0    510    515    510     66 1814.0398    0.000
P-n45-k5 	BT-3   45   20     90    1    510    510    510     67 1814.0446    0.000
P-n45-k5 	BT-3   45   15    180    0    510    803    525    314   0.8012    0.029
P-n45-k5 	BT-3   45   15    180    1    510    707    524    239   0.6196    0.027
P-n45-k5 	BT-3   45    7     90    0    510    515    510     66 1148.5820    0.000
P-n45-k5 	BT-3   45    7     90    1    510    510    510     64 1148.5831    0.000
P-n45-k5 	BT-3   45   20     90    0    510    515    510     61 -849.2368    0.000
P-n45-k5 	BT-3   45   20     90    1    510    510    510     63 -849.2327    0.000
P-n45-k5 	BT-3   45   15    180    0    510    803    545    228   0.5839    0.069
P-n45-k5 	BT-3   45   15    180    1    510    707    530    174   0.4536    0.039
P-n45-k5 	BT-3   45    7     90    0    510    515    510     62 1748.3173    0.000
P-n45-k5 	BT-3   45    7     90    1    510    510    510     62 1748.3171    0.000
P-n45-k5 	BT-3   45   20     90    0    510    515    510     61 949.9670    0.000
P-n45-k5 	BT-3   45   20     90    1    510    510    510     64 949.9807    0.000
P-n45-k5 	BT-3   45   15    180    0    510    803    534    253   0.6424    0.047
P-n45-k5 	BT-3   45   15    180    1    510    707    530    173   0.4415    0.039
P-n45-k5 	BT-3   45    7     90    0    510    515    510     68 -1443.9479    0.000
P-n45-k5 	BT-3   45    7     90    1    510    510    510     66 -1443.9531    0.000
P-n45-k5 	BT-3   45   20     90    0    510    515    510     63 -36.8965    0.000
P-n45-k5 	BT-3   45   20     90    1    510    510    510     64 -36.8915    0.000
P-n45-k5 	BT-3   45   15    180    0    510    803    535    169   0.4250    0.049
P-n45-k5 	BT-3   45   15    180    1    510    707    521    226   0.5826    0.022
P-n45-k5 	BT-3   45    7     90    0    510    515    510     62 -109.6810    0.000
P-n45-k5 	BT-3   45    7     90    1    510    510    510     59 -109.6829    0.000
P-n45-k5 	BT-3   45   20     90    0    510    515    510     64 -329.0397    0.000
P-n45-k5 	BT-3   45   20     90    1    510    510    510     61 -329.0399    0.000
P-n45-k5 	BT-3   45   15    180    0    510    803    510    259   0.6464    0.000
P-n45-k5 	BT-3   45   15    180    1    510    707    531    164   0.4165    0.041
P-n45-k5 	BT-3   45    7     90    0    510    515    510     71 -986.0339    0.000
P-n45-k5 	BT-3   45    7     90    1    510    510    510     64 -986.0544    0.000
P-n45-k5 	BT-3   45   20     90    0    510    515    510     61 1336.8113    0.000
P-n45-k5 	BT-3   45   20     90    1    510    510    510     64 1336.8229    0.000
P-n45-k5 	BT-3   45   15    180    0    510    803    520    275   0.7048    0.020
P-n45-k5 	BT-3   45   15    180    1    510    707    530    180   0.4734    0.039
P-n45-k5 	BT-3   45    7     90    0    510    515    510     58 -283.3495    0.000
P-n45-k5 	BT-3   45    7     90    1    510    510    510     61 -283.3347    0.000
P-n45-k5 	BT-3   45   20     90    0    510    515    510     60 -850.0266    0.000
P-n45-k5 	BT-3   45   20     90    1    510    510    510     66 -850.0085    0.000
P-n45-k5 	BT-3   45   15    180    0    510    803    570    161   0.4009    0.118
P-n45-k5 	BT-3   45   15    180    1    510    707    544    173   0.4551    0.067
P-n45-k5 	BT-3   45    7     90    0    510    515    510     59 1745.7606    0.000
P-n45-k5 	BT-3   45    7     90    1    510    510    510     63 1745.7749    0.000
P-n45-k5 	BT-3   45   20     90    0    510    515    510     59 942.3239    0.000
P-n45-k5 	BT-3   45   20     90    1    510    510    510     60 942.3300    0.000
P-n45-k5 	BT-3   45   15    180    0    510    803    570    161   0.4183    0.118
P-n45-k5 	BT-3   45   15    180    1    510    707    545    166   0.4265    0.069
P-n45-k5 	BT-3   45    7     90    0    510    515    510     61 -1467.1351    0.000
P-n45-k5 	BT-3   45    7     90    1    510    510    510     62 -1467.1289    0.000
P-n45-k5 	BT-3   45   20     90    0    510    515    510     62 -106.4320    0.000
P-n45-k5 	BT-3   45   20     90    1    510    510    510     60 -106.4286    0.000
P-n45-k5 	BT-3   45   15    180    0    510    803    530    227   0.5769    0.039
P-n45-k5 	BT-3   45   15    180    1    510    707    545    167   0.4335    0.069
P-n45-k5 	BT-3   45    7     90    0    510    515    510     61 -318.2832    0.000
P-n45-k5 	BT-3   45    7     90    1    510    510    510     69 -318.2601    0.000
P-n45-k5 	BT-3   45   20     90    0    510    515    510     63 -954.8192    0.000
P-n45-k5 	BT-3   45   20     90    1    510    510    510     60 -954.8225    0.000
P-n45-k5 	BT-3   45   15    180    0    510    803    554    226   0.5856    0.086
P-n45-k5 	BT-3   45   15    180    1    510    707    519    183   0.4747    0.018
P-n45-k5 	BT-3   45    7     90    0    510    515    510     60 1431.5593    0.000
P-n45-k5 	BT-3   45    7     90    1    510    510    510     58 1431.5531    0.000
P-n45-k5 	BT-3   45   20     90    0    510    515    510     61  -0.2956    0.000
P-n45-k5 	BT-3   45   20     90    1    510    510    510     62  -0.2923    0.000
P-n45-k5 	BT-3   45   15    180    0    510    803    570    164   0.4158    0.118
P-n45-k5 	BT-3   45   15    180    1    510    707    530    171   0.4469    0.039
P-n45-k5 	BT-3   45    7     90    0    510    515    510     65  -0.0133    0.000
P-n45-k5 	BT-3   45    7     90    1    510    510    510     64  -0.0115    0.000
P-n45-k5 	BT-3   45   20     90    0    510    515    510     67  -0.0219    0.000
P-n45-k5 	BT-3   45   20     90    1    510    510    510     64  -0.0310    0.000
P-n45-k5 	BT-3   45   15    180    0    510    803    529    255   0.6566    0.037
P-n45-k5 	BT-3   45   15    180    1    510    707    545    168   0.4302    0.069
P-n45-k5 	BT-3   45    7     90    0    510    515    510     63   1.0080    0.000
P-n45-k5 	BT-3   45    7     90    1    510    510    510     64   1.0050    0.000
P-n45-k5 	BT-3   45   20     90    0    510    515    510     70   3.0236    0.000
P-n45-k5 	BT-3   45   20     90    1    510    510    510     64   3.0106    0.000
P-n45-k5 	BT-3   45   15    180    0    510    803    570    156   0.3917    0.118
P-n45-k5 	BT-3   45   15    180    1    510    707    545    158   0.4006    0.069
P-n45-k5 	BT-3   45    7     90    0    510    515    510     65   9.8399    0.000
P-n45-k5 	BT-3   45    7     90    1    510    510    510     65   9.8390    0.000
P-n45-k5 	BT-3   45   20     90    0    510    515    515     64  29.5139    0.010
P-n45-k5 	BT-3   45   20     90    1    510    510    510     65  29.5184    0.000
P-n45-k5 	BT-3   45   15    180    0    510    803    522    311   0.8047    0.024
P-n45-k5 	BT-3   45   15    180    1    510    707    530    173   0.4426    0.039
P-n45-k5 	BT-3   45    7     90    0    510    515    510     60  89.7877    0.000
P-n45-k5 	BT-3   45    7     90    1    510    510    510     66  89.8046    0.000
P-n45-k5 	BT-3   45   20     90    0    510    515    510     61 269.3790    0.000
P-n45-k5 	BT-3   45   20     90    1    510    510    510     58 269.3682    0.000
P-n45-k5 	BT-3   45   15    180    0    510    803    533    167   0.4353    0.045
P-n45-k5 	BT-3   45   15    180    1    510    707    526    206   0.5417    0.031
P-n45-k5 	BT-3   45    7     90    0    510    515    510     61 809.1031    0.000
P-n45-k5 	BT-3   45    7     90    1    510    510    510     66 809.1180    0.000
P-n45-k5 	BT-3   45   20     90    0    510    515    510     66 -1867.6279    0.000
P-n45-k5 	BT-3   45   20     90    1    510    510    510     65 -1867.6354    0.000
P-n45-k5 	BT-3   45   15    180    0    510    803    570    158   0.3986    0.118
P-n45-k5 	BT-3   45   15    180    1    510    707    542    163   0.4073    0.063
P-n45-k5 	BT-3   45    7     90    0    510    515    510     63 -1307.1267    0.000
P-n45-k5 	BT-3   45    7     90    1    510    510    510     61 -1307.1292    0.000
P-n45-k5 	BT-3   45   20     90    0    510    515    510     65 373.5896    0.000
P-n45-k5 	BT-3   45   20     90    1    510    510    510     63 373.5857    0.000
P-n45-k5 	BT-3   45   15    180    0    510    803    524    217   0.5600    0.027
P-n45-k5 	BT-3   45   15    180    1    510    707    530    182   0.4756    0.039
P-n45-k5 	BT-3   45    7     90    0    510    515    510     65 1121.8010    0.000
P-n45-k5 	BT-3   45    7     90    1    510    510    510     65 1121.8058    0.000
P-n45-k5 	BT-3   45   20     90    0    510    515    510     61 -929.5717    0.000
P-n45-k5 	BT-3   45   20     90    1    510    510    510     61 -929.5718    0.000
P-n45-k5 	BT-3   45   15    180    0    510    803    527    281   0.7291    0.033
P-n45-k5 	BT-3   45   15    180    1    510    707    545    167   0.4305    0.069
P-n45-k5 	BT-3   45    7     90    0    510    515    510     66 1507.4269    0.000
P-n45-k5 	BT-3   45    7     90    1    510    510    510     64 1507.4221    0.000
P-n45-k5 	BT-3   45   20     90    0    510    515    510     68 227.3119    0.000
P-n45-k5 	BT-3   45   20     90    1    510    510    510     64 227.3021    0.000
P-n45-k5 	BT-3   45   15    180    0    510    803    570    161   0.4068    0.118
P-n45-k5 	BT-3   45   15    180    1    510    707    521    190   0.4910    0.022
P-n45-k5 	BT-3   45    7     90    0    510    515    510     64 682.8146    0.000
P-n45-k5 	BT-3   45    7     90    1    510    510    510     59 682.8026    0.000
P-n45-k5 	BT-3   45   20     90    0    510    515    510     69 2048.4453    0.000
P-n45-k5 	BT-3   45   20     90    1    510    510    510     64 2048.4333    0.000
P-n45-k5 	BT-3   45   15    180    0    510    803    570    159   0.4038    0.118
P-n45-k5 	BT-3   45   15    180    1    510    707    530    173   0.4493    0.039
P-n45-k5 	BT-3   45    7     90    0    510    515    510     67 1851.2053    0.000
P-n45-k5 	BT-3   45    7     90    1    510    510    510     62 1851.1908    0.000
P-n45-k5 	BT-3   45   20     90    0    510    515    510     67 1258.6320    0.000
P-n45-k5 	BT-3   45   20     90    1    510    510    510     61 1258.6155    0.000
P-n45-k5 	BT-3   45   15    180    0    510    803    570    156   0.3980    0.118
P-n45-k5 	BT-3   45   15    180    1    510    707    529    207   0.5402    0.037
P-n45-k5 	BT-3   45    7     90    0    510    515    510     57 -518.1741    0.000
P-n45-k5 	BT-3   45    7     90    1    510    510    510     67 -518.1456    0.000
P-n45-k5 	BT-3   45   20     90    0    510    515    510     69 -1554.4635    0.000
P-n45-k5 	BT-3   45   20     90    1    510    510    510     64 -1554.4799    0.000
P-n45-k5 	BT-3   45   15    180    0    510    803    549    287   0.7511    0.076
P-n45-k5 	BT-3   45   15    180    1    510    707    520    218   0.5672    0.020
P-n45-k5 	BT-3   45    7     90    0    510    515    510     66 -367.1312    0.000
P-n45-k5 	BT-3   45    7     90    1    510    510    510     61 -367.1382    0.000
P-n45-k5 	BT-3   45   20     90    0    510    515    510     65 -1101.4032    0.000
P-n45-k5 	BT-3   45   20     90    1    510    510    510     56 -1101.4266    0.000
P-n45-k5 	BT-3   45   15    180    0    510    803    570    165   0.4198    0.118
P-n45-k5 	BT-3   45   15    180    1    510    707    528    169   0.4153    0.035
P-n45-k5 	BT-3   45    7     90    0    510    515    510     67 991.5810    0.000
P-n45-k5 	BT-3   45    7     90    1    510    510    510     62 991.5695    0.000
P-n45-k5 	BT-3   45   20     90    0    510    515    510     66 -1320.2426    0.000
P-n45-k5 	BT-3   45   20     90    1    510    510    510     60 -1320.2572    0.000
P-n45-k5 	BT-3   45   15    180    0    510    803    533    214   0.5433    0.045
P-n45-k5 	BT-3   45   15    180    1    510    707    528    199   0.5296    0.035
P-n45-k5 	BT-3   45    7     90    0    510    515    510     60 335.2848    0.000
P-n45-k5 	BT-3   45    7     90    1    510    510    510     65 335.3066    0.000
P-n45-k5 	BT-3   45   20     90    0    510    515    510     64 1005.8839    0.000
P-n45-k5 	BT-3   45   20     90    1    510    510    510     58 1005.8679    0.000
P-n45-k5 	BT-3   45   15    180    0    510    803    570    164   0.4122    0.118
P-n45-k5 	BT-3   45   15    180    1    510    707    530    175   0.4541    0.039
P-n45-k5 	BT-3   45    7     90    0    510    515    510     69 -1276.4541    0.000
P-n45-k5 	BT-3   45    7     90    1    510    510    510     62 -1276.4736    0.000
P-n45-k5 	BT-3   45   20     90    0    510    515    510     63 465.5721    0.000
P-n45-k5 	BT-3   45   20     90    1    510    510    510     62 465.5683    0.000
P-n45-k5 	BT-3   45   15    180    0    510    803    528    305   0.7779    0.035
P-n45-k5 	BT-3   45   15    180    1    510    707    530    178   0.4548    0.039
P-n45-k5 	BT-3   45    7     90    0    510    515    510     66 1397.9503    0.000
P-n45-k5 	BT-3   45    7     90    1    510    510    510     64 1397.9459    0.000
P-n45-k5 	BT-3   45   20     90    0    510    515    515     65 -101.1217    0.010
P-n45-k5 	BT-3   45   20     90    1    510    510    510     58 -101.1377    0.000
P-n45-k5 	BT-3   45   15    180    0    510    803    540    220   0.5706    0.059
P-n45-k5 	BT-3   45   15    180    1    510    707    524    294   0.7769    0.027
P-n45-k5 	BT-3   45    7     90    0    510    515    510     64 -302.0337    0.000
P-n45-k5 	BT-3   45    7     90    1    510    510    510     66 -302.0276    0.000
P-n45-k5 	BT-3   45   20     90    0    510    515    510     62 -906.1040    0.000
P-n45-k5 	BT-3   45   20     90    1    510    510    510     64 -906.0989    0.000
P-n45-k5 	BT-3   45   15    180    0    510    803    570    155   0.3921    0.118
P-n45-k5 	BT-3   45   15    180    1    510    707    547    163   0.4256    0.073
P-n45-k5 	BT-3   45    7     90    0    510    515    510     60 1577.4745    0.000
P-n45-k5 	BT-3   45    7     90    1    510    510    510     65 1577.4856    0.000
P-n45-k5 	BT-3   45   20     90    0    510    515    510     66 437.4850    0.000
P-n45-k5 	BT-3   45   20     90    1    510    510    510     63 437.4753    0.000
P-n45-k5 	BT-3   45   15    180    0    510    803    552    257   0.6594    0.082
P-n45-k5 	BT-3   45   15    180    1    510    707    528    170   0.4257    0.035
P-n45-k5 	BT-3   45    7     90    0    510    515    510     63 1313.5221    0.000
P-n45-k5 	BT-3   45    7     90    1    510    510    510     67 1313.5353    0.000
P-n45-k5 	BT-3   45   20     90    0    510    515    510     65 -354.3883    0.000
P-n45-k5 	BT-3   45   20     90    1    510    510    510     65 -354.3810    0.000
P-n45-k5 	BT-3   45   15    180    0    510    803    523    295   0.7510    0.025
P-n45-k5 	BT-3   45   15    180    1    510    707    527    159   0.3989    0.033
P-n45-k5 	BT-3   45    7     90    0    510    515    510     71 -1061.9882    0.000
P-n45-k5 	BT-3   45    7     90    1    510    510    510     64 -1062.0034    0.000
P-n45-k5 	BT-3   45   20     90    0    510    515    510     65 1108.9753    0.000
P-n45-k5 	BT-3   45   20     90    1    510    510    510     68 1108.9819    0.000
P-n45-k5 	BT-3   45   15    180    0    510    803    525    220   0.5588    0.029
P-n45-k5 	BT-3   45   15    180    1    510    707    530    180   0.4511    0.039
P-n45-k5 	BT-3   45    7     90    0    510    515    510     65 -967.0323    0.000
P-n45-k5 	BT-3   45    7     90    1    510    510    510     64 -967.0281    0.000
P-n45-k5 	BT-3   45   20     90    0    510    515    510     64 1393.8743    0.000
P-n45-k5 	BT-3   45   20     90    1    510    510    510     63 1393.8724    0.000
P-n45-k5 	BT-3   45   15    180    0    510    803    570    156   0.3933    0.118
P-n45-k5 	BT-3   45   15    180    1    510    707    530    175   0.4409    0.039
P-n45-k5 	BT-3   45    7     90    0    510    515    510     67 -112.5036    0.000
P-n45-k5 	BT-3   45    7     90    1    510    510    510     69 -112.4973    0.000
P-n45-k5 	BT-3   45   20     90    0    510    515    510     59 -337.5253    0.000
P-n45-k5 	BT-3   45   20     90    1    510    510    510     62 -337.5139    0.000
P-n45-k5 	BT-3   45   15    180    0    510    803    534    245   0.6351    0.047
P-n45-k5 	BT-3   45   15    180    1    510    707    523    171   0.4226    0.025
P-n45-k5 	BT-3   45    7     90    0    510    515    510     57 -1011.5143    0.000
P-n45-k5 	BT-3   45    7     90    1    510    510    510     68 -1011.4833    0.000
P-n45-k5 	BT-3   45   20     90    0    510    515    510     68 1260.4843    0.000
P-n45-k5 	BT-3   45   20     90    1    510    510    510     65 1260.4810    0.000
P-n45-k5 	BT-3   45   15    180    0    510    803    570    161   0.4101    0.118
P-n45-k5 	BT-3   45   15    180    1    510    707    519    187   0.4748    0.018
P-n45-k5 	BT-3   45    7     90    0    510    515    510     70 -512.6201    0.000
P-n45-k5 	BT-3   45    7     90    1    510    510    510     63 -512.6381    0.000
P-n45-k5 	BT-3   45   20     90    0    510    515    510     65 -1537.8958    0.000
P-n45-k5 	BT-3   45   20     90    1    510    510    510     63 -1537.9044    0.000
P-n45-k5 	BT-3   45   15    180    0    510    803    570    164   0.4175    0.118
P-n45-k5 	BT-3   45   15    180    1    510    707    520    222   0.5773    0.020
P-n45-k5 	BT-3   45    7     90    0    510    515    510     66 -317.7346    0.000
P-n45-k5 	BT-3   45    7     90    1    510    510    510     62 -317.7382    0.000
P-n45-k5 	BT-3   45   20     90    0    510    515    510     67 -953.2047    0.000
P-n45-k5 	BT-3   45   20     90    1    510    510    510     67 -953.2004    0.000
