B-n56-k7 	BT-1   56   18    224    0    707   1327    725    271   0.9091    0.025
B-n56-k7 	BT-1   56   18    224    1    707   1062    741    298   0.9778    0.048
B-n56-k7 	BT-1   56   11    112    0    707   1066    725    113   0.4076    0.025
B-n56-k7 	BT-1   56   11    112    1    707    725    725    112   0.3956    0.025
B-n56-k7 	BT-1   56    5     56    0    707   1066    725     57   0.2265    0.025
B-n56-k7 	BT-1   56    5     56    1    707    725    725     56   0.2219    0.025
B-n56-k7 	BT-2   56   18    224    0    707   1327    742    462   1.5314    0.050
B-n56-k7 	BT-2   56   18    224    1    707   1062    724    591   1.9638    0.024
B-n56-k7 	BT-2   56   11    112    0    707   1051    783    128   0.4582    0.107
B-n56-k7 	BT-2   56   11    112    1    707    724    722    118   0.4274    0.021
B-n56-k7 	BT-2   56    5     56    0    707   1060    734     73   0.2761    0.038
B-n56-k7 	BT-2   56    5     56    1    707    722    722     56   0.2290    0.021
B-n56-k7 	BT-3   56   18    224    0    707   1327    728    481   2.4251    0.030
B-n56-k7 	BT-3   56   18    224    1    707   1062    734    271   1.8118    0.038
B-n56-k7 	BT-3   56   11    112    0    707   1042    713    139   1.0668    0.008
B-n56-k7 	BT-3   56   11    112    1    707    728    728    112   1.0223    0.030
B-n56-k7 	BT-3   56    5     56    0    707   1086    722    124   0.7726    0.021
B-n56-k7 	BT-3   56    5     56    1    707    713    713     56   0.5090    0.008
B-n56-k7 	BT-3   56   18    224    0    707   1327    722    500   2.5289    0.021
B-n56-k7 	BT-3   56   18    224    1    707   1062    734    271   1.8649    0.038
B-n56-k7 	BT-3   56   11    112    0    707   1086    720    194   1.2211    0.018
B-n56-k7 	BT-3   56   11    112    1    707    713    713    112   1.0142    0.008
B-n56-k7 	BT-3   56    5     56    0    707   1086    722    124   0.7680    0.021
B-n56-k7 	BT-3   56    5     56    1    707    713    713     56   0.5107    0.008
B-n56-k7 	BT-3   56   18    224    0    707   1327    730    496   2.5138    0.033
B-n56-k7 	BT-3   56   18    224    1    707   1062    734    271   1.8048    0.038
B-n56-k7 	BT-3   56   11    112    0    707   1086    722    133   1.0592    0.021
B-n56-k7 	BT-3   56   11    112    1    707    713    713    112   0.9709    0.008
B-n56-k7 	BT-3   56    5     56    0    707   1086    713     78   0.5639    0.008
B-n56-k7 	BT-3   56    5     56    1    707    713    713     56   0.5111    0.008
B-n56-k7 	BT-3   56   18    224    0    707   1327    724    486   2.3432    0.024
B-n56-k7 	BT-3   56   18    224    1    707   1062    734    271   1.7902    0.038
B-n56-k7 	BT-3   56   11    112    0    707   1086    716    165   1.1397    0.013
B-n56-k7 	BT-3   56   11    112    1    707    713    713    112   0.9895    0.008
B-n56-k7 	BT-3   56    5     56    0    707   1086    722    124   0.7756    0.021
B-n56-k7 	BT-3   56    5     56    1    707    713    713     56   0.5100    0.008
B-n56-k7 	BT-3   56   18    224    0    707   1327    731    492   2.5021    0.034
B-n56-k7 	BT-3   56   18    224    1    707   1062    734    271   1.7862    0.038
B-n56-k7 	BT-3   56   11    112    0    707   1086    717    144   1.0932    0.014
B-n56-k7 	BT-3   56   11    112    1    707    713    713    112   0.9697    0.008
B-n56-k7 	BT-3   56    5     56    0    707   1086    722    124   0.7688    0.021
B-n56-k7 	BT-3   56    5     56    1    707    713    713     56   0.5102    0.008
B-n56-k7 	BT-3   56   18    224    0    707   1327    723    281   1.7608    0.023
B-n56-k7 	BT-3   56   18    224    1    707   1062    718    294   1.8337    0.016
B-n56-k7 	BT-3   56   11    112    0    707   1086    721    140   1.0961    0.020
B-n56-k7 	BT-3   56   11    112    1    707    713    713    112   0.9712    0.008
B-n56-k7 	BT-3   56    5     56    0    707   1086    722    124   0.7618    0.021
B-n56-k7 	BT-3   56    5     56    1    707    713    713     56   0.5121    0.008
B-n56-k7 	BT-3   56   18    224    0    707   1327    725    272   1.7418    0.025
B-n56-k7 	BT-3   56   18    224    1    707   1062    721    350   2.0094    0.020
B-n56-k7 	BT-3   56   11    112    0    707   1086    721    140   1.0790    0.020
B-n56-k7 	BT-3   56   11    112    1    707    713    713    112   0.9711    0.008
B-n56-k7 	BT-3   56    5     56    0    707   1086    717     82   0.5792    0.014
B-n56-k7 	BT-3   56    5     56    1    707    713    713     56   0.5098    0.008
B-n56-k7 	BT-3   56   18    224    0    707   1327    716    451   2.2119    0.013
B-n56-k7 	BT-3   56   18    224    1    707   1062    734    271   1.8049    0.038
B-n56-k7 	BT-3   56   11    112    0    707   1086    717    144   1.0756    0.014
B-n56-k7 	BT-3   56   11    112    1    707    713    713    112   0.9909    0.008
B-n56-k7 	BT-3   56    5     56    0    707   1086    722    124   0.7673    0.021
B-n56-k7 	BT-3   56    5     56    1    707    713    713     56   0.5116    0.008
B-n56-k7 	BT-3   56   18    224    0    707   1327    773    273   1.7455    0.093
B-n56-k7 	BT-3   56   18    224    1    707   1062    736    274   1.7730    0.041
B-n56-k7 	BT-3   56   11    112    0    707   1086    717    241   1.3508    0.014
B-n56-k7 	BT-3   56   11    112    1    707    713    713    112   0.9653    0.008
B-n56-k7 	BT-3   56    5     56    0    707   1086    722    124   0.7654    0.021
B-n56-k7 	BT-3   56    5     56    1    707    713    713     56   0.5140    0.008
B-n56-k7 	BT-3   56   18    224    0    707   1327    723    435   2.2633    0.023
B-n56-k7 	BT-3   56   18    224    1    707   1062    730    359   2.0204    0.033
B-n56-k7 	BT-3   56   11    112    0    707   1086    715    175   1.1983    0.011
B-n56-k7 	BT-3   56   11    112    1    707    713    713    112   0.9728    0.008
B-n56-k7 	BT-3   56    5     56    0    707   1086    721     87   0.6007    0.020
B-n56-k7 	BT-3   56    5     56    1    707    713    713     56   0.5105    0.008
B-n56-k7 	BT-3   56   18    224    0    707   1327    713    641   2.7906    0.008
B-n56-k7 	BT-3   56   18    224    1    707   1062    727    297   1.8343    0.028
B-n56-k7 	BT-3   56   11    112    0    707   1086    716    158   1.1233    0.013
B-n56-k7 	BT-3   56   11    112    1    707    713    713    112   0.9680    0.008
B-n56-k7 	BT-3   56    5     56    0    707   1086    721     75   0.5562    0.020
B-n56-k7 	BT-3   56    5     56    1    707    713    713     56   0.5155    0.008
B-n56-k7 	BT-3   56   18    224    0    707   1327    721    689   3.1777    0.020
B-n56-k7 	BT-3   56   18    224    1    707   1062    734    271   1.7912    0.038
B-n56-k7 	BT-3   56   11    112    0    707   1086    719    132   1.0306    0.017
B-n56-k7 	BT-3   56   11    112    1    707    713    713    112   0.9857    0.008
B-n56-k7 	BT-3   56    5     56    0    707   1086    722    124   0.7657    0.021
B-n56-k7 	BT-3   56    5     56    1    707    713    713     56   0.5101    0.008
B-n56-k7 	BT-3   56   18    224    0    707   1327    720    276   1.7820    0.018
B-n56-k7 	BT-3   56   18    224    1    707   1062    737    262   1.7930    0.042
B-n56-k7 	BT-3   56   11    112    0    707   1086    721    140   1.0738    0.020
B-n56-k7 	BT-3   56   11    112    1    707    713    713    112   0.9781    0.008
B-n56-k7 	BT-3   56    5     56    0    707   1086    714     85   0.5668    0.010
B-n56-k7 	BT-3   56    5     56    1    707    713    713     56   0.5119    0.008
B-n56-k7 	BT-3   56   18    224    0    707   1327    712    519   2.7127    0.007
B-n56-k7 	BT-3   56   18    224    1    707   1062    734    271   1.8164    0.038
B-n56-k7 	BT-3   56   11    112    0    707    994    712    117   0.9882    0.007
B-n56-k7 	BT-3   56   11    112    1    707    712    712    112   1.0008    0.007
B-n56-k7 	BT-3   56    5     56    0    707    994    712     61   0.5197    0.007
B-n56-k7 	BT-3   56    5     56    1    707    712    712     56   0.5358    0.007
B-n56-k7 	BT-3   56   18    224    0    707   1327    736    324   1.8572    0.041
B-n56-k7 	BT-3   56   18    224    1    707   1062    726    287   1.7964    0.027
B-n56-k7 	BT-3   56   11    112    0    707    994    712    117   0.9859    0.007
B-n56-k7 	BT-3   56   11    112    1    707    712    712    112   1.0420    0.007
B-n56-k7 	BT-3   56    5     56    0    707    994    712     61   0.5225    0.007
B-n56-k7 	BT-3   56    5     56    1    707    712    712     56   0.5354    0.007
B-n56-k7 	BT-3   56   18    224    0    707   1327    723    283   1.7918    0.023
B-n56-k7 	BT-3   56   18    224    1    707   1062    728    346   1.9927    0.030
B-n56-k7 	BT-3   56   11    112    0    707    994    712    117   0.9977    0.007
B-n56-k7 	BT-3   56   11    112    1    707    712    712    112   1.0276    0.007
B-n56-k7 	BT-3   56    5     56    0    707    994    712     61   0.5184    0.007
B-n56-k7 	BT-3   56    5     56    1    707    712    712     56   0.5335    0.007
B-n56-k7 	BT-3   56   18    224    0    707   1327    713    337   1.9183    0.008
B-n56-k7 	BT-3   56   18    224    1    707   1062    728    338   1.9951    0.030
B-n56-k7 	BT-3   56   11    112    0    707    994    712    117   1.0085    0.007
B-n56-k7 	BT-3   56   11    112    1    707    712    712    112   1.0240    0.007
B-n56-k7 	BT-3   56    5     56    0    707    994    712     61   0.5187    0.007
B-n56-k7 	BT-3   56    5     56    1    707    712    712     56   0.5386    0.007
B-n56-k7 	BT-3   56   18    224    0    707   1327    715    342   1.9520    0.011
B-n56-k7 	BT-3   56   18    224    1    707   1062    725    337   1.9932    0.025
B-n56-k7 	BT-3   56   11    112    0    707    994    718    116   1.0011    0.016
B-n56-k7 	BT-3   56   11    112    1    707    712    712    112   1.0433    0.007
B-n56-k7 	BT-3   56    5     56    0    707    994    712     61   0.5287    0.007
B-n56-k7 	BT-3   56    5     56    1    707    712    712     56   0.5333    0.007
B-n56-k7 	BT-3   56   18    224    0    707   1327    740    303   1.8146    0.047
B-n56-k7 	BT-3   56   18    224    1    707   1062    743    267   1.8194    0.051
B-n56-k7 	BT-3   56   11    112    0    707    994    712    117   0.9917    0.007
B-n56-k7 	BT-3   56   11    112    1    707    712    712    112   1.0214    0.007
B-n56-k7 	BT-3   56    5     56    0    707    994    712     61   0.5245    0.007
B-n56-k7 	BT-3   56    5     56    1    707    712    712     56   0.5397    0.007
B-n56-k7 	BT-3   56   18    224    0    707   1327    724    301   1.7864    0.024
B-n56-k7 	BT-3   56   18    224    1    707   1062    717    497   3.1756    0.014
B-n56-k7 	BT-3   56   11    112    0    707    994    712    117   0.9949    0.007
B-n56-k7 	BT-3   56   11    112    1    707    712    712    112   1.0202    0.007
B-n56-k7 	BT-3   56    5     56    0    707    994    712     61   0.5240    0.007
B-n56-k7 	BT-3   56    5     56    1    707    712    712     56   0.5356    0.007
B-n56-k7 	BT-3   56   18    224    0    707   1327    720    327   1.8775    0.018
B-n56-k7 	BT-3   56   18    224    1    707   1062    742    289   1.8242    0.050
B-n56-k7 	BT-3   56   11    112    0    707    994    712    117   1.0046    0.007
B-n56-k7 	BT-3   56   11    112    1    707    712    712    112   1.0080    0.007
B-n56-k7 	BT-3   56    5     56    0    707    994    712     61   0.5224    0.007
B-n56-k7 	BT-3   56    5     56    1    707    712    712     56   0.5549    0.007
B-n56-k7 	BT-3   56   18    224    0    707   1327    731    490   2.4460    0.034
B-n56-k7 	BT-3   56   18    224    1    707   1062    718    422   2.1753    0.016
B-n56-k7 	BT-3   56   11    112    0    707    994    712    117   0.9862    0.007
B-n56-k7 	BT-3   56   11    112    1    707    712    712    112   1.0164    0.007
B-n56-k7 	BT-3   56    5     56    0    707    994    712     61   0.5357    0.007
B-n56-k7 	BT-3   56    5     56    1    707    712    712     56   0.5387    0.007
B-n56-k7 	BT-3   56   18    224    0    707   1327    727    358   1.9996    0.028
B-n56-k7 	BT-3   56   18    224    1    707   1062    714    350   1.9626    0.010
B-n56-k7 	BT-3   56   11    112    0    707    994    712    117   1.0014    0.007
B-n56-k7 	BT-3   56   11    112    1    707    712    712    112   1.0227    0.007
B-n56-k7 	BT-3   56    5     56    0    707    994    712     61   0.5205    0.007
B-n56-k7 	BT-3   56    5     56    1    707    712    712     56   0.5340    0.007
B-n56-k7 	BT-3   56   18    224    0    707   1327    731    492   2.4830    0.034
B-n56-k7 	BT-3   56   18    224    1    707   1062    723    371   2.0242    0.023
B-n56-k7 	BT-3   56   11    112    0    707    994    714    128   1.0295    0.010
B-n56-k7 	BT-3   56   11    112    1    707    712    712    112   1.0164    0.007
B-n56-k7 	BT-3   56    5     56    0    707    994    712     61   0.5236    0.007
B-n56-k7 	BT-3   56    5     56    1    707    712    712     56   0.5353    0.007
B-n56-k7 	BT-3   56   18    224    0    707   1327    734    300   1.8302    0.038
B-n56-k7 	BT-3   56   18    224    1    707   1062    734    271   1.7783    0.038
B-n56-k7 	BT-3   56   11    112    0    707    994    712    117   0.9874    0.007
B-n56-k7 	BT-3   56   11    112    1    707    712    712    112   1.0180    0.007
B-n56-k7 	BT-3   56    5     56    0    707    994    712     61   0.5173    0.007
B-n56-k7 	BT-3   56    5     56    1    707    712    712     56   0.5388    0.007
B-n56-k7 	BT-3   56   18    224    0    707   1327    723    524   2.5934    0.023
B-n56-k7 	BT-3   56   18    224    1    707   1062    728    410   2.2502    0.030
B-n56-k7 	BT-3   56   11    112    0    707    994    712    117   1.0064    0.007
B-n56-k7 	BT-3   56   11    112    1    707    712    712    112   1.0176    0.007
B-n56-k7 	BT-3   56    5     56    0    707    994    712     61   0.5218    0.007
B-n56-k7 	BT-3   56    5     56    1    707    712    712     56   0.5370    0.007
B-n56-k7 	BT-3   56   18    224    0    707   1327    724    547   2.6683    0.024
B-n56-k7 	BT-3   56   18    224    1    707   1062    725    300   1.8657    0.025
B-n56-k7 	BT-3   56   11    112    0    707    994    712    117   1.0067    0.007
B-n56-k7 	BT-3   56   11    112    1    707    712    712    112   1.0144    0.007
B-n56-k7 	BT-3   56    5     56    0    707    994    712     61   0.5186    0.007
B-n56-k7 	BT-3   56    5     56    1    707    712    712     56   0.5355    0.007
B-n56-k7 	BT-3   56   18    224    0    707   1327    730    358   1.9543    0.033
B-n56-k7 	BT-3   56   18    224    1    707   1062    734    271   1.7974    0.038
B-n56-k7 	BT-3   56   11    112    0    707    994    712    117   0.9928    0.007
B-n56-k7 	BT-3   56   11    112    1    707    712    712    112   1.0313    0.007
B-n56-k7 	BT-3   56    5     56    0    707    994    722     87   0.5699    0.021
B-n56-k7 	BT-3   56    5     56    1    707    712    712     56   0.5345    0.007
B-n56-k7 	BT-3   56   18    224    0    707   1327    711    325   1.8434    0.006
B-n56-k7 	BT-3   56   18    224    1    707   1062    727    263   1.7692    0.028
B-n56-k7 	BT-3   56   11    112    0    707   1136    717    134   1.0189    0.014
B-n56-k7 	BT-3   56   11    112    1    707    711    711    112   0.9674    0.006
B-n56-k7 	BT-3   56    5     56    0    707   1136    719    157   0.7941    0.017
B-n56-k7 	BT-3   56    5     56    1    707    711    711     56   0.5086    0.006
B-n56-k7 	BT-3   56   18    224    0    707   1327    725    314   1.8318    0.025
B-n56-k7 	BT-3   56   18    224    1    707   1062    716    314   1.9261    0.013
B-n56-k7 	BT-3   56   11    112    0    707   1136    716    142   1.0357    0.013
B-n56-k7 	BT-3   56   11    112    1    707    711    711    112   0.9674    0.006
B-n56-k7 	BT-3   56    5     56    0    707   1136    714     72   0.5530    0.010
B-n56-k7 	BT-3   56    5     56    1    707    711    711     56   0.5074    0.006
B-n56-k7 	BT-3   56   18    224    0    707   1327    725    515   2.4795    0.025
B-n56-k7 	BT-3   56   18    224    1    707   1062    714    368   2.0429    0.010
B-n56-k7 	BT-3   56   11    112    0    707   1136    717    139   1.0697    0.014
B-n56-k7 	BT-3   56   11    112    1    707    711    711    112   0.9667    0.006
B-n56-k7 	BT-3   56    5     56    0    707   1136    717     78   0.5490    0.014
B-n56-k7 	BT-3   56    5     56    1    707    711    711     56   0.5072    0.006
B-n56-k7 	BT-3   56   18    224    0    707   1327    720    497   2.5064    0.018
B-n56-k7 	BT-3   56   18    224    1    707   1062    719    369   2.0290    0.017
B-n56-k7 	BT-3   56   11    112    0    707   1136    718    142   1.0179    0.016
B-n56-k7 	BT-3   56   11    112    1    707    711    711    112   0.9675    0.006
B-n56-k7 	BT-3   56    5     56    0    707   1136    714     75   0.5541    0.010
B-n56-k7 	BT-3   56    5     56    1    707    711    711     56   0.5086    0.006
B-n56-k7 	BT-3   56   18    224    0    707   1327    718    355   2.0099    0.016
B-n56-k7 	BT-3   56   18    224    1    707   1062    729    779   3.4655    0.031
B-n56-k7 	BT-3   56   11    112    0    707   1136    717    134   1.0198    0.014
B-n56-k7 	BT-3   56   11    112    1    707    711    711    112   0.9741    0.006
B-n56-k7 	BT-3   56    5     56    0    707   1136    720     90   0.5846    0.018
B-n56-k7 	BT-3   56    5     56    1    707    711    711     56   0.5198    0.006
B-n56-k7 	BT-3   56   18    224    0    707   1327    721    416   2.1808    0.020
B-n56-k7 	BT-3   56   18    224    1    707   1062    731    328   1.8936    0.034
B-n56-k7 	BT-3   56   11    112    0    707   1136    718    143   1.0267    0.016
B-n56-k7 	BT-3   56   11    112    1    707    711    711    112   0.9642    0.006
B-n56-k7 	BT-3   56    5     56    0    707   1136    717     78   0.5476    0.014
B-n56-k7 	BT-3   56    5     56    1    707    711    711     56   0.5066    0.006
B-n56-k7 	BT-3   56   18    224    0    707   1327    723    405   2.1398    0.023
B-n56-k7 	BT-3   56   18    224    1    707   1062    741    288   1.8942    0.048
B-n56-k7 	BT-3   56   11    112    0    707   1136    718    145   1.0480    0.016
B-n56-k7 	BT-3   56   11    112    1    707    711    711    112   0.9659    0.006
B-n56-k7 	BT-3   56    5     56    0    707   1136    722     88   0.5634    0.021
B-n56-k7 	BT-3   56    5     56    1    707    711    711     56   0.5129    0.006
B-n56-k7 	BT-3   56   18    224    0    707   1327    727    480   2.4314    0.028
B-n56-k7 	BT-3   56   18    224    1    707   1062    734    271   1.7834    0.038
B-n56-k7 	BT-3   56   11    112    0    707   1136    716    146   1.0605    0.013
B-n56-k7 	BT-3   56   11    112    1    707    711    711    112   0.9707    0.006
B-n56-k7 	BT-3   56    5     56    0    707   1136    714     75   0.5520    0.010
B-n56-k7 	BT-3   56    5     56    1    707    711    711     56   0.5117    0.006
B-n56-k7 	BT-3   56   18    224    0    707   1327    731    492   2.5085    0.034
B-n56-k7 	BT-3   56   18    224    1    707   1062    745    263   1.7629    0.054
B-n56-k7 	BT-3   56   11    112    0    707   1136    717    134   1.0112    0.014
B-n56-k7 	BT-3   56   11    112    1    707    711    711    112   0.9680    0.006
B-n56-k7 	BT-3   56    5     56    0    707   1136    721     81   0.5548    0.020
B-n56-k7 	BT-3   56    5     56    1    707    711    711     56   0.5123    0.006
B-n56-k7 	BT-3   56   18    224    0    707   1327    727    357   2.0269    0.028
B-n56-k7 	BT-3   56   18    224    1    707   1062    723    366   1.9933    0.023
B-n56-k7 	BT-3   56   11    112    0    707   1136    717    134   1.0318    0.014
B-n56-k7 	BT-3   56   11    112    1    707    711    711    112   0.9856    0.006
B-n56-k7 	BT-3   56    5     56    0    707   1136    715    186   0.9316    0.011
B-n56-k7 	BT-3   56    5     56    1    707    711    711     56   0.5077    0.006
B-n56-k7 	BT-3   56   18    224    0    707   1327    720    325   1.8818    0.018
B-n56-k7 	BT-3   56   18    224    1    707   1062    717    309   1.9241    0.014
B-n56-k7 	BT-3   56   11    112    0    707   1136    716    142   1.0356    0.013
B-n56-k7 	BT-3   56   11    112    1    707    711    711    112   0.9780    0.006
B-n56-k7 	BT-3   56    5     56    0    707   1136    717     78   0.5491    0.014
B-n56-k7 	BT-3   56    5     56    1    707    711    711     56   0.5113    0.006
B-n56-k7 	BT-3   56   18    224    0    707   1327    729    281   1.7299    0.031
B-n56-k7 	BT-3   56   18    224    1    707   1062    734    271   1.8134    0.038
B-n56-k7 	BT-3   56   11    112    0    707   1136    717    134   1.0182    0.014
B-n56-k7 	BT-3   56   11    112    1    707    711    711    112   0.9670    0.006
B-n56-k7 	BT-3   56    5     56    0    707   1136    718     83   0.5571    0.016
B-n56-k7 	BT-3   56    5     56    1    707    711    711     56   0.5130    0.006
B-n56-k7 	BT-3   56   18    224    0    707   1327    714    507   2.4244    0.010
B-n56-k7 	BT-3   56   18    224    1    707   1062    730    291   1.8769    0.033
B-n56-k7 	BT-3   56   11    112    0    707   1136    717    134   1.0194    0.014
B-n56-k7 	BT-3   56   11    112    1    707    711    711    112   0.9662    0.006
B-n56-k7 	BT-3   56    5     56    0    707   1136    720    104   0.6307    0.018
B-n56-k7 	BT-3   56    5     56    1    707    711    711     56   0.5227    0.006
B-n56-k7 	BT-3   56   18    224    0    707   1327    728    498   2.5223    0.030
B-n56-k7 	BT-3   56   18    224    1    707   1062    734    271   1.8178    0.038
B-n56-k7 	BT-3   56   11    112    0    707   1136    717    134   1.0154    0.014
B-n56-k7 	BT-3   56   11    112    1    707    711    711    112   0.9666    0.006
B-n56-k7 	BT-3   56    5     56    0    707   1136    718     81   0.5526    0.016
B-n56-k7 	BT-3   56    5     56    1    707    711    711     56   0.5291    0.006
B-n56-k7 	BT-3   56   18    224    0    707   1327    715    517   2.6299    0.011
B-n56-k7 	BT-3   56   18    224    1    707   1062    722    369   2.1214    0.021
B-n56-k7 	BT-3   56   11    112    0    707   1136    720    239   1.4335    0.018
B-n56-k7 	BT-3   56   11    112    1    707    711    711    112   0.9674    0.006
B-n56-k7 	BT-3   56    5     56    0    707   1136    716     82   0.5487    0.013
B-n56-k7 	BT-3   56    5     56    1    707    711    711     56   0.5115    0.006
B-n56-k7 	BT-3   56   18    224    0    707   1327    720    323   1.8590    0.018
B-n56-k7 	BT-3   56   18    224    1    707   1062    734    271   1.7924    0.038
B-n56-k7 	BT-3   56   11    112    0    707   1136    716    142   1.0621    0.013
B-n56-k7 	BT-3   56   11    112    1    707    711    711    112   0.9697    0.006
B-n56-k7 	BT-3   56    5     56    0    707   1136    711     79   0.5548    0.006
B-n56-k7 	BT-3   56    5     56    1    707    711    711     56   0.5067    0.006
B-n56-k7 	BT-3   56   18    224    0    707   1327    721    289   1.7725    0.020
B-n56-k7 	BT-3   56   18    224    1    707   1062    725    311   1.9163    0.025
B-n56-k7 	BT-3   56   11    112    0    707   1136    716    142   1.0420    0.013
B-n56-k7 	BT-3   56   11    112    1    707    711    711    112   0.9637    0.006
B-n56-k7 	BT-3   56    5     56    0    707   1136    716     82   0.5542    0.013
B-n56-k7 	BT-3   56    5     56    1    707    711    711     56   0.5313    0.006
B-n56-k7 	BT-3   56   18    224    0    707   1327    734    305   1.8818    0.038
B-n56-k7 	BT-3   56   18    224    1    707   1062    716    424   2.2489    0.013
B-n56-k7 	BT-3   56   11    112    0    707   1136    717    134   1.0206    0.014
B-n56-k7 	BT-3   56   11    112    1    707    711    711    112   0.9672    0.006
B-n56-k7 	BT-3   56    5     56    0    707   1136    716     83   0.5499    0.013
B-n56-k7 	BT-3   56    5     56    1    707    711    711     56   0.5120    0.006
B-n56-k7 	BT-3   56   18    224    0    707   1327    723    413   2.2031    0.023
B-n56-k7 	BT-3   56   18    224    1    707   1062    739    268   1.8554    0.045
B-n56-k7 	BT-3   56   11    112    0    707   1136    716    142   1.0304    0.013
B-n56-k7 	BT-3   56   11    112    1    707    711    711    112   0.9707    0.006
B-n56-k7 	BT-3   56    5     56    0    707   1136    718     81   0.5621    0.016
B-n56-k7 	BT-3   56    5     56    1    707    711    711     56   0.5227    0.006
B-n56-k7 	BT-3   56   18    224    0    707   1327    721    424   2.1524    0.020
B-n56-k7 	BT-3   56   18    224    1    707   1062    734    271   1.7770    0.038
B-n56-k7 	BT-3   56   11    112    0    707   1136    716    142   1.0325    0.013
B-n56-k7 	BT-3   56   11    112    1    707    711    711    112   0.9790    0.006
B-n56-k7 	BT-3   56    5     56    0    707   1136    718     82   0.5677    0.016
B-n56-k7 	BT-3   56    5     56    1    707    711    711     56   0.5083    0.006
B-n56-k7 	BT-3   56   18    224    0    707   1327    714    555   2.5816    0.010
B-n56-k7 	BT-3   56   18    224    1    707   1062    734    271   1.7746    0.038
B-n56-k7 	BT-3   56   11    112    0    707   1136    717    134   1.0223    0.014
B-n56-k7 	BT-3   56   11    112    1    707    711    711    112   0.9684    0.006
B-n56-k7 	BT-3   56    5     56    0    707   1136    714    128   0.7647    0.010
B-n56-k7 	BT-3   56    5     56    1    707    711    711     56   0.5087    0.006
B-n56-k7 	BT-3   56   18    224    0    707   1327    728    517   2.6072    0.030
B-n56-k7 	BT-3   56   18    224    1    707   1062    734    271   1.7895    0.038
B-n56-k7 	BT-3   56   11    112    0    707   1136    716    140   1.0447    0.013
B-n56-k7 	BT-3   56   11    112    1    707    711    711    112   0.9659    0.006
B-n56-k7 	BT-3   56    5     56    0    707   1136    717     78   0.5481    0.014
B-n56-k7 	BT-3   56    5     56    1    707    711    711     56   0.5093    0.006
B-n56-k7 	BT-3   56   18    224    0    707   1327    722    371   2.0342    0.021
B-n56-k7 	BT-3   56   18    224    1    707   1062    716    414   2.1981    0.013
B-n56-k7 	BT-3   56   11    112    0    707   1136    714    235   1.4065    0.010
B-n56-k7 	BT-3   56   11    112    1    707    711    711    112   0.9751    0.006
B-n56-k7 	BT-3   56    5     56    0    707   1136    716     83   0.5537    0.013
B-n56-k7 	BT-3   56    5     56    1    707    711    711     56   0.5074    0.006
B-n56-k7 	BT-3   56   18    224    0    707   1327    731    492   2.4988    0.034
B-n56-k7 	BT-3   56   18    224    1    707   1062    734    271   1.7962    0.038
B-n56-k7 	BT-3   56   11    112    0    707   1136    717    134   1.0215    0.014
B-n56-k7 	BT-3   56   11    112    1    707    711    711    112   0.9683    0.006
B-n56-k7 	BT-3   56    5     56    0    707   1136    716    121   0.6951    0.013
B-n56-k7 	BT-3   56    5     56    1    707    711    711     56   0.5075    0.006
B-n56-k7 	BT-3   56   18    224    0    707   1327    721    290   1.7548    0.020
B-n56-k7 	BT-3   56   18    224    1    707   1062    718    275   1.7793    0.016
B-n56-k7 	BT-3   56   11    112    0    707   1136    716    141   1.0335    0.013
B-n56-k7 	BT-3   56   11    112    1    707    711    711    112   0.9644    0.006
B-n56-k7 	BT-3   56    5     56    0    707   1136    716     83   0.5564    0.013
B-n56-k7 	BT-3   56    5     56    1    707    711    711     56   0.5081    0.006
B-n56-k7 	BT-3   56   18    224    0    707   1327    718    344   1.9272    0.016
B-n56-k7 	BT-3   56   18    224    1    707   1062    717    352   1.9764    0.014
B-n56-k7 	BT-3   56   11    112    0    707   1136    715    253   1.4096    0.011
B-n56-k7 	BT-3   56   11    112    1    707    711    711    112   0.9660    0.006
B-n56-k7 	BT-3   56    5     56    0    707   1136    716     87   0.5735    0.013
B-n56-k7 	BT-3   56    5     56    1    707    711    711     56   0.5085    0.006
B-n56-k7 	BT-3   56   18    224    0    707   1327    720    293   1.8318    0.018
B-n56-k7 	BT-3   56   18    224    1    707   1062    736    278   1.8182    0.041
B-n56-k7 	BT-3   56   11    112    0    707   1136    717    134   1.0151    0.014
B-n56-k7 	BT-3   56   11    112    1    707    711    711    112   0.9677    0.006
B-n56-k7 	BT-3   56    5     56    0    707   1136    717    128   0.7568    0.014
B-n56-k7 	BT-3   56    5     56    1    707    711    711     56   0.5077    0.006
B-n56-k7 	BT-3   56   18    224    0    707   1327    724    318   1.8695    0.024
B-n56-k7 	BT-3   56   18    224    1    707   1062    713    774   3.3120    0.008
B-n56-k7 	BT-3   56   11    112    0    707   1136    716    142   1.0326    0.013
B-n56-k7 	BT-3   56   11    112    1    707    711    711    112   0.9694    0.006
B-n56-k7 	BT-3   56    5     56    0    707   1136    717     78   0.5590    0.014
B-n56-k7 	BT-3   56    5     56    1    707    711    711     56   0.5080    0.006
B-n56-k7 	BT-3   56   18    224    0    707   1327    721    325   1.8691    0.020
B-n56-k7 	BT-3   56   18    224    1    707   1062    734    271   1.8236    0.038
B-n56-k7 	BT-3   56   11    112    0    707   1136    716    142   1.0343    0.013
B-n56-k7 	BT-3   56   11    112    1    707    711    711    112   0.9667    0.006
B-n56-k7 	BT-3   56    5     56    0    707   1136    720    102   0.6208    0.018
B-n56-k7 	BT-3   56    5     56    1    707    711    711     56   0.5093    0.006
B-n56-k7 	BT-3   56   18    224    0    707   1327    717    552   2.6356    0.014
B-n56-k7 	BT-3   56   18    224    1    707   1062    718    457   2.2900    0.016
B-n56-k7 	BT-3   56   11    112    0    707   1136    716    143   1.0819    0.013
B-n56-k7 	BT-3   56   11    112    1    707    711    711    112   0.9645    0.006
B-n56-k7 	BT-3   56    5     56    0    707   1136    713     95   0.6247    0.008
B-n56-k7 	BT-3   56    5     56    1    707    711    711     56   0.5082    0.006
B-n56-k7 	BT-3   56   18    224    0    707   1327    721    289   1.7579    0.020
B-n56-k7 	BT-3   56   18    224    1    707   1062    714    415   2.2755    0.010
B-n56-k7 	BT-3   56   11    112    0    707   1136    716    142   1.0363    0.013
B-n56-k7 	BT-3   56   11    112    1    707    711    711    112   0.9632    0.006
B-n56-k7 	BT-3   56    5     56    0    707   1136    717     78   0.5481    0.014
B-n56-k7 	BT-3   56    5     56    1    707    711    711     56   0.5071    0.006
B-n56-k7 	BT-3   56   18    224    0    707   1327    720    520   2.5125    0.018
B-n56-k7 	BT-3   56   18    224    1    707   1062    723    597   2.8750    0.023
B-n56-k7 	BT-3   56   11    112    0    707   1136    715    168   1.1354    0.011
B-n56-k7 	BT-3   56   11    112    1    707    711    711    112   0.9643    0.006
B-n56-k7 	BT-3   56    5     56    0    707   1136    716     88   0.5778    0.013
B-n56-k7 	BT-3   56    5     56    1    707    711    711     56   0.5080    0.006
B-n56-k7 	BT-3   56   18    224    0    707   1327    731    492   2.4871    0.034
B-n56-k7 	BT-3   56   18    224    1    707   1062    723    270   1.8350    0.023
B-n56-k7 	BT-3   56   11    112    0    707   1136    715    259   1.3525    0.011
B-n56-k7 	BT-3   56   11    112    1    707    711    711    112   0.9698    0.006
B-n56-k7 	BT-3   56    5     56    0    707   1136    718     83   0.5605    0.016
B-n56-k7 	BT-3   56    5     56    1    707    711    711     56   0.5073    0.006
B-n56-k7 	BT-3   56   18    224    0    707   1327    725    371   2.0505    0.025
B-n56-k7 	BT-3   56   18    224    1    707   1062    734    271   1.8026    0.038
B-n56-k7 	BT-3   56   11    112    0    707   1136    717    172   1.1163    0.014
B-n56-k7 	BT-3   56   11    112    1    707    711    711    112   0.9628    0.006
B-n56-k7 	BT-3   56    5     56    0    707   1136    717     78   0.5487    0.014
B-n56-k7 	BT-3   56    5     56    1    707    711    711     56   0.5151    0.006
B-n56-k7 	BT-3   56   18    224    0    707   1327    729    284   1.7235    0.031
B-n56-k7 	BT-3   56   18    224    1    707   1062    721    396   2.2004    0.020
B-n56-k7 	BT-3   56   11    112    0    707   1136    714    170   1.0803    0.010
B-n56-k7 	BT-3   56   11    112    1    707    711    711    112   0.9713    0.006
B-n56-k7 	BT-3   56    5     56    0    707   1136    717     78   0.5545    0.014
B-n56-k7 	BT-3   56    5     56    1    707    711    711     56   0.5067    0.006
B-n56-k7 	BT-3   56   18    224    0    707   1327    721    287   1.7572    0.020
B-n56-k7 	BT-3   56   18    224    1    707   1062    734    271   1.7984    0.038
B-n56-k7 	BT-3   56   11    112    0    707   1136    717    134   1.0077    0.014
B-n56-k7 	BT-3   56   11    112    1    707    711    711    112   0.9644    0.006
B-n56-k7 	BT-3   56    5     56    0    707   1136    717     78   0.5434    0.014
B-n56-k7 	BT-3   56    5     56    1    707    711    711     56   0.5096    0.006
B-n56-k7 	BT-3   56   18    224    0    707   1327    732    333   1.9241    0.035
B-n56-k7 	BT-3   56   18    224    1    707   1062    726    264   1.7746    0.027
B-n56-k7 	BT-3   56   11    112    0    707   1136    717    134   1.0119    0.014
B-n56-k7 	BT-3   56   11    112    1    707    711    711    112   0.9815    0.006
B-n56-k7 	BT-3   56    5     56    0    707   1136    716     83   0.5543    0.013
B-n56-k7 	BT-3   56    5     56    1    707    711    711     56   0.5079    0.006
B-n56-k7 	BT-3   56   18    224    0    707   1327    715    531   2.5709    0.011
B-n56-k7 	BT-3   56   18    224    1    707   1062    734    271   1.8339    0.038
B-n56-k7 	BT-3   56   11    112    0    707   1136    714    176   1.0718    0.010
B-n56-k7 	BT-3   56   11    112    1    707    711    711    112   0.9666    0.006
B-n56-k7 	BT-3   56    5     56    0    707   1136    717     78   0.5518    0.014
B-n56-k7 	BT-3   56    5     56    1    707    711    711     56   0.5068    0.006
B-n56-k7 	BT-3   56   18    224    0    707   1327    714    328   1.8756    0.010
B-n56-k7 	BT-3   56   18    224    1    707   1062    716    280   1.8084    0.013
B-n56-k7 	BT-3   56   11    112    0    707   1136    722    142   1.0576    0.021
B-n56-k7 	BT-3   56   11    112    1    707    711    711    112   0.9647    0.006
B-n56-k7 	BT-3   56    5     56    0    707   1136    716     91   0.5848    0.013
B-n56-k7 	BT-3   56    5     56    1    707    711    711     56   0.5092    0.006
B-n56-k7 	BT-3   56   18    224    0    707   1327    721    287   1.7383    0.020
B-n56-k7 	BT-3   56   18    224    1    707   1062    736    267   1.7842    0.041
B-n56-k7 	BT-3   56   11    112    0    707   1136    716    142   1.0403    0.013
B-n56-k7 	BT-3   56   11    112    1    707    711    711    112   0.9728    0.006
B-n56-k7 	BT-3   56    5     56    0    707   1136    712    195   0.9420    0.007
B-n56-k7 	BT-3   56    5     56    1    707    711    711     56   0.5092    0.006
B-n56-k7 	BT-3   56   18    224    0    707   1327    745    486   2.4639    0.054
B-n56-k7 	BT-3   56   18    224    1    707   1062    734    271   1.7820    0.038
B-n56-k7 	BT-3   56   11    112    0    707   1136    716    142   1.0393    0.013
B-n56-k7 	BT-3   56   11    112    1    707    711    711    112   0.9642    0.006
B-n56-k7 	BT-3   56    5     56    0    707   1136    716     83   0.5543    0.013
B-n56-k7 	BT-3   56    5     56    1    707    711    711     56   0.5071    0.006
B-n56-k7 	BT-3   56   18    224    0    707   1327    724    622   2.8537    0.024
B-n56-k7 	BT-3   56   18    224    1    707   1062    717    324   2.0194    0.014
B-n56-k7 	BT-3   56   11    112    0    707   1136    717    134   1.0202    0.014
B-n56-k7 	BT-3   56   11    112    1    707    711    711    112   0.9734    0.006
B-n56-k7 	BT-3   56    5     56    0    707   1136    717     78   0.5501    0.014
B-n56-k7 	BT-3   56    5     56    1    707    711    711     56   0.5099    0.006
B-n56-k7 	BT-3   56   18    224    0    707   1327    722    496   2.5175    0.021
B-n56-k7 	BT-3   56   18    224    1    707   1062    727    263   1.7397    0.028
B-n56-k7 	BT-3   56   11    112    0    707   1136    717    134   1.0122    0.014
B-n56-k7 	BT-3   56   11    112    1    707    711    711    112   0.9651    0.006
B-n56-k7 	BT-3   56    5     56    0    707   1136    717     78   0.5610    0.014
B-n56-k7 	BT-3   56    5     56    1    707    711    711     56   0.5061    0.006
B-n56-k7 	BT-3   56   18    224    0    707   1327    732    285   1.8151    0.035
B-n56-k7 	BT-3   56   18    224    1    707   1062    734    271   1.7843    0.038
B-n56-k7 	BT-3   56   11    112    0    707   1136    712    152   1.0896    0.007
B-n56-k7 	BT-3   56   11    112    1    707    711    711    112   0.9643    0.006
B-n56-k7 	BT-3   56    5     56    0    707   1136    718     85   0.5584    0.016
B-n56-k7 	BT-3   56    5     56    1    707    711    711     56   0.5128    0.006
B-n56-k7 	BT-3   56   18    224    0    707   1327    715    541   2.6217    0.011
B-n56-k7 	BT-3   56   18    224    1    707   1062    741    264   1.7350    0.048
B-n56-k7 	BT-3   56   11    112    0    707   1136    724    153   1.0741    0.024
B-n56-k7 	BT-3   56   11    112    1    707    711    711    112   0.9643    0.006
B-n56-k7 	BT-3   56    5     56    0    707   1136    714    124   0.7511    0.010
B-n56-k7 	BT-3   56    5     56    1    707    711    711     56   0.5085    0.006
B-n56-k7 	BT-3   56   18    224    0    707   1327    714    570   2.7029    0.010
B-n56-k7 	BT-3   56   18    224    1    707   1062    773    269   1.8188    0.093
B-n56-k7 	BT-3   56   11    112    0    707   1136    717    134   1.0189    0.014
B-n56-k7 	BT-3   56   11    112    1    707    711    711    112   0.9740    0.006
B-n56-k7 	BT-3   56    5     56    0    707   1136    717     78   0.5587    0.014
B-n56-k7 	BT-3   56    5     56    1    707    711    711     56   0.5081    0.006
B-n56-k7 	BT-3   56   18    224    0    707   1327    719    355   2.0050    0.017
B-n56-k7 	BT-3   56   18    224    1    707   1062    723    364   2.1019    0.023
B-n56-k7 	BT-3   56   11    112    0    707   1136    718    137   1.0601    0.016
B-n56-k7 	BT-3   56   11    112    1    707    711    711    112   0.9698    0.006
B-n56-k7 	BT-3   56    5     56    0    707   1136    719    180   0.9133    0.017
B-n56-k7 	BT-3   56    5     56    1    707    711    711     56   0.5080    0.006
B-n56-k7 	BT-3   56   18    224    0    707   1327    717    678   3.0639    0.014
B-n56-k7 	BT-3   56   18    224    1    707   1062    734    271   1.7823    0.038
B-n56-k7 	BT-3   56   11    112    0    707   1136    718    141   1.0232    0.016
B-n56-k7 	BT-3   56   11    112    1    707    711    711    112   0.9952    0.006
B-n56-k7 	BT-3   56    5     56    0    707   1136    716     83   0.5530    0.013
B-n56-k7 	BT-3   56    5     56    1    707    711    711     56   0.5125    0.006
B-n56-k7 	BT-3   56   18    224    0    707   1327    714    369   2.0094    0.010
B-n56-k7 	BT-3   56   18    224    1    707   1062    722    326   1.9290    0.021
B-n56-k7 	BT-3   56   11    112    0    707   1136    754    232   1.3841    0.066
B-n56-k7 	BT-3   56   11    112    1    707    711    711    112   0.9651    0.006
B-n56-k7 	BT-3   56    5     56    0    707   1136    716     84   0.5577    0.013
B-n56-k7 	BT-3   56    5     56    1    707    711    711     56   0.5072    0.006
B-n56-k7 	BT-3   56   18    224    0    707   1327    718    371   1.9935    0.016
B-n56-k7 	BT-3   56   18    224    1    707   1062    734    271   1.8013    0.038
B-n56-k7 	BT-3   56   11    112    0    707   1136    717    134   1.0176    0.014
B-n56-k7 	BT-3   56   11    112    1    707    711    711    112   0.9654    0.006
B-n56-k7 	BT-3   56    5     56    0    707   1136    717     78   0.5491    0.014
B-n56-k7 	BT-3   56    5     56    1    707    711    711     56   0.5080    0.006
B-n56-k7 	BT-3   56   18    224    0    707   1327    721    287   1.7557    0.020
B-n56-k7 	BT-3   56   18    224    1    707   1062    727    364   2.0143    0.028
B-n56-k7 	BT-3   56   11    112    0    707   1136    717    134   1.0264    0.014
B-n56-k7 	BT-3   56   11    112    1    707    711    711    112   0.9701    0.006
B-n56-k7 	BT-3   56    5     56    0    707   1136    714     72   0.5445    0.010
B-n56-k7 	BT-3   56    5     56    1    707    711    711     56   0.5148    0.006
B-n56-k7 	BT-3   56   18    224    0    707   1327    729    502   2.5162    0.031
B-n56-k7 	BT-3   56   18    224    1    707   1062    727    489   2.4284    0.028
B-n56-k7 	BT-3   56   11    112    0    707   1136    716    142   1.0395    0.013
B-n56-k7 	BT-3   56   11    112    1    707    711    711    112   0.9671    0.006
B-n56-k7 	BT-3   56    5     56    0    707   1136    716     83   0.5553    0.013
B-n56-k7 	BT-3   56    5     56    1    707    711    711     56   0.5297    0.006
B-n56-k7 	BT-3   56   18    224    0    707   1327    714    341   1.9253    0.010
B-n56-k7 	BT-3   56   18    224    1    707   1062    741    264   1.7619    0.048
B-n56-k7 	BT-3   56   11    112    0    707   1136    717    134   1.0124    0.014
B-n56-k7 	BT-3   56   11    112    1    707    711    711    112   0.9665    0.006
B-n56-k7 	BT-3   56    5     56    0    707   1136    717     78   0.5481    0.014
B-n56-k7 	BT-3   56    5     56    1    707    711    711     56   0.5069    0.006
B-n56-k7 	BT-3   56   18    224    0    707   1327    730    433   2.2320    0.033
B-n56-k7 	BT-3   56   18    224    1    707   1062    718    318   1.9056    0.016
B-n56-k7 	BT-3   56   11    112    0    707   1136    723    128   1.0489    0.023
B-n56-k7 	BT-3   56   11    112    1    707    711    711    112   0.9749    0.006
B-n56-k7 	BT-3   56    5     56    0    707   1136    714     78   0.5606    0.010
B-n56-k7 	BT-3   56    5     56    1    707    711    711     56   0.5083    0.006
B-n56-k7 	BT-3   56   18    224    0    707   1327    724    287   1.7651    0.024
B-n56-k7 	BT-3   56   18    224    1    707   1062    734    271   1.7827    0.038
B-n56-k7 	BT-3   56   11    112    0    707   1136    722    194   1.2044    0.021
B-n56-k7 	BT-3   56   11    112    1    707    711    711    112   0.9752    0.006
B-n56-k7 	BT-3   56    5     56    0    707   1136    716    131   0.7597    0.013
B-n56-k7 	BT-3   56    5     56    1    707    711    711     56   0.5256    0.006
B-n56-k7 	BT-3   56   18    224    0    707   1327    721    288   1.7497    0.020
B-n56-k7 	BT-3   56   18    224    1    707   1062    737    262   1.8036    0.042
B-n56-k7 	BT-3   56   11    112    0    707   1136    716    142   1.0331    0.013
B-n56-k7 	BT-3   56   11    112    1    707    711    711    112   0.9768    0.006
B-n56-k7 	BT-3   56    5     56    0    707   1136    716    103   0.6016    0.013
B-n56-k7 	BT-3   56    5     56    1    707    711    711     56   0.5098    0.006
B-n56-k7 	BT-3   56   18    224    0    707   1327    720    367   2.0336    0.018
B-n56-k7 	BT-3   56   18    224    1    707   1062    734    271   1.8061    0.038
B-n56-k7 	BT-3   56   11    112    0    707   1136    716    146   1.0407    0.013
B-n56-k7 	BT-3   56   11    112    1    707    711    711    112   0.9636    0.006
B-n56-k7 	BT-3   56    5     56    0    707   1136    716     82   0.5490    0.013
B-n56-k7 	BT-3   56    5     56    1    707    711    711     56   0.5119    0.006
B-n56-k7 	BT-3   56   18    224    0    707   1327    713    651   2.9734    0.008
B-n56-k7 	BT-3   56   18    224    1    707   1062    715    433   2.2539    0.011
B-n56-k7 	BT-3   56   11    112    0    707   1136    716    147   1.0486    0.013
B-n56-k7 	BT-3   56   11    112    1    707    711    711    112   0.9738    0.006
B-n56-k7 	BT-3   56    5     56    0    707   1136    716     90   0.5900    0.013
B-n56-k7 	BT-3   56    5     56    1    707    711    711     56   0.5127    0.006
B-n56-k7 	BT-3   56   18    224    0    707   1327    728    289   1.7819    0.030
B-n56-k7 	BT-3   56   18    224    1    707   1062    734    271   1.7842    0.038
B-n56-k7 	BT-3   56   11    112    0    707   1136    717    234   1.3744    0.014
B-n56-k7 	BT-3   56   11    112    1    707    711    711    112   0.9713    0.006
B-n56-k7 	BT-3   56    5     56    0    707   1136    716     83   0.5533    0.013
B-n56-k7 	BT-3   56    5     56    1    707    711    711     56   0.5092    0.006
B-n56-k7 	BT-3   56   18    224    0    707   1327    721    288   1.8411    0.020
B-n56-k7 	BT-3   56   18    224    1    707   1062    734    271   1.7823    0.038
B-n56-k7 	BT-3   56   11    112    0    707   1136    717    134   1.0160    0.014
B-n56-k7 	BT-3   56   11    112    1    707    711    711    112   0.9702    0.006
B-n56-k7 	BT-3   56    5     56    0    707   1136    714     72   0.5446    0.010
B-n56-k7 	BT-3   56    5     56    1    707    711    711     56   0.5070    0.006
B-n56-k7 	BT-3   56   18    224    0    707   1327    731    492   2.4781    0.034
B-n56-k7 	BT-3   56   18    224    1    707   1062    734    271   1.8245    0.038
B-n56-k7 	BT-3   56   11    112    0    707   1136    717    134   1.0244    0.014
B-n56-k7 	BT-3   56   11    112    1    707    711    711    112   1.0087    0.006
B-n56-k7 	BT-3   56    5     56    0    707   1136    714     72   0.5467    0.010
B-n56-k7 	BT-3   56    5     56    1    707    711    711     56   0.5118    0.006
B-n56-k7 	BT-3   56   18    224    0    707   1327    731    492   2.4913    0.034
B-n56-k7 	BT-3   56   18    224    1    707   1062    729    354   2.0008    0.031
B-n56-k7 	BT-3   56   11    112    0    707   1136    716    138   1.0294    0.013
B-n56-k7 	BT-3   56   11    112    1    707    711    711    112   0.9688    0.006
B-n56-k7 	BT-3   56    5     56    0    707   1136    718     88   0.5683    0.016
B-n56-k7 	BT-3   56    5     56    1    707    711    711     56   0.5082    0.006
B-n56-k7 	BT-3   56   18    224    0    707   1327    721    287   1.7822    0.020
B-n56-k7 	BT-3   56   18    224    1    707   1062    722    418   2.1667    0.021
B-n56-k7 	BT-3   56   11    112    0    707   1136    717    134   1.0212    0.014
B-n56-k7 	BT-3   56   11    112    1    707    711    711    112   0.9658    0.006
B-n56-k7 	BT-3   56    5     56    0    707   1136    711    109   0.6024    0.006
B-n56-k7 	BT-3   56    5     56    1    707    711    711     56   0.5073    0.006
B-n56-k7 	BT-3   56   18    224    0    707   1327    719    312   1.8492    0.017
B-n56-k7 	BT-3   56   18    224    1    707   1062    716    415   2.2102    0.013
B-n56-k7 	BT-3   56   11    112    0    707   1136    715    158   1.1023    0.011
B-n56-k7 	BT-3   56   11    112    1    707    711    711    112   0.9958    0.006
B-n56-k7 	BT-3   56    5     56    0    707   1136    717     78   0.5494    0.014
B-n56-k7 	BT-3   56    5     56    1    707    711    711     56   0.5069    0.006
B-n56-k7 	BT-3   56   18    224    0    707   1327    728    516   2.5867    0.030
B-n56-k7 	BT-3   56   18    224    1    707   1062    727    375   2.0825    0.028
B-n56-k7 	BT-3   56   11    112    0    707   1136    716    142   1.0435    0.013
B-n56-k7 	BT-3   56   11    112    1    707    711    711    112   0.9652    0.006
B-n56-k7 	BT-3   56    5     56    0    707   1136    716     83   0.5539    0.013
B-n56-k7 	BT-3   56    5     56    1    707    711    711     56   0.5124    0.006
B-n56-k7 	BT-3   56   18    224    0    707   1327    794    255   1.8259    0.123
B-n56-k7 	BT-3   56   18    224    1    707   1062    717    357   2.0557    0.014
B-n56-k7 	BT-3   56   11    112    0    707   1136    717    134   1.0151    0.014
B-n56-k7 	BT-3   56   11    112    1    707    711    711    112   0.9730    0.006
B-n56-k7 	BT-3   56    5     56    0    707   1136    717     78   0.5484    0.014
B-n56-k7 	BT-3   56    5     56    1    707    711    711     56   0.5088    0.006
B-n56-k7 	BT-3   56   18    224    0    707   1327    722    296   1.7948    0.021
B-n56-k7 	BT-3   56   18    224    1    707   1062    734    271   1.8065    0.038
B-n56-k7 	BT-3   56   11    112    0    707   1136    716    142   1.0408    0.013
B-n56-k7 	BT-3   56   11    112    1    707    711    711    112   0.9692    0.006
B-n56-k7 	BT-3   56    5     56    0    707   1136    720    157   0.8409    0.018
B-n56-k7 	BT-3   56    5     56    1    707    711    711     56   0.5098    0.006
B-n56-k7 	BT-3   56   18    224    0    707   1327    726    292   1.8445    0.027
B-n56-k7 	BT-3   56   18    224    1    707   1062    734    271   1.7948    0.038
B-n56-k7 	BT-3   56   11    112    0    707   1136    716    142   1.0348    0.013
B-n56-k7 	BT-3   56   11    112    1    707    711    711    112   0.9848    0.006
B-n56-k7 	BT-3   56    5     56    0    707   1136    716     83   0.5614    0.013
B-n56-k7 	BT-3   56    5     56    1    707    711    711     56   0.5080    0.006
B-n56-k7 	BT-3   56   18    224    0    707   1327    722    501   2.5724    0.021
B-n56-k7 	BT-3   56   18    224    1    707   1062    734    271   1.8165    0.038
B-n56-k7 	BT-3   56   11    112    0    707   1136    716    145   1.0619    0.013
B-n56-k7 	BT-3   56   11    112    1    707    711    711    112   0.9671    0.006
B-n56-k7 	BT-3   56    5     56    0    707   1136    716     88   0.5739    0.013
B-n56-k7 	BT-3   56    5     56    1    707    711    711     56   0.5226    0.006
B-n56-k7 	BT-3   56   18    224    0    707   1327    725    365   2.1307    0.025
B-n56-k7 	BT-3   56   18    224    1    707   1062    721    482   2.4431    0.020
B-n56-k7 	BT-3   56   11    112    0    707   1136    716    140   1.0434    0.013
B-n56-k7 	BT-3   56   11    112    1    707    711    711    112   0.9703    0.006
B-n56-k7 	BT-3   56    5     56    0    707   1136    714     75   0.5540    0.010
B-n56-k7 	BT-3   56    5     56    1    707    711    711     56   0.5093    0.006
B-n56-k7 	BT-3   56   18    224    0    707   1327    754    394   2.1788    0.066
B-n56-k7 	BT-3   56   18    224    1    707   1062    721    449   2.3465    0.020
B-n56-k7 	BT-3   56   11    112    0    707   1136    715    155   1.0938    0.011
B-n56-k7 	BT-3   56   11    112    1    707    711    711    112   1.0324    0.006
B-n56-k7 	BT-3   56    5     56    0    707   1136    714     74   0.5517    0.010
B-n56-k7 	BT-3   56    5     56    1    707    711    711     56   0.5063    0.006
B-n56-k7 	BT-3   56   18    224    0    707   1327    719    907   3.8387    0.017
B-n56-k7 	BT-3   56   18    224    1    707   1062    735    264   1.7652    0.040
B-n56-k7 	BT-3   56   11    112    0    707   1136    716    140   1.0470    0.013
B-n56-k7 	BT-3   56   11    112    1    707    711    711    112   0.9744    0.006
B-n56-k7 	BT-3   56    5     56    0    707   1136    716     84   0.5747    0.013
B-n56-k7 	BT-3   56    5     56    1    707    711    711     56   0.5243    0.006
