B-n64-k9 	BT-1   64   21    256    0    861   1355    896    398   2.0985    0.041
B-n64-k9 	BT-1   64   21    256    1    861   1176    897    373   1.9492    0.042
B-n64-k9 	BT-1   64   12    128    0    861    896    896    128   0.7532    0.041
B-n64-k9 	BT-1   64   12    128    1    861    896    896    128   0.7465    0.041
B-n64-k9 	BT-1   64    6     64    0    861    896    896     64   0.4440    0.041
B-n64-k9 	BT-1   64    6     64    1    861    896    896     64   0.4432    0.041
B-n64-k9 	BT-2   64   21    256    0    861   1355    901    697   3.6220    0.046
B-n64-k9 	BT-2   64   21    256    1    861   1176    885    646   3.2728    0.028
B-n64-k9 	BT-2   64   12    128    0    861    885    883    159   0.8733    0.026
B-n64-k9 	BT-2   64   12    128    1    861    885    883    155   0.8620    0.026
B-n64-k9 	BT-2   64    6     64    0    861    883    883     64   0.4310    0.026
B-n64-k9 	BT-2   64    6     64    1    861    883    883     64   0.4292    0.026
B-n64-k9 	BT-3   64   21    256    0    861   1355    908    307   3.5874    0.055
B-n64-k9 	BT-3   64   21    256    1    861   1176    908    372   3.8972    0.055
B-n64-k9 	BT-3   64   12    128    0    861   1037    908    133   2.0212    0.055
B-n64-k9 	BT-3   64   12    128    1    861    908    908    128   1.9471    0.055
B-n64-k9 	BT-3   64    6     64    0    861   1037    908     69   1.1026    0.055
B-n64-k9 	BT-3   64    6     64    1    861    908    908     64   1.0765    0.055
B-n64-k9 	BT-3   64   21    256    0    861   1355    902    612   4.9805    0.048
B-n64-k9 	BT-3   64   21    256    1    861   1176    891    296   3.5031    0.035
B-n64-k9 	BT-3   64   12    128    0    861    891    891    128   1.9983    0.035
B-n64-k9 	BT-3   64   12    128    1    861    891    891    128   1.9611    0.035
B-n64-k9 	BT-3   64    6     64    0    861    891    891     64   1.1007    0.035
B-n64-k9 	BT-3   64    6     64    1    861    891    891     64   1.0740    0.035
B-n64-k9 	BT-3   64   21    256    0    861   1355    908    307   3.5665    0.055
B-n64-k9 	BT-3   64   21    256    1    861   1176    911    489   4.5104    0.058
B-n64-k9 	BT-3   64   12    128    0    861    891    891    128   1.9943    0.035
B-n64-k9 	BT-3   64   12    128    1    861    891    891    128   1.9561    0.035
B-n64-k9 	BT-3   64    6     64    0    861    891    891     64   1.0998    0.035
B-n64-k9 	BT-3   64    6     64    1    861    891    891     64   1.0720    0.035
B-n64-k9 	BT-3   64   21    256    0    861   1355    908    541   4.7775    0.055
B-n64-k9 	BT-3   64   21    256    1    861   1176    910    292   3.5698    0.057
B-n64-k9 	BT-3   64   12    128    0    861    891    891    128   1.9862    0.035
B-n64-k9 	BT-3   64   12    128    1    861    891    891    128   1.9287    0.035
B-n64-k9 	BT-3   64    6     64    0    861    891    891     64   1.1035    0.035
B-n64-k9 	BT-3   64    6     64    1    861    891    891     64   1.0710    0.035
B-n64-k9 	BT-3   64   21    256    0    861   1355    939    375   3.8370    0.091
B-n64-k9 	BT-3   64   21    256    1    861   1176    903    478   4.3502    0.049
B-n64-k9 	BT-3   64   12    128    0    861    891    891    128   1.9634    0.035
B-n64-k9 	BT-3   64   12    128    1    861    891    891    128   1.9314    0.035
B-n64-k9 	BT-3   64    6     64    0    861    891    891     64   1.1156    0.035
B-n64-k9 	BT-3   64    6     64    1    861    891    891     64   1.1068    0.035
B-n64-k9 	BT-3   64   21    256    0    861   1355    908    307   3.5559    0.055
B-n64-k9 	BT-3   64   21    256    1    861   1176    908    515   4.6034    0.055
B-n64-k9 	BT-3   64   12    128    0    861    891    891    128   1.9792    0.035
B-n64-k9 	BT-3   64   12    128    1    861    891    891    128   1.9463    0.035
B-n64-k9 	BT-3   64    6     64    0    861    891    891     64   1.0949    0.035
B-n64-k9 	BT-3   64    6     64    1    861    891    891     64   1.0758    0.035
B-n64-k9 	BT-3   64   21    256    0    861   1355    898    382   3.8813    0.043
B-n64-k9 	BT-3   64   21    256    1    861   1176    897    506   4.5418    0.042
B-n64-k9 	BT-3   64   12    128    0    861    891    891    128   1.9917    0.035
B-n64-k9 	BT-3   64   12    128    1    861    891    891    128   1.9350    0.035
B-n64-k9 	BT-3   64    6     64    0    861    891    891     64   1.0960    0.035
B-n64-k9 	BT-3   64    6     64    1    861    891    891     64   1.0733    0.035
B-n64-k9 	BT-3   64   21    256    0    861   1355    908    307   3.6295    0.055
B-n64-k9 	BT-3   64   21    256    1    861   1176    903    381   3.9756    0.049
B-n64-k9 	BT-3   64   12    128    0    861    891    891    128   1.9700    0.035
B-n64-k9 	BT-3   64   12    128    1    861    891    891    128   1.9307    0.035
B-n64-k9 	BT-3   64    6     64    0    861    891    891     64   1.0999    0.035
B-n64-k9 	BT-3   64    6     64    1    861    891    891     64   1.0730    0.035
B-n64-k9 	BT-3   64   21    256    0    861   1355    900    305   3.5230    0.045
B-n64-k9 	BT-3   64   21    256    1    861   1176    901    308   3.6482    0.046
B-n64-k9 	BT-3   64   12    128    0    861    891    891    128   1.9780    0.035
B-n64-k9 	BT-3   64   12    128    1    861    891    891    128   1.9347    0.035
B-n64-k9 	BT-3   64    6     64    0    861    891    891     64   1.1065    0.035
B-n64-k9 	BT-3   64    6     64    1    861    891    891     64   1.0803    0.035
B-n64-k9 	BT-3   64   21    256    0    861   1355    908    307   3.5616    0.055
B-n64-k9 	BT-3   64   21    256    1    861   1176    910    283   3.5221    0.057
B-n64-k9 	BT-3   64   12    128    0    861    891    891    128   1.9697    0.035
B-n64-k9 	BT-3   64   12    128    1    861    891    891    128   1.9291    0.035
B-n64-k9 	BT-3   64    6     64    0    861    891    891     64   1.1081    0.035
B-n64-k9 	BT-3   64    6     64    1    861    891    891     64   1.0688    0.035
B-n64-k9 	BT-3   64   21    256    0    861   1355    876    669   5.2197    0.017
B-n64-k9 	BT-3   64   21    256    1    861   1176    902    381   4.0089    0.048
B-n64-k9 	BT-3   64   12    128    0    861    876    874    142   2.0529    0.015
B-n64-k9 	BT-3   64   12    128    1    861    876    876    128   1.9334    0.017
B-n64-k9 	BT-3   64    6     64    0    861    874    874     64   1.0726    0.015
B-n64-k9 	BT-3   64    6     64    1    861    874    874     64   1.1188    0.015
B-n64-k9 	BT-3   64   21    256    0    861   1355    897    366   3.7960    0.042
B-n64-k9 	BT-3   64   21    256    1    861   1176    906    299   3.6066    0.052
B-n64-k9 	BT-3   64   12    128    0    861    874    874    128   1.9302    0.015
B-n64-k9 	BT-3   64   12    128    1    861    874    874    128   1.9803    0.015
B-n64-k9 	BT-3   64    6     64    0    861    874    874     64   1.0640    0.015
B-n64-k9 	BT-3   64    6     64    1    861    874    874     64   1.0888    0.015
B-n64-k9 	BT-3   64   21    256    0    861   1355    868    312   3.5390    0.008
B-n64-k9 	BT-3   64   21    256    1    861   1176    889    466   4.3223    0.033
B-n64-k9 	BT-3   64   12    128    0    861    868    866    196   2.2688    0.006
B-n64-k9 	BT-3   64   12    128    1    861    868    868    128   1.9787    0.008
B-n64-k9 	BT-3   64    6     64    0    861    866    865     70   1.1033    0.005
B-n64-k9 	BT-3   64    6     64    1    861    866    865     67   1.0938    0.005
B-n64-k9 	BT-3   64   21    256    0    861   1355    909    444   4.2376    0.056
B-n64-k9 	BT-3   64   21    256    1    861   1176    907    361   3.8191    0.053
B-n64-k9 	BT-3   64   12    128    0    861    865    865    128   1.9100    0.005
B-n64-k9 	BT-3   64   12    128    1    861    865    865    128   1.9570    0.005
B-n64-k9 	BT-3   64    6     64    0    861    865    865     64   1.0744    0.005
B-n64-k9 	BT-3   64    6     64    1    861    865    865     64   1.0691    0.005
B-n64-k9 	BT-3   64   21    256    0    861   1355    908    307   3.5469    0.055
B-n64-k9 	BT-3   64   21    256    1    861   1176    943    296   3.6230    0.095
B-n64-k9 	BT-3   64   12    128    0    861    865    865    128   1.9137    0.005
B-n64-k9 	BT-3   64   12    128    1    861    865    865    128   1.9714    0.005
B-n64-k9 	BT-3   64    6     64    0    861    865    865     64   1.0602    0.005
B-n64-k9 	BT-3   64    6     64    1    861    865    865     64   1.0700    0.005
B-n64-k9 	BT-3   64   21    256    0    861   1355    905    312   3.5745    0.051
B-n64-k9 	BT-3   64   21    256    1    861   1176    909    305   3.6008    0.056
B-n64-k9 	BT-3   64   12    128    0    861    865    865    128   1.9094    0.005
B-n64-k9 	BT-3   64   12    128    1    861    865    865    128   1.9274    0.005
B-n64-k9 	BT-3   64    6     64    0    861    865    865     64   1.0615    0.005
B-n64-k9 	BT-3   64    6     64    1    861    865    865     64   1.0618    0.005
B-n64-k9 	BT-3   64   21    256    0    861   1355    894    557   4.7997    0.038
B-n64-k9 	BT-3   64   21    256    1    861   1176    905    292   3.5713    0.051
B-n64-k9 	BT-3   64   12    128    0    861    865    865    128   1.9006    0.005
B-n64-k9 	BT-3   64   12    128    1    861    865    865    128   1.9288    0.005
B-n64-k9 	BT-3   64    6     64    0    861    865    865     64   1.0611    0.005
B-n64-k9 	BT-3   64    6     64    1    861    865    865     64   1.0602    0.005
B-n64-k9 	BT-3   64   21    256    0    861   1355    891    433   4.0713    0.035
B-n64-k9 	BT-3   64   21    256    1    861   1176    904    333   3.7674    0.050
B-n64-k9 	BT-3   64   12    128    0    861    865    864    147   1.9808    0.003
B-n64-k9 	BT-3   64   12    128    1    861    865    865    128   1.9339    0.005
B-n64-k9 	BT-3   64    6     64    0    861    864    864     64   1.0670    0.003
B-n64-k9 	BT-3   64    6     64    1    861    864    864     64   1.0498    0.003
B-n64-k9 	BT-3   64   21    256    0    861   1355    901    682   5.4219    0.046
B-n64-k9 	BT-3   64   21    256    1    861   1176    903    547   4.8496    0.049
B-n64-k9 	BT-3   64   12    128    0    861    864    864    128   1.9379    0.003
B-n64-k9 	BT-3   64   12    128    1    861    864    864    128   1.8996    0.003
B-n64-k9 	BT-3   64    6     64    0    861    864    864     64   1.0657    0.003
B-n64-k9 	BT-3   64    6     64    1    861    864    864     64   1.0535    0.003
B-n64-k9 	BT-3   64   21    256    0    861   1355    888    896   6.3239    0.031
B-n64-k9 	BT-3   64   21    256    1    861   1176    890    476   4.3767    0.034
B-n64-k9 	BT-3   64   12    128    0    861    864    864    128   1.9377    0.003
B-n64-k9 	BT-3   64   12    128    1    861    864    864    128   1.9007    0.003
B-n64-k9 	BT-3   64    6     64    0    861    864    864     64   1.0637    0.003
B-n64-k9 	BT-3   64    6     64    1    861    864    864     64   1.0555    0.003
B-n64-k9 	BT-3   64   21    256    0    861   1355    895    427   4.3003    0.039
B-n64-k9 	BT-3   64   21    256    1    861   1176    903    315   3.6765    0.049
B-n64-k9 	BT-3   64   12    128    0    861    864    864    128   1.9449    0.003
B-n64-k9 	BT-3   64   12    128    1    861    864    864    128   1.9051    0.003
B-n64-k9 	BT-3   64    6     64    0    861    864    864     64   1.0733    0.003
B-n64-k9 	BT-3   64    6     64    1    861    864    864     64   1.0591    0.003
B-n64-k9 	BT-3   64   21    256    0    861   1355    909    335   3.6389    0.056
B-n64-k9 	BT-3   64   21    256    1    861   1176    903    325   3.7229    0.049
B-n64-k9 	BT-3   64   12    128    0    861    864    864    128   1.9210    0.003
B-n64-k9 	BT-3   64   12    128    1    861    864    864    128   2.0402    0.003
B-n64-k9 	BT-3   64    6     64    0    861    864    864     64   1.0684    0.003
B-n64-k9 	BT-3   64    6     64    1    861    864    864     64   1.0636    0.003
B-n64-k9 	BT-3   64   21    256    0    861   1355    878    473   4.2912    0.020
B-n64-k9 	BT-3   64   21    256    1    861   1176    911    308   3.6891    0.058
B-n64-k9 	BT-3   64   12    128    0    861    864    864    128   1.9044    0.003
B-n64-k9 	BT-3   64   12    128    1    861    864    864    128   1.8923    0.003
B-n64-k9 	BT-3   64    6     64    0    861    864    864     64   1.0758    0.003
B-n64-k9 	BT-3   64    6     64    1    861    864    864     64   1.0543    0.003
B-n64-k9 	BT-3   64   21    256    0    861   1355    889    789   5.8601    0.033
B-n64-k9 	BT-3   64   21    256    1    861   1176    903    357   3.9086    0.049
B-n64-k9 	BT-3   64   12    128    0    861    864    864    128   1.9117    0.003
B-n64-k9 	BT-3   64   12    128    1    861    864    864    128   1.8995    0.003
B-n64-k9 	BT-3   64    6     64    0    861    864    864     64   1.0746    0.003
B-n64-k9 	BT-3   64    6     64    1    861    864    864     64   1.0497    0.003
B-n64-k9 	BT-3   64   21    256    0    861   1355    901    754   5.7464    0.046
B-n64-k9 	BT-3   64   21    256    1    861   1176    906    299   3.6047    0.052
B-n64-k9 	BT-3   64   12    128    0    861    864    864    128   1.9151    0.003
B-n64-k9 	BT-3   64   12    128    1    861    864    864    128   1.8914    0.003
B-n64-k9 	BT-3   64    6     64    0    861    864    864     64   1.0762    0.003
B-n64-k9 	BT-3   64    6     64    1    861    864    864     64   1.0507    0.003
B-n64-k9 	BT-3   64   21    256    0    861   1355    904    636   5.1713    0.050
B-n64-k9 	BT-3   64   21    256    1    861   1176    902    335   3.8416    0.048
B-n64-k9 	BT-3   64   12    128    0    861    864    864    128   1.9404    0.003
B-n64-k9 	BT-3   64   12    128    1    861    864    864    128   1.8915    0.003
B-n64-k9 	BT-3   64    6     64    0    861    864    864     64   1.0645    0.003
B-n64-k9 	BT-3   64    6     64    1    861    864    864     64   1.0545    0.003
B-n64-k9 	BT-3   64   21    256    0    861   1355    906    310   3.5335    0.052
B-n64-k9 	BT-3   64   21    256    1    861   1176    908    378   4.0238    0.055
B-n64-k9 	BT-3   64   12    128    0    861    864    864    128   1.9160    0.003
B-n64-k9 	BT-3   64   12    128    1    861    864    864    128   1.9019    0.003
B-n64-k9 	BT-3   64    6     64    0    861    864    864     64   1.0673    0.003
B-n64-k9 	BT-3   64    6     64    1    861    864    864     64   1.0582    0.003
B-n64-k9 	BT-3   64   21    256    0    861   1355    908    307   3.5880    0.055
B-n64-k9 	BT-3   64   21    256    1    861   1176    904    336   3.8495    0.050
B-n64-k9 	BT-3   64   12    128    0    861    864    864    128   1.9248    0.003
B-n64-k9 	BT-3   64   12    128    1    861    864    864    128   1.8963    0.003
B-n64-k9 	BT-3   64    6     64    0    861    864    864     64   1.0622    0.003
B-n64-k9 	BT-3   64    6     64    1    861    864    864     64   1.0563    0.003
B-n64-k9 	BT-3   64   21    256    0    861   1355    869    436   4.0693    0.009
B-n64-k9 	BT-3   64   21    256    1    861   1176    912    325   3.7093    0.059
B-n64-k9 	BT-3   64   12    128    0    861    864    864    128   1.9667    0.003
B-n64-k9 	BT-3   64   12    128    1    861    864    864    128   1.8920    0.003
B-n64-k9 	BT-3   64    6     64    0    861    864    864     64   1.0620    0.003
B-n64-k9 	BT-3   64    6     64    1    861    864    864     64   1.0495    0.003
B-n64-k9 	BT-3   64   21    256    0    861   1355    908    307   3.5815    0.055
B-n64-k9 	BT-3   64   21    256    1    861   1176    909    322   3.6404    0.056
B-n64-k9 	BT-3   64   12    128    0    861    864    864    128   1.9271    0.003
B-n64-k9 	BT-3   64   12    128    1    861    864    864    128   1.8938    0.003
B-n64-k9 	BT-3   64    6     64    0    861    864    864     64   1.0632    0.003
B-n64-k9 	BT-3   64    6     64    1    861    864    864     64   1.0511    0.003
B-n64-k9 	BT-3   64   21    256    0    861   1355    885    525   4.4734    0.028
B-n64-k9 	BT-3   64   21    256    1    861   1176    902    321   3.7525    0.048
B-n64-k9 	BT-3   64   12    128    0    861    864    864    128   1.9245    0.003
B-n64-k9 	BT-3   64   12    128    1    861    864    864    128   1.8912    0.003
B-n64-k9 	BT-3   64    6     64    0    861    864    864     64   1.0633    0.003
B-n64-k9 	BT-3   64    6     64    1    861    864    864     64   1.0530    0.003
B-n64-k9 	BT-3   64   21    256    0    861   1355    897    346   3.6854    0.042
B-n64-k9 	BT-3   64   21    256    1    861   1176    898   1010   7.2894    0.043
B-n64-k9 	BT-3   64   12    128    0    861    864    864    128   1.9163    0.003
B-n64-k9 	BT-3   64   12    128    1    861    864    864    128   1.9061    0.003
B-n64-k9 	BT-3   64    6     64    0    861    864    864     64   1.0610    0.003
B-n64-k9 	BT-3   64    6     64    1    861    864    864     64   1.0538    0.003
B-n64-k9 	BT-3   64   21    256    0    861   1355    897    324   3.5963    0.042
B-n64-k9 	BT-3   64   21    256    1    861   1176    903    314   3.6835    0.049
B-n64-k9 	BT-3   64   12    128    0    861    864    864    128   1.9165    0.003
B-n64-k9 	BT-3   64   12    128    1    861    864    864    128   1.9030    0.003
B-n64-k9 	BT-3   64    6     64    0    861    864    864     64   1.0740    0.003
B-n64-k9 	BT-3   64    6     64    1    861    864    864     64   1.0568    0.003
B-n64-k9 	BT-3   64   21    256    0    861   1355    903    560   4.7449    0.049
B-n64-k9 	BT-3   64   21    256    1    861   1176    910    283   3.5014    0.057
B-n64-k9 	BT-3   64   12    128    0    861    864    864    128   1.9334    0.003
B-n64-k9 	BT-3   64   12    128    1    861    864    864    128   1.9004    0.003
B-n64-k9 	BT-3   64    6     64    0    861    864    864     64   1.0723    0.003
B-n64-k9 	BT-3   64    6     64    1    861    864    864     64   1.0510    0.003
B-n64-k9 	BT-3   64   21    256    0    861   1355    913    309   3.6305    0.060
B-n64-k9 	BT-3   64   21    256    1    861   1176    904    333   3.7457    0.050
B-n64-k9 	BT-3   64   12    128    0    861    864    864    128   1.9331    0.003
B-n64-k9 	BT-3   64   12    128    1    861    864    864    128   1.8878    0.003
B-n64-k9 	BT-3   64    6     64    0    861    864    864     64   1.0630    0.003
B-n64-k9 	BT-3   64    6     64    1    861    864    864     64   1.0520    0.003
B-n64-k9 	BT-3   64   21    256    0    861   1355    906    306   3.5275    0.052
B-n64-k9 	BT-3   64   21    256    1    861   1176    903    349   3.8822    0.049
B-n64-k9 	BT-3   64   12    128    0    861    864    864    128   1.9349    0.003
B-n64-k9 	BT-3   64   12    128    1    861    864    864    128   1.8901    0.003
B-n64-k9 	BT-3   64    6     64    0    861    864    864     64   1.0727    0.003
B-n64-k9 	BT-3   64    6     64    1    861    864    864     64   1.0554    0.003
B-n64-k9 	BT-3   64   21    256    0    861   1355    916    300   3.5528    0.064
B-n64-k9 	BT-3   64   21    256    1    861   1176    909    350   3.7863    0.056
B-n64-k9 	BT-3   64   12    128    0    861    864    864    128   1.9281    0.003
B-n64-k9 	BT-3   64   12    128    1    861    864    864    128   1.9089    0.003
B-n64-k9 	BT-3   64    6     64    0    861    864    864     64   1.0650    0.003
B-n64-k9 	BT-3   64    6     64    1    861    864    864     64   1.0518    0.003
B-n64-k9 	BT-3   64   21    256    0    861   1355    899    478   4.3705    0.044
B-n64-k9 	BT-3   64   21    256    1    861   1176    909    320   3.6598    0.056
B-n64-k9 	BT-3   64   12    128    0    861    864    864    128   1.9605    0.003
B-n64-k9 	BT-3   64   12    128    1    861    864    864    128   1.8953    0.003
B-n64-k9 	BT-3   64    6     64    0    861    864    864     64   1.0664    0.003
B-n64-k9 	BT-3   64    6     64    1    861    864    864     64   1.0585    0.003
B-n64-k9 	BT-3   64   21    256    0    861   1355    904    362   3.9174    0.050
B-n64-k9 	BT-3   64   21    256    1    861   1176    917    285   3.5854    0.065
B-n64-k9 	BT-3   64   12    128    0    861    864    864    128   1.9255    0.003
B-n64-k9 	BT-3   64   12    128    1    861    864    864    128   1.8923    0.003
B-n64-k9 	BT-3   64    6     64    0    861    864    864     64   1.0697    0.003
B-n64-k9 	BT-3   64    6     64    1    861    864    864     64   1.0552    0.003
B-n64-k9 	BT-3   64   21    256    0    861   1355    908    307   3.5957    0.055
B-n64-k9 	BT-3   64   21    256    1    861   1176    874    604   5.0776    0.015
B-n64-k9 	BT-3   64   12    128    0    861    864    864    128   1.9316    0.003
B-n64-k9 	BT-3   64   12    128    1    861    864    864    128   1.9217    0.003
B-n64-k9 	BT-3   64    6     64    0    861    864    864     64   1.0662    0.003
B-n64-k9 	BT-3   64    6     64    1    861    864    864     64   1.0546    0.003
B-n64-k9 	BT-3   64   21    256    0    861   1355    908    307   3.5671    0.055
B-n64-k9 	BT-3   64   21    256    1    861   1176    943    296   3.6339    0.095
B-n64-k9 	BT-3   64   12    128    0    861    864    864    128   1.9252    0.003
B-n64-k9 	BT-3   64   12    128    1    861    864    864    128   1.8947    0.003
B-n64-k9 	BT-3   64    6     64    0    861    864    864     64   1.0676    0.003
B-n64-k9 	BT-3   64    6     64    1    861    864    864     64   1.0550    0.003
B-n64-k9 	BT-3   64   21    256    0    861   1355    908    307   3.5524    0.055
B-n64-k9 	BT-3   64   21    256    1    861   1176    905    310   3.6531    0.051
B-n64-k9 	BT-3   64   12    128    0    861    864    864    128   1.9148    0.003
B-n64-k9 	BT-3   64   12    128    1    861    864    864    128   1.8941    0.003
B-n64-k9 	BT-3   64    6     64    0    861    864    864     64   1.0701    0.003
B-n64-k9 	BT-3   64    6     64    1    861    864    864     64   1.0525    0.003
B-n64-k9 	BT-3   64   21    256    0    861   1355    898    457   4.2471    0.043
B-n64-k9 	BT-3   64   21    256    1    861   1176    906    295   3.4284    0.052
B-n64-k9 	BT-3   64   12    128    0    861    864    864    128   1.9125    0.003
B-n64-k9 	BT-3   64   12    128    1    861    864    864    128   1.9200    0.003
B-n64-k9 	BT-3   64    6     64    0    861    864    864     64   1.0727    0.003
B-n64-k9 	BT-3   64    6     64    1    861    864    864     64   1.0586    0.003
B-n64-k9 	BT-3   64   21    256    0    861   1355    905    313   3.5809    0.051
B-n64-k9 	BT-3   64   21    256    1    861   1176    891    296   3.6055    0.035
B-n64-k9 	BT-3   64   12    128    0    861    864    864    128   1.9419    0.003
B-n64-k9 	BT-3   64   12    128    1    861    864    864    128   1.8922    0.003
B-n64-k9 	BT-3   64    6     64    0    861    864    864     64   1.0704    0.003
B-n64-k9 	BT-3   64    6     64    1    861    864    864     64   1.0609    0.003
B-n64-k9 	BT-3   64   21    256    0    861   1355    908    307   3.5537    0.055
B-n64-k9 	BT-3   64   21    256    1    861   1176    909    320   3.6819    0.056
B-n64-k9 	BT-3   64   12    128    0    861    864    864    128   1.9485    0.003
B-n64-k9 	BT-3   64   12    128    1    861    864    864    128   1.8940    0.003
B-n64-k9 	BT-3   64    6     64    0    861    864    864     64   1.0551    0.003
B-n64-k9 	BT-3   64    6     64    1    861    864    864     64   1.0507    0.003
B-n64-k9 	BT-3   64   21    256    0    861   1355    908    307   3.5898    0.055
B-n64-k9 	BT-3   64   21    256    1    861   1176    902    318   3.6630    0.048
B-n64-k9 	BT-3   64   12    128    0    861    864    864    128   1.9249    0.003
B-n64-k9 	BT-3   64   12    128    1    861    864    864    128   1.8930    0.003
B-n64-k9 	BT-3   64    6     64    0    861    864    864     64   1.0659    0.003
B-n64-k9 	BT-3   64    6     64    1    861    864    864     64   1.0635    0.003
B-n64-k9 	BT-3   64   21    256    0    861   1355    884    355   3.8008    0.027
B-n64-k9 	BT-3   64   21    256    1    861   1176    904    303   3.5680    0.050
B-n64-k9 	BT-3   64   12    128    0    861    864    864    128   1.9303    0.003
B-n64-k9 	BT-3   64   12    128    1    861    864    864    128   1.8907    0.003
B-n64-k9 	BT-3   64    6     64    0    861    864    864     64   1.0674    0.003
B-n64-k9 	BT-3   64    6     64    1    861    864    864     64   1.0517    0.003
B-n64-k9 	BT-3   64   21    256    0    861   1355    906    340   3.7163    0.052
B-n64-k9 	BT-3   64   21    256    1    861   1176    902    330   3.7036    0.048
B-n64-k9 	BT-3   64   12    128    0    861    864    864    128   1.9224    0.003
B-n64-k9 	BT-3   64   12    128    1    861    864    864    128   1.9043    0.003
B-n64-k9 	BT-3   64    6     64    0    861    864    864     64   1.0647    0.003
B-n64-k9 	BT-3   64    6     64    1    861    864    864     64   1.0548    0.003
B-n64-k9 	BT-3   64   21    256    0    861   1355    908    307   3.6346    0.055
B-n64-k9 	BT-3   64   21    256    1    861   1176    918    302   3.6223    0.066
B-n64-k9 	BT-3   64   12    128    0    861    864    864    128   1.9239    0.003
B-n64-k9 	BT-3   64   12    128    1    861    864    864    128   1.8869    0.003
B-n64-k9 	BT-3   64    6     64    0    861    864    864     64   1.0640    0.003
B-n64-k9 	BT-3   64    6     64    1    861    864    864     64   1.0551    0.003
B-n64-k9 	BT-3   64   21    256    0    861   1355    917    526   4.8095    0.065
B-n64-k9 	BT-3   64   21    256    1    861   1176    904    547   4.8916    0.050
B-n64-k9 	BT-3   64   12    128    0    861    864    864    128   1.9338    0.003
B-n64-k9 	BT-3   64   12    128    1    861    864    864    128   1.8974    0.003
B-n64-k9 	BT-3   64    6     64    0    861    864    864     64   1.0730    0.003
B-n64-k9 	BT-3   64    6     64    1    861    864    864     64   1.0518    0.003
B-n64-k9 	BT-3   64   21    256    0    861   1355    899    304   3.4852    0.044
B-n64-k9 	BT-3   64   21    256    1    861   1176    903    315   3.6661    0.049
B-n64-k9 	BT-3   64   12    128    0    861    864    864    128   1.9225    0.003
B-n64-k9 	BT-3   64   12    128    1    861    864    864    128   1.8926    0.003
B-n64-k9 	BT-3   64    6     64    0    861    864    864     64   1.0611    0.003
B-n64-k9 	BT-3   64    6     64    1    861    864    864     64   1.0509    0.003
B-n64-k9 	BT-3   64   21    256    0    861   1355    908    307   3.5779    0.055
B-n64-k9 	BT-3   64   21    256    1    861   1176    890    376   3.9655    0.034
B-n64-k9 	BT-3   64   12    128    0    861    864    864    128   1.9362    0.003
B-n64-k9 	BT-3   64   12    128    1    861    864    864    128   1.8879    0.003
B-n64-k9 	BT-3   64    6     64    0    861    864    864     64   1.0640    0.003
B-n64-k9 	BT-3   64    6     64    1    861    864    864     64   1.0856    0.003
B-n64-k9 	BT-3   64   21    256    0    861   1355    908    372   3.9317    0.055
B-n64-k9 	BT-3   64   21    256    1    861   1176    903    304   3.6504    0.049
B-n64-k9 	BT-3   64   12    128    0    861    864    864    128   1.9409    0.003
B-n64-k9 	BT-3   64   12    128    1    861    864    864    128   1.9124    0.003
B-n64-k9 	BT-3   64    6     64    0    861    864    864     64   1.0617    0.003
B-n64-k9 	BT-3   64    6     64    1    861    864    864     64   1.0538    0.003
B-n64-k9 	BT-3   64   21    256    0    861   1355    908    302   3.6453    0.055
B-n64-k9 	BT-3   64   21    256    1    861   1176    906    795   8.0300    0.052
B-n64-k9 	BT-3   64   12    128    0    861    864    864    128   1.9149    0.003
B-n64-k9 	BT-3   64   12    128    1    861    864    864    128   1.8950    0.003
B-n64-k9 	BT-3   64    6     64    0    861    864    864     64   1.0839    0.003
B-n64-k9 	BT-3   64    6     64    1    861    864    864     64   1.0535    0.003
B-n64-k9 	BT-3   64   21    256    0    861   1355    898    311   3.6131    0.043
B-n64-k9 	BT-3   64   21    256    1    861   1176    910    480   4.5429    0.057
B-n64-k9 	BT-3   64   12    128    0    861    864    864    128   1.9285    0.003
B-n64-k9 	BT-3   64   12    128    1    861    864    864    128   1.8872    0.003
B-n64-k9 	BT-3   64    6     64    0    861    864    864     64   1.0640    0.003
B-n64-k9 	BT-3   64    6     64    1    861    864    864     64   1.0548    0.003
B-n64-k9 	BT-3   64   21    256    0    861   1355    910    349   3.7763    0.057
B-n64-k9 	BT-3   64   21    256    1    861   1176    902    563   4.9805    0.048
B-n64-k9 	BT-3   64   12    128    0    861    864    864    128   1.9277    0.003
B-n64-k9 	BT-3   64   12    128    1    861    864    864    128   1.9018    0.003
B-n64-k9 	BT-3   64    6     64    0    861    864    864     64   1.0727    0.003
B-n64-k9 	BT-3   64    6     64    1    861    864    864     64   1.0713    0.003
B-n64-k9 	BT-3   64   21    256    0    861   1355    878    588   4.9145    0.020
B-n64-k9 	BT-3   64   21    256    1    861   1176    903    314   3.6690    0.049
B-n64-k9 	BT-3   64   12    128    0    861    864    864    128   1.9176    0.003
B-n64-k9 	BT-3   64   12    128    1    861    864    864    128   1.9050    0.003
B-n64-k9 	BT-3   64    6     64    0    861    864    864     64   1.0616    0.003
B-n64-k9 	BT-3   64    6     64    1    861    864    864     64   1.0509    0.003
B-n64-k9 	BT-3   64   21    256    0    861   1355    906    315   3.5298    0.052
B-n64-k9 	BT-3   64   21    256    1    861   1176    909    326   3.8235    0.056
B-n64-k9 	BT-3   64   12    128    0    861    864    864    128   1.9363    0.003
B-n64-k9 	BT-3   64   12    128    1    861    864    864    128   1.8969    0.003
B-n64-k9 	BT-3   64    6     64    0    861    864    864     64   1.0854    0.003
B-n64-k9 	BT-3   64    6     64    1    861    864    864     64   1.0565    0.003
B-n64-k9 	BT-3   64   21    256    0    861   1355    906    367   3.9144    0.052
B-n64-k9 	BT-3   64   21    256    1    861   1176    913    312   3.6596    0.060
B-n64-k9 	BT-3   64   12    128    0    861    864    864    128   1.9199    0.003
B-n64-k9 	BT-3   64   12    128    1    861    864    864    128   1.8862    0.003
B-n64-k9 	BT-3   64    6     64    0    861    864    864     64   1.0768    0.003
B-n64-k9 	BT-3   64    6     64    1    861    864    864     64   1.0551    0.003
B-n64-k9 	BT-3   64   21    256    0    861   1355    908    307   3.5943    0.055
B-n64-k9 	BT-3   64   21    256    1    861   1176    908    354   3.9263    0.055
B-n64-k9 	BT-3   64   12    128    0    861    864    864    128   1.9200    0.003
B-n64-k9 	BT-3   64   12    128    1    861    864    864    128   1.8904    0.003
B-n64-k9 	BT-3   64    6     64    0    861    864    864     64   1.0694    0.003
B-n64-k9 	BT-3   64    6     64    1    861    864    864     64   1.0568    0.003
B-n64-k9 	BT-3   64   21    256    0    861   1355    894    711   5.4847    0.038
B-n64-k9 	BT-3   64   21    256    1    861   1176    903    580   5.0468    0.049
B-n64-k9 	BT-3   64   12    128    0    861    864    864    128   1.9154    0.003
B-n64-k9 	BT-3   64   12    128    1    861    864    864    128   1.9155    0.003
B-n64-k9 	BT-3   64    6     64    0    861    864    864     64   1.0878    0.003
B-n64-k9 	BT-3   64    6     64    1    861    864    864     64   1.0545    0.003
B-n64-k9 	BT-3   64   21    256    0    861   1355    908    307   3.5902    0.055
B-n64-k9 	BT-3   64   21    256    1    861   1176    902    332   3.7091    0.048
B-n64-k9 	BT-3   64   12    128    0    861    864    864    128   1.9322    0.003
B-n64-k9 	BT-3   64   12    128    1    861    864    864    128   1.8975    0.003
B-n64-k9 	BT-3   64    6     64    0    861    864    864     64   1.0658    0.003
B-n64-k9 	BT-3   64    6     64    1    861    864    864     64   1.0565    0.003
B-n64-k9 	BT-3   64   21    256    0    861   1355    885    386   3.8428    0.028
B-n64-k9 	BT-3   64   21    256    1    861   1176    909    320   3.7051    0.056
B-n64-k9 	BT-3   64   12    128    0    861    864    864    128   1.9315    0.003
B-n64-k9 	BT-3   64   12    128    1    861    864    864    128   1.8978    0.003
B-n64-k9 	BT-3   64    6     64    0    861    864    864     64   1.0679    0.003
B-n64-k9 	BT-3   64    6     64    1    861    864    864     64   1.0530    0.003
B-n64-k9 	BT-3   64   21    256    0    861   1355    892    329   3.6451    0.036
B-n64-k9 	BT-3   64   21    256    1    861   1176    907    383   4.0012    0.053
B-n64-k9 	BT-3   64   12    128    0    861    864    864    128   1.9217    0.003
B-n64-k9 	BT-3   64   12    128    1    861    864    864    128   1.8989    0.003
B-n64-k9 	BT-3   64    6     64    0    861    864    864     64   1.0663    0.003
B-n64-k9 	BT-3   64    6     64    1    861    864    864     64   1.0524    0.003
B-n64-k9 	BT-3   64   21    256    0    861   1355    886    441   4.2248    0.029
B-n64-k9 	BT-3   64   21    256    1    861   1176    894    447   4.2325    0.038
B-n64-k9 	BT-3   64   12    128    0    861    864    864    128   1.9200    0.003
B-n64-k9 	BT-3   64   12    128    1    861    864    864    128   1.9010    0.003
B-n64-k9 	BT-3   64    6     64    0    861    864    864     64   1.0697    0.003
B-n64-k9 	BT-3   64    6     64    1    861    864    864     64   1.0608    0.003
B-n64-k9 	BT-3   64   21    256    0    861   1355    908    307   3.5718    0.055
B-n64-k9 	BT-3   64   21    256    1    861   1176    904    332   3.8170    0.050
B-n64-k9 	BT-3   64   12    128    0    861    864    864    128   1.9162    0.003
B-n64-k9 	BT-3   64   12    128    1    861    864    864    128   1.9045    0.003
B-n64-k9 	BT-3   64    6     64    0    861    864    864     64   1.0752    0.003
B-n64-k9 	BT-3   64    6     64    1    861    864    864     64   1.1146    0.003
B-n64-k9 	BT-3   64   21    256    0    861   1355    886    732   5.7254    0.029
B-n64-k9 	BT-3   64   21    256    1    861   1176    901    664   5.4294    0.046
B-n64-k9 	BT-3   64   12    128    0    861    864    864    128   1.9235    0.003
B-n64-k9 	BT-3   64   12    128    1    861    864    864    128   1.8976    0.003
B-n64-k9 	BT-3   64    6     64    0    861    864    864     64   1.0616    0.003
B-n64-k9 	BT-3   64    6     64    1    861    864    864     64   1.0523    0.003
B-n64-k9 	BT-3   64   21    256    0    861   1355    899    304   3.4907    0.044
B-n64-k9 	BT-3   64   21    256    1    861   1176    903    314   3.6702    0.049
B-n64-k9 	BT-3   64   12    128    0    861    864    864    128   1.9333    0.003
B-n64-k9 	BT-3   64   12    128    1    861    864    864    128   1.8933    0.003
B-n64-k9 	BT-3   64    6     64    0    861    864    864     64   1.0650    0.003
B-n64-k9 	BT-3   64    6     64    1    861    864    864     64   1.0714    0.003
B-n64-k9 	BT-3   64   21    256    0    861   1355    922    374   3.9683    0.071
B-n64-k9 	BT-3   64   21    256    1    861   1176    891    296   3.4868    0.035
B-n64-k9 	BT-3   64   12    128    0    861    864    864    128   1.9232    0.003
B-n64-k9 	BT-3   64   12    128    1    861    864    864    128   1.9223    0.003
B-n64-k9 	BT-3   64    6     64    0    861    864    864     64   1.0681    0.003
B-n64-k9 	BT-3   64    6     64    1    861    864    864     64   1.0550    0.003
B-n64-k9 	BT-3   64   21    256    0    861   1355    908    307   3.5564    0.055
B-n64-k9 	BT-3   64   21    256    1    861   1176    903    314   3.6691    0.049
B-n64-k9 	BT-3   64   12    128    0    861    864    864    128   1.9204    0.003
B-n64-k9 	BT-3   64   12    128    1    861    864    864    128   1.9094    0.003
B-n64-k9 	BT-3   64    6     64    0    861    864    864     64   1.0666    0.003
B-n64-k9 	BT-3   64    6     64    1    861    864    864     64   1.0603    0.003
B-n64-k9 	BT-3   64   21    256    0    861   1355    896    356   3.7831    0.041
B-n64-k9 	BT-3   64   21    256    1    861   1176    889    450   4.3277    0.033
B-n64-k9 	BT-3   64   12    128    0    861    864    864    128   1.9108    0.003
B-n64-k9 	BT-3   64   12    128    1    861    864    864    128   1.8939    0.003
B-n64-k9 	BT-3   64    6     64    0    861    864    864     64   1.0757    0.003
B-n64-k9 	BT-3   64    6     64    1    861    864    864     64   1.0532    0.003
B-n64-k9 	BT-3   64   21    256    0    861   1355    887    355   3.7447    0.030
B-n64-k9 	BT-3   64   21    256    1    861   1176    893   1032   7.1396    0.037
B-n64-k9 	BT-3   64   12    128    0    861    864    864    128   1.9112    0.003
B-n64-k9 	BT-3   64   12    128    1    861    864    864    128   1.9273    0.003
B-n64-k9 	BT-3   64    6     64    0    861    864    864     64   1.0673    0.003
B-n64-k9 	BT-3   64    6     64    1    861    864    864     64   1.0605    0.003
B-n64-k9 	BT-3   64   21    256    0    861   1355    898    809   6.1143    0.043
B-n64-k9 	BT-3   64   21    256    1    861   1176    902    320   3.6664    0.048
B-n64-k9 	BT-3   64   12    128    0    861    864    864    128   1.9094    0.003
B-n64-k9 	BT-3   64   12    128    1    861    864    864    128   1.8951    0.003
B-n64-k9 	BT-3   64    6     64    0    861    864    864     64   1.0644    0.003
B-n64-k9 	BT-3   64    6     64    1    861    864    864     64   1.0558    0.003
B-n64-k9 	BT-3   64   21    256    0    861   1355    896    438   4.2217    0.041
B-n64-k9 	BT-3   64   21    256    1    861   1176    889    457   4.2213    0.033
B-n64-k9 	BT-3   64   12    128    0    861    864    864    128   1.9083    0.003
B-n64-k9 	BT-3   64   12    128    1    861    864    864    128   1.8890    0.003
B-n64-k9 	BT-3   64    6     64    0    861    864    864     64   1.0667    0.003
B-n64-k9 	BT-3   64    6     64    1    861    864    864     64   1.0524    0.003
B-n64-k9 	BT-3   64   21    256    0    861   1355    908    307   3.5825    0.055
B-n64-k9 	BT-3   64   21    256    1    861   1176    903    814   6.0835    0.049
B-n64-k9 	BT-3   64   12    128    0    861    864    864    128   1.9016    0.003
B-n64-k9 	BT-3   64   12    128    1    861    864    864    128   1.9125    0.003
B-n64-k9 	BT-3   64    6     64    0    861    864    864     64   1.0727    0.003
B-n64-k9 	BT-3   64    6     64    1    861    864    864     64   1.0500    0.003
B-n64-k9 	BT-3   64   21    256    0    861   1355    899    552   4.8264    0.044
B-n64-k9 	BT-3   64   21    256    1    861   1176    910    396   4.0319    0.057
B-n64-k9 	BT-3   64   12    128    0    861    864    864    128   1.9225    0.003
B-n64-k9 	BT-3   64   12    128    1    861    864    864    128   1.8871    0.003
B-n64-k9 	BT-3   64    6     64    0    861    864    864     64   1.0645    0.003
B-n64-k9 	BT-3   64    6     64    1    861    864    864     64   1.0522    0.003
B-n64-k9 	BT-3   64   21    256    0    861   1355    884    397   3.9588    0.027
B-n64-k9 	BT-3   64   21    256    1    861   1176    943    296   3.6060    0.095
B-n64-k9 	BT-3   64   12    128    0    861    864    864    128   1.9377    0.003
B-n64-k9 	BT-3   64   12    128    1    861    864    864    128   1.8938    0.003
B-n64-k9 	BT-3   64    6     64    0    861    864    864     64   1.0804    0.003
B-n64-k9 	BT-3   64    6     64    1    861    864    864     64   1.0508    0.003
B-n64-k9 	BT-3   64   21    256    0    861   1355    909    336   3.7291    0.056
B-n64-k9 	BT-3   64   21    256    1    861   1176    888    355   3.7211    0.031
B-n64-k9 	BT-3   64   12    128    0    861    864    864    128   1.9446    0.003
B-n64-k9 	BT-3   64   12    128    1    861    864    864    128   1.8974    0.003
B-n64-k9 	BT-3   64    6     64    0    861    864    864     64   1.0651    0.003
B-n64-k9 	BT-3   64    6     64    1    861    864    864     64   1.0542    0.003
B-n64-k9 	BT-3   64   21    256    0    861   1355    898    501   4.4588    0.043
B-n64-k9 	BT-3   64   21    256    1    861   1176    902    318   3.6482    0.048
B-n64-k9 	BT-3   64   12    128    0    861    864    864    128   1.9247    0.003
B-n64-k9 	BT-3   64   12    128    1    861    864    864    128   1.8927    0.003
B-n64-k9 	BT-3   64    6     64    0    861    864    864     64   1.0683    0.003
B-n64-k9 	BT-3   64    6     64    1    861    864    864     64   1.0557    0.003
B-n64-k9 	BT-3   64   21    256    0    861   1355    888    329   3.6669    0.031
B-n64-k9 	BT-3   64   21    256    1    861   1176    899    670   5.2991    0.044
B-n64-k9 	BT-3   64   12    128    0    861    864    864    128   1.9689    0.003
B-n64-k9 	BT-3   64   12    128    1    861    864    864    128   1.8922    0.003
B-n64-k9 	BT-3   64    6     64    0    861    864    864     64   1.0627    0.003
B-n64-k9 	BT-3   64    6     64    1    861    864    864     64   1.0544    0.003
B-n64-k9 	BT-3   64   21    256    0    861   1355    908    307   3.5416    0.055
B-n64-k9 	BT-3   64   21    256    1    861   1176    905    311   3.6271    0.051
B-n64-k9 	BT-3   64   12    128    0    861    864    864    128   1.9195    0.003
B-n64-k9 	BT-3   64   12    128    1    861    864    864    128   1.8887    0.003
B-n64-k9 	BT-3   64    6     64    0    861    864    864     64   1.0643    0.003
B-n64-k9 	BT-3   64    6     64    1    861    864    864     64   1.0576    0.003
B-n64-k9 	BT-3   64   21    256    0    861   1355    893    525   4.6424    0.037
B-n64-k9 	BT-3   64   21    256    1    861   1176    910    292   3.5170    0.057
B-n64-k9 	BT-3   64   12    128    0    861    864    864    128   1.9199    0.003
B-n64-k9 	BT-3   64   12    128    1    861    864    864    128   1.8929    0.003
B-n64-k9 	BT-3   64    6     64    0    861    864    864     64   1.0807    0.003
B-n64-k9 	BT-3   64    6     64    1    861    864    864     64   1.0622    0.003
B-n64-k9 	BT-3   64   21    256    0    861   1355    908    307   3.5595    0.055
B-n64-k9 	BT-3   64   21    256    1    861   1176    908    555   4.9439    0.055
B-n64-k9 	BT-3   64   12    128    0    861    864    864    128   1.9262    0.003
B-n64-k9 	BT-3   64   12    128    1    861    864    864    128   1.8973    0.003
B-n64-k9 	BT-3   64    6     64    0    861    864    864     64   1.0717    0.003
B-n64-k9 	BT-3   64    6     64    1    861    864    864     64   1.0551    0.003
B-n64-k9 	BT-3   64   21    256    0    861   1355    888    751   5.6185    0.031
B-n64-k9 	BT-3   64   21    256    1    861   1176    903    314   3.6525    0.049
B-n64-k9 	BT-3   64   12    128    0    861    864    864    128   1.9314    0.003
B-n64-k9 	BT-3   64   12    128    1    861    864    864    128   1.8932    0.003
B-n64-k9 	BT-3   64    6     64    0    861    864    864     64   1.0718    0.003
B-n64-k9 	BT-3   64    6     64    1    861    864    864     64   1.0554    0.003
B-n64-k9 	BT-3   64   21    256    0    861   1355    901    304   3.5033    0.046
B-n64-k9 	BT-3   64   21    256    1    861   1176    901    543   4.8846    0.046
B-n64-k9 	BT-3   64   12    128    0    861    864    864    128   1.9328    0.003
B-n64-k9 	BT-3   64   12    128    1    861    864    864    128   1.8832    0.003
B-n64-k9 	BT-3   64    6     64    0    861    864    864     64   1.0816    0.003
B-n64-k9 	BT-3   64    6     64    1    861    864    864     64   1.0532    0.003
B-n64-k9 	BT-3   64   21    256    0    861   1355    879    403   4.1178    0.021
B-n64-k9 	BT-3   64   21    256    1    861   1176    883    755   5.9174    0.026
B-n64-k9 	BT-3   64   12    128    0    861    864    864    128   1.9142    0.003
B-n64-k9 	BT-3   64   12    128    1    861    864    864    128   1.9016    0.003
B-n64-k9 	BT-3   64    6     64    0    861    864    864     64   1.0611    0.003
B-n64-k9 	BT-3   64    6     64    1    861    864    864     64   1.0654    0.003
B-n64-k9 	BT-3   64   21    256    0    861   1355    905    390   3.9276    0.051
B-n64-k9 	BT-3   64   21    256    1    861   1176    903    314   3.6533    0.049
B-n64-k9 	BT-3   64   12    128    0    861    864    864    128   1.9520    0.003
B-n64-k9 	BT-3   64   12    128    1    861    864    864    128   1.8892    0.003
B-n64-k9 	BT-3   64    6     64    0    861    864    864     64   1.0673    0.003
B-n64-k9 	BT-3   64    6     64    1    861    864    864     64   1.0812    0.003
B-n64-k9 	BT-3   64   21    256    0    861   1355    908    307   3.5779    0.055
B-n64-k9 	BT-3   64   21    256    1    861   1176    904    401   3.9968    0.050
B-n64-k9 	BT-3   64   12    128    0    861    864    864    128   1.9373    0.003
B-n64-k9 	BT-3   64   12    128    1    861    864    864    128   1.9434    0.003
B-n64-k9 	BT-3   64    6     64    0    861    864    864     64   1.1302    0.003
B-n64-k9 	BT-3   64    6     64    1    861    864    864     64   1.0984    0.003
B-n64-k9 	BT-3   64   21    256    0    861   1355    871    543   4.6343    0.012
B-n64-k9 	BT-3   64   21    256    1    861   1176    903    541   4.8722    0.049
B-n64-k9 	BT-3   64   12    128    0    861    864    864    128   1.9175    0.003
B-n64-k9 	BT-3   64   12    128    1    861    864    864    128   1.8993    0.003
B-n64-k9 	BT-3   64    6     64    0    861    864    864     64   1.0810    0.003
B-n64-k9 	BT-3   64    6     64    1    861    864    864     64   1.0538    0.003
B-n64-k9 	BT-3   64   21    256    0    861   1355    908    307   3.5946    0.055
B-n64-k9 	BT-3   64   21    256    1    861   1176    902    645   5.3217    0.048
B-n64-k9 	BT-3   64   12    128    0    861    864    864    128   1.9249    0.003
B-n64-k9 	BT-3   64   12    128    1    861    864    864    128   1.8863    0.003
B-n64-k9 	BT-3   64    6     64    0    861    864    864     64   1.0628    0.003
B-n64-k9 	BT-3   64    6     64    1    861    864    864     64   1.0685    0.003
B-n64-k9 	BT-3   64   21    256    0    861   1355    887    503   4.4738    0.030
B-n64-k9 	BT-3   64   21    256    1    861   1176    909    320   3.6809    0.056
B-n64-k9 	BT-3   64   12    128    0    861    864    864    128   1.9306    0.003
B-n64-k9 	BT-3   64   12    128    1    861    864    864    128   1.8899    0.003
B-n64-k9 	BT-3   64    6     64    0    861    864    864     64   1.0754    0.003
B-n64-k9 	BT-3   64    6     64    1    861    864    864     64   1.0574    0.003
B-n64-k9 	BT-3   64   21    256    0    861   1355    903    348   3.8488    0.049
B-n64-k9 	BT-3   64   21    256    1    861   1176    909    322   3.6638    0.056
B-n64-k9 	BT-3   64   12    128    0    861    864    864    128   1.9092    0.003
B-n64-k9 	BT-3   64   12    128    1    861    864    864    128   1.8951    0.003
B-n64-k9 	BT-3   64    6     64    0    861    864    864     64   1.0685    0.003
B-n64-k9 	BT-3   64    6     64    1    861    864    864     64   1.0547    0.003
B-n64-k9 	BT-3   64   21    256    0    861   1355    902    317   3.6516    0.048
B-n64-k9 	BT-3   64   21    256    1    861   1176    903    343   3.7611    0.049
B-n64-k9 	BT-3   64   12    128    0    861    864    864    128   1.9188    0.003
B-n64-k9 	BT-3   64   12    128    1    861    864    864    128   1.8920    0.003
B-n64-k9 	BT-3   64    6     64    0    861    864    864     64   1.0675    0.003
B-n64-k9 	BT-3   64    6     64    1    861    864    864     64   1.0717    0.003
B-n64-k9 	BT-3   64   21    256    0    861   1355    910    304   3.5494    0.057
B-n64-k9 	BT-3   64   21    256    1    861   1176    910    283   3.4842    0.057
B-n64-k9 	BT-3   64   12    128    0    861    864    864    128   1.9117    0.003
B-n64-k9 	BT-3   64   12    128    1    861    864    864    128   1.9225    0.003
B-n64-k9 	BT-3   64    6     64    0    861    864    864     64   1.0723    0.003
B-n64-k9 	BT-3   64    6     64    1    861    864    864     64   1.0568    0.003
B-n64-k9 	BT-3   64   21    256    0    861   1355    879    643   5.2837    0.021
B-n64-k9 	BT-3   64   21    256    1    861   1176    904    404   4.0566    0.050
B-n64-k9 	BT-3   64   12    128    0    861    864    864    128   1.9229    0.003
B-n64-k9 	BT-3   64   12    128    1    861    864    864    128   1.8923    0.003
B-n64-k9 	BT-3   64    6     64    0    861    864    864     64   1.0635    0.003
B-n64-k9 	BT-3   64    6     64    1    861    864    864     64   1.0523    0.003
B-n64-k9 	BT-3   64   21    256    0    861   1355    901    304   3.5295    0.046
B-n64-k9 	BT-3   64   21    256    1    861   1176    903    309   3.6137    0.049
B-n64-k9 	BT-3   64   12    128    0    861    864    864    128   1.9361    0.003
B-n64-k9 	BT-3   64   12    128    1    861    864    864    128   1.8971    0.003
B-n64-k9 	BT-3   64    6     64    0    861    864    864     64   1.0636    0.003
B-n64-k9 	BT-3   64    6     64    1    861    864    864     64   1.0631    0.003
B-n64-k9 	BT-3   64   21    256    0    861   1355    915    567   4.7671    0.063
B-n64-k9 	BT-3   64   21    256    1    861   1176    904    325   3.7405    0.050
B-n64-k9 	BT-3   64   12    128    0    861    864    864    128   1.9165    0.003
B-n64-k9 	BT-3   64   12    128    1    861    864    864    128   1.8931    0.003
B-n64-k9 	BT-3   64    6     64    0    861    864    864     64   1.0688    0.003
B-n64-k9 	BT-3   64    6     64    1    861    864    864     64   1.0503    0.003
B-n64-k9 	BT-3   64   21    256    0    861   1355    911    320   3.6762    0.058
B-n64-k9 	BT-3   64   21    256    1    861   1176    905    300   3.6069    0.051
B-n64-k9 	BT-3   64   12    128    0    861    864    864    128   1.9077    0.003
B-n64-k9 	BT-3   64   12    128    1    861    864    864    128   1.8883    0.003
B-n64-k9 	BT-3   64    6     64    0    861    864    864     64   1.0654    0.003
B-n64-k9 	BT-3   64    6     64    1    861    864    864     64   1.0703    0.003
B-n64-k9 	BT-3   64   21    256    0    861   1355    898    513   4.5506    0.043
B-n64-k9 	BT-3   64   21    256    1    861   1176    917    284   3.5411    0.065
B-n64-k9 	BT-3   64   12    128    0    861    864    864    128   1.9049    0.003
B-n64-k9 	BT-3   64   12    128    1    861    864    864    128   1.9136    0.003
B-n64-k9 	BT-3   64    6     64    0    861    864    864     64   1.0589    0.003
B-n64-k9 	BT-3   64    6     64    1    861    864    864     64   1.0544    0.003
B-n64-k9 	BT-3   64   21    256    0    861   1355    887    421   4.1559    0.030
B-n64-k9 	BT-3   64   21    256    1    861   1176    904    333   3.7958    0.050
B-n64-k9 	BT-3   64   12    128    0    861    864    864    128   1.9566    0.003
B-n64-k9 	BT-3   64   12    128    1    861    864    864    128   1.8878    0.003
B-n64-k9 	BT-3   64    6     64    0    861    864    864     64   1.0717    0.003
B-n64-k9 	BT-3   64    6     64    1    861    864    864     64   1.0494    0.003
