INSTANCE	N	K	BEST	MIN	MAX	AVG	HITS	MIN_ERR	MAX_ERR	AVG_ERR	PREC	AVG_CYC	AVG_TIME	TOTAL_TIME	SAMPLES
A-n32-k5	32	5	784	784	874	801	50.0	0.00000	0.11480	0.02168	50.0	101	0.007	0.039	6
A-n33-k5	33	5	661	661	667	662	83.3	0.00000	0.00908	0.00151	83.3	146	0.020	0.122	6
A-n33-k6	33	6	742	743	743	743	0.0	0.00135	0.00135	0.00135	100.0	98	0.003	0.020	6
A-n34-k5	34	5	778	800	821	804	0.0	0.02828	0.05527	0.03342	83.3	93	-0.018	-0.106	6
A-n36-k5	36	5	799	825	898	840	0.0	0.03254	0.12390	0.05131	50.0	98	0.018	0.109	6
A-n37-k5	37	5	669	670	739	696	0.0	0.00149	0.10463	0.04036	33.3	97	0.019	0.116	6
A-n37-k6	37	6	949	950	955	952	0.0	0.00105	0.00632	0.00316	50.0	126	-0.012	-0.073	6
A-n38-k5	38	5	730	745	745	745	0.0	0.02055	0.02055	0.02055	100.0	118	0.023	0.139	6
A-n39-k5	39	5	822	864	879	867	0.0	0.05109	0.06934	0.05474	83.3	99	0.013	0.076	6
A-n39-k6	39	6	831	841	856	845	0.0	0.01203	0.03008	0.01685	33.3	148	-0.010	-0.062	6
A-n44-k7	44	7	937	997	1035	1003	0.0	0.06403	0.10459	0.07044	83.3	144	0.080	0.479	6
A-n45-k6	45	6	944	971	985	977	0.0	0.02860	0.04343	0.03496	50.0	137	-0.004	-0.022	6
A-n45-k7	45	7	1146	1178	1194	1181	0.0	0.02792	0.04188	0.03054	83.3	127	0.005	0.032	6
A-n46-k7	46	7	914	917	924	919	0.0	0.00328	0.01094	0.00547	66.7	135	-0.007	-0.043	6
A-n48-k7	48	7	1073	1123	1134	1128	0.0	0.04660	0.05685	0.05126	50.0	182	-0.007	-0.042	6
A-n53-k7	53	7	1010	1073	1104	1092	0.0	0.06238	0.09307	0.08119	16.7	148	0.103	0.620	6
A-n54-k7	54	7	1167	1187	1221	1203	0.0	0.01714	0.04627	0.03085	16.7	174	-0.021	-0.126	6
A-n55-k9	55	9	1073	1125	1165	1135	0.0	0.04846	0.08574	0.05778	50.0	153	0.051	0.304	6
A-n60-k9	60	9	1408	1364	1373	1366	100.0	-0.03125	-0.02486	-0.02983	83.3	150	0.074	0.443	6
A-n61-k9	61	9	1035	1106	1184	1139	0.0	0.06860	0.14396	0.10048	16.7	171	0.162	0.970	6
A-n62-k8	62	8	1290	1349	1365	1353	0.0	0.04574	0.05814	0.04884	50.0	174	0.197	1.184	6
A-n63-k10	63	10	1315	1398	1439	1406	0.0	0.06312	0.09430	0.06920	16.7	196	0.179	1.072	6
A-n63-k9	63	9	1634	1660	1757	1689	0.0	0.01591	0.07528	0.03366	33.3	212	0.068	0.407	6
A-n64-k9	64	9	1402	1447	1464	1450	0.0	0.03210	0.04422	0.03424	83.3	200	0.318	1.908	6
A-n65-k9	65	9	1177	1256	1292	1263	0.0	0.06712	0.09771	0.07307	50.0	191	0.096	0.575	6
A-n69-k9	69	9	1168	1184	1211	1189	0.0	0.01370	0.03682	0.01798	66.7	276	0.041	0.247	6
A-n80-k10	80	10	1764	1891	1971	1917	0.0	0.07200	0.11735	0.08673	16.7	227	0.004	0.023	6
B-n31-k5	31	5	672	672	677	674	33.3	0.00000	0.00744	0.00298	33.3	103	0.032	0.190	6
B-n34-k5	34	5	788	788	792	789	83.3	0.00000	0.00508	0.00127	83.3	109	-0.002	-0.014	6
B-n35-k5	35	5	955	987	1021	998	0.0	0.03351	0.06911	0.04503	50.0	88	0.015	0.090	6
B-n38-k6	38	6	805	807	828	811	0.0	0.00248	0.02857	0.00745	66.7	97	0.022	0.132	6
B-n39-k5	39	5	549	550	562	554	0.0	0.00182	0.02368	0.00911	50.0	152	0.011	0.067	6
B-n41-k6	41	6	829	835	843	837	0.0	0.00724	0.01689	0.00965	50.0	120	-0.002	-0.009	6
B-n43-k6	43	6	742	746	778	757	0.0	0.00539	0.04852	0.02022	50.0	189	-0.032	-0.192	6
B-n44-k7	44	7	909	927	935	931	0.0	0.01980	0.02860	0.02420	50.0	112	0.038	0.226	6
B-n45-k5	45	5	751	769	802	775	0.0	0.02397	0.06791	0.03196	66.7	129	0.058	0.351	6
B-n45-k6	45	6	678	726	726	726	0.0	0.07080	0.07080	0.07080	100.0	109	0.032	0.193	6
B-n50-k7	50	7	741	741	766	749	50.0	0.00000	0.03374	0.01080	50.0	153	0.028	0.170	6
B-n50-k8	50	8	1313	1327	1348	1331	0.0	0.01066	0.02666	0.01371	83.3	150	-0.009	-0.056	6
B-n51-k7	51	7	1032	1017	1021	1018	100.0	-0.01453	-0.01066	-0.01357	66.7	143	0.086	0.517	6
B-n52-k7	52	7	747	748	835	772	0.0	0.00134	0.11780	0.03347	33.3	139	0.062	0.369	6
B-n56-k7	56	7	707	722	783	738	0.0	0.02122	0.10750	0.04385	33.3	238	0.028	0.167	6
B-n57-k7	57	7	1153	1144	1152	1146	100.0	-0.00781	-0.00087	-0.00607	33.3	173	0.146	0.877	6
B-n57-k9	57	9	1598	1611	1698	1637	0.0	0.00814	0.06258	0.02441	33.3	181	0.229	1.375	6
B-n63-k10	63	10	1537	1555	1611	1565	0.0	0.01171	0.04815	0.01822	50.0	200	0.265	1.592	6
B-n64-k9	64	9	861	883	901	886	0.0	0.02555	0.04646	0.02904	66.7	297	0.242	1.452	6
B-n66-k9	66	9	1374	1348	1364	1351	100.0	-0.01892	-0.00728	-0.01674	83.3	181	0.267	1.601	6
B-n67-k10	67	10	1033	1074	1117	1085	0.0	0.03969	0.08132	0.05034	33.3	263	0.085	0.510	6
B-n68-k9	68	9	1304	1305	1314	1307	0.0	0.00077	0.00767	0.00230	66.7	258	0.454	2.727	6
B-n78-k10	78	10	1266	1247	1309	1257	83.3	-0.01501	0.03397	-0.00711	83.3	315	21.935	131.610	6
P-n101-k4	101	4	681	694	733	710	0.0	0.01909	0.07636	0.04258	33.3	401	49.717	298.300	6
P-n16-k8	16	8	435	450	453	451	0.0	0.03448	0.04138	0.03678	66.7	43	0.030	0.177	6
P-n19-k2	19	2	212	218	223	219	0.0	0.02830	0.05189	0.03302	83.3	52	0.034	0.205	6
P-n20-k2	20	2	220	216	238	220	83.3	-0.01818	0.08182	0.00000	83.3	59	0.043	0.255	6
P-n21-k2	21	2	211	211	216	212	83.3	0.00000	0.02370	0.00474	83.3	61	0.056	0.338	6
P-n22-k2	22	2	216	216	223	217	83.3	0.00000	0.03241	0.00463	83.3	62	0.064	0.383	6
P-n22-k8	22	8	603	599	622	603	83.3	-0.00663	0.03151	0.00000	83.3	60	0.111	0.664	6
P-n23-k8	23	8	554	538	538	538	100.0	-0.02888	-0.02888	-0.02888	100.0	63	0.127	0.764	6
P-n40-k5	40	5	458	469	479	472	0.0	0.02402	0.04585	0.03057	33.3	143	1.215	7.289	6
P-n45-k5	45	5	510	519	529	522	0.0	0.01765	0.03725	0.02353	33.3	185	2.364	14.187	6
P-n50-k10	50	10	696	709	710	709	0.0	0.01868	0.02011	0.01868	83.3	165	3.080	18.481	6
P-n50-k7	50	7	554	562	573	566	0.0	0.01444	0.03430	0.02166	50.0	223	4.482	26.890	6
P-n50-k8	50	8	649	637	649	641	100.0	-0.01849	0.00000	-0.01233	66.7	155	2.255	13.530	6
P-n51-k10	51	10	745	780	786	783	0.0	0.04698	0.05503	0.05101	50.0	175	3.880	23.281	6
P-n55-k10	55	10	669	704	716	707	0.0	0.05232	0.07025	0.05680	50.0	176	4.101	24.604	6
P-n55-k15	55	15	856	951	972	958	0.0	0.11098	0.13551	0.11916	50.0	160	4.293	25.758	6
P-n55-k7	55	7	524	577	611	591	0.0	0.10115	0.16603	0.12786	33.3	198	4.290	25.742	6
P-n55-k8	55	8	576	584	597	588	0.0	0.01389	0.03646	0.02083	33.3	224	4.885	29.307	6
P-n60-k10	60	10	706	756	766	758	0.0	0.07082	0.08499	0.07365	83.3	171	4.747	28.480	6
P-n60-k15	60	15	905	1007	1024	1010	0.0	0.11271	0.13149	0.11602	83.3	240	10.317	61.901	6
P-n65-k10	65	10	792	819	850	828	0.0	0.03409	0.07323	0.04545	33.3	200	5.470	32.820	6
P-n70-k10	70	10	834	850	870	860	0.0	0.01918	0.04317	0.03118	16.7	214	8.380	50.279	6
P-n76-k4	76	4	589	610	622	613	0.0	0.03565	0.05603	0.04075	50.0	270	14.516	87.097	6
P-n76-k5	76	5	631	635	653	638	0.0	0.00634	0.03487	0.01109	50.0	358	22.647	135.881	6
