INSTANCE	N	K	BEST	MIN	MAX	AVG	HITS	MIN_ERR	MAX_ERR	AVG_ERR	PREC	AVG_CYC	AVG_TIME	TOTAL_TIME	SAMPLES
A-n32-k5	32	5	784	784	857	797	32.3	0.00000	0.09311	0.01658	32.3	91	0.034	20.433	600
A-n33-k5	33	5	661	661	704	668	67.7	0.00000	0.06505	0.01059	67.7	94	0.026	15.472	600
A-n33-k6	33	6	742	742	818	745	47.8	0.00000	0.10243	0.00404	47.8	103	0.027	16.417	600
A-n34-k5	34	5	778	778	824	785	66.0	0.00000	0.05913	0.00900	66.0	110	0.027	15.951	600
A-n36-k5	36	5	799	799	917	815	32.0	0.00000	0.14768	0.02003	32.0	103	0.034	20.646	600
A-n37-k5	37	5	669	669	738	684	38.2	0.00000	0.10314	0.02242	38.2	106	0.053	31.685	600
A-n37-k6	37	6	949	950	1023	961	0.0	0.00105	0.07798	0.01264	51.7	121	0.050	29.977	600
A-n38-k5	38	5	730	730	806	739	44.3	0.00000	0.10411	0.01233	44.3	122	0.057	34.371	600
A-n39-k5	39	5	822	822	879	830	52.5	0.00000	0.06934	0.00973	52.5	101	0.056	33.693	600
A-n39-k6	39	6	831	833	936	841	0.0	0.00241	0.12635	0.01203	41.5	117	0.052	31.013	600
A-n44-k7	44	7	937	937	1033	952	52.0	0.00000	0.10245	0.01601	52.0	135	0.103	61.780	600
A-n45-k6	45	6	944	948	1068	966	0.0	0.00424	0.13136	0.02331	53.7	147	0.115	68.886	600
A-n45-k7	45	7	1146	1147	1256	1169	0.0	0.00087	0.09599	0.02007	1.5	143	0.125	75.062	600
A-n46-k7	46	7	914	914	1036	933	64.0	0.00000	0.13348	0.02079	64.0	134	0.134	80.524	600
A-n48-k7	48	7	1073	1073	1191	1096	57.2	0.00000	0.10997	0.02144	57.2	162	0.151	90.380	600
A-n53-k7	53	7	1010	1017	1144	1040	0.0	0.00693	0.13267	0.02970	65.0	162	0.199	119.144	600
A-n54-k7	54	7	1167	1167	1292	1185	64.5	0.00000	0.10711	0.01542	64.5	157	0.222	133.341	600
A-n55-k9	55	9	1073	1073	1193	1094	4.2	0.00000	0.11184	0.01957	4.2	181	0.299	179.304	600
A-n60-k9	60	9	1408	1358	1458	1369	90.5	-0.03551	0.03551	-0.02770	56.8	168	0.439	263.347	600
A-n61-k9	61	9	1035	1039	1236	1067	0.0	0.00386	0.19420	0.03092	16.3	197	0.491	294.363	600
A-n62-k8	62	8	1290	1308	1395	1322	0.0	0.01395	0.08140	0.02481	59.5	210	0.563	337.667	600
A-n63-k10	63	10	1315	1325	1457	1345	0.0	0.00760	0.10798	0.02281	46.3	221	0.608	364.649	600
A-n63-k9	63	9	1634	1634	1783	1660	45.8	0.00000	0.09119	0.01591	45.8	209	0.657	394.440	600
A-n64-k9	64	9	1402	1420	1583	1440	0.0	0.01284	0.12910	0.02710	48.8	209	0.641	384.726	600
A-n65-k9	65	9	1177	1181	1327	1202	0.0	0.00340	0.12744	0.02124	4.7	195	0.625	375.238	600
A-n69-k9	69	9	1168	1174	1276	1191	0.0	0.00514	0.09247	0.01969	59.0	207	0.921	552.369	600
A-n80-k10	80	10	1764	1801	1970	1840	0.0	0.02098	0.11678	0.04308	19.5	244	1.837	1102.275	600
B-n31-k5	31	5	672	672	687	672	89.0	0.00000	0.02232	0.00000	89.0	85	0.025	14.750	600
B-n34-k5	34	5	788	788	805	790	66.0	0.00000	0.02157	0.00254	66.0	104	0.031	18.491	600
B-n35-k5	35	5	955	955	999	963	55.2	0.00000	0.04607	0.00838	55.2	115	0.042	25.384	600
B-n38-k6	38	6	805	805	849	809	36.8	0.00000	0.05466	0.00497	36.8	123	0.054	32.606	600
B-n39-k5	39	5	549	549	597	556	18.5	0.00000	0.08743	0.01275	18.5	127	0.058	34.740	600
B-n41-k6	41	6	829	830	864	836	0.0	0.00121	0.04222	0.00844	33.5	113	0.084	50.108	600
B-n43-k6	43	6	742	742	816	750	62.7	0.00000	0.09973	0.01078	62.7	139	0.099	59.405	600
B-n44-k7	44	7	909	909	973	921	53.2	0.00000	0.07041	0.01320	53.2	124	0.116	69.880	600
B-n45-k5	45	5	751	751	798	757	23.2	0.00000	0.06258	0.00799	23.2	124	0.114	68.615	600
B-n45-k6	45	6	678	689	767	703	0.0	0.01622	0.13127	0.03687	55.2	131	0.109	65.396	600
B-n50-k7	50	7	741	741	784	744	72.3	0.00000	0.05803	0.00405	72.3	137	0.193	115.669	600
B-n50-k8	50	8	1313	1318	1385	1324	0.0	0.00381	0.05484	0.00838	65.8	185	0.171	102.625	600
B-n51-k7	51	7	1032	1016	1080	1021	95.2	-0.01550	0.04651	-0.01066	35.3	165	0.266	159.345	600
B-n52-k7	52	7	747	747	798	753	34.3	0.00000	0.06827	0.00803	34.3	193	0.243	145.723	600
B-n56-k7	56	7	707	711	794	718	0.0	0.00566	0.12306	0.01556	24.5	190	0.392	235.302	600
B-n57-k7	57	7	1153	1140	1217	1148	91.2	-0.01127	0.05551	-0.00434	33.0	180	0.347	208.182	600
B-n57-k9	57	9	1598	1599	1682	1611	0.0	0.00063	0.05257	0.00814	55.0	200	0.359	215.430	600
B-n63-k10	63	10	1537	1509	1629	1546	33.8	-0.01822	0.05986	0.00586	29.8	204	0.545	327.276	600
B-n64-k9	64	9	861	864	943	879	0.0	0.00348	0.09524	0.02091	55.2	199	0.642	385.238	600
B-n66-k9	66	9	1374	1326	1398	1332	97.2	-0.03493	0.01747	-0.03057	55.8	193	0.689	413.618	600
B-n67-k10	67	10	1033	1033	1113	1053	54.7	0.00000	0.07744	0.01936	54.7	224	0.777	466.374	600
B-n68-k9	68	9	1304	1279	1331	1293	83.0	-0.01917	0.02071	-0.00844	8.2	188	0.820	491.703	600
B-n78-k10	78	10	1266	1223	1313	1239	90.3	-0.03397	0.03712	-0.02133	32.5	244	379.462	227677.296	600
P-n101-k4	101	4	681	702	798	708	0.0	0.03084	0.17181	0.03965	64.7	218	327.667	196599.987	600
P-n16-k8	16	8	435	450	450	450	0.0	0.03448	0.03448	0.03448	100.0	33	327.200	196319.892	600
P-n19-k2	19	2	212	212	228	215	51.5	0.00000	0.07547	0.01415	51.5	52	298.872	179322.992	600
P-n20-k2	20	2	220	216	227	217	93.8	-0.01818	0.03182	-0.01364	72.7	49	365.601	219360.688	600
P-n21-k2	21	2	211	211	225	213	70.5	0.00000	0.06635	0.00948	70.5	48	367.445	220467.083	600
P-n22-k2	22	2	216	216	231	218	70.3	0.00000	0.06944	0.00926	70.3	53	323.300	193980.202	600
P-n22-k8	22	8	603	590	598	590	100.0	-0.02156	-0.00829	-0.02156	93.8	51	344.899	206939.179	600
P-n23-k8	23	8	554	529	552	531	100.0	-0.04513	-0.00361	-0.04152	67.7	51	345.839	207503.260	600
P-n40-k5	40	5	458	458	504	461	63.3	0.00000	0.10044	0.00655	63.3	90	331.520	198911.984	600
P-n45-k5	45	5	510	510	570	521	41.8	0.00000	0.11765	0.02157	41.8	111	391.096	234657.748	600
P-n50-k10	50	10	696	705	771	716	0.0	0.01293	0.10776	0.02874	42.8	138	412.068	247240.780	600
P-n50-k7	50	7	554	554	611	566	14.3	0.00000	0.10289	0.02166	14.3	125	332.897	199738.124	600
P-n50-k8	50	8	649	630	660	636	88.2	-0.02928	0.01695	-0.02003	65.7	122	366.986	220191.735	600
P-n51-k10	51	10	745	741	850	755	41.5	-0.00537	0.14094	0.01342	41.5	154	324.729	194837.143	600
P-n55-k10	55	10	669	698	746	705	0.0	0.04335	0.11510	0.05381	55.3	157	352.489	211493.550	600
P-n55-k15	55	15	856	945	978	949	0.0	0.10397	0.14252	0.10864	61.7	136	359.128	215476.849	600
P-n55-k7	55	7	524	568	613	578	0.0	0.08397	0.16985	0.10305	17.0	127	294.330	176597.794	600
P-n55-k8	55	8	576	585	645	596	0.0	0.01562	0.11979	0.03472	19.2	130	358.664	215198.418	600
P-n60-k10	60	10	706	744	831	754	0.0	0.05382	0.17705	0.06799	21.2	176	378.697	227217.996	600
P-n60-k15	60	15	905	971	1042	988	0.0	0.07293	0.15138	0.09171	59.5	149	371.067	222640.498	600
P-n65-k10	65	10	792	800	880	815	0.0	0.01010	0.11111	0.02904	43.8	186	359.077	215446.144	600
P-n70-k10	70	10	834	847	890	855	0.0	0.01559	0.06715	0.02518	49.8	157	338.098	202858.646	600
P-n76-k4	76	4	589	603	655	616	0.0	0.02377	0.11205	0.04584	28.8	162	313.211	187926.462	600
P-n76-k5	76	5	631	630	715	651	44.5	-0.00158	0.13312	0.03170	44.5	173	340.039	204023.663	600
