INSTANCE	N	K	BEST	MIN	MAX	AVG	HITS	MIN_ERR	MAX_ERR	AVG_ERR	PREC	AVG_CYC	AVG_TIME	TOTAL_TIME	SAMPLES
A-n32-k5	32	5	784	784	785	784	66.7	0.00000	0.00128	0.00000	66.7	82	0.026	0.155	6
A-n33-k5	33	5	661	661	687	666	66.7	0.00000	0.03933	0.00756	66.7	114	0.045	0.273	6
A-n33-k6	33	6	742	744	744	744	0.0	0.00270	0.00270	0.00270	100.0	82	0.028	0.171	6
A-n34-k5	34	5	778	787	790	788	0.0	0.01157	0.01542	0.01285	66.7	97	0.038	0.228	6
A-n36-k5	36	5	799	799	825	803	83.3	0.00000	0.03254	0.00501	83.3	129	-0.023	-0.141	6
A-n37-k5	37	5	669	690	705	693	0.0	0.03139	0.05381	0.03587	83.3	91	0.035	0.209	6
A-n37-k6	37	6	949	953	987	959	0.0	0.00422	0.04004	0.01054	83.3	97	0.042	0.253	6
A-n38-k5	38	5	730	738	748	740	0.0	0.01096	0.02466	0.01370	83.3	118	0.020	0.120	6
A-n39-k5	39	5	822	825	880	834	0.0	0.00365	0.07056	0.01460	83.3	97	0.051	0.305	6
A-n39-k6	39	6	831	857	860	858	0.0	0.03129	0.03490	0.03249	83.3	103	0.041	0.244	6
A-n44-k7	44	7	937	948	1035	963	0.0	0.01174	0.10459	0.02775	66.7	175	-0.036	-0.216	6
A-n45-k6	45	6	944	970	1036	981	0.0	0.02754	0.09746	0.03919	66.7	159	0.169	1.014	6
A-n45-k7	45	7	1146	1168	1199	1174	0.0	0.01920	0.04625	0.02443	50.0	128	0.076	0.458	6
A-n46-k7	46	7	914	950	967	953	0.0	0.03939	0.05799	0.04267	66.7	146	0.171	1.029	6
A-n48-k7	48	7	1073	1119	1122	1120	0.0	0.04287	0.04567	0.04380	83.3	207	0.072	0.431	6
A-n53-k7	53	7	1010	1069	1076	1072	0.0	0.05842	0.06535	0.06139	50.0	136	0.161	0.966	6
A-n54-k7	54	7	1167	1178	1241	1189	0.0	0.00943	0.06341	0.01885	83.3	160	0.240	1.441	6
A-n55-k9	55	9	1073	1117	1142	1125	0.0	0.04101	0.06431	0.04846	50.0	144	0.198	1.191	6
A-n60-k9	60	9	1408	1368	1372	1370	100.0	-0.02841	-0.02557	-0.02699	50.0	173	0.200	1.199	6
A-n61-k9	61	9	1035	1051	1054	1052	0.0	0.01546	0.01836	0.01643	83.3	350	0.154	0.922	6
A-n62-k8	62	8	1290	1324	1349	1328	0.0	0.02636	0.04574	0.02946	83.3	208	0.477	2.860	6
A-n63-k10	63	10	1315	1369	1401	1378	0.0	0.04106	0.06540	0.04791	50.0	171	0.266	1.594	6
A-n63-k9	63	9	1634	1680	1737	1690	0.0	0.02815	0.06304	0.03427	83.3	186	0.237	1.424	6
A-n64-k9	64	9	1402	1451	1511	1461	0.0	0.03495	0.07775	0.04208	83.3	204	0.537	3.221	6
A-n65-k9	65	9	1177	1202	1210	1203	0.0	0.02124	0.02804	0.02209	83.3	209	0.171	1.026	6
A-n69-k9	69	9	1168	1181	1241	1194	0.0	0.01113	0.06250	0.02226	33.3	249	0.988	5.930	6
A-n80-k10	80	10	1764	1877	1907	1887	0.0	0.06406	0.08107	0.06973	33.3	322	2.094	12.563	6
B-n31-k5	31	5	672	672	678	673	83.3	0.00000	0.00893	0.00149	83.3	97	0.010	0.059	6
B-n34-k5	34	5	788	792	800	793	0.0	0.00508	0.01523	0.00635	83.3	89	0.030	0.182	6
B-n35-k5	35	5	955	964	981	967	0.0	0.00942	0.02723	0.01257	83.3	100	0.035	0.210	6
B-n38-k6	38	6	805	806	848	813	0.0	0.00124	0.05342	0.00994	83.3	123	0.015	0.091	6
B-n39-k5	39	5	549	553	560	555	0.0	0.00729	0.02004	0.01093	50.0	97	0.054	0.326	6
B-n41-k6	41	6	829	835	838	836	0.0	0.00724	0.01086	0.00844	66.7	106	0.076	0.459	6
B-n43-k6	43	6	742	747	753	749	0.0	0.00674	0.01482	0.00943	66.7	158	0.113	0.676	6
B-n44-k7	44	7	909	930	934	931	0.0	0.02310	0.02750	0.02420	83.3	142	0.124	0.744	6
B-n45-k5	45	5	751	755	762	756	0.0	0.00533	0.01465	0.00666	83.3	135	0.089	0.533	6
B-n45-k6	45	6	678	692	732	699	0.0	0.02065	0.07965	0.03097	50.0	138	0.146	0.875	6
B-n50-k7	50	7	741	741	772	752	50.0	0.00000	0.04184	0.01484	50.0	125	0.130	0.780	6
B-n50-k8	50	8	1313	1342	1382	1350	0.0	0.02209	0.05255	0.02818	50.0	158	0.254	1.522	6
B-n51-k7	51	7	1032	1020	1020	1020	100.0	-0.01163	-0.01163	-0.01163	100.0	137	0.167	1.002	6
B-n52-k7	52	7	747	752	754	753	0.0	0.00669	0.00937	0.00803	66.7	127	0.159	0.951	6
B-n56-k7	56	7	707	725	741	728	0.0	0.02546	0.04809	0.02970	83.3	151	0.197	1.183	6
B-n57-k7	57	7	1153	1140	1147	1141	100.0	-0.01127	-0.00520	-0.01041	83.3	198	0.310	1.860	6
B-n57-k9	57	9	1598	1657	1676	1662	0.0	0.03692	0.04881	0.04005	50.0	141	0.253	1.519	6
B-n63-k10	63	10	1537	1508	1631	1552	50.0	-0.01887	0.06116	0.00976	50.0	224	0.203	1.220	6
B-n64-k9	64	9	861	896	897	896	0.0	0.04065	0.04181	0.04065	83.3	192	0.423	2.536	6
B-n66-k9	66	9	1374	1329	1343	1331	100.0	-0.03275	-0.02256	-0.03130	83.3	215	0.182	1.092	6
B-n67-k10	67	10	1033	1049	1083	1055	0.0	0.01549	0.04840	0.02130	50.0	341	-0.035	-0.210	6
B-n68-k9	68	9	1304	1304	1308	1305	50.0	0.00000	0.00307	0.00077	50.0	248	0.258	1.547	6
B-n78-k10	78	10	1266	1245	1269	1249	83.3	-0.01659	0.00237	-0.01343	83.3	299	27.645	165.873	6
P-n101-k4	101	4	681	688	744	706	0.0	0.01028	0.09251	0.03671	50.0	355	46.105	276.629	6
P-n16-k8	16	8	435	450	450	450	0.0	0.03448	0.03448	0.03448	100.0	43	0.042	0.250	6
P-n19-k2	19	2	212	212	228	216	50.0	0.00000	0.07547	0.01887	50.0	53	0.047	0.283	6
P-n20-k2	20	2	220	216	216	216	100.0	-0.01818	-0.01818	-0.01818	100.0	79	0.099	0.592	6
P-n21-k2	21	2	211	211	211	211	100.0	0.00000	0.00000	0.00000	100.0	61	0.071	0.428	6
P-n22-k2	22	2	216	216	224	217	83.3	0.00000	0.03704	0.00463	83.3	69	0.106	0.638	6
P-n22-k8	22	8	603	598	599	599	100.0	-0.00829	-0.00663	-0.00663	50.0	63	0.148	0.891	6
P-n23-k8	23	8	554	537	538	537	100.0	-0.03069	-0.02888	-0.03069	83.3	63	0.171	1.026	6
P-n40-k5	40	5	458	459	464	460	0.0	0.00218	0.01310	0.00437	83.3	124	1.330	7.982	6
P-n45-k5	45	5	510	520	542	524	0.0	0.01961	0.06275	0.02745	50.0	134	1.902	11.411	6
P-n50-k10	50	10	696	715	750	721	0.0	0.02730	0.07759	0.03592	83.3	150	3.578	21.470	6
P-n50-k7	50	7	554	577	588	579	0.0	0.04152	0.06137	0.04513	83.3	170	3.887	23.320	6
P-n50-k8	50	8	649	644	650	646	66.7	-0.00770	0.00154	-0.00462	66.7	193	4.807	28.840	6
P-n51-k10	51	10	745	755	864	773	0.0	0.01342	0.15973	0.03758	83.3	169	4.753	28.520	6
P-n55-k10	55	10	669	708	713	709	0.0	0.05830	0.06577	0.05979	83.3	152	4.860	29.159	6
P-n55-k15	55	15	856	961	970	964	0.0	0.12266	0.13318	0.12617	50.0	152	5.061	30.364	6
P-n55-k7	55	7	524	579	588	581	0.0	0.10496	0.12214	0.10878	83.3	153	4.224	25.342	6
P-n55-k8	55	8	576	601	610	604	0.0	0.04340	0.05903	0.04861	50.0	175	4.609	27.656	6
P-n60-k10	60	10	706	749	799	758	0.0	0.06091	0.13173	0.07365	66.7	174	6.636	39.818	6
P-n60-k15	60	15	905	1042	1052	1044	0.0	0.15138	0.16243	0.15359	83.3	161	6.453	38.720	6
P-n65-k10	65	10	792	818	844	822	0.0	0.03283	0.06566	0.03788	83.3	240	12.265	73.590	6
P-n70-k10	70	10	834	846	885	853	0.0	0.01439	0.06115	0.02278	83.3	262	16.217	97.300	6
P-n76-k4	76	4	589	611	630	616	0.0	0.03735	0.06961	0.04584	50.0	235	12.967	77.802	6
P-n76-k5	76	5	631	640	665	646	0.0	0.01426	0.05388	0.02377	50.0	308	21.450	128.699	6
